1.3861855
1.3859634
1.3862934
1.3864286
1.3865608
1.3862677
1.3861167
1.3859698
1.3858314
1.3857343
1.3858404
1.3859215
1.3857408
1.3861579
1.3858868
1.3864076
1.3864697
1.3859508
1.3861183
1.3861319
1.3861593
1.386047
1.3860434
1.3858972
1.3860698
1.3860023
1.386306
1.386141
1.3861986
1.3860741
1.3860967
1.3861941
1.3860859
1.3860905
1.3861424
1.3861119
1.3861169
1.3859392
1.3860023
1.385998
1.3859833
1.3859807
1.3860815
1.3860072
1.3860562
1.3861051
1.3861245
1.3861653
1.3861235
1.386154
1.386152
1.3861215
1.3861045
1.3860629
1.3861314
1.3861648
1.3860937
1.3860372
1.3860974
1.386124
1.386003
1.3860984
1.3861309
1.3861188
1.3860619
1.3860607
1.3861198
1.3860774
1.3860497
1.3860625
1.3861736
1.3859913
1.3860633
1.3860549
1.3860737
1.3861251
1.3860147
1.3860428
1.386045
1.3861065
1.3860487
1.3860388
1.3860508
1.3860515
1.3860604
1.3860174
1.386041
1.3860114
1.3860184
1.3860127
1.3860235
1.3860804
1.3860619
1.3860719
1.3860474
1.3859743
1.3860128
1.3859787
1.3860588
1.3860673
