1.3862898
1.386161
1.3861749
1.3861289
1.386081
1.3862593
1.3861283
1.3862351
1.3862019
1.3862978
1.3862189
1.3863391
1.3862176
1.3858818
1.3862494
1.3864336
1.386124
1.3861037
1.3862088
1.3862089
1.3862411
1.3858892
1.3860087
1.3857898
1.3864704
1.3859245
1.386242
1.3860624
1.3859643
1.3858322
1.3863709
1.3859582
1.3861331
1.3862491
1.3860842
1.3860079
1.386113
1.3861423
1.3861322
1.3861493
1.3861718
1.3861743
1.3861233
1.3861636
1.3861918
1.3861331
1.3861448
1.386152
1.3861023
1.3861544
1.3860857
1.3861288
1.3861395
1.386171
1.3861308
1.3861395
1.3860888
1.3860834
1.386131
1.386054
1.3860689
1.3860888
1.3861097
1.386088
1.3860849
1.3860949
1.3860648
1.386068
1.3860428
1.3861339
1.386032
1.3860971
1.386105
1.386109
1.3861449
1.3860533
1.3860654
1.3860195
1.3861228
1.3860918
1.3860338
1.3861098
1.386062
1.3861206
1.3860487
1.3860614
1.3860273
1.386046
1.3860557
1.3860724
1.3860372
1.3860946
1.3860117
1.3861184
1.386043
1.3860202
1.38606
1.3860528
1.386029
1.3860523
