1.3862898
1.3863436
1.3861669
1.3861613
1.3861548
1.3862065
1.3861142
1.3861719
1.3861575
1.385436
1.3860334
1.3859211
1.3860948
1.3863136
1.3864396
1.38638
1.3861859
1.3862271
1.3861483
1.3860825
1.3861331
1.386145
1.3862245
1.386136
1.3860507
1.3860574
1.3862916
1.3861129
1.3859332
1.3862575
1.3862269
1.3861356
1.3861206
1.3861092
1.3861358
1.3860537
1.3861079
1.3861868
1.3861454
1.3860663
1.386164
1.3861078
1.3860488
1.3861868
1.3861029
1.386138
1.3861386
1.38613
1.386181
1.3861359
1.386118
1.386038
1.3861179
1.3861343
1.3861192
1.3860254
1.3860987
1.386079
1.3860774
1.3860716
1.3861
1.38606
1.3860394
1.38606
1.3860109
1.3860327
1.3860637
1.3860333
1.3860934
1.3859899
1.3860518
1.386052
1.3861297
1.3860453
1.3860635
1.3860339
1.3860741
1.3860039
1.3860334
1.3859965
1.386036
1.3860098
1.3860483
1.3860558
1.3860638
1.38605
1.3860828
1.3860432
1.3860035
1.3860037
1.3860515
1.3860168
1.3860103
1.3860339
1.3859674
1.3859534
1.3860505
1.3860598
1.3859977
1.3859919
