1.386056
1.3860043
1.3862686
1.3859999
1.3864253
1.3862214
1.3863502
1.386203
1.3860242
1.3858453
1.386187
1.3861849
1.3861115
1.3860235
1.3858467
1.3864737
1.38625
1.3860393
1.3859189
1.386189
1.3861159
1.3860909
1.3858933
1.3858418
1.3862108
1.3862388
1.3861097
1.3861591
1.3860233
1.3861555
1.3860898
1.3861723
1.3861511
1.386159
1.3861201
1.3860973
1.3860925
1.3861204
1.386159
1.3861725
1.3861088
1.3861278
1.3861554
1.3861294
1.3860704
1.3861386
1.3861593
1.3860668
1.386128
1.3860765
1.3860962
1.3860829
1.3860682
1.386048
1.3860679
1.3861114
1.386088
1.386077
1.385999
1.3860525
1.3860285
1.3860865
1.3861294
1.3860183
1.3860159
1.38603
1.3860208
1.3860358
1.3860124
1.386002
1.38604
1.386022
1.3860277
1.3860228
1.3860483
1.386016
1.3859938
1.3860229
1.386011
1.3860565
1.3860508
1.3860577
1.3860372
1.3860558
1.3859669
1.3860857
1.3859947
1.3860053
1.3859959
1.3859719
1.3860232
1.3859754
1.3860394
1.386013
1.3860182
1.3859717
1.3860064
1.3860503
1.3860455
1.3859833
