1.3859874
1.3861222
1.3863914
1.3862046
1.3857932
1.3864754
1.3857234
1.386194
1.3860109
1.3863184
1.386087
1.386138
1.3861028
1.3862569
1.385986
1.3856381
1.3861936
1.3859973
1.3860635
1.3864019
1.3861858
1.3862194
1.3861835
1.3861854
1.3862305
1.3860015
1.3863549
1.3860444
1.3861309
1.3862759
1.3861539
1.3860992
1.3861464
1.3861423
1.3862123
1.3861203
1.3860844
1.3862345
1.3861344
1.3861465
1.3861799
1.3861898
1.3861059
1.3861434
1.386177
1.3861197
1.3861716
1.3861604
1.3861452
1.3861293
1.3861495
1.3860584
1.3861058
1.3860993
1.3860948
1.3861225
1.3860998
1.3861384
1.3861423
1.3860639
1.386063
1.3860842
1.3861485
1.3861065
1.3860829
1.3860937
1.3860874
1.3860363
1.3860645
1.3860698
1.3860935
1.386105
1.3860149
1.3860804
1.3860657
1.3860996
1.3860502
1.3860943
1.3860875
1.3860484
1.3860868
1.3860788
1.3860785
1.3861156
1.3860934
1.3860908
1.3860399
1.3860389
1.386052
1.3860468
1.3860419
1.3861167
1.3860978
1.3860773
1.3860235
1.3860832
1.3860238
1.3860871
1.3860422
1.3860738
