1.3861028
1.3853643
1.3864588
1.385655
1.3859237
1.3858681
1.385799
1.3860414
1.3860673
1.3860449
1.3861144
1.3861074
1.3860794
1.386003
1.386271
1.3862364
1.386193
1.3862053
1.3863535
1.3859209
1.3860497
1.3859161
1.3860457
1.3860122
1.3862267
1.3860264
1.3859843
1.3862623
1.3861399
1.3860519
1.3862953
1.3857468
1.3863604
1.386074
1.3860687
1.3858788
1.3864911
1.3856953
1.3856996
1.3864574
1.3859111
1.3862045
1.386108
1.3860735
1.3859454
1.3860925
1.3860598
1.3859543
1.3860407
1.3861444
1.3859633
1.3861145
1.3860193
1.386175
1.386065
1.386097
1.3861454
1.3861285
1.3860655
1.3860545
1.3860477
1.3861142
1.3860714
1.3860749
1.3860363
1.385994
1.3859994
1.386078
1.3860908
1.3860484
1.3860195
1.3861283
1.3860219
1.3859884
1.3860142
1.3860779
1.3860117
1.3860278
1.3859771
1.3860475
1.3860022
1.3860053
1.3859683
1.3859869
1.386045
1.3860112
1.386071
1.3859404
1.3860325
1.3859955
1.3860799
1.3859667
1.3860097
1.3860399
1.3859832
1.3859644
1.3860507
1.3859854
1.3859692
1.3858917
