1.3862995
1.3863425
1.3863171
1.3863281
1.3863078
1.386016
1.386482
1.3858918
1.3861448
1.3860605
1.3860812
1.3861964
1.3862962
1.3861836
1.3859643
1.386035
1.3861783
1.3862786
1.3860365
1.3858498
1.3859879
1.3860569
1.3862141
1.3861129
1.3861598
1.3861225
1.386085
1.3861874
1.3862184
1.3860985
1.3861114
1.3860838
1.3860929
1.3860708
1.3860779
1.386085
1.3860909
1.3861338
1.3860973
1.3860996
1.3860677
1.3860793
1.3860335
1.3860638
1.3860716
1.3861225
1.3861314
1.3860294
1.3861015
1.3860369
1.3860914
1.3861018
1.386083
1.3861138
1.386095
1.3860707
1.3860574
1.3860393
1.3860863
1.3859557
1.3860282
1.3859717
1.3860238
1.3860093
1.3860315
1.3860444
1.386032
1.3860207
1.3859862
1.3860582
1.3859919
1.3860288
1.3860389
1.3859823
1.3860594
1.386046
1.3860403
1.3859937
1.3859937
1.38596
1.3860037
1.3859868
1.3859483
1.386031
1.3860188
1.3859673
1.3860264
1.3860049
1.3859042
1.3859528
1.3859469
1.3860269
1.3859433
1.3860579
1.3859785
1.3860344
1.3859919
1.3859823
1.3860005
1.3859655
