1.3862921
1.3863139
1.3863091
1.3860828
1.3861219
1.3861455
1.3860313
1.3859261
1.3860624
1.3861405
1.3860704
1.3862526
1.3861674
1.3860934
1.3861456
1.3861533
1.38611
1.3860258
1.3861951
1.3860662
1.385912
1.3862258
1.3859545
1.3858619
1.3863347
1.3860795
1.386044
1.3861538
1.3861272
1.3860669
1.3860343
1.3861465
1.3860799
1.3859663
1.3861068
1.3860693
1.3861197
1.3861003
1.386062
1.3859822
1.3861184
1.386066
1.3859755
1.3860605
1.3860623
1.3860303
1.3861129
1.3860304
1.3860744
1.386049
1.3860615
1.3860788
1.3860946
1.386082
1.3860449
1.3860698
1.3860705
1.3860698
1.3860589
1.3860289
1.3860134
1.3860385
1.3860544
1.3860234
1.3860644
1.386024
1.3860345
1.3860059
1.3860792
1.386003
1.3860444
1.386026
1.3859885
1.3860267
1.3859857
1.3860495
1.3859878
1.3860427
1.3859967
1.3860099
1.3860482
1.3860112
1.3859849
1.3860065
1.3859491
1.3859957
1.3860162
1.3860117
1.3860208
1.3859926
1.3860754
1.3860185
1.3860114
1.3860297
1.3859618
1.38604
1.3860043
1.3859897
1.3860097
1.3860159
