1.3864224
1.3862299
1.3863171
1.3859692
1.3863387
1.386241
1.386151
1.386222
1.3861445
1.3861966
1.3859702
1.3860652
1.3858644
1.3864311
1.3861514
1.3862914
1.3861108
1.3861588
1.3855954
1.386484
1.3861771
1.3860269
1.3862146
1.3859613
1.386186
1.3860843
1.3860464
1.3862396
1.3861971
1.386145
1.386143
1.3861707
1.3860962
1.3861073
1.3860532
1.3860935
1.3861228
1.386118
1.3861318
1.3860658
1.3860871
1.3860277
1.3861213
1.3861104
1.3860987
1.3860625
1.3860177
1.386115
1.3860748
1.386125
1.386173
1.3860983
1.3859978
1.386044
1.3861079
1.386036
1.3860137
1.386058
1.3860896
1.3859955
1.3860623
1.386039
1.3861094
1.3860279
1.3860744
1.3860469
1.3860537
1.38607
1.3860575
1.386083
1.3860748
1.386039
1.3860552
1.3860518
1.3859842
1.3860333
1.3859844
1.3860207
1.3860534
1.3860399
1.3860333
1.3860233
1.385985
1.3859979
1.3860182
1.3859938
1.3859919
1.3860012
1.3859617
1.3860177
1.3859823
1.3860244
1.3859696
1.3860257
1.3860009
1.3860234
1.3859614
1.385985
1.3859982
1.3860538
