0.6937948
0.6940212
0.69308764
0.6934809
0.6932222
0.6934364
0.6933537
0.6936131
0.69364196
0.6945131
0.6937572
0.6933326
0.6933887
0.6941978
0.693854
0.69314057
0.69341713
0.6933936
0.69400823
0.6935874
0.69368356
0.69319826
0.6937731
0.6936708
0.6935487
0.69377244
0.6930414
0.6932783
0.6934041
0.6936483
0.6933138
0.6933602
0.6931675
0.69355744
0.6933023
0.69341093
0.69316995
0.6933008
0.6934557
0.69345814
0.693541
0.69335395
0.6934971
0.69357497
0.6932764
0.6934041
0.69323957
0.6933924
0.6934056
0.6932991
0.6933021
0.6934547
0.693405
0.6933176
0.6933529
0.6934004
0.69330794
0.69344014
0.69336915
0.69334483
0.6934312
0.69341815
0.6933386
0.6934129
0.69350165
0.6934224
0.6933608
0.69344115
0.6933895
0.6933831
0.6933649
0.69341034
0.6934634
0.69341457
0.69343674
0.6933886
0.6934682
0.6933558
0.6934474
0.6934437
0.69345427
0.69343317
0.6934347
0.69339263
0.69343525
0.6934772
0.69347113
0.69347686
0.69343436
0.6935583
0.6934291
0.6934154
0.6933968
0.6933886
0.6934422
0.69345134
0.6933169
0.6934456
0.69348
0.69339013
