0.69354194
0.69348073
0.6933486
0.69365084
0.6937093
0.69358695
0.6938789
0.69340664
0.6942444
0.693583
0.69349796
0.6931506
0.6934697
0.6934492
0.6939004
0.69322187
0.6933387
0.6938724
0.69349986
0.6931636
0.6936096
0.6935079
0.6937173
0.6934369
0.6935888
0.69351745
0.69361436
0.6933851
0.6933949
0.6934584
0.69365245
0.69330114
0.69335616
0.69339216
0.69344294
0.6933751
0.69332236
0.6935539
0.6932885
0.6934705
0.6933862
0.69338655
0.69347954
0.69341314
0.69346327
0.6933986
0.6933207
0.6935952
0.6933219
0.6933797
0.6934447
0.69345236
0.6934345
0.6934147
0.69344085
0.6934035
0.6934695
0.6933489
0.69352895
0.6933953
0.6934807
0.69341516
0.6934211
0.693467
0.69341797
0.6935005
0.69350225
0.69339883
0.6934054
0.6933912
0.6935165
0.69339293
0.6934216
0.6934277
0.6933719
0.69341743
0.6934221
0.6933749
0.69345987
0.6934135
0.69344175
0.6934661
0.69337934
0.69341236
0.6934186
0.69336945
0.69338405
0.69337094
0.69343776
0.6934222
0.69343936
0.693438
0.6934172
0.69344246
0.6934347
0.693479
0.693455
0.6933916
0.6934244
0.69343513
