0.69328713
0.6933954
0.69328964
0.6940991
0.69297224
0.6932831
0.69386226
0.693599
0.69333327
0.6933132
0.69333535
0.6937704
0.6934501
0.69398165
0.69375557
0.693172
0.69380265
0.6936845
0.693968
0.6929847
0.69343185
0.693333
0.69360095
0.693879
0.69341636
0.693244
0.6938052
0.69325185
0.6934271
0.6933496
0.69353354
0.6931787
0.69346315
0.69327176
0.6934741
0.6932879
0.6934655
0.69336945
0.693434
0.69354415
0.69339246
0.6931358
0.6938796
0.6930825
0.6934526
0.69314593
0.6935818
0.6931746
0.6933654
0.69327074
0.6932895
0.69330734
0.6933669
0.6933624
0.6935102
0.6932864
0.69360083
0.69323814
0.6935354
0.6931465
0.69360524
0.69361156
0.693207
0.6934922
0.6936536
0.6932137
0.6934647
0.69357526
0.6934223
0.69340366
0.6935068
0.69352126
0.6932699
0.6935897
0.693499
0.6935228
0.6933108
0.69353694
0.69341314
0.69359267
0.6934847
0.69341624
0.69344085
0.69340616
0.69354516
0.69343185
0.693437
0.693481
0.69346666
0.6934536
0.69353044
0.6934001
0.69346774
0.6934207
0.69340837
0.6934177
0.69349897
0.6935252
0.69344735
0.6934867
