0.69352406
0.6931811
0.69367677
0.69315684
0.69344336
0.6931227
0.69375056
0.6933754
0.694077
0.6932023
0.6936858
0.6933733
0.6934535
0.6936511
0.6935259
0.6934756
0.6933687
0.69336396
0.6936096
0.69376713
0.69357425
0.69360435
0.6932075
0.69326425
0.69338346
0.6933596
0.6933864
0.6933917
0.69328976
0.69353145
0.6934082
0.6932561
0.6935718
0.69355494
0.69320536
0.6935343
0.6934062
0.6932508
0.69346195
0.69332415
0.69342816
0.69337004
0.6935105
0.6933544
0.69352645
0.6933676
0.6933781
0.69346416
0.6934124
0.6934552
0.6934611
0.69340634
0.69353974
0.6933132
0.6933326
0.6934379
0.6934231
0.693346
0.6934407
0.6935179
0.6933124
0.69339633
0.69337165
0.6934417
0.6933749
0.6934049
0.69340837
0.69350946
0.693401
0.6933284
0.6934206
0.69340193
0.6934661
0.69348246
0.6934051
0.69336236
0.6933967
0.69338936
0.6935177
0.6935338
0.6934985
0.6935247
0.6934259
0.6934589
0.6933937
0.693428
0.69342345
0.69340324
0.69350475
0.6934812
0.69355595
0.69340533
0.69346493
0.6934261
0.6934406
0.69343394
0.69340664
0.6934744
0.6933884
0.69346887
