0.69346374
0.6932809
0.69353014
0.69344044
0.6935293
0.6934281
0.69347525
0.6934181
0.6932708
0.69362694
0.6932948
0.69312483
0.69329065
0.69365126
0.69341713
0.69320875
0.6935413
0.69336486
0.6936541
0.6936188
0.6932007
0.6933373
0.6939144
0.69394314
0.69331986
0.6929711
0.69390327
0.69342715
0.69386286
0.6935102
0.6935157
0.69401526
0.6932765
0.6931605
0.6935378
0.69354874
0.69347763
0.69341415
0.6935144
0.6932908
0.6935284
0.69346684
0.69334245
0.69345635
0.69334245
0.69342935
0.69335204
0.69333935
0.69344527
0.6933133
0.69341445
0.69348913
0.6932808
0.6933991
0.69341636
0.6933997
0.6934337
0.69335794
0.6934439
0.6933737
0.69342697
0.69339913
0.6933699
0.6933533
0.69351476
0.6933264
0.6933164
0.6934521
0.6933817
0.6934374
0.693457
0.69335014
0.69338083
0.69338256
0.69337636
0.6934126
0.69343424
0.6933866
0.6934021
0.69341207
0.69344115
0.69341683
0.6933517
0.6934211
0.6934267
0.69336057
0.6934018
0.6933639
0.6933681
0.6933951
0.69343835
0.6933552
0.69336647
0.6933886
0.6934567
0.69341034
0.69340765
0.6934104
0.6933997
0.6934345
