0.69363284
0.69392467
0.6943274
0.693732
0.69377357
0.69346136
0.6938129
0.6932977
0.69360745
0.69355
0.693589
0.69354326
0.69340074
0.69359756
0.6933361
0.69333154
0.6932491
0.6934479
0.69383305
0.6933101
0.69387835
0.69400996
0.6934514
0.69370705
0.69370776
0.69380766
0.69354093
0.69342965
0.6935212
0.69358945
0.6932013
0.6937291
0.69332445
0.6933791
0.6936383
0.6929841
0.6940212
0.69404024
0.69269246
0.69368815
0.69416404
0.69283724
0.6939373
0.69298744
0.69335043
0.6936326
0.6933466
0.6933456
0.6937526
0.69328177
0.6932111
0.6936408
0.6931448
0.69378155
0.6930069
0.69375634
0.6930655
0.69371754
0.6931516
0.6936022
0.69324654
0.69355816
0.6933632
0.6935147
0.6933609
0.6935445
0.6933692
0.69350195
0.69338405
0.69343615
0.69346714
0.6933611
0.6934157
0.6934482
0.6934287
0.69343483
0.693428
0.69339395
0.69341993
0.693461
0.69347894
0.69345087
0.6934507
0.6934764
0.69335836
0.6933971
0.69345
0.69348586
0.6934162
0.6934554
0.6934236
0.6934605
0.6933876
0.6934091
0.69350624
0.6934269
0.69336003
0.69341594
0.6934685
0.6935422
