0.6931882
0.69326174
0.693699
0.6931886
0.69380593
0.69337267
0.69370866
0.69375116
0.69366574
0.6934529
0.6931945
0.69361395
0.6934118
0.6934507
0.6934147
0.693397
0.69338065
0.69353974
0.69342273
0.6934471
0.6936755
0.6932981
0.69355106
0.69347465
0.6933602
0.69335234
0.69363177
0.69325477
0.69339484
0.693632
0.6933546
0.69328135
0.69353324
0.6935492
0.6932265
0.6933664
0.6935039
0.69340163
0.693605
0.6934164
0.6933116
0.69350743
0.693447
0.6933266
0.6934783
0.69344527
0.69328856
0.69349545
0.69328076
0.69352543
0.6932521
0.6935265
0.69330937
0.69346637
0.6934959
0.69329613
0.69343674
0.69348496
0.69332266
0.69338757
0.69348335
0.69334507
0.69331956
0.69352365
0.6934659
0.69340897
0.69334316
0.6934599
0.6934695
0.6934256
0.6933731
0.6934041
0.6934921
0.6934494
0.6934546
0.69340944
0.6933557
0.6933986
0.6934287
0.6934823
0.6934616
0.6934404
0.6934003
0.6933926
0.6934001
0.693416
0.69344074
0.69341266
0.6934635
0.6934339
0.6934326
0.6934215
0.6934357
0.693402
0.6934412
0.69338816
0.69342816
0.6934707
0.69350517
0.6934579
