0.69371164
0.6938281
0.6933529
0.6934684
0.6936218
0.6936173
0.69351023
0.6936606
0.6936102
0.69346964
0.6934445
0.69344485
0.693286
0.69342595
0.69326204
0.69397
0.6933984
0.6936618
0.6929734
0.693534
0.6935918
0.6933736
0.6934102
0.69358873
0.6935265
0.6931384
0.6933878
0.69390464
0.69313705
0.6932478
0.6935279
0.6932191
0.6936102
0.69344133
0.6933006
0.6934739
0.69349843
0.6932811
0.6934329
0.6935309
0.69335836
0.6932724
0.6933026
0.6933548
0.6933648
0.6934814
0.69339913
0.6934056
0.6933707
0.6933318
0.6933487
0.6933663
0.693473
0.69330126
0.6933281
0.6933799
0.69338906
0.6933726
0.6933661
0.6933345
0.6933859
0.6933093
0.69340134
0.69341725
0.6934542
0.69334257
0.6933319
0.69351697
0.6933439
0.6933409
0.69344836
0.69328266
0.69348574
0.6932417
0.6934639
0.6933649
0.693483
0.6933279
0.69341373
0.69335467
0.6933747
0.69343364
0.69337267
0.69339305
0.6933676
0.6933481
0.6934821
0.6934292
0.69334537
0.6933846
0.6934402
0.69334066
0.6934454
0.6935283
0.6934805
0.69336545
0.6933671
0.69337505
0.6933943
0.6933727
