0.6934445
0.6932189
0.69357693
0.6935349
0.69354653
0.6931968
0.69368726
0.6933814
0.69351864
0.6938641
0.6938665
0.6934539
0.6933391
0.6932545
0.69313556
0.69315785
0.6934464
0.693287
0.69342744
0.6933944
0.6935176
0.6933611
0.6934271
0.6936411
0.6934156
0.6933133
0.6934492
0.69355315
0.69328606
0.69352055
0.6935605
0.693245
0.6934821
0.6933663
0.6934655
0.693478
0.6935399
0.6933864
0.693253
0.6936795
0.69330156
0.6934002
0.6936763
0.69321805
0.6933974
0.6934176
0.6933834
0.6933951
0.69333285
0.6934614
0.6934626
0.6934045
0.6934039
0.693296
0.6933712
0.6935093
0.6933726
0.6934037
0.69346476
0.6934277
0.69341385
0.6934007
0.6933713
0.6933899
0.6934855
0.6934762
0.69346195
0.693457
0.6933781
0.69340366
0.69341123
0.69338465
0.69344664
0.69352174
0.69341284
0.69352
0.69335306
0.69340265
0.69343364
0.6934495
0.693387
0.693471
0.69347125
0.69346565
0.69334763
0.69343185
0.6934302
0.6934659
0.6934224
0.69341767
0.69340724
0.6934807
0.6934291
0.6934431
0.69344175
0.69347453
0.6934332
0.69341063
0.69340897
0.69344014
