0.06687198579311371
0.10611668229103088
0.1128162071108818
0.1494547724723816
0.06427796930074692
0.11555556952953339
0.026206983253359795
0.02141326479613781
0.10265301167964935
0.10464227944612503
0.13671360909938812
0.12155767530202866
0.03192960098385811
0.029550733044743538
0.019904637709259987
0.050163447856903076
0.21391215920448303
0.09195934236049652
0.10932071506977081
0.20495888590812683
0.03229866549372673
0.1528180092573166
0.02408151887357235
0.03874516487121582
0.12085866928100586
0.05353241786360741
0.1572047472000122
0.11800418049097061
0.09969257563352585
0.11354894936084747
0.05418361350893974
0.057692449539899826
0.06822028756141663
0.05535222589969635
0.06326621770858765
0.0693293958902359
0.0963100790977478
0.13516269624233246
0.13516369462013245
0.13797813653945923
0.11617328226566315
0.10871757566928864
0.0655783861875534
0.049146510660648346
0.04960542172193527
0.05764305219054222
0.08126974105834961
0.08339937031269073
0.1250503808259964
0.1148674264550209
0.13197174668312073
0.11016751080751419
0.14242111146450043
0.11877501010894775
0.12486733496189117
0.09109480679035187
0.09477376192808151
0.08673443645238876
0.08017723262310028
0.09392920881509781
0.08142562955617905
0.08166171610355377
0.08487568795681
0.09315917640924454
0.0973377600312233
0.10337291657924652
0.09727396070957184
0.10479649901390076
0.11745595186948776
0.11508336663246155
0.112492136657238
0.11636897921562195
0.11941668391227722
0.11763232201337814
0.12203408032655716
0.11772957444190979
0.12157604843378067
0.11502273380756378
0.11454257369041443
0.11274784803390503
0.11202189326286316
0.11020097136497498
0.10568013787269592
0.10434643924236298
0.10447884351015091
0.10496459901332855
0.10389348864555359
0.10290852189064026
0.0992802157998085
0.0963556170463562
0.0952615886926651
0.09463221579790115
0.09449368715286255
0.09390851110219955
0.09168997406959534
0.09146471321582794
0.09084416180849075
0.09088583290576935
0.09168647974729538
0.09094099700450897
