0.0845431238412857
0.09797494858503342
0.0835612341761589
0.05482050031423569
0.0499090813100338
0.03187243640422821
0.035124439746141434
0.04615083709359169
0.18605339527130127
0.09567715972661972
0.0406465120613575
0.12905852496623993
0.03657811880111694
0.04598952457308769
0.0634460300207138
0.25332948565483093
0.15102389454841614
0.20816269516944885
0.045720603317022324
0.1318141371011734
0.03743479400873184
0.06739374250173569
0.22591884434223175
0.08446630835533142
0.11909107863903046
0.09532304853200912
0.08294034004211426
0.037569571286439896
0.0724109560251236
0.04804416745901108
0.04789377376437187
0.07948505133390427
0.048963479697704315
0.05873304605484009
0.05345512926578522
0.033750638365745544
0.04695487022399902
0.04037097468972206
0.04142999276518822
0.05046945810317993
0.07093462347984314
0.039428599178791046
0.060165345668792725
0.07541638612747192
0.05859417840838432
0.04127100110054016
0.045586444437503815
0.053719520568847656
0.04363303259015083
0.047551512718200684
0.05300213396549225
0.044740308076143265
0.03806476667523384
0.04529310017824173
0.049502141773700714
0.045510027557611465
0.05079028010368347
0.05027582123875618
0.05639582872390747
0.06470458954572678
0.07632103562355042
0.07446657866239548
0.07212124764919281
0.05821213126182556
0.05750605836510658
0.060846999287605286
0.07160242646932602
0.06794723123311996
0.06762290000915527
0.05894184112548828
0.053024813532829285
0.05312584713101387
0.05535801500082016
0.05791002884507179
0.05418701097369194
0.05189482122659683
0.046645376831293106
0.045769672840833664
0.04052123427391052
0.03905928134918213
0.038365770131349564
0.04201262444257736
0.04367091879248619
0.045895855873823166
0.04844212159514427
0.04686539247632027
0.04643060639500618
0.044075801968574524
0.04225233569741249
0.04269018769264221
0.04104399308562279
0.04239533841609955
0.04173242300748825
0.0434543639421463
0.04472445696592331
0.04513458535075188
0.045197129249572754
0.04679485782980919
0.046714164316654205
0.0462506040930748
