0.07776984572410583
0.19740067422389984
0.11393628269433975
0.06016119569540024
0.11116570234298706
0.15040169656276703
0.10306055843830109
0.1203899011015892
0.06578531861305237
0.08060812205076218
0.07452134042978287
0.08414094895124435
0.08467530459165573
0.08248258382081985
0.07961121946573257
0.07502461224794388
0.08474648743867874
0.0862886980175972
0.16513597965240479
0.08907994627952576
0.12398850917816162
0.09325607120990753
0.11397154629230499
0.07733285427093506
0.08054342865943909
0.12710362672805786
0.11334206908941269
0.08997052162885666
0.10085466504096985
0.12067420035600662
0.14461982250213623
0.13906510174274445
0.09713645279407501
0.12447169423103333
0.09719652682542801
0.0798339992761612
0.0899370014667511
0.10161425918340683
0.09017042815685272
0.08215492218732834
0.10292033851146698
0.12361153215169907
0.09214460849761963
0.08417300879955292
0.10308275371789932
0.10563979297876358
0.09501506388187408
0.08633318543434143
0.09688645601272583
0.09204599261283875
0.09541773051023483
0.08747781813144684
0.08335889130830765
0.08303437381982803
0.08526761084794998
0.08974475413560867
0.0944286435842514
0.08816179633140564
0.08858667314052582
0.08957593142986298
0.09156700223684311
0.08579141646623611
0.08670353144407272
0.09090978652238846
0.08691543340682983
0.0869448333978653
0.08503524214029312
0.08398689329624176
0.08730965107679367
0.08797643333673477
0.09122270345687866
0.09194358438253403
0.09143105894327164
0.0890004113316536
0.08902211487293243
0.08929896354675293
0.09014875441789627
0.09232589602470398
0.09204113483428955
0.09167522937059402
0.0917825996875763
0.09227976948022842
0.0916360542178154
0.09327198565006256
0.09344065189361572
0.09331519156694412
0.09298516809940338
0.0934346616268158
0.09283633530139923
0.09209611266851425
0.09177111089229584
0.0906400978565216
0.09056547284126282
0.08964736014604568
0.08957032114267349
0.08897989243268967
0.0885407030582428
0.08877851814031601
0.0891910195350647
0.0890396311879158
