0.0915394127368927
0.16502104699611664
0.16359326243400574
0.18020793795585632
0.08085636049509048
0.14206020534038544
0.07290871441364288
0.1290164291858673
0.12074372172355652
0.14979055523872375
0.12552233040332794
0.10219259560108185
0.10677533596754074
0.11319603770971298
0.10988250374794006
0.1288352757692337
0.10718494653701782
0.0939253494143486
0.12948480248451233
0.10524112731218338
0.10731332749128342
0.08465968817472458
0.09161461889743805
0.09626737236976624
0.12439137697219849
0.08348474651575089
0.09937527775764465
0.11668599396944046
0.11079280823469162
0.09542201459407806
0.10160255432128906
0.09799391776323318
0.09470006078481674
0.11124465614557266
0.09413895756006241
0.0881851390004158
0.1073170006275177
0.11367309093475342
0.1015164703130722
0.09405677765607834
0.10588005930185318
0.11159808933734894
0.10920882970094681
0.10877886414527893
0.10157077014446259
0.10227499157190323
0.10041563957929611
0.100852370262146
0.1064859926700592
0.1010558158159256
0.10315372049808502
0.10714133083820343
0.10252371430397034
0.09497034549713135
0.10274935513734818
0.10234439373016357
0.10026774555444717
0.10322761535644531
0.10081266611814499
0.09805217385292053
0.10038198530673981
0.10315752774477005
0.10347021371126175
0.10553259402513504
0.10234171897172928
0.10064131766557693
0.10107838362455368
0.10320993512868881
0.09838622063398361
0.10528405010700226
0.10076775401830673
0.10029854625463486
0.10171948373317719
0.09766629338264465
0.10146678984165192
0.10011626034975052
0.10137558728456497
0.09911010414361954
0.09860949963331223
0.1005936712026596
0.09756849706172943
0.10021007061004639
0.09820589423179626
0.0984840914607048
0.10024615377187729
0.09938283264636993
0.09824629127979279
0.10039566457271576
0.0984790027141571
0.09714453667402267
0.09832219034433365
0.09929180890321732
0.09897086769342422
0.09961779415607452
0.09983497858047485
0.0990140289068222
0.09716223180294037
0.09763692319393158
0.0985935851931572
0.09901097416877747
