0.05147120729088783
0.09725983440876007
0.12804891169071198
0.029947809875011444
0.02759912982583046
0.027229810133576393
0.03877165913581848
0.05916423723101616
0.054495252668857574
0.06830453872680664
0.08918571472167969
0.017060035839676857
0.04459918290376663
0.026300761848688126
0.03402841463685036
0.036925945430994034
0.0415184311568737
0.049682386219501495
0.06351839751005173
0.028662730008363724
0.05256536602973938
0.03079279325902462
0.04796217381954193
0.03790920972824097
0.04836663231253624
0.05763045698404312
0.04244237020611763
0.061923593282699585
0.03694688156247139
0.06010380759835243
0.05933484062552452
0.06471143662929535
0.06174447759985924
0.061902645975351334
0.05315358191728592
0.05939321964979172
0.06222056597471237
0.042703256011009216
0.0562148243188858
0.05673988536000252
0.05804741755127907
0.0502132810652256
0.05312194675207138
0.08160027861595154
0.06873596459627151
0.057180993258953094
0.0671604722738266
0.06675529479980469
0.06583945453166962
0.06180122122168541
0.06619098037481308
0.07344628125429153
0.06517969816923141
0.07287684828042984
0.07508307695388794
0.07120077311992645
0.07415931671857834
0.07764065265655518
0.07708439230918884
0.07541332393884659
0.07757233083248138
0.08110964298248291
0.07719699293375015
0.07834608852863312
0.07807338982820511
0.07570205628871918
0.07464408874511719
0.07562074065208435
0.07731590420007706
0.08169230818748474
0.07873489707708359
0.07582464069128036
0.07305476069450378
0.07118808478116989
0.07410835474729538
0.0760805681347847
0.0788913145661354
0.07822684198617935
0.07797598838806152
0.0743640586733818
0.07348721474409103
0.07287004590034485
0.07319672405719757
0.07271962612867355
0.07392527908086777
0.0751333087682724
0.07566847652196884
0.07426207512617111
0.07356901466846466
0.07490815222263336
0.07432065904140472
0.0747552141547203
0.07431142777204514
0.0733042061328888
0.0740213692188263
0.07496080547571182
0.07379686832427979
0.0738101676106453
0.07187370210886002
0.07199469208717346
