0.2760397791862488
0.039093196392059326
0.22739270329475403
0.01688191294670105
0.11913046985864639
0.2725624144077301
0.19854606688022614
0.060463644564151764
0.24846151471138
0.04981407895684242
0.09459066390991211
0.04312114417552948
0.06432939320802689
0.15985237061977386
0.04720588028430939
0.11565085500478745
0.028022145852446556
0.16038286685943604
0.0693543553352356
0.037256211042404175
0.10737136751413345
0.04075709357857704
0.059764958918094635
0.042197469621896744
0.05850877985358238
0.03491128608584404
0.04811931401491165
0.03983604907989502
0.09140726178884506
0.14580461382865906
0.10989103466272354
0.13007541000843048
0.044863395392894745
0.057972501963377
0.054649047553539276
0.044616784900426865
0.05258692055940628
0.07935796678066254
0.059989042580127716
0.09122554957866669
0.08943861722946167
0.08888319134712219
0.12721674144268036
0.10329975932836533
0.07102634757757187
0.06168133392930031
0.10404634475708008
0.04823315143585205
0.045092251151800156
0.052980564534664154
0.059453822672367096
0.05737689509987831
0.05765548348426819
0.05694781243801117
0.08285422623157501
0.08444786816835403
0.06596866250038147
0.0664270743727684
0.0724295824766159
0.08803649991750717
0.08563341945409775
0.08175050467252731
0.0790134072303772
0.07759105414152145
0.07499419152736664
0.06799494475126266
0.07435564696788788
0.082633838057518
0.08369840681552887
0.07848519831895828
0.07277267426252365
0.07353530079126358
0.07069282978773117
0.068897545337677
0.07151859253644943
0.07397333532571793
0.07780340313911438
0.07638099044561386
0.07759296894073486
0.07705174386501312
0.07809770107269287
0.079483263194561
0.08438148349523544
0.08453845977783203
0.08515691012144089
0.08691012114286423
0.088200144469738
0.08955347537994385
0.09159263968467712
0.09235925227403641
0.09304274618625641
0.09401112794876099
0.09421101212501526
0.09399060904979706
0.09597363322973251
0.09907911717891693
0.09929541498422623
0.09808270633220673
0.09879269450902939
0.09735653549432755
