0.3070598840713501
0.12039340287446976
0.09877083450555801
0.13418269157409668
0.17232508957386017
0.10964515805244446
0.11560571193695068
0.11207295954227448
0.1407417207956314
0.11068116873502731
0.09257664531469345
0.09481079131364822
0.07263471931219101
0.11225412786006927
0.10005456209182739
0.19427216053009033
0.08864326030015945
0.10834704339504242
0.08577722311019897
0.056280072778463364
0.06944362074136734
0.07014229893684387
0.06660974770784378
0.08142253011465073
0.08651894330978394
0.11926796287298203
0.08530545234680176
0.08856789767742157
0.12501059472560883
0.12025551497936249
0.09009430557489395
0.1004030779004097
0.10402581095695496
0.10040492564439774
0.10279425978660583
0.06315670907497406
0.0942516103386879
0.11496960371732712
0.09352472424507141
0.1006421223282814
0.1003168374300003
0.12392605096101761
0.11296311020851135
0.08910627663135529
0.08437222987413406
0.08734116703271866
0.08793646097183228
0.0863681212067604
0.086801677942276
0.08830970525741577
0.0874762311577797
0.09512930363416672
0.09143330901861191
0.09183019399642944
0.08470280468463898
0.09378088265657425
0.09147634357213974
0.09749020636081696
0.09265314042568207
0.0952894315123558
0.09034395217895508
0.09162836521863937
0.08891794085502625
0.09179247915744781
0.09118501842021942
0.09330933541059494
0.09196389466524124
0.09488709270954132
0.09057185798883438
0.0925765410065651
0.09144051373004913
0.09040899574756622
0.09076675027608871
0.09146890789270401
0.0901477187871933
0.09078382700681686
0.09045057743787766
0.08954969048500061
0.08872753381729126
0.08979048579931259
0.0879584327340126
0.08862776309251785
0.08838029950857162
0.08860472589731216
0.08980485051870346
0.08850101381540298
0.09008493274450302
0.08980019390583038
0.08953753113746643
0.09022626280784607
0.09140996634960175
0.09204019606113434
0.09131627529859543
0.09094614535570145
0.0915260761976242
0.09184903651475906
0.09174183756113052
0.09171313792467117
0.0917869508266449
0.09177737683057785
