0.06417924910783768
0.11650904268026352
0.029472332447767258
0.060675155371427536
0.03212945908308029
0.08926215767860413
0.07984378188848495
0.03370320796966553
0.07899048179388046
0.03364771977066994
0.07010234892368317
0.10837583988904953
0.02600240521132946
0.014245833270251751
0.03955070674419403
0.14095914363861084
0.03283868730068207
0.14121629297733307
0.11058835685253143
0.05578366294503212
0.171338751912117
0.03475207835435867
0.028092414140701294
0.057121340185403824
0.05643531307578087
0.15007805824279785
0.06876053661108017
0.05751929059624672
0.1188887432217598
0.10475926101207733
0.03555534780025482
0.03807741403579712
0.05356515198945999
0.1045343428850174
0.09158094227313995
0.07111460715532303
0.09120836108922958
0.05345059186220169
0.048464830964803696
0.039858877658843994
0.06432405859231949
0.0446329340338707
0.029850933700799942
0.03263261914253235
0.05120468884706497
0.0605916790664196
0.05205651372671127
0.045211855322122574
0.06454134732484818
0.07116147130727768
0.07912537455558777
0.0734158307313919
0.056822456419467926
0.05751107633113861
0.056874603033065796
0.054797492921352386
0.05821797996759415
0.05983787029981613
0.05698449909687042
0.05475694686174393
0.05284665897488594
0.05448932200670242
0.06001827493309975
0.05731941759586334
0.0523039847612381
0.05114364996552467
0.0593075267970562
0.0679277628660202
0.0621461495757103
0.062197186052799225
0.067448191344738
0.06965884566307068
0.06791642308235168
0.06923551857471466
0.06905150413513184
0.07334256172180176
0.07150627672672272
0.07080081105232239
0.07006341964006424
0.06916559487581253
0.06860393285751343
0.06926713138818741
0.06980810314416885
0.07246368378400803
0.07186171412467957
0.07268735021352768
0.0709819495677948
0.06897654384374619
0.0685325637459755
0.06819998472929001
0.06680657714605331
0.06511925905942917
0.0644695907831192
0.06437811255455017
0.06293026357889175
0.06269378960132599
0.06119242310523987
0.061728257685899734
0.06165461242198944
0.06254608929157257
