0.10253465175628662
0.12783290445804596
0.15923866629600525
0.17685842514038086
0.0867481455206871
0.11126948893070221
0.08820028603076935
0.23964853584766388
0.14776194095611572
0.28943246603012085
0.11576312780380249
0.17291177809238434
0.11808592081069946
0.11525184661149979
0.09707092493772507
0.14694897830486298
0.21229009330272675
0.14848989248275757
0.22032925486564636
0.11562386155128479
0.15800553560256958
0.12146506458520889
0.10011023283004761
0.13852322101593018
0.1331075131893158
0.12572403252124786
0.1118367612361908
0.10958437621593475
0.12012249231338501
0.10874215513467789
0.11889953166246414
0.09320538491010666
0.10054507851600647
0.14721232652664185
0.09759492427110672
0.10310070216655731
0.12028859555721283
0.10560830682516098
0.11226636916399002
0.09966340661048889
0.10917854309082031
0.10883156955242157
0.10559314489364624
0.11671852320432663
0.1168663501739502
0.12104126065969467
0.09853984415531158
0.11017686128616333
0.10605832189321518
0.11505088210105896
0.10957355052232742
0.11287091672420502
0.11077093333005905
0.0996478796005249
0.10916966944932938
0.10412966459989548
0.10684863477945328
0.1118917465209961
0.11748483031988144
0.11517054587602615
0.10587365180253983
0.11267519742250443
0.11400388181209564
0.11148121953010559
0.11034263670444489
0.1121593490242958
0.11659356206655502
0.11847703903913498
0.11369691789150238
0.1106380894780159
0.10959094762802124
0.1120358407497406
0.11626263707876205
0.11296817660331726
0.11096429824829102
0.11079822480678558
0.11061607301235199
0.11222662776708603
0.11508503556251526
0.11676851660013199
0.11502981185913086
0.1139770969748497
0.11386065185070038
0.11332321912050247
0.11369795352220535
0.1125829741358757
0.11372889578342438
0.11272098124027252
0.11349687725305557
0.11497139930725098
0.11493037641048431
0.11523887515068054
0.11413788050413132
0.11499622464179993
0.1153590977191925
0.11404760926961899
0.11278320103883743
0.11408837139606476
0.11406107246875763
0.11338159441947937
