1.3858811
1.3859525
1.3856164
1.3852899
1.3856223
1.3852798
1.3854215
1.3856165
1.3855293
1.3857254
1.385755
1.3855691
1.385525
1.3859606
1.3854685
1.3853992
1.3856277
1.3857061
1.3855437
1.38539
1.3857069
1.3858885
1.3856524
1.3853979
1.385797
1.3854723
1.385605
1.3857219
1.3854333
1.3857797
1.3857532
1.3857687
1.3857266
1.3858982
1.3858973
1.3857301
1.385605
1.3858705
1.385956
1.3858765
1.3857716
1.38567
1.3858228
1.3859377
1.3861352
1.3857976
1.3859831
1.3856175
1.3861046
1.3859314
1.3856567
1.3857197
1.3860935
1.3858564
1.3857552
1.3860022
1.3860581
1.3858658
1.3857033
1.385944
1.3859231
1.3858137
1.3861319
1.3859757
1.3859559
1.3861519
1.3858663
1.3859197
1.3861052
1.3862281
1.3860347
1.3860998
1.3861878
1.3859594
1.3861719
1.3860617
1.3860834
1.3864313
1.3861731
1.386529
1.3861805
1.386274
1.3859742
1.3863168
1.3861803
1.3861336
1.3860326
1.3860664
1.3860745
1.3862108
1.3863262
1.3859062
1.3861923
1.3861955
1.3859224
1.3859673
1.3866017
1.3862691
1.386314
1.3862721
1.3863815
1.3864357
1.3864838
1.3862854
1.3859998
1.3863539
1.3860435
1.3861942
1.3865238
1.3863741
1.3864737
1.38622
1.386458
1.3860763
1.3865271
1.3865709
1.3862433
1.3865641
1.3863924
1.3862605
1.38622
1.3863647
1.386448
1.3861641
1.3864177
1.3864439
1.3863316
1.386333
1.3867352
1.3862518
1.3863986
1.3863477
1.3861278
1.386171
1.3864281
1.386314
1.3863332
1.3863716
1.386464
1.3865151
1.3863589
1.3863386
1.3864293
1.3862646
1.386367
1.3863739
1.3864526
1.3863884
1.3865465
1.386476
1.3863672
1.3864027
1.3862263
1.3863211
1.386501
1.3862646
1.3862476
1.3866191
1.3863834
1.386442
1.3864943
1.3865322
1.3864379
1.3864673
1.38626
1.3862102
1.3862891
1.3865767
1.386485
1.3865099
1.3863734
1.3863395
1.3864542
1.3863482
1.3862587
1.386422
1.3866843
1.3863002
1.3865619
1.3860996
1.3864185
1.3864857
1.3861932
1.3863993
1.3865163
1.3863171
1.3863655
1.3862475
1.3861856
1.3864572
1.3862467
1.3864322
1.386216
1.3861744
1.3864731
1.3862255
1.3863629
1.3862797
1.3864548
1.386346
1.3861805
1.3863018
1.3865433
1.3861791
1.386323
1.3862891
1.386177
1.3861525
1.3864386
1.3862461
1.3862419
1.3862548
1.3861675
1.3865991
1.3864707
1.3861892
1.3862619
1.3862935
1.386021
1.3863795
1.3864274
1.3862157
1.386234
1.3861634
1.3861787
1.3860259
1.386337
1.3861631
1.3862467
1.386327
1.3858646
1.3863579
1.3862413
1.3862092
1.3863895
1.3861676
1.3862574
1.3864185
1.3860492
1.3863091
1.3860826
1.3861713
1.3861122
1.3862855
1.3860676
1.3858137
1.3860533
1.3860415
1.3862168
1.3862885
1.3859535
1.386135
1.3861831
1.3863424
1.3860031
1.386157
1.3864474
1.3861519
1.3862367
1.3859593
1.3860843
1.3864096
1.3861305
1.3859841
1.3862475
1.3862582
1.3860699
1.3861487
1.3859969
1.3860809
1.3859695
1.3861977
1.386037
1.3860544
1.3862389
1.3860378
1.386312
1.3862606
1.3864082
1.3862246
1.3862088
1.3861501
1.3865196
1.3863826
1.386065
1.3862652
1.3860773
1.3863803
1.3860693
1.3861344
1.3864065
1.3861697
1.3859651
1.3862425
1.3862277
1.3862683
1.3860865
1.3862827
1.3861964
1.3861482
1.3861431
1.3861688
1.3861274
1.3862381
1.3863649
1.3862994
1.3863425
1.386238
1.3861659
1.3864168
1.3861548
1.3861479
1.3863662
1.3863153
1.38632
1.386278
1.3860894
1.3860523
1.3863956
1.3864429
1.3863503
1.3865529
1.3861357
1.3862485
1.3862785
1.3859941
1.3865129
1.386075
1.3863567
1.3864132
1.3864743
1.3865075
1.386458
1.3863758
1.3862891
1.3864796
1.3863083
1.3865991
1.3862468
1.3864031
1.3864819
1.3862381
1.3862289
1.3863655
1.3865292
1.3863872
1.3861289
1.3863063
1.3865798
1.3862573
1.3862015
1.3862565
1.3865856
1.3864017
1.3862286
1.3865438
1.3863882
1.386479
1.3860446
1.3864951
1.3863401
1.3864644
1.3865254
1.3862545
1.3862907
1.3864204
1.3863926
1.3863151
1.3865198
1.386359
1.3862637
1.3862705
1.3864819
1.3861339
1.3862183
1.386405
1.3864905
1.3862123
1.3861829
1.3863732
1.3864381
1.3863734
1.3862898
1.386411
1.3861506
1.386303
1.3861612
1.3861023
1.3862934
1.3861508
1.3864374
1.3860909
1.386281
1.3864216
1.3860476
1.3861818
1.3862089
1.3862145
1.3860928
1.3860507
1.3864951
1.38626
1.3861969
1.3862298
1.3861597
1.3861649
1.3858751
1.3860782
1.3858118
1.3861501
1.3859979
1.3863529
1.3862019
1.3862005
1.3858638
1.386056
1.3862059
1.3861928
1.3860648
1.3862673
1.3863031
1.3858854
1.3860983
1.385844
1.3858747
1.386122
1.3860184
1.3858916
1.3860587
1.3859594
1.3857534
1.38627
1.3859156
1.3859155
1.3859366
1.3857247
1.385973
1.3861188
1.3860034
1.3857706
1.38611
1.3858671
1.386167
1.3857809
1.3859886
1.385916
1.3858272
1.3857695
1.3859063
1.3859692
1.3857495
1.3856629
1.3860631
1.3860246
1.385895
1.3860958
1.3861908
1.3858486
1.3858798
1.3859199
1.3858544
1.3859411
1.3860074
1.3857882
1.3860147
1.3860229
1.3856596
1.38598
1.3858646
1.3858175
1.3859707
1.3858025
1.3861164
1.3861507
1.3858777
1.3859925
1.3859999
1.3860604
1.3860731
1.3859048
1.3861356
1.3861611
1.3859345
1.3860747
1.3858334
1.3862593
1.3859353
1.3862753
1.3860823
1.3862513
1.386112
1.3861156
1.3861233
1.3861696
1.3864026
1.3860091
1.3862753
1.3862128
1.38613
1.38634
1.3863844
1.3862339
1.3861836
1.3862439
1.3863896
1.3863974
1.3868208
1.3862687
1.3864549
1.3864635
1.3865187
1.3865073
1.3864447
1.3866471
1.3865073
1.3865653
1.3864056
1.3863468
1.3861759
1.3865491
1.3865197
1.386515
1.3866956
1.3864496
1.3864582
1.3864604
1.3867589
1.3865709
1.3865194
1.3864855
1.3866645
1.3866249
1.386496
1.3867399
1.3866146
1.3866106
1.3867481
1.386797
1.3865417
1.3867177
1.3866242
1.3865639
1.3865092
1.3866005
1.3865802
1.3866693
1.3864155
1.386641
1.3866198
1.3865101
1.3866669
1.3864475
1.3865638
1.3863802
1.3864402
1.3864383
1.3865213
1.3864775
1.3862801
1.3865733
1.3866478
1.3865086
1.3864795
1.3864241
1.3863543
1.3864075
1.3863417
1.3861824
1.3864533
1.3866175
1.3864088
1.3865272
1.3864086
1.385983
1.3864257
1.3863158
1.3864957
1.3860801
1.3863871
1.3863235
1.3861984
1.3864228
1.3862684
1.3861763
1.386295
1.3864542
1.3861637
1.3862951
1.3863444
1.3863783
1.3862803
1.3864024
1.3864328
1.3861597
1.3861234
1.3860326
1.38616
1.3861874
1.3861682
1.3861717
1.3862958
1.3862499
1.3861498
1.3863491
1.3860976
1.386162
1.3861132
1.386033
1.385888
1.3861485
1.3861425
1.386152
1.3860172
1.3861724
1.3861796
1.3858883
1.3858696
1.3860006
1.3860571
1.3860365
1.3860983
1.385971
1.38592
1.3858355
1.3858528
1.3860427
1.3859513
1.3858992
1.3859509
1.385864
1.3858633
1.3858322
1.3861316
1.3859364
1.386062
1.3857496
1.3859268
1.385794
1.3858474
1.3857821
1.3861183
1.3857026
1.3861418
1.3860502
1.3858372
1.385943
1.3859338
1.3859204
1.385995
1.3857865
1.3858955
1.385747
1.3859118
1.3861014
1.3860095
1.3859682
1.3858193
1.3858134
1.3856478
1.3858023
1.3857917
1.3858362
1.3858627
1.3856541
1.3858645
1.3858196
1.3857713
1.3857679
1.3857083
1.3860441
1.3857807
1.3858335
1.3858697
1.3859147
1.3860296
1.3860219
1.3859576
1.3859043
1.3858875
1.3858517
1.3860489
1.3858181
1.3859414
1.3857448
1.3858582
1.3858765
1.385722
1.3861341
1.3856337
1.3858571
1.385798
1.3859425
1.3860227
1.3859137
1.3859879
1.3859797
1.385722
1.3859783
1.3857563
1.3861604
1.3859751
1.3861926
1.3861088
1.3861217
1.3860188
1.386081
1.3858567
1.3858261
1.3861352
1.38607
1.3860213
1.3859146
1.385985
1.3859693
1.3859538
1.385892
1.3859316
1.385955
1.3861037
1.386027
1.386175
1.3861681
1.3860499
1.3860061
1.3859468
1.385925
1.3859099
1.3860359
1.3860826
1.3861398
1.3859843
1.3860308
1.385917
1.3860159
1.386137
1.3859499
1.3861598
1.3859922
1.386092
1.3860259
1.3860031
1.3860344
1.386158
1.3859499
1.3861302
1.3862005
1.3860297
1.3860676
1.3861349
1.3860762
1.3860735
1.386072
1.3860886
1.3859159
1.3861421
1.3860272
1.3860705
1.3862104
1.3862484
1.3859024
1.3860648
1.3860136
1.3861042
1.3860879
1.386007
1.3860277
1.3860992
1.3860734
1.3859898
1.3859886
1.386189
1.3860792
1.3862085
1.385936
1.3859857
1.3858491
1.3860744
1.3859452
1.3859873
1.3861943
1.3860985
1.3859835
1.3859612
1.3859761
1.3858085
1.3861883
1.3860368
1.3860537
1.3860778
1.3860726
1.3859993
1.3859773
1.3859295
1.3861963
1.3859184
1.3860023
1.3861854
1.3858967
1.3861083
1.3860661
1.386264
1.3860176
1.3861837
1.3859739
1.3860607
1.3860528
1.3859485
1.3859951
1.385993
1.3861791
1.386029
1.3861547
1.3859609
1.38596
1.3859526
1.3861512
1.3860132
1.385953
1.3861587
1.3861225
1.3857481
1.386106
1.3859882
1.38619
1.3859762
1.3859383
1.3859123
1.385923
1.386268
1.3860717
1.3859887
1.3859695
1.3859288
1.3861344
1.3862721
1.3863798
1.3861336
1.3858107
1.3861362
1.3861028
1.3859807
1.3859161
1.3859848
1.3859662
1.386145
1.3861547
1.3859403
1.3861573
1.3861172
1.3860617
1.3862275
1.3862939
1.3861248
1.3860941
1.386413
1.3857695
1.3861526
1.386239
1.3861884
1.3862766
1.3861995
1.3861375
1.385996
1.3859631
1.3860952
1.3861077
1.3859776
1.3860306
1.3861495
1.3862575
1.3860649
1.386241
1.3861514
1.3858446
1.3861266
1.3861014
1.3860866
1.386184
1.386176
1.3861648
1.3861494
1.3862079
1.386082
1.38597
1.3861452
1.3862064
1.3861192
1.3859485
1.3860275
1.3861256
1.3863235
1.386288
1.3861507
1.3863165
1.386071
1.3860728
1.3862352
1.3862336
1.3859199
1.3862
1.3859763
1.3861141
1.3861712
1.3859491
1.3860382
1.3859373
1.3860738
1.3862379
1.3859992
1.3860567
1.3860592
1.3860103
1.3859439
1.3862118
1.3860966
1.386143
1.3862561
1.3859524
1.3860791
1.3859931
1.3860959
1.3861449
1.3859578
1.385881
1.3862104
1.3861125
1.3862277
1.3861072
1.3859506
1.3861202
1.3858331
1.3861583
1.3858991
1.3862047
1.3860643
1.3860306
1.3859974
1.3861641
1.386236
1.3860768
1.3860173
1.3860587
1.3860314
1.3861749
1.3861145
1.3861647
1.386202
1.3859524
1.3861499
1.3859247
1.3857994
1.3862499
1.386117
1.3861202
1.3857973
1.3861458
1.3858972
1.3861063
1.386082
1.3856556
1.3860899
1.3861829
1.3860157
1.3860663
1.3859404
1.3859094
1.3859745
1.385965
1.3859282
1.385914
1.3861877
1.3860153
1.3863068
1.3858563
1.3860441
1.3860377
1.3858156
1.3859793
1.3861794
1.3858442
1.3859538
1.3858507
1.3859409
1.386044
1.3857249
1.3857079
1.3857445
1.3859813
1.3857659
1.3858473
1.3857259
1.3859111
1.3857534
1.3857446
1.3860096
1.3858982
1.3858315
1.3858767
1.38574
1.3858839
1.3857161
1.3857535
1.3857832
1.3858958
1.3859218
1.3858603
1.3859421
1.3857583
1.386021
1.3859326
1.3857514
1.3861008
1.3856663
1.385768
1.3858738
1.3860182
1.385718
1.385767
1.385705
1.3858289
1.3858724
1.3857616
1.3856956
1.3856126
1.3860013
1.3859519
1.3858627
1.3858182
1.386019
1.3854858
1.3859082
1.385684
1.3856238
1.3858579
1.3855509
1.3857654
1.3857156
1.3857177
1.3859056
1.3856856
1.3859621
1.3858138
1.3854157
1.3856615
1.3857489
1.3856494
1.3858073
1.3857775
1.3857783
1.3854469
1.3856853
1.3857901
1.3857012
1.3859946
1.3859092
1.3856179
1.3858551
1.3855126
1.3857516
1.385832
1.3857101
1.3858576
1.3856269
1.3859398
1.3856786
1.3855242
1.3854136
1.385517
1.3855981
1.3858249
1.3857931
1.3855492
1.385642
1.385686
1.3856252
1.3855532
1.3857279
1.3858331
1.3860096
1.3856516
1.3858404
1.3855819
1.3856351
1.3857461
1.3856282
1.3855424
1.3856953
1.3853872
1.3857273
1.3855834
1.3857666
1.3858802
1.385841
1.3856202
1.3860103
1.3857013
1.3857887
1.3855157
1.385754
1.3855568
1.38556
1.3856564
1.3857292
1.3856089
1.3857715
1.3857441
1.3858463
1.3856007
1.3857719
1.3856426
1.3858753
1.3856788
1.3855927
1.3859802
1.3855929
1.3856834
1.3857768
1.3859307
1.3859688
1.3856922
1.3860344
1.3860115
1.3859556
1.3859118
1.3860931
1.3858832
1.3858436
1.3857663
1.385875
1.3857114
1.3859415
1.3858504
1.3858757
1.3857621
1.3859603
1.3857222
1.3862106
1.3859842
1.3859886
1.386068
1.3858238
1.3859047
1.3859135
1.3860271
1.386266
1.3858112
1.3861709
1.3860409
1.3861879
1.3859663
1.3860078
1.3860968
1.3860258
1.3860431
1.3859808
1.386008
1.3861272
1.3862766
1.3859252
1.3861601
1.3860955
1.3862033
1.3859504
1.3860813
1.3861784
1.385808
1.3861018
1.3863765
1.3861592
1.3858985
1.3861125
1.3861761
1.3862234
1.3861428
1.3861744
1.3861508
1.3859459
1.3859665
1.3863258
1.3862725
1.3861098
1.38609
1.3859763
1.3861588
1.3862923
1.3860072
1.3860407
1.38591
1.3862394
1.3858757
1.3859288
1.386175
1.38589
1.3861097
1.3859129
1.3859093
1.3859977
1.3859512
1.3860831
1.3858522
1.386232
1.385897
1.385668
1.3858309
1.385951
1.385832
1.3858379
1.3858868
1.3859148
1.3858385
1.3858709
1.3857061
1.3859404
1.3859223
1.3859905
1.3857088
1.386
1.38587
1.3857921
1.3856859
1.3858331
1.3858397
1.3857794
1.3857803
1.3858511
1.386004
1.3857713
1.385958
1.3859494
1.3857105
1.3857381
1.3857214
1.3858194
1.385649
1.3857006
1.3857738
1.3856333
1.3856446
1.3859738
1.3857563
1.3857121
1.3860382
1.3855906
1.3856041
1.3856198
1.385855
1.3858093
1.3855422
1.3857645
1.3857213
1.3856583
1.3858122
1.3857466
1.385569
1.3856891
1.3857323
1.3855029
1.3855244
1.3855269
1.3857018
1.3856139
1.3855687
1.3855594
1.3853916
1.3856255
1.3856802
1.3853688
1.3857764
1.3855095
1.3857607
1.3854325
1.3855591
1.3855674
1.3853976
1.385433
1.3853308
1.3854332
1.3855891
1.3856627
1.3855805
1.3855543
1.3855705
1.385814
1.3858418
1.3856317
1.3855901
1.3854892
1.3853546
1.3855242
1.385831
1.3856255
1.385847
1.3854829
1.3854653
1.3855882
1.3858266
1.3857106
1.3856952
1.3855287
1.3855919
1.3857439
1.3857915
1.3855891
1.3856629
1.3859421
1.3856349
1.3855346
1.3854984
1.3855036
1.3858188
1.3856165
1.3854855
1.385777
1.3856274
1.3855648
1.3856479
1.38575
1.3854734
1.3855399
1.3855406
1.3856808
1.3856689
1.3857908
1.3856509
1.3858639
1.3856598
1.3855028
1.3855082
1.3857297
1.3858857
1.3856376
1.3859125
1.3856916
1.385662
1.3859061
1.3857188
1.3858283
1.3858407
1.3855907
1.3857545
1.3857727
1.3857999
1.3860129
1.3857642
1.3857672
1.3856834
1.385949
1.3857837
1.3856127
1.3856593
1.3857938
1.3858879
1.3857789
1.3857298
1.3856243
1.3859721
1.3858321
1.3857199
1.3859613
1.3857261
1.3859605
1.3857923
1.3859528
1.3860416
1.3860122
1.3858875
1.3860099
1.385911
1.385808
1.3858542
1.3860012
1.3858248
1.3860214
1.3857864
1.3859705
1.3859755
1.3859223
1.3859977
1.3857186
1.3858755
1.3859873
1.3859372
1.3856938
1.3857989
1.385915
1.3858964
1.3856899
1.3859022
1.3858285
1.386
1.3860329
1.385954
1.3859669
1.3860071
1.3859702
1.3859993
1.3859872
1.3859153
1.3859704
1.3858496
1.385939
1.3860229
1.3860712
1.3858972
1.3859568
1.3858559
1.3858961
1.386089
1.386
1.3859005
1.3860098
1.385849
1.385842
1.385994
1.3858773
1.3859186
1.3859054
1.3858881
1.3858013
1.3859295
1.3860747
1.3859153
1.3859043
1.3861698
1.3858185
1.385884
1.3858467
1.3860407
1.3858783
1.3859032
1.3858576
1.3858972
1.3861481
1.3860195
1.3859642
1.3859009
1.3860732
1.3861159
1.3861934
1.3858658
1.3856993
1.3856238
1.3858988
1.38589
1.3860523
1.385969
1.3860062
1.3860427
1.3862323
1.3856636
1.3860598
1.3858733
1.3858496
1.3859636
1.3861128
1.3859732
1.3859905
1.3860221
1.3861158
1.3859632
1.3859996
1.3860971
1.3860042
1.3859637
1.3861055
1.3858753
1.3860414
1.3859168
1.3858905
1.3861316
1.385874
1.3860546
1.385802
1.3861568
1.3859168
1.3857541
1.3862135
1.3858782
1.3859551
1.3860865
1.3861699
1.3859291
1.3858894
1.3861244
1.3859416
1.38611
1.3860132
1.3860587
1.3858553
1.3859698
1.3859595
1.3860496
1.385863
1.3858426
1.3858638
1.3859122
1.3858331
1.3859152
1.3858896
1.3859034
1.3859402
1.3861349
1.385677
1.3858693
1.3858795
1.3859848
1.386045
1.3857689
1.3860216
1.3858742
1.3860247
1.3858972
1.3859335
1.3859624
1.3859485
1.3859401
1.3860234
1.3858927
1.3862066
1.3859185
1.3856528
1.385975
1.3861873
1.3863106
1.3857688
1.3860298
1.3861687
1.385834
1.3862371
1.3859631
1.3857899
1.3860005
1.385863
1.3858415
1.3859699
1.3857819
1.3857484
1.3858203
1.3861854
1.3860923
1.3859035
1.3859075
1.3858322
1.385807
1.3860457
1.3859853
1.3859148
1.3860487
1.3859053
1.3859617
1.3858988
1.3861204
1.3859339
1.385796
1.3859833
1.3858627
1.3860203
1.3858322
1.3859733
1.3859794
1.3860903
1.3860788
1.3859385
1.3860492
1.3859351
1.385664
1.3857889
1.3860363
1.3860954
1.3858323
1.3860791
1.3859239
1.385829
1.3859918
1.3857229
1.3859253
1.385815
1.3860132
1.3860108
1.3860605
1.3860617
1.3861159
1.385754
1.386097
1.385689
1.3861576
1.3859739
1.3860432
1.385778
1.3859452
1.3857437
1.3861145
1.3856936
1.3860742
1.385755
1.3858695
1.3859066
1.3859197
1.3861582
1.385913
1.3859695
1.386068
1.3860033
1.3860918
1.3861574
1.3858199
1.3860283
1.3859817
1.385668
1.3859981
1.3859382
1.3858497
1.3860712
1.3857876
1.3859652
1.3862886
1.3863522
1.3856674
1.386105
1.3859704
1.3860852
1.3858105
1.3857666
1.3858726
1.386005
1.3857665
1.3859246
1.3859867
1.3858858
1.38607
1.3859384
1.3859049
1.3859593
1.3859326
1.3858309
1.3857775
1.3858047
1.3858247
1.3858142
1.3859588
1.3861036
1.3861153
1.3858411
1.3858948
1.3857552
1.3859035
1.385623
1.3858737
1.3859485
1.3859553
1.3857936
1.3857474
1.3860515
1.3857937
1.3859357
1.3861231
1.3857663
1.3860453
1.3857561
1.3860445
1.3860998
1.3859403
1.3857378
1.3858256
1.385802
1.3860122
1.3861182
1.3858975
1.3861785
1.3858545
1.385957
1.3860787
1.386218
1.3859389
1.3859682
1.386039
1.3859886
1.3857492
1.386108
1.38611
1.3859626
1.3858951
1.3859446
1.3858736
1.3861685
1.3860009
1.3860003
1.3859546
1.3861496
1.3860658
1.385873
1.3859167
1.3859282
1.3859845
1.3859609
1.3859755
1.3857621
1.3860266
1.3856955
1.3858944
1.3860326
1.3859434
1.3859522
1.3860357
1.3857328
1.3860725
1.3860704
1.3860422
1.385832
1.3862467
1.3859959
1.3861922
1.3857638
1.3859922
1.3862319
1.3859266
1.3858932
1.3859439
1.3858906
1.3860435
1.3859582
1.3859743
1.3858203
1.3857895
1.3861135
1.3860389
1.3860943
1.3859726
1.3859382
1.3862453
1.3860966
1.3860335
1.3860344
1.3860953
1.3859898
1.3858575
1.3860084
1.3857572
1.3861008
1.3859549
1.3860931
1.3860389
1.3858906
1.3861268
1.3857574
1.385794
1.3860978
1.3860216
1.3861735
1.3859076
1.3859215
1.3858968
1.3859448
1.3857181
1.3860327
1.3861088
1.3860536
1.3861696
1.3859802
1.3857797
1.3860322
1.3859601
1.3860805
1.3861591
1.3861886
1.385935
1.3862596
1.385804
1.3860028
1.3860998
1.385896
1.386149
1.3859224
1.3859204
1.385921
1.3859823
1.3858782
1.3861725
1.385965
1.3860136
1.3860301
1.3859873
1.3857503
1.385919
1.385918
1.3858191
1.385963
1.386012
1.3857552
1.3858954
1.3857626
1.3861009
1.3859227
1.3860267
1.3858143
1.3860354
1.3860769
1.3859172
1.3859662
1.3858864
1.3857871
1.3859934
1.385965
1.3857625
1.3860402
1.3857886
1.3859044
1.3859355
1.3859922
1.3860979
1.3858924
1.3859694
1.3859137
1.3860451
1.38597
1.385804
1.385673
1.3859237
1.3859091
1.3859092
1.3861806
1.386081
1.3859682
1.3859028
1.3857789
1.3857208
1.3860086
1.3861624
1.3862053
1.3859928
1.3861275
1.3857653
1.385928
1.3858712
1.3860514
1.3859348
1.3858309
1.3860666
1.3856744
1.3857428
1.3856696
1.3861225
1.3860903
1.385904
1.3859582
1.3859445
1.3861399
1.3861965
1.3858693
1.3859195
1.3858346
1.3861821
1.3859583
1.385924
1.3860728
1.3860943
1.3859907
1.3860648
1.3860459
1.3859918
1.3860133
1.3859714
1.3862357
1.3859515
1.3858474
1.385961
1.3859805
1.3858881
1.38596
1.3861262
1.386081
1.3860773
1.3860574
1.3860278
1.3858935
1.3860496
1.3860939
1.3861084
1.3861626
1.3860383
1.3860526
1.3860797
1.3859872
1.3859828
1.3860388
1.3860294
1.3861938
1.3858421
1.3859739
1.3859848
1.3860337
1.3861812
1.3858972
1.3860275
1.3861723
1.3862464
1.3863075
1.3860275
1.385871
1.3859335
1.3860471
1.3859901
1.3858429
1.3858008
1.3860153
1.3861809
1.3861707
1.3859898
1.385842
1.3859516
1.3859707
1.385827
1.3858354
1.3859981
1.3860317
1.3861732
1.3859999
1.3859935
1.3859955
1.3858806
1.3860592
1.3861526
1.3860594
1.3860871
1.3860877
1.3859459
1.3860614
1.3860584
1.3862278
1.3861367
1.3858984
1.3862982
1.385931
1.386159
1.3860136
1.3860027
1.3859819
1.385929
1.3859754
1.3859446
1.3858602
1.386042
1.3860562
1.3858454
1.3860916
1.385793
1.3859576
1.3858628
1.3858513
1.386056
1.3861911
1.3860795
1.3861054
1.3860234
1.3860818
1.3860205
1.3859373
1.3858162
1.386105
1.3859273
1.3860022
1.3862232
1.3860941
1.3860836
1.3859581
1.3860241
1.385908
1.3860732
1.3859609
1.3858417
1.3860087
1.3862771
1.3860503
1.3860556
1.3859075
1.3860565
1.3859624
1.3861988
1.3862785
1.3861827
1.386073
1.3860946
1.3859199
1.3860264
1.3861505
1.3861147
1.385905
1.3861779
1.386145
1.3861024
1.3861233
1.3859725
1.3860545
1.3860687
1.3859907
1.3859884
1.3859047
1.3860009
1.3861444
1.3860271
1.3860902
1.3860584
1.3861222
1.3861474
1.3861963
1.3860673
1.3860508
1.3860317
1.3860655
1.3860458
1.3858482
1.3860432
1.3859167
1.386155
1.3861941
1.3862048
1.3861489
1.3860793
1.3860496
1.3861693
1.3859934
1.3859146
1.3860897
1.3862613
1.3860477
1.3860247
1.3863083
1.3860788
1.3864285
1.3861557
1.3862319
1.3860649
1.3861915
1.3860488
1.3863533
1.3862575
1.3862728
1.3862289
1.3863174
1.3861973
1.3862084
1.3862364
1.386108
1.3858508
1.3861845
1.3862597
1.3861755
1.3864914
1.3862664
1.3862765
1.3860108
1.3864142
1.3860356
1.3863826
1.3862888
1.386132
1.3861523
1.3861879
1.3862011
1.3863064
1.3863643
1.3861843
1.3860407
1.3861859
1.3862486
1.3863418
1.3862528
1.3861507
1.38648
1.3860973
1.3862842
1.3859957
1.3862972
1.3860998
1.3862256
1.386295
1.3861781
1.3863857
1.3862724
1.3862343
1.386112
1.3863401
1.3862534
1.3863277
1.3861212
1.3862798
1.3861473
1.3859997
1.3862393
1.386142
1.3861762
1.3863859
1.3862387
1.3862895
1.3862554
1.3862057
1.3862697
1.3863891
1.3859076
1.3862873
1.3863375
1.3864616
1.386126
1.3865116
1.3862225
1.3859737
1.3864475
1.3862698
1.3862766
1.3862941
1.3862156
1.3862472
1.3863258
1.3863196
1.386014
1.3863595
1.3862334
1.3861843
1.386499
1.386057
1.3863221
1.3860874
1.3862218
1.3862443
1.3860513
1.3861749
1.3863983
1.3861847
1.3861506
1.38634
1.386344
1.3861293
1.3861451
1.386061
1.3858685
1.3859283
1.3864211
1.3861324
1.3860064
1.386473
1.3862374
1.3858149
1.3862827
1.3861628
1.3862556
1.3862416
1.386021
1.3861576
1.386054
1.3861259
1.3860655
1.3862879
1.3864071
1.3861234
1.3860899
1.3861492
1.3860859
1.3860388
1.3861938
1.3859977
1.3861551
1.3859396
1.3862426
1.3861613
1.3860916
1.3862668
1.3862183
1.3860373
1.3858423
1.3859851
1.3860803
1.3859962
1.3858578
1.3860092
1.3861331
1.3860614
1.3860509
1.3860242
1.3860955
1.3859565
1.3859888
1.385944
1.3857775
1.3859547
1.3858994
1.3859569
1.3860189
1.3858156
1.3860121
1.3861217
1.3857248
1.385995
1.3860368
1.386
1.3857163
1.3859655
1.3860325
1.3857251
1.3860703
1.3860166
1.3860859
1.3858305
1.3859217
1.3859798
1.3859472
1.3860388
1.3859136
1.3858328
1.3860635
1.3856493
1.3858708
1.3858727
1.3858435
1.3858216
1.3858097
1.3859317
1.3856028
1.3858529
1.3859231
1.3858424
1.3855722
1.3856757
1.3858671
1.3857404
1.3856217
1.385698
1.385907
1.3858303
1.3858691
1.385769
1.3857654
1.3857214
1.3855255
1.3858653
1.3857691
1.3856694
1.3858352
1.3857384
1.385883
1.3857473
1.3856381
1.3857572
1.3857056
1.3855815
1.3857818
1.385639
1.3857101
1.3857307
1.3856691
1.3857388
1.3855555
1.3855983
1.3856124
1.3857238
1.3856591
1.3856791
1.3854309
1.3855861
1.3857716
1.3855063
1.3857669
1.3858767
1.3859078
1.3857731
1.3855753
1.3855613
1.3856354
1.3857268
1.3858086
1.3855028
1.3855995
1.3856673
1.3856096
1.3859297
1.3856615
1.3856665
1.3856755
1.3856862
1.3856925
1.3857185
1.385745
1.3857349
1.3855348
1.3857305
1.385755
1.3857266
1.3855369
1.3856299
1.385781
1.3857881
1.385651
1.3854848
1.3856715
1.3857647
1.3857113
1.3856579
1.3856397
1.3857644
1.3858005
1.3855779
1.3855917
1.3854736
1.3856745
1.3855717
1.3857545
1.3857722
1.3854883
1.3854531
1.3858157
1.3856819
1.385673
1.3858291
1.3856255
1.3856257
1.3855758
1.3856356
1.3855838
1.3857676
1.3855003
1.3855898
1.3856708
1.3855093
1.3856181
1.3856385
1.3856294
1.3855697
1.3854825
1.3856857
1.385691
1.3856921
1.3857822
1.3856909
1.385511
1.3856053
1.3856906
1.3856711
1.385702
1.3855197
1.3856554
1.3857685
1.3857424
1.3854774
1.3856484
1.3855541
1.3856663
1.3857638
1.3858082
1.3855065
1.3856375
1.3857034
1.3856993
1.3858324
1.3856255
1.3857391
1.3857708
1.385682
1.3857478
1.3857086
1.3858154
1.3855613
1.385842
1.3856932
1.3857553
1.3855252
1.3857205
1.3858277
1.3857565
1.3858237
1.3858122
1.3858705
1.3857001
1.3857197
1.3858197
1.3859487
1.385734
1.3857493
1.3859044
1.385932
1.3857907
1.3857241
1.3857344
1.3860134
1.3859
1.385681
1.3856472
1.3860546
1.3857151
1.385833
1.3857595
1.3856397
1.3858544
1.3857418
1.3859257
1.3859543
1.3860317
1.3858837
1.3857769
1.3857939
1.386072
1.3858066
1.3856821
1.385917
1.3860273
1.3859303
1.3858328
1.3859377
1.3858033
1.385923
1.3859671
1.3860599
1.3861969
1.3859046
1.3858643
1.3860883
1.3858684
1.3859214
1.3859161
1.3861972
1.3858666
1.3859147
1.3859841
1.3860395
1.3860872
1.3858773
1.3860059
1.3859799
1.3858806
1.386208
1.3861322
1.385952
1.3859767
1.3859688
1.3861264
1.3860136
1.3861281
1.3861187
1.3861032
1.3861518
1.3859452
1.3861036
1.385848
1.3858551
1.3858706
1.3860303
1.385994
1.3858734
1.3860464
1.3859729
1.3860403
1.3859048
1.3858689
1.3859682
1.3857974
1.3859115
1.3861084
1.3863701
1.3861314
1.385848
1.3858738
1.3859059
1.3860507
1.3859421
1.3859774
1.3859555
1.3861482
1.3860991
1.3862244
1.3860676
1.3862935
1.3860022
1.38622
1.3860216
1.3857187
1.3860979
1.3862522
1.386072
1.3862076
1.3861448
1.385979
1.386202
1.3859797
1.3860928
1.386131
1.3864499
1.3862278
1.3859706
1.3859022
1.3863345
1.3859974
1.3862098
1.3859166
1.3860172
1.3861074
1.3862338
1.386109
1.3860682
1.3864025
1.3864256
1.3857567
1.3861064
1.3861097
1.386036
1.3862407
1.3860486
1.3860357
1.3861308
1.3860974
1.385946
1.386054
1.3860523
1.3860879
1.3861017
1.3861698
1.3862368
1.3860133
1.3862462
1.3859745
1.3864326
1.3861558
1.3859423
1.3858823
1.3861984
1.386108
1.3859997
1.3861327
1.386248
1.3861301
1.3860656
1.3860987
1.3862432
1.3860039
1.3864177
1.3861226
1.3862019
1.3859237
1.3863885
1.3859724
1.3860055
1.3860483
1.3861586
1.3860426
1.3861691
1.3860536
1.3864672
1.3861731
1.3860385
1.3861032
1.3863133
1.3862442
1.3861272
1.3860599
1.3861126
1.3864251
1.3859662
1.385923
1.386124
1.3859568
1.3861065
1.3862225
1.3858811
1.3860871
1.3861351
1.3861454
1.3862443
1.3861172
1.3859622
1.386154
1.3861226
1.3860189
1.386112
1.386105
1.386185
1.3861495
1.386399
1.3862058
1.3861979
1.3861333
1.386392
1.3858467
1.38609
1.3860823
1.3863472
1.3860294
1.3860847
1.3860159
1.385978
1.3859987
1.3861082
1.3860394
1.3862545
1.3860705
1.3860104
1.3859296
1.3859841
1.3861316
1.3863566
1.3862745
1.3860693
1.3860717
1.3860499
1.3857119
1.385969
1.3860683
1.38612
1.3859816
1.38606
1.385952
1.3859339
1.3858907
1.3861334
1.3859104
1.3859764
1.3860208
1.3860592
1.3859981
1.3860203
1.3862228
1.3860584
1.3859574
1.3860904
1.3859721
1.3858308
1.3859497
1.3860002
1.3859754
1.3858322
1.3861122
1.3860859
1.3860267
1.3861287
1.3859481
1.3860139
1.3859487
1.3860359
1.3860385
1.3861148
1.3861427
1.3858718
1.3858871
1.3861247
1.3858975
1.3858719
1.3859501
1.3859702
1.3859273
1.3860316
1.3859568
1.3859887
1.3860487
1.3859764
1.3859843
1.3860567
1.3859297
1.3860109
1.3859161
1.3859915
1.3860365
1.3857673
1.3857312
1.3861226
1.3858266
1.3859109
1.3859438
1.3860584
1.385967
1.3860832
1.3858714
1.3858906
1.3860089
1.3860736
1.3859377
1.3860035
1.3860302
1.386051
1.3858566
1.3860075
1.38591
1.3856771
1.3858277
1.3857738
1.3858625
1.3858478
1.3860588
1.3858827
1.3858634
1.3858968
1.3859609
1.3861868
1.3858461
1.385848
1.3858069
1.3859829
1.3859975
1.3858886
1.3859907
1.3861145
1.3858645
1.3858379
1.3857498
1.3861436
1.3858228
1.3859093
1.3858172
1.3858824
1.3859328
1.3858924
1.3859936
1.3857627
1.38579
1.3858888
1.3858821
1.3860966
1.3859257
1.3860104
1.3859015
1.3859086
1.3860244
1.3858813
1.3859477
1.3857132
1.3857037
1.3858265
1.3859332
1.3859578
1.3856455
1.3858577
1.3858124
1.385744
1.3857999
1.3857161
1.3858824
1.3856891
1.3859949
1.3859762
1.3860254
1.385614
1.3856682
1.385676
1.3856713
1.3857263
1.3855817
1.3857492
1.3858598
1.3856853
1.3858386
1.385841
1.3855569
1.3856021
1.3857353
1.3856876
1.3857713
1.3858857
1.3856882
1.385651
1.3857118
1.3857753
1.3855194
1.3858892
1.3855882
1.3856179
1.3857716
1.38557
1.3858263
1.3858219
1.3857523
1.3855169
1.3855715
1.3857775
1.3857296
1.3856696
1.3859098
1.3855625
1.3854849
1.3856741
1.3857716
1.3856903
1.3853865
1.385617
1.3855499
1.3856024
1.3856821
1.3856448
1.3858179
1.3856834
1.385634
1.3855994
1.3858334
1.3856817
1.3857216
1.3856378
1.3855284
1.3857542
1.385645
1.3858095
1.385754
1.3854526
1.3857026
1.3857188
1.3856565
1.3859222
1.3854667
1.3856941
1.3855953
1.3855872
1.385339
1.3856426
1.3854318
1.3855779
1.3855873
1.3857657
1.3857992
1.3854424
1.3854628
1.385706
1.3856776
1.3855186
1.38569
1.3856285
1.3855813
1.3855013
1.3856033
1.3855072
1.3856368
1.385476
1.3855848
1.3855183
1.3854332
1.3855999
1.385547
1.3855866
1.3856827
1.3855637
1.3855937
1.3855212
1.3856127
1.385466
1.3856007
1.3855246
1.3855847
1.3856019
1.3857046
1.3855032
1.3855308
1.3855879
1.3854955
1.3855171
1.3852267
1.3854532
1.3855878
1.3855717
1.3855681
1.385375
1.3855311
1.3855321
1.385477
1.3855247
1.3856227
1.3854303
1.3855919
1.3854855
1.3858707
1.3856623
1.3855776
1.3857775
1.3855565
1.3856636
1.385674
1.3853025
1.3853508
1.3858492
1.3856778
1.3856086
1.3856043
1.3854845
1.3855428
1.3855499
1.3853228
1.3856426
1.3853896
1.3854226
1.3855098
1.3854727
1.3855286
1.3855971
1.3856475
1.3854574
1.3854895
1.3855213
1.3856667
1.3858932
1.3853922
1.3853849
1.3855506
1.3854134
1.3853024
1.3854802
1.3855596
1.3854817
1.3855723
1.3857712
1.3856623
1.3855791
1.3854399
1.3855892
1.3854882
1.3854289
1.385424
1.3853557
1.3856157
1.3854191
1.3854089
1.3857908
1.3854538
1.3854216
1.3854785
1.3856993
1.3855771
1.3855721
1.3855885
1.3856064
1.3856281
1.385444
1.3855625
1.3855358
1.3854617
1.3855973
1.3855861
1.3855448
1.3853575
1.385659
1.3856066
1.38562
1.3855854
1.3854774
1.3855758
1.3855938
1.3856668
1.3855581
1.3854452
1.3856916
1.3855144
1.3855045
1.3854247
1.385597
1.3854926
1.3854717
1.3852088
1.385314
1.3855497
1.3854796
1.3854431
1.3856007
1.3854706
1.3854412
1.3854859
1.3853029
1.3855987
1.3854269
1.3857656
1.3855779
1.3855535
1.3855639
1.3853372
1.385508
1.3855945
1.3854414
1.3857301
1.3855981
1.3855212
1.3855194
1.3856857
1.3852719
1.3854672
1.385706
1.3856058
1.38559
1.3857086
1.3856941
1.3856602
1.3855642
1.3856872
1.385922
1.3856363
1.3857353
1.385577
1.3855879
1.3855385
1.3857607
1.3857149
1.3856119
1.3857597
1.3858604
1.3857418
1.385705
1.3859481
1.3856226
1.3858519
1.385822
1.3858081
1.3855493
1.3856769
1.3858165
1.3856864
1.3856157
1.3857235
1.3857176
1.3859974
1.3857471
1.3856649
1.3858092
1.3857906
1.3857608
1.3857567
1.3859915
1.3858901
1.3858994
1.385871
1.3856941
1.3858418
1.3860162
1.3858134
1.3856841
1.385823
1.3859578
1.3859736
1.3860773
1.3859642
1.3860947
1.3861948
1.386121
1.3859779
1.3860857
1.3858874
1.3860358
1.386124
1.3858975
1.3860327
1.3859143
1.386087
1.3859696
1.3859562
1.3856641
1.3859264
1.3863078
1.3860937
1.3862563
1.3863395
1.3859501
1.3861704
1.3860012
1.3860177
1.3861238
1.386129
1.3860753
1.3859668
1.386067
1.3860058
1.3861941
1.3862073
1.3863056
1.3860601
1.3861449
1.386187
1.3862199
1.3860033
1.3861613
1.3861933
1.3861417
1.3862877
1.385797
1.3862032
1.3862524
1.3859802
1.3861215
1.3862134
1.3861858
1.3861419
1.3859632
1.3860486
1.386249
1.3859757
1.3861929
1.386034
1.3858705
1.3859951
1.3861041
1.3862604
1.3858423
1.386069
1.3860565
1.3863711
1.3863406
1.3862058
1.386014
1.3862177
1.3859986
1.3859224
1.385959
1.3859057
1.3861138
1.3860552
1.3859124
1.3859644
1.3857485
1.3860778
1.3860589
1.3857367
1.3861526
1.3858696
1.3859679
1.3860759
1.3859054
1.385916
1.3860934
1.3861183
1.3861637
1.3861841
1.3860885
1.3859326
1.3861507
1.3859736
1.3860888
1.3857977
1.3859506
1.3860333
1.3859987
1.3859106
1.3857625
1.3857285
1.3860085
1.3859446
1.3859982
1.385962
1.3857933
1.3860729
1.3860172
1.3859253
1.3859758
1.3860909
1.3858658
1.3859373
1.3859075
1.3860074
1.3859377
1.3862576
1.3858992
1.3861806
1.3857169
1.385714
1.3858651
1.3860617
1.3856362
1.3858049
1.3859974
1.3859249
1.3858759
1.3857553
1.3858153
1.3858315
1.385799
1.3858225
1.3857772
1.3855089
1.3854609
1.3858465
1.3857396
1.385964
1.3857908
1.3860717
1.3860085
1.3859322
1.3858008
1.3857846
1.3859829
1.3860575
1.3859828
1.3857819
1.3859249
1.3854934
1.3858055
1.3856974
1.3858604
1.3856972
1.3857391
1.3858118
1.3856701
1.385721
1.3856382
1.3857255
1.3857217
1.385844
1.3858758
1.385784
1.3856542
1.3858919
1.3858436
1.3859605
1.3857468
1.3858385
1.3858536
1.3856372
1.3857077
1.385674
1.3857539
1.3858546
1.38548
1.385554
1.3858893
1.3857123
1.3857839
1.3856468
1.3855292
1.3859379
1.3857352
1.3860337
1.3859434
1.3859144
1.3857987
1.3859308
1.385836
1.3857117
1.3858334
1.3857807
1.3858339
1.3858818
1.3858238
1.3858806
1.3856101
1.3855772
1.3857245
1.3856627
1.3856287
1.3856786
1.3856262
1.3858222
1.3859438
1.385833
1.3855873
1.385427
1.3859843
1.3855823
1.3857461
1.3858708
1.3857788
1.385642
1.385738
1.3860368
1.3856336
1.3857374
1.3856157
1.3859469
1.3855702
1.3859934
1.385691
1.385813
1.3857945
1.3856506
1.3859633
1.3857412
1.3858781
1.3857256
1.3857378
1.385698
1.3859091
1.3857894
1.3859926
1.3856814
1.385822
1.3856987
1.3858564
1.3856918
1.38588
1.3859383
1.38566
1.3857582
1.3856528
1.3857012
1.3857125
1.3857571
1.3854864
1.3857942
1.3856851
1.3854525
1.3859192
1.385734
1.3857659
1.385799
1.3858849
1.3856357
1.3856821
1.3856598
1.3855944
1.3855852
1.3855227
1.3855028
1.385904
1.3859739
1.3856395
1.3857723
1.3853962
1.3854793
1.3857737
1.3857268
1.385601
1.385459
1.3856084
1.3857168
1.3858557
1.3855237
1.385605
1.3857113
1.3855813
1.385383
1.3856058
1.3858365
1.3855693
1.3855292
1.3852669
1.3855505
1.3854443
1.3855796
1.3854278
1.3855468
1.3855382
1.3856192
1.3854948
1.3857379
1.3855882
1.3855535
1.385488
1.3855276
1.3852797
1.3854928
1.3856807
1.3856786
1.3853565
1.3855919
1.385539
1.3855803
1.3854219
1.3855128
1.3857622
1.3853389
1.3855588
1.3853413
1.3854339
1.3851798
1.3853146
1.3854208
1.3853413
1.3855937
1.3855013
1.3856295
1.3854384
1.3853637
1.3855065
1.3855073
1.385375
1.3854989
1.3855872
1.3853136
1.3855202
1.3855156
1.3853308
1.3854934
1.3854555
1.3850567
1.3850347
1.3854737
1.3852427
1.3852055
1.3854737
1.3853809
1.3853358
1.3852398
1.3853488
1.3856263
1.3855135
1.3854611
1.3854609
1.3854774
1.3854164
1.3855758
1.3855617
1.3852926
1.3852905
1.3856272
1.385539
1.385396
1.3854796
1.3852618
1.385401
1.3854532
1.3852477
1.3853934
1.3854712
1.3854674
1.3852535
1.3853751
1.3853694
1.3852842
1.3854519
1.385434
1.3855926
1.3856831
1.3855933
1.3853654
1.3852926
1.3855577
1.3854944
1.3853704
1.3854898
1.3854157
1.3853985
1.3853954
1.3854628
1.385612
1.3854973
1.3855003
1.3852671
1.3853432
1.3854375
1.3853903
1.3853604
1.385361
1.3855734
1.3856726
1.3853693
1.3854729
1.385636
1.3854473
1.3855387
1.3854814
1.3855184
1.3856542
1.3855493
1.3853593
1.3853356
1.3853954
1.3855895
1.3855295
1.385573
1.3857145
1.3856627
1.3856331
1.3853055
1.3855238
1.3856148
1.3854278
1.3853557
1.3856686
1.3856113
1.3856161
1.3855437
1.3856845
1.3855788
1.385477
1.3853061
1.385644
1.3855861
1.3855013
1.385311
1.3854359
1.3856121
1.3853731
1.3855184
1.3855046
1.3854347
1.3855238
1.3852458
1.3856268
1.3855182
1.385581
1.3854208
1.3855612
1.385511
1.3855089
1.385244
1.3855164
1.3854979
1.3855664
1.3854781
1.3853859
1.3853095
1.3854358
1.3854918
1.3855523
1.3854816
1.3854805
1.3855169
1.3854219
1.3855295
1.3851389
1.3855358
1.3854401
1.3854872
1.3851696
1.3854642
1.3853096
1.3854936
1.3852955
1.385375
1.3855289
1.385311
1.3852832
1.3854337
1.385438
1.3854157
1.3854328
1.385536
1.385491
1.385661
1.3852543
1.385479
1.3853009
1.3853551
1.3853434
1.3854204
1.3853695
1.3855544
1.3854828
1.3854139
1.3854475
1.385375
1.385302
1.3854295
1.3853297
1.3855164
1.3854512
1.385416
1.3853834
1.3854756
1.385142
1.3854204
1.3854022
1.3854198
1.3855559
1.3854027
1.3854368
1.3852334
1.3853726
1.3855311
1.3852192
1.3853338
1.385283
1.3851628
1.3851767
1.3850628
1.3852774
1.3852549
1.3852204
1.3850453
1.3853934
1.3853135
1.3851029
1.3853648
1.3851544
1.3857026
1.38541
1.3851376
1.3850886
1.3851254
1.3854628
1.385096
1.385264
1.3852795
1.3850561
1.385284
1.3851553
1.3849955
1.3852111
1.3853027
1.385326
1.3852924
1.3850393
1.3852377
1.3852875
1.3852737
1.3852503
1.3854923
1.3851944
1.3852247
1.3851852
1.3852897
1.3850391
1.3852597
1.3851489
1.3850607
1.3854215
1.3850704
1.3852383
1.385207
1.3853375
1.3852012
1.3852632
1.3851856
1.3855377
1.3853614
1.3853488
1.3853886
1.3853991
1.3851353
1.3854464
1.385535
1.3853363
1.3854637
1.3854074
1.3853624
1.3853898
1.385513
1.3853971
1.3853726
1.3853427
1.3854195
1.3856516
1.385312
1.3853765
1.3855592
1.3854964
1.3852434
1.3852406
1.3852878
1.3855181
1.3854481
1.3855467
1.3857412
1.3856466
1.3856858
1.3854144
1.3852543
1.3854859
1.3854424
1.3856815
1.3855245
1.3854837
1.3855832
1.3856225
1.3854135
1.385679
1.3856276
1.3856302
1.3855633
1.3855696
1.3858702
1.385644
1.3855124
1.38556
1.385589
1.3854952
1.3856751
1.3858696
1.3858484
1.385855
1.3858353
1.3856602
1.3859009
1.3858476
1.3855796
1.3858883
1.3856124
1.3857003
1.385786
1.3857063
1.3857867
1.385623
1.3859068
1.3857094
1.3859053
1.3858501
1.3858865
1.3858216
1.3857058
1.3855976
1.3857986
1.3858118
1.3861659
1.3860312
1.3858384
1.3858186
1.3858029
1.3859675
1.3857632
1.3862242
1.3857927
1.3859857
1.3859445
1.3860282
1.3859501
1.385983
1.3858597
1.3860589
1.38592
1.3859007
1.3858715
1.3861002
1.3858259
1.3860257
1.3860296
1.3858279
1.3861333
1.3860159
1.3861101
1.3859288
1.3862619
1.3861502
1.3858372
1.386063
1.3859259
1.3859795
1.385976
1.3860754
1.3860782
1.3858352
1.3857827
1.3860321
1.3859282
1.3858238
1.3858821
1.3859258
1.3861353
1.3859407
1.385959
1.3860325
1.3859917
1.3859818
1.3859535
1.3858333
1.3858824
1.3861192
1.3860356
1.3857392
1.385915
1.3860624
1.3862818
1.3860867
1.3860224
1.3859451
1.3859361
1.3861669
1.3860648
1.385871
1.3861849
1.3861498
1.3861148
1.3858004
1.3861595
1.3859508
1.3860116
1.3860468
1.3859276
1.3861492
1.3860747
1.3860674
1.3861438
1.3861616
1.3860812
1.3860923
1.3861301
1.3862153
1.3860527
1.3860414
1.3860149
1.3862661
1.3859708
1.3861742
1.3861455
1.3861464
1.3862664
1.3861389
1.3862072
1.3860064
1.3862545
1.3861734
1.3859376
1.3861961
1.386147
1.3861886
1.3862793
1.3864117
1.3860619
1.3863044
1.3861856
1.3859575
1.3858936
1.3861686
1.3861341
1.3862586
1.3860607
1.3863382
1.386457
1.3862022
1.3864098
1.3861327
1.3860339
1.3861374
1.386202
1.3863193
1.38613
1.3862318
1.3861905
1.3863252
1.3863006
1.3858954
1.386229
1.3863158
1.3862478
1.3861477
1.3861562
1.3862939
1.3861377
1.3862526
1.3862035
1.3861568
1.3861996
1.3861287
1.3863913
1.3860844
1.3861359
1.3862326
1.3865105
1.38615
1.3862412
1.3861885
1.3863014
1.386217
1.386216
1.3862944
1.386038
1.3864013
1.3862447
1.3862344
1.3862658
1.3861679
1.3861221
1.3860383
1.3862218
1.38624
1.3865347
1.3863897
1.3862946
1.38621
1.3860785
1.3859973
1.3863859
1.3862478
1.3861688
1.3863708
1.386245
1.3861344
1.3862977
1.3861636
1.3862228
1.3862658
1.3861694
1.3861371
1.3863714
1.3863193
1.3862616
1.3860279
1.3863041
1.3863627
1.3862445
1.3859926
1.3863274
1.3861898
1.3862504
1.3861284
1.386174
1.386319
1.3862883
1.386175
1.3863833
1.3861566
1.3862156
1.3862216
1.386112
1.3860584
1.3860132
1.3863106
1.3859481
1.3861214
1.3860973
1.3859979
1.3860788
1.3861562
1.3859951
1.3861024
1.386118
1.3862873
1.3861094
1.3861672
1.3860143
1.386115
1.3860242
1.3861407
1.3860686
1.3859594
1.3860725
1.3858756
1.385927
1.3857267
1.3858976
1.3858646
1.3860867
1.385969
1.3860998
1.3860108
1.3860046
1.3859899
1.3857263
1.385813
1.3858533
1.3859462
1.3858101
1.3859273
1.3859676
1.3858776
1.3858179
1.3858088
1.3859835
1.3858671
1.3858607
1.3858676
1.385597
1.3857368
1.3857889
1.3859009
1.3857921
1.3857559
1.3857777
1.3857354
1.3855984
1.3857135
1.3857762
1.3855435
1.3857859
1.3857677
1.3855186
1.3856505
1.3857527
1.3858309
1.3855629
1.3854755
1.3857138
1.3855523
1.3855225
1.3857733
1.3856108
1.3855888
1.3856329
1.3855066
1.3857093
1.3856229
1.3855674
1.3855639
1.3854623
1.3856418
1.385368
1.3855155
1.3856089
1.3855169
1.3854698
1.3854074
1.385658
1.3856821
1.3855708
1.3854201
1.3856974
1.3856833
1.38559
1.3855947
1.3854334
1.385592
1.3854315
1.3856688
1.3855478
1.3855093
1.3855816
1.3857028
1.3855715
1.3853292
1.3853896
1.385444
1.3853273
1.3854622
1.3854599
1.385721
1.3856443
1.3855977
1.385487
1.3853848
1.3853682
1.3854455
1.3855145
1.3855802
1.3853774
1.385394
1.385368
1.385327
1.3854579
1.3853989
1.3851447
1.3853909
1.385421
1.3855288
1.3852758
1.3853211
1.3854183
1.3854154
1.3852738
1.3856777
1.3854406
1.3854276
1.3856125
1.3855081
1.385348
1.3855128
1.3854616
1.3854575
1.3854825
1.3854373
1.3853136
1.385581
1.3851525
1.3854634
1.3853977
1.3853331
1.3854284
1.3855126
1.3853512
1.3853391
1.3854831
1.38561
1.3855163
1.3854412
1.3853439
1.3854852
1.3853779
1.3858178
1.3856465
1.3854965
1.3856351
1.3856342
1.3855419
1.385549
1.3854302
1.3855892
1.3856108
1.3853929
1.385419
1.3854145
1.3854969
1.3854859
1.3857541
1.3857365
1.3855172
1.3855845
1.3855785
1.3856364
1.3855816
1.3855737
1.3857236
1.3855873
1.3856798
1.3856813
1.3857374
1.3856823
1.3856177
1.3856808
1.3856655
1.3854191
1.3858434
1.3855238
1.3857064
1.3858185
1.3856454
1.3856161
1.3856819
1.3856809
1.385547
1.3856204
1.38555
1.3856239
1.3854756
1.385796
1.3854597
1.3854923
1.385408
1.3857762
1.3855903
1.3856863
1.3857049
1.3854882
1.3857905
1.3856363
1.3856839
1.3855301
1.3856407
1.3857354
1.3857266
1.3858122
1.3858379
1.385886
1.3861423
1.3857347
1.3859478
1.3856466
1.3857187
1.3856877
1.3857106
1.3857949
1.3857584
1.3857905
1.3857384
1.3857996
1.3858749
1.3855897
1.3859165
1.3856349
1.3858972
1.385742
1.3858814
1.3857161
1.385835
1.3856779
1.3856322
1.3856003
1.3857566
1.3855457
1.3860058
1.385808
1.3858695
1.3856417
1.3856337
1.3858284
1.3855373
1.3857126
1.3857203
1.3857372
1.3856761
1.385651
1.3858656
1.3855042
1.3857046
1.3856658
1.3854736
1.3857652
1.385777
1.3857754
1.3860006
1.3857731
1.3857924
1.3857942
1.3857023
1.385878
1.3857826
1.3857889
1.3859829
1.3858356
1.3856709
1.3857445
1.3857377
1.3859138
1.3857319
1.3856705
1.3857191
1.3856636
1.3858924
1.385716
1.3856891
1.3856777
1.3858786
1.3859116
1.3856828
1.3858403
1.3856709
1.3857604
1.3857415
1.385729
1.3857801
1.3855963
1.3857104
1.3857107
1.3857857
1.3856953
1.3857019
1.3855594
1.3857615
1.3856242
1.3859113
1.385552
1.3857888
1.3858106
1.3857754
1.3857352
1.3857119
1.3856646
1.3859117
1.3857726
1.3856653
1.3855915
1.3858862
1.3858677
1.3858867
1.3856058
1.3857225
1.3857114
1.3857616
1.3859652
1.38591
1.3857607
1.38589
1.385829
1.3857654
1.3856736
1.3856533
1.3858037
1.3858157
1.3858261
1.3859651
1.3857313
1.3857646
1.3860574
1.3857887
1.3859619
1.3859718
1.3857415
1.3857808
1.3857518
1.3858782
1.3856593
1.3858253
1.3857616
1.3858818
1.3857375
1.3857467
1.3857203
1.3858345
1.3858308
1.3857541
1.3857821
1.3856999
1.385876
1.3857825
1.3857133
1.3858519
1.385693
1.3858632
1.385835
1.3859656
1.3857607
1.3856134
1.3859001
1.3858849
1.3857521
1.3857391
1.3859388
1.3857327
1.3859802
1.3857049
1.3858314
1.3857245
1.3857448
1.3859905
1.3856211
1.3858113
1.3856202
1.3857274
1.3857514
1.3858439
1.3859116
1.3858516
1.3858957
1.3857279
1.3859488
1.3857143
1.3856758
1.3859509
1.3856109
1.3859625
1.3858633
1.3855636
1.3857782
1.3858619
1.3858026
1.3858286
1.3857613
1.3857107
1.3857177
1.3858979
1.3859779
1.3858442
1.3859726
1.3859
1.3860486
1.3857838
1.3857846
1.3860141
1.3858124
1.3859371
1.3858144
1.3859537
1.3859308
1.3856958
1.3858333
1.3855877
1.3859602
1.385666
1.3859581
1.385818
1.38579
1.3856854
1.3857949
1.3859059
1.3856914
1.3859414
1.3857623
1.3859243
1.3858722
1.3856695
1.3857739
1.3859017
1.3857182
1.3857428
1.3857822
1.3856394
1.3858857
1.3858165
1.3856913
1.3856827
1.3856361
1.3859352
1.3857218
1.3853357
1.385707
1.3857174
1.3857034
1.3856754
1.3856732
1.3856392
1.3857826
1.3856676
1.3856237
1.3859143
1.3858163
1.3853225
1.3855842
1.3857101
1.3857635
1.3856236
1.3855777
1.3856845
1.3856394
1.385667
1.385749
1.3857232
1.3858057
1.3855441
1.3856957
1.3856694
1.3857019
1.3856255
1.3856131
1.3857013
1.3857583
1.3857727
1.3855234
1.3854381
1.3853884
1.3854895
1.3855479
1.3858361
1.385663
1.3856151
1.3855152
1.3856376
1.3855313
1.3857418
1.3857654
1.3856444
1.3856438
1.3855509
1.3858314
1.3857319
1.3854569
1.3854508
1.3853273
1.385666
1.3856508
1.38565
1.3854963
1.3858807
1.3856019
1.3855225
1.3857144
1.3855833
1.3855157
1.3854766
1.3854336
1.3853961
1.3855629
1.3856114
1.3856887
1.3856293
1.3855538
1.3855951
1.3855447
1.385514
1.385666
1.385491
1.3857908
1.385695
1.385705
1.385469
1.3855102
1.3856572
1.3855203
1.385668
1.3855804
1.3857445
1.3853933
1.3856035
1.3856828
1.3854622
1.3856514
1.3856472
1.3856801
1.3857721
1.3856595
1.385754
1.3855487
1.3854976
1.3852717
1.3855882
1.3854265
1.3855529
1.3857323
1.3856192
1.3854212
1.3854212
1.3854029
1.3853568
1.3858572
1.3856286
1.3855453
1.3853307
1.3854162
1.3853195
1.3855699
1.3854425
1.3854191
1.3855807
1.3855773
1.3853123
1.3854848
1.38548
1.3853348
1.3855538
1.3853868
1.3852863
1.3854342
1.3855458
1.3853551
1.3856205
1.3854464
1.3854667
1.3855544
1.3856134
1.3853995
1.3855551
1.3854722
1.3855149
1.3852154
1.3855393
1.3853855
1.3853085
1.3853592
1.3855885
1.3854309
1.3855214
1.3854086
1.3854641
1.3853846
1.3855283
1.3853248
1.3854717
1.3851897
1.3851168
1.3856255
1.3854699
1.3852974
1.3855339
1.3855698
1.3855318
1.3855562
1.3854743
1.3854342
1.385244
1.385478
1.3854501
1.3855224
1.3854597
1.3852477
1.3854108
1.3852808
1.3853778
1.3854526
1.3854023
1.3854033
1.3852514
1.3853706
1.3853244
1.385358
1.3854256
1.3853451
1.385431
1.3854208
1.3853964
1.3855237
1.3855958
1.3854983
1.3852699
1.3855654
1.3853
1.3851644
1.3855295
1.3852924
1.3854117
1.3853793
1.385517
1.3854927
1.3855964
1.3852242
1.3855655
1.3856145
1.3852893
1.385312
1.3853666
1.385505
1.3854557
1.3853567
1.3853579
1.3855481
1.3854835
1.3855306
1.3854259
1.3852324
1.3855556
1.385415
1.3854947
1.3855319
1.3851671
1.385389
1.3855078
1.3855357
1.3854332
1.3857038
1.3854381
1.3854712
1.3853998
1.3854917
1.385389
1.3854525
1.3853718
1.3852625
1.3855484
1.3855113
1.3857403
1.3854853
1.3855393
1.3855773
1.3856071
1.3854312
1.3854835
1.3856864
1.3853121
1.3859516
1.385623
1.3857962
1.3853998
1.3854176
1.3854884
1.3854347
1.3854848
1.3852763
1.3855072
1.3855544
1.3856027
1.3857498
1.3853835
1.385532
1.3853012
1.3855047
1.3856478
1.3855588
1.3856117
1.3855844
1.385493
1.385588
1.3856083
1.3854853
1.3856312
1.3854595
1.3856268
1.3854346
1.3855779
1.3853501
1.3855073
1.385677
1.3853885
1.3854036
1.3856771
1.3857994
1.3857123
1.3858616
1.3858072
1.3854861
1.3856149
1.3856245
1.3856859
1.3856744
1.3857325
1.385532
1.385679
1.3854996
1.3854642
1.3856703
1.3855935
1.3858194
1.3857244
1.3857008
1.3858949
1.3858073
1.3857492
1.3858349
1.385662
1.3855966
1.3857614
1.38574
1.3854766
1.3857105
1.3855628
1.3856058
1.3857106
1.3857212
1.3856732
1.3856761
1.3857437
1.3857749
1.3857915
1.3856794
1.3859042
1.3856453
1.3857213
1.3856814
1.3857963
1.3856357
1.3858235
1.3858969
1.3857886
1.3856937
1.3856764
1.3857993
1.3854752
1.3857018
1.385628
1.3858732
1.3855584
1.3856589
1.3856761
1.3856388
1.3855982
1.3857489
1.3858325
1.3858259
1.3856777
1.3855754
1.3859129
1.3856121
1.3859833
1.3856566
1.3858244
1.385584
1.3855925
1.3857971
1.3856007
1.3857117
1.3853279
1.3858769
1.3855617
1.3856071
1.3856025
1.3857393
1.3857317
1.3856875
1.3856326
1.3856916
1.3857753
1.3856852
1.3856177
1.3856848
1.3857647
1.385908
1.3856996
1.3857256
1.3859705
1.3859435
1.3857228
1.3856804
1.3856825
1.38585
1.3858227
1.3859885
1.3858246
1.3858249
1.385804
1.3857197
1.3857785
1.385941
1.3858392
1.3857707
1.3858265
1.3856434
1.3855851
1.3854424
1.3858232
1.3859645
1.385889
1.3858086
1.3857534
1.3856175
1.3854103
1.3858013
1.3857567
1.3857917
1.3856442
1.3856665
1.3858877
1.3856865
1.3856752
1.385832
1.3856447
1.3859288
1.3859676
1.3858584
1.3857759
1.3856962
1.3857019
1.3857037
1.3856382
1.3858268
1.3856897
1.385645
1.3857025
1.3858608
1.385889
1.385714
1.3857996
1.3857462
1.3859358
1.3857472
1.3858529
1.3856932
1.3857325
1.3858207
1.3857158
1.3857216
1.3857589
1.3860285
1.3856958
1.3857361
1.3855537
1.3858864
1.3858156
1.3856552
1.3856831
1.3858219
1.3855863
1.3855948
1.385868
1.3857193
1.3856725
1.3856256
1.3857213
1.386062
1.3856374
1.3858314
1.3858304
1.3858082
1.3857276
1.3859309
1.385823
1.3857169
1.3859448
1.385869
1.3857108
1.3859792
1.3860687
1.3857306
1.3857086
1.385872
1.3857385
1.3855373
1.3856776
1.3856926
1.3857908
1.3857132
1.3857191
1.3859339
1.3857659
1.385677
1.3858249
1.3858557
1.3857719
1.385828
1.3858342
1.3858644
1.3856832
1.3856978
1.3857224
1.3858223
1.3858168
1.3859664
1.3857895
1.3858074
1.3858721
1.3858261
1.385782
1.3859898
1.3856282
1.3859264
1.3857809
1.385871
1.3857473
1.3856928
1.3859919
1.3857477
1.3858693
1.385694
1.3856641
1.3856467
1.3858579
1.3855715
1.3856217
1.385596
1.3856863
1.3857992
1.3856089
1.3857294
1.385796
1.3857203
1.3859714
1.385684
1.3856317
1.3856826
1.3856999
1.3856312
1.3857868
1.3858068
1.3858523
1.3857442
1.385925
1.3856453
1.3856839
1.3857031
1.3856834
1.3856488
1.3857361
1.3858796
1.3858012
1.3858789
1.3857002
1.3856571
1.3858551
1.3856039
1.3857694
1.3857657
1.3857989
1.3858217
1.3855275
1.3854656
1.3857077
1.3858157
1.3857747
1.3857143
1.385642
1.3857155
1.385692
1.3856611
1.3855703
1.3855791
1.3858144
1.3855488
1.3853451
1.3856825
1.3855333
1.3857017
1.3856878
1.3856078
1.3857608
1.3857187
1.3858038
1.3856827
1.3856887
1.385628
1.385734
1.3856298
1.3856621
1.385724
1.3855567
1.3856384
1.385657
1.3858683
1.3856827
1.3854744
1.3858198
1.3856055
1.3856944
1.3856249
1.3855938
1.3856535
1.3853027
1.3856884
1.3857031
1.3855658
1.3858544
1.3855501
1.3856562
1.3854628
1.385842
1.3857673
1.385459
1.3858175
1.3855944
1.3856761
1.3857101
1.3856641
1.3855797
1.3856132
1.385679
1.3857069
1.3854893
1.3854805
1.3857504
1.3855008
1.38564
1.3855553
1.3854504
1.3856143
1.3854505
1.3855295
1.385503
1.3856331
1.3854097
1.3855369
1.3854011
1.3855467
1.3855201
1.3854882
1.3853546
1.3854561
1.3854907
1.3854975
1.3854061
1.3854666
1.3854723
1.385591
1.3855753
1.3854309
1.3852487
1.3855023
1.3852547
1.3853492
1.3855873
1.3854665
1.3852484
1.3853801
1.3853567
1.3855406
1.3855348
1.3852091
1.3855221
1.3854893
1.3852363
1.38543
1.385464
1.3851252
1.3854597
1.3854461
1.3854853
1.385335
1.3854945
1.3853084
1.3853687
1.3852562
1.3854557
1.385456
1.385313
1.3852997
1.3852518
1.3853165
1.3852426
1.3852478
1.3851186
1.3853405
1.3856026
1.3852606
1.3852593
1.3853655
1.3853763
1.3854694
1.3853519
1.3853489
1.3853306
1.3852912
1.385436
1.3853434
1.3853987
1.3853389
1.3852762
1.3852214
1.3855538
1.3855549
1.385408
1.3853718
1.3854504
1.3853325
1.385304
1.3852504
1.3853235
1.3852525
1.3852955
1.3850381
1.3854337
1.3851733
1.3853538
1.3851448
1.385384
1.3853775
1.3853515
1.3851991
1.3854132
1.3855008
1.3854113
1.3853521
1.385403
1.3853348
1.3853824
1.3855133
1.3853757
1.3853965
1.3853712
1.3853761
1.385472
1.3854887
1.3857152
1.3854834
1.385437
1.3854746
1.3854837
1.3854195
1.3854629
1.3855966
1.3853037
1.3856429
1.3851676
1.3856426
1.3852901
1.3856338
1.3856535
1.3854221
1.385677
1.3856405
1.3856425
1.38565
1.3855598
1.3854787
1.3854928
1.3856498
1.3855162
1.3854132
1.3855206
1.385705
1.3856698
1.3856386
1.3854556
1.3857923
1.3857498
1.3854952
1.3857197
1.3856198
1.3856905
1.3856004
1.385724
1.3856386
1.3856761
1.3857273
1.3855848
1.3856965
1.385857
1.385365
1.3858355
1.3854687
1.3857306
1.3854705
1.385759
1.385787
1.3857356
1.3856775
1.3856325
1.3857933
1.3857561
1.3857116
1.3856351
1.3858273
1.3860283
1.3856974
1.3857744
1.3857914
1.3858548
1.3858813
1.3859006
1.3858962
1.3857622
1.3859273
1.3858497
1.3859619
1.3858137
1.3859848
1.3859345
1.3857714
1.3856165
1.3858895
1.3858291
1.3859886
1.3856701
1.3860372
1.3861338
1.3858248
1.3861079
1.3857595
1.3860015
1.3858002
1.385759
1.3857257
1.3857588
1.3860031
1.3858137
1.3859951
1.3859323
1.3858014
1.3861164
1.3859428
1.3857843
1.3860317
1.3859524
1.386119
1.3860701
1.3861089
1.3858162
1.3858837
1.385822
1.3859043
1.3855728
1.385647
1.3858582
1.3858922
1.3859389
1.3858316
1.3856922
1.3858465
1.3858732
1.385834
1.3857404
1.3858036
1.3858526
1.3858681
1.3858869
1.3858353
1.3857118
1.3858032
1.3856965
1.3857208
1.3857583
1.3858681
1.3857111
1.3858006
1.3857088
1.3856672
1.3856937
1.385752
1.3857543
1.3857135
1.3855515
1.3856828
1.385705
1.3858527
1.3856759
1.3856395
1.3853812
1.3855454
1.3855832
1.385702
1.3857417
1.3858527
1.3855239
1.3857307
1.3854328
1.385525
1.3856226
1.3857998
1.3855711
1.385651
1.3857725
1.3854465
1.38546
1.3854231
1.3854194
1.3856572
1.3856137
1.385396
1.3857393
1.3856908
1.3857107
1.3856041
1.385293
1.3857471
1.3853861
1.3855991
1.3855276
1.3855921
1.3856511
1.3856078
1.3854711
1.3854185
1.3854854
1.385696
1.3856738
1.385736
1.385733
1.3858478
1.3856764
1.3856386
1.3854496
1.385449
1.3852645
1.3854303
1.3854837
1.3854725
1.3856198
1.3857265
1.3854582
1.3855664
1.385571
1.3857192
1.3854398
1.3855916
1.3855011
1.3857572
1.385229
1.3855873
1.3857076
1.3856763
1.3856387
1.3856388
1.3857741
1.3856716
1.3855612
1.3856711
1.3854748
1.3856579
1.3856355
1.3854966
1.3855412
1.3853838
1.3854836
1.3857195
1.3854897
1.3856281
1.3856302
1.3856002
1.3855244
1.3855411
1.38541
1.3857292
1.3856162
1.3856909
1.3855106
1.3856409
1.3857794
1.3858042
1.3856179
1.385575
1.3855233
1.3855342
1.385645
1.3855937
1.3855149
1.3856217
1.3854812
1.3856316
1.3855356
1.38566
1.3854713
1.3853978
1.3855531
1.3856218
1.3855041
1.385334
1.3855245
1.3856813
1.3855612
1.3855106
1.3854787
1.3856232
1.3855397
1.3858472
1.3855621
1.3856382
1.3853823
1.3854493
1.3855532
1.3856971
1.38561
1.3854367
1.3856705
1.3854648
1.3856069
1.385574
1.3855622
1.3855344
1.3857222
1.3855054
1.3855004
1.3856983
1.3855611
1.3855892
1.3854456
1.3856546
1.3854971
1.385558
1.3856741
1.3855451
1.385541
1.3857301
1.38558
1.3856494
1.3855734
1.3854308
1.3854437
1.3855729
1.3854573
1.385652
1.3853788
1.3856138
1.385696
1.3856548
1.3854412
1.3855999
1.385706
1.3855925
1.385836
1.3854336
1.385463
1.3857316
1.3854225
1.3855073
1.3854864
1.3855416
1.3855213
1.3855466
1.3857384
1.3855685
1.3854605
1.3858614
1.3853883
1.3856153
1.3855718
1.3856668
1.385547
1.3855772
1.3858088
1.385784
1.3855458
1.3855847
1.3854704
1.3854395
1.3854761
1.3857698
1.3854564
1.385608
1.3852903
1.3855664
1.385633
1.3855042
1.3857338
1.385325
1.3853669
1.3856399
1.3855442
1.3854995
1.3855911
1.3855721
1.3855671
1.3856109
1.3854553
1.3855883
1.3855734
1.3853662
1.3855337
1.3855639
1.385459
1.3855004
1.3854736
1.3853736
1.3854729
1.3854959
1.3856415
1.385511
1.3856263
1.3856243
1.3854377
1.3857505
1.3855139
1.3856163
1.3854754
1.3856256
1.3856301
1.3854595
1.3857664
1.3853478
1.385508
1.3855358
1.3852683
1.3853574
1.3854113
1.3856115
1.3856083
1.3856152
1.3854269
1.3855727
1.3857313
1.3855435
1.3853904
1.3854833
1.3855346
1.3854992
1.3854856
1.3854802
1.3856304
1.3855046
1.385593
1.3855419
1.3856286
1.3855983
1.385643
1.3856063
1.3854119
1.3853445
1.3855097
1.3856418
1.3853841
1.3854679
1.3853363
1.3854358
1.3855046
1.385445
1.3855906
1.3853371
1.3855367
1.3855041
1.3855187
1.3857695
1.3855267
1.385506
1.3856732
1.3855842
1.3856008
1.385564
1.3857418
1.385628
1.3854369
1.3856096
1.3854622
1.3855344
1.3855596
1.3856057
1.3855985
1.3853998
1.3859247
1.3855066
1.3855958
1.3854777
1.3856232
1.38559
1.385602
1.3855337
1.3857083
1.3855906
1.3856765
1.3856115
1.385651
1.3856711
1.3857523
1.3856386
1.3856672
1.3857785
1.385852
1.3856033
1.385508
1.3856969
1.3855594
1.3857434
1.3858759
1.3856939
1.3856099
1.3855942
1.385622
1.3859637
1.385904
1.385728
1.385987
1.3857186
1.3856542
1.3859761
1.3857793
1.3858372
1.3859409
1.3859742
1.3856945
1.3859065
1.3860816
1.3859468
1.3857011
1.3857425
1.3858875
1.3855639
1.3857436
