1.4660224
1.4193217
1.4072825
1.4026316
1.4003354
1.399594
1.3998423
1.3994437
1.3993367
1.3995229
1.399879
1.3994255
1.3993114
1.3991302
1.3990526
1.3992101
1.3990151
1.3986645
1.3987895
1.3985763
1.3987534
1.3987684
1.3985121
1.3987113
1.3984348
1.3983495
1.3978612
1.3984518
1.397942
1.3979864
1.3980458
1.3978003
1.3978351
1.397666
1.3975115
1.3977494
1.3977262
1.3976636
1.3973995
1.3973267
1.3971218
1.3972431
1.3971815
1.3973571
1.3970369
1.397027
1.3967613
1.3967733
1.3968432
1.3964919
1.3965968
1.3965563
1.3963702
1.3964236
1.3962842
1.3962024
1.3963363
1.3964287
1.3962742
1.3964212
1.3957613
1.396046
1.3961673
1.3958646
1.3956395
1.3955225
1.3954954
1.3953713
1.3955882
1.3955358
1.3954931
1.3951998
1.3952867
1.3953289
1.3952193
1.3952036
1.395271
1.3953297
1.3948615
1.3949504
1.3947254
1.3949533
1.3949275
1.3948448
1.3949107
1.3946978
1.3946553
1.3945229
1.394784
1.3945435
1.3944275
1.3944677
1.3945208
1.3941635
1.3942628
1.3942611
1.3941584
1.3942041
1.3941548
1.3939368
1.3940929
1.3940988
1.3941079
1.3939426
1.393913
1.3939875
1.3936831
1.3939314
1.393437
1.3935242
1.3938905
1.3936325
1.393932
1.393509
1.3934551
1.3934778
1.3934729
1.3931992
1.3934343
1.3933524
1.3934252
1.3933401
1.3930893
1.3930527
1.3933456
1.3930725
1.3932108
1.3928751
1.3931392
1.3931028
1.3932917
1.3931541
1.393165
1.3930235
1.3930659
1.3927307
1.3927344
1.3928783
1.392851
1.3927704
1.3930506
1.392637
1.3925167
1.3925757
1.3925377
1.3926536
1.3925238
1.3927666
1.3925074
1.3927586
1.3923806
1.3924721
1.3922606
1.3924454
1.3922375
1.3926822
1.3926344
1.392416
1.3921301
1.3920939
1.392301
1.3923002
1.3922012
1.3922286
1.3920463
1.3923205
1.3921856
1.3920759
1.3922287
1.3920405
1.3919373
1.3921415
1.3921419
1.3919702
1.3920436
1.3919199
1.3921033
1.3919345
1.3918648
1.3916779
1.3918606
1.391638
1.3920345
1.391863
1.3916928
1.3919055
1.3916267
1.3918638
1.3918211
1.3914922
1.3916305
1.3917888
1.3918276
1.3916095
1.3916929
1.3917551
1.3916372
1.391717
1.3915408
1.3916954
1.3916191
1.3914819
1.391305
1.3913183
1.3914616
1.3915306
1.3915639
1.3915721
1.3914301
1.391599
1.3913716
1.3913707
1.3912745
1.3912544
1.3915805
1.391185
1.3912467
1.3914967
1.3914449
1.3914648
1.3913348
1.3913366
1.3913116
1.3911483
1.3914227
1.3914517
1.3911123
1.3913293
1.3913832
1.3912395
1.3913915
1.391042
1.3913414
1.3913258
1.3912545
1.3912426
1.3912053
1.3912057
1.3911555
1.3912888
1.3909937
1.391229
1.3910644
1.391152
1.3912697
1.3912165
1.391202
1.3909365
1.3911806
1.3910922
1.3908399
1.3910284
1.3907617
1.3911446
1.3909905
1.39078
1.3911366
1.3908325
1.3908696
1.3910695
1.3909775
1.3909174
1.3910902
1.3909676
1.3910887
1.391078
1.3909442
1.3910874
1.3909757
1.390927
1.3909769
1.3909981
1.3908433
1.3907696
1.3908615
1.3909742
1.3910383
1.3909338
1.3908594
1.390585
1.3908831
1.3906708
1.3908306
1.3909322
1.3908012
1.3907642
1.390954
1.3907031
1.3909863
1.3908426
1.3908995
1.3909782
1.3907773
1.3906188
1.3907228
1.3907017
1.3907304
1.3907855
1.3909601
1.3907562
1.3909101
1.3906318
1.3906943
1.3907101
1.3907608
1.3909208
1.3907156
1.3908039
1.3906491
1.3907852
1.3907118
1.3907217
1.3906204
1.3906643
1.3905488
1.3907679
1.3907049
1.3906661
1.3905356
1.3905959
1.3906126
1.3906394
1.3905083
1.3904158
1.3905976
1.3904963
1.3908114
1.3905047
1.3904068
1.3904494
1.3905597
1.3905687
1.3905668
1.3903444
1.3906873
1.3907993
1.3906031
1.3905741
1.3905907
1.3905169
1.3905442
1.3903738
1.3905991
1.3904037
1.3906168
1.3907118
1.3901923
1.3907188
1.3904712
1.3905672
1.3906792
1.3904976
1.3905027
1.3903109
1.3904318
1.3905541
1.3904251
1.3902912
1.3906131
1.3906227
1.3905171
1.3904542
1.3904549
1.3903085
1.3903646
1.3902584
1.3902842
1.3902811
1.3904734
1.3903577
1.3904508
1.3902634
1.390275
1.390064
1.3903112
1.3902769
1.3902092
1.3904575
1.3902247
1.3905381
1.3904663
1.3900548
1.3902365
1.3900564
1.3901039
1.3901002
1.3903403
1.390202
1.3904086
1.3901912
1.3901435
1.3901598
1.3902053
1.390299
1.3901086
1.3902597
1.390063
1.3900635
1.3902203
1.3900089
1.3900727
1.3899022
1.3902197
1.3901033
1.3899797
1.3902254
1.3901038
1.3901631
1.3901339
1.3899906
1.389994
1.3898458
1.3902559
1.3900806
1.390146
1.3898609
1.3899606
1.3901383
1.3897971
1.3899521
1.3897706
1.3900157
1.3899463
1.390032
1.3899257
1.3899719
1.3897907
1.3898501
1.3895041
1.3898098
1.390057
1.3899637
1.3898116
1.3899292
1.389698
1.3899987
1.389969
1.3896817
1.3897834
1.3896286
1.3896275
1.3897921
1.3897419
1.389862
1.3896428
1.3897651
1.3896875
1.3896829
1.3896902
1.3896303
1.389752
1.389724
1.3897346
1.389538
1.3894994
1.3897257
1.3895212
1.3896964
1.3896146
1.3894868
1.3895774
1.3896017
1.389454
1.3896822
1.3895676
1.3895241
1.3896568
1.389785
1.389526
1.3893533
1.3893108
1.3897295
1.3893131
1.3894776
1.3893563
1.3894154
1.389334
1.3897021
1.3893216
1.3892741
1.3892584
1.3894706
1.3892343
1.3892624
1.3892486
1.3893957
1.389214
1.3892839
1.3890665
1.3892614
1.3891541
1.3892624
1.389325
1.3890518
1.3892165
1.3890383
1.3891667
1.3890988
1.3891181
1.389219
1.3890357
1.3891189
1.3892151
1.3891071
1.388995
1.3889427
1.3892647
1.3889155
1.3891009
1.3891367
1.3891052
1.3888354
1.3890706
1.3889488
1.3889089
1.3888638
1.3888447
1.3889128
1.3889524
1.3890003
1.3890473
1.3888324
1.3889283
1.3889841
1.3886791
1.3888395
1.3886743
1.388668
1.3887106
1.3889103
1.3886671
1.3887628
1.388578
1.3890116
1.3887589
1.388615
1.3887396
1.3884465
1.3887663
1.3888472
1.3885418
1.3887075
1.3888246
1.3887725
1.3887614
1.3886024
1.3884282
1.3886666
1.3885514
1.388541
1.3884169
1.3886569
1.3883438
1.3885344
1.3886458
1.3884687
1.3883969
1.3884727
1.3884723
1.3884469
1.3881716
1.3884453
1.388533
1.3883306
1.3883891
1.3883418
1.3881769
1.3884437
1.3882678
1.3884696
1.3883266
1.3883833
1.3881263
1.3881624
1.3881255
1.388064
1.3881884
1.3882107
1.3881977
1.3883693
1.3881227
1.3883321
1.3882502
1.3880733
1.3881981
1.3882022
1.3879445
1.3880987
1.3880032
1.3880776
1.3880943
1.3879111
1.3879944
1.3882146
1.3882602
1.3880903
1.3880421
1.3878336
1.3881592
1.3878893
1.3880132
1.3879791
1.3879528
1.3876777
1.3879567
1.3876865
1.3877753
1.3876258
1.3876606
1.3878049
1.3878669
1.3879639
1.3877832
1.3876164
1.3877697
1.3876765
1.3877684
1.3873802
1.3878016
1.3876797
1.3876126
1.3877624
1.3876749
1.3876803
1.3875763
1.387638
1.3877227
1.3873509
1.3875436
1.3876815
1.3876257
1.3877574
1.3874241
1.3876015
1.38771
1.3875859
1.3874103
1.387643
1.3876642
1.3876294
1.3876531
1.3874611
1.3875272
1.3873148
1.3875399
1.3875581
1.387824
1.3873446
1.3875493
1.3875977
1.3875861
1.3874439
1.3872948
1.387456
1.3875086
1.387318
1.3875136
1.3873925
1.3873205
1.3873186
1.3874153
1.3872231
1.3872862
1.3874376
1.3873485
1.3874395
1.3873494
1.3873763
1.3872528
1.3873222
1.3873355
1.3872238
1.3871647
1.3873523
1.3872819
1.3874114
1.3874165
1.3872832
1.3870591
1.3873383
1.3870275
1.3872207
1.3873234
1.3871814
1.387348
1.3870913
1.3873223
1.3873327
1.3872105
1.3871933
1.3871714
1.3869511
1.3870804
1.3873409
1.3871151
1.3873397
1.3873115
1.3871423
1.3871406
1.3870614
1.3872734
1.387061
1.3871975
1.3869667
1.3870177
1.3869253
1.3873187
1.387536
1.3872275
1.3870842
1.3870964
1.3871206
1.3871732
1.3868958
1.3871355
1.3869576
1.3870966
1.3871326
1.3871139
1.3870184
1.3870649
1.3871098
1.3870754
1.387086
1.3871698
1.3871124
1.3872044
1.3868091
1.3868856
1.3871647
1.3869265
1.3870459
1.3869076
1.3869851
1.3869964
1.3867751
1.387132
1.3870014
1.3870742
1.3870125
1.3869655
1.3868948
1.3870082
1.3870074
1.3869759
1.3869305
1.3868645
1.3870689
1.3869759
1.3867916
1.3867983
1.3868684
1.3868626
1.3870434
1.3867471
1.3869094
1.386683
1.3868718
1.3867027
1.3868918
1.3868417
1.3867875
1.3867557
1.386768
1.3870869
1.3869702
1.386866
1.386729
1.3867197
1.3869824
1.3869848
1.3867759
1.3869267
1.386716
1.3868273
1.3867484
1.3868197
1.3868454
1.3866739
1.3867344
1.3867309
1.3867106
1.386648
1.3868357
1.3869038
1.3868068
1.3871742
1.386695
1.3867234
1.386788
1.3866361
1.3868772
1.3867408
1.386886
1.3866528
1.386708
1.3869005
1.3867824
1.3869673
1.3868248
1.3867388
1.3868958
1.3867902
1.3865051
1.3867984
1.3867394
1.3866407
1.3866166
1.3865712
1.3866434
1.3865799
1.3868022
1.3868105
1.3865227
1.3867687
1.3864511
1.3865982
1.386396
1.3867453
1.3864933
1.3865672
1.386661
1.386693
1.3864543
1.3865598
1.3865987
1.3864526
1.3864923
1.3867778
1.3868032
1.3866664
1.3865364
1.3864385
1.3864162
1.3865119
1.386693
1.3866111
1.3865125
1.386704
1.38655
1.3864318
1.3864614
1.3867003
1.3867633
1.3865863
1.3863915
1.3864853
1.3864449
1.3864813
1.3866612
1.3867714
1.3865776
1.386594
1.3863772
1.386497
1.3862379
1.3864411
1.3863595
1.3863629
1.3862149
1.3864374
1.3861972
1.3863443
1.3864044
1.3863763
1.3863726
1.3863205
1.3863596
1.3864665
1.386651
1.3863928
1.3863838
1.3865111
1.3863356
1.3864131
1.3863516
1.3863337
1.3868414
1.3864672
1.3867556
1.3864954
1.3864077
1.3864363
1.386245
1.3865545
1.3862823
1.3863935
1.3865345
1.3865378
1.3863064
1.3862845
1.386312
1.3864139
1.3866035
1.3865656
1.3863674
1.3864248
1.3864349
1.3865231
1.386481
1.3865807
1.3864532
1.3864021
1.3864886
1.3862995
1.3865411
1.3863764
1.3861862
1.3864611
1.3864077
1.3863236
1.3864342
1.3864917
1.3861828
1.3863441
1.3864884
1.3864939
1.3863243
1.386377
1.3863927
1.3863565
1.3861989
1.3863093
1.3863823
1.3864603
1.3861334
1.3864851
1.3862705
1.38636
1.3863884
1.3863181
1.3865267
1.3863002
1.3863187
1.3862532
1.3864195
1.386178
1.3864977
1.3865374
1.386342
1.3865137
1.3861493
1.3864149
1.3863935
1.3861895
1.3862906
1.3862184
1.3864076
1.386229
1.3864056
1.3864918
1.3861893
1.386197
1.3863264
1.3861959
1.3860372
1.3862762
1.3864461
1.3863175
1.3864629
1.3863523
1.3862295
1.3864365
1.3863342
1.3864269
1.38629
1.3862675
1.386314
1.3863539
1.3862923
1.386442
1.386405
1.386305
1.3863205
1.386418
1.386439
1.3862957
1.3863391
1.3864317
1.386101
1.3864005
1.3862602
1.3865372
1.3864577
1.3865802
1.3865718
1.3866578
1.3865179
1.3864802
1.3862084
1.3863236
1.3865099
1.3862607
1.3864927
1.3862928
1.386235
1.3865379
1.3859868
1.3863064
1.3863686
1.3865913
1.3863052
1.3864692
1.3864176
1.3862854
1.386559
1.3865031
1.3866726
1.3864818
1.3863701
1.3865867
1.3862629
1.3865981
1.3863889
1.3863249
1.3866075
1.3862671
1.386525
1.3864043
1.3864951
1.3865879
1.3865272
1.3862672
1.386784
1.3864731
1.3864099
1.3864883
1.3862213
1.3863972
1.3866524
1.3867453
1.3866173
1.386462
1.3866507
1.3864913
1.3866315
1.3864795
1.3864663
1.386686
1.3863572
1.3865359
1.3864121
1.3865627
1.386798
1.3867153
1.3867446
1.3865976
1.3866638
1.3868107
1.3865207
1.3868368
1.3867123
1.3868018
1.386652
1.3866067
1.3867549
1.3865854
1.386594
1.3867338
1.3867241
1.3867711
1.3867888
1.3867024
1.3868934
1.3867942
1.3867736
1.3869586
1.3868965
1.3869271
1.3868115
1.3868291
1.3866719
1.386772
1.3866934
1.3868798
1.3871057
1.3867702
1.3869326
1.3871061
1.3869191
1.3869741
1.3867766
1.3866302
1.3868322
1.3867892
1.3866959
1.3865124
1.3869721
1.3867037
1.3868916
1.3869503
1.3868734
1.3869146
1.3869625
1.38679
1.3869369
1.3868377
1.3867738
1.3868974
1.3869352
1.3871317
1.3868424
1.3868839
1.3868895
1.3868282
1.3869638
1.3868945
1.387016
1.3867753
1.3870239
1.3870944
1.3870026
1.3869928
1.3870476
1.3868166
1.3867943
1.3869401
1.3869282
1.3870275
1.3866924
1.3871607
1.3867993
1.386843
1.3871406
1.3870939
1.3868009
1.3871832
1.3869325
1.3870474
1.3869891
1.3869823
1.3870367
1.3868287
1.3870757
1.3870236
1.3870455
1.3870767
1.3867868
1.3867983
1.3869104
1.3868862
1.3869473
1.3868325
1.3869303
1.387112
1.3869894
1.3870467
1.3870202
1.3869791
1.386817
1.3868896
1.3869269
1.3868055
1.3870461
1.3870269
1.3867917
1.3867562
1.3871914
1.3868954
1.3869461
1.38704
1.3866577
1.3867432
1.3868498
1.3868843
1.3868439
1.387026
1.3870618
1.386668
1.3866158
1.3868152
1.3869842
1.386726
1.38672
1.3869039
1.3866731
1.387092
1.3869035
1.3867271
1.3866838
1.3868172
1.3866829
1.3870412
1.3866962
1.3868543
1.386996
1.3868252
1.3868612
1.3866688
1.3867894
1.3868927
1.3866329
1.3866733
1.3866383
1.3868768
1.3869033
1.3868285
1.3867863
1.3869194
1.3865799
1.3866832
1.3867936
1.3870059
1.3871559
1.3868426
1.3869709
1.3867687
1.3870069
1.3867337
1.38681
1.3870269
1.3869759
1.3867534
1.3869791
1.3870434
1.3869641
1.3868374
1.3868823
1.3868638
1.386845
1.3870571
1.3867953
1.3868521
1.3869586
1.3869084
1.3868284
1.386887
1.3869624
1.3868289
1.3872863
1.3869215
1.386832
1.3868686
1.3871844
1.386838
1.3868366
1.386892
1.3869085
1.3867339
1.387182
1.3868114
1.3867639
1.3870589
1.3868113
1.3869702
1.3868864
1.3870697
1.3868647
1.3870287
1.3870528
1.3867816
1.3868797
1.3868592
1.3868178
1.3868144
1.386934
1.3867348
1.3868989
1.3867878
1.3869148
1.386717
1.3868566
1.3868625
1.3867701
1.3870678
1.3869092
1.3868312
1.3868518
1.3870211
1.3869104
1.3870758
1.3868407
1.3869684
1.3868036
1.3866683
1.3869089
1.3868244
1.3870137
1.3866006
1.386681
1.3868042
1.386587
1.386915
1.3868356
1.386759
1.3869057
1.3868933
1.3868837
1.3868374
1.3868662
1.3869321
1.3866198
1.3868579
1.3868108
1.3867297
1.3869697
1.3867633
1.3867828
1.3866371
1.3869218
1.386875
1.3867868
1.3868906
1.3869057
1.386854
1.386919
1.3870629
1.3865662
1.3866094
1.3868347
1.3867693
1.3868057
1.3869228
1.3868039
1.3868608
1.3870409
1.386894
1.3868561
1.386803
1.3867769
1.3868631
1.3867675
1.3866873
1.3868699
1.3867693
1.3869995
1.387046
1.3868326
1.3865067
1.3865772
1.386557
1.3867384
1.3867041
1.3868673
1.3868378
1.3864887
1.3866868
1.3867445
1.3865938
1.3869256
1.3865322
1.3870147
1.3866587
1.3867506
1.3867786
1.3867611
1.3866245
1.3868695
1.3866153
1.3866508
1.386881
1.3867935
1.3868752
1.3866874
1.3869922
1.3869344
1.386753
1.3868002
1.3867623
1.3865731
1.386763
1.3865604
1.3868258
1.386762
1.38669
1.3865665
1.3866013
1.386576
1.3867925
1.386666
1.3864692
1.3866955
1.386718
1.3867213
1.3868929
1.3866317
1.3867445
1.3866394
1.3866081
1.3865708
1.38652
1.386581
1.386539
1.3867651
1.3866554
1.3865505
1.3866726
1.3868202
1.3865691
1.3867483
1.3865731
1.3867198
1.3868461
1.3865399
1.386558
1.3869462
1.3865112
1.3865997
1.3867726
1.386648
1.3866577
1.386465
1.386637
1.3865546
1.3863802
1.386497
1.3868484
1.3866102
1.3865095
1.3865411
1.3867534
1.3866302
1.3866128
1.3864905
1.3865656
1.3867154
1.3865664
1.3866724
1.3866436
1.3864645
1.3866808
1.3866545
1.38652
1.3866729
1.3866593
1.3866239
1.3867018
1.386322
1.38659
1.38689
1.3865467
1.3865297
1.3868324
1.3866107
1.3864413
1.3865366
1.3865002
1.3864418
1.386515
1.3864961
1.3864892
1.386736
1.3866713
1.3865671
1.3866271
1.3864576
1.3865883
1.3867636
1.3868033
1.3867344
1.3867064
1.3866117
1.3866955
1.3864478
1.3865759
1.3867539
1.3865671
1.3866574
1.3866624
1.3866974
1.3865981
1.386679
1.3868207
1.3865552
1.3865944
1.3865495
1.3867593
1.3866463
1.3866831
1.3866947
1.3866777
1.3866165
1.3866833
1.3865157
1.3868309
1.3864367
1.3865519
1.3866564
1.3868951
1.3867127
1.3866462
1.3865442
1.3867302
1.3866137
1.3866544
1.3868974
1.3866689
1.38684
1.3869796
1.3864943
1.3867097
1.386549
1.3866876
1.3868827
1.386681
1.3866152
1.3866899
1.3867414
1.3865963
1.3868098
1.3867829
1.386709
1.3866109
1.3868799
1.3868786
1.3867342
1.3867567
1.3867496
1.3868204
1.3867668
1.3867712
1.3868316
1.3866589
1.3868445
1.3870071
1.3867844
1.3868756
1.3867668
1.3869619
1.3868736
1.3867568
1.386749
1.3867399
1.3865916
1.3870747
1.3866626
1.386989
1.3871311
1.3868475
1.386821
1.3868532
1.3866616
1.386787
1.3870484
1.3871671
1.3870287
1.3870226
1.3868221
1.3867579
1.3869855
1.3870279
1.3872031
1.387
1.3869759
1.3869864
1.3870591
1.387166
1.387195
1.3871201
1.3869666
1.3870523
1.3872027
1.3869224
1.3870552
1.3868113
1.3869901
1.3869551
1.3870457
1.3868247
1.3869721
1.3871496
1.3869578
1.3872018
1.3871567
1.3871074
1.3872589
1.3870336
1.3871882
1.3871453
1.3870351
1.3873333
1.3869787
1.3871932
1.387475
1.3870386
1.3874177
1.3872266
1.3873568
1.3872067
1.3872198
1.3867949
1.3872712
1.3872256
1.3871884
1.3872247
1.3871279
1.3873903
1.3871571
1.3872337
1.3872051
1.3873659
1.3873174
1.3873549
1.3870558
1.3873855
1.387397
1.387257
1.3875208
1.3873396
1.387279
1.3873123
1.3873557
1.3873967
1.387487
1.3874222
1.3871413
1.3873835
1.3873805
1.3873026
1.3875126
1.3873749
1.387204
1.3872881
1.3872286
1.387465
1.3871547
1.3874203
1.3872827
1.3873129
1.386996
1.3872523
1.3873469
1.3870605
1.3874499
1.3873813
1.3872008
1.3875031
1.3873367
1.3873948
1.3873839
1.3872219
1.3871461
1.3871673
1.387438
1.3874307
1.3871847
1.3873518
1.387312
1.3873867
1.3871638
1.3870595
1.3873036
1.3873249
1.3869859
1.3871057
1.387052
1.3870869
1.3872448
1.3873415
1.3873686
1.3870112
1.3870041
1.3873012
1.3870951
1.3871516
1.3870952
1.3871502
1.3872702
1.3869545
1.3871878
1.3872403
1.387258
1.3872219
1.3872532
1.3873173
1.3871336
1.3873572
1.3873864
1.3872524
1.3872517
1.3871502
1.3871557
1.3872342
1.3871174
1.3872124
1.3870037
1.3870682
1.3870941
1.3872031
1.3870811
1.3871145
1.3870156
1.3869327
1.3869596
1.386982
1.387199
1.3870077
1.387197
1.3869461
1.3870516
1.3870679
1.38703
1.387202
1.3871781
1.3869296
1.3868924
1.3869371
1.3870119
1.3868594
1.3869402
1.3869479
1.3870487
1.3869983
1.3870392
1.387082
1.3869512
1.3873638
1.3869944
1.3870366
1.3872056
1.3868324
1.387232
1.3871922
1.387023
1.3869798
1.3870952
1.3869461
1.3869227
1.3869331
1.3871502
1.3868729
1.3870599
1.3871739
1.387063
1.3867811
1.3869214
1.3871274
1.3871425
1.3871499
1.3872244
1.3870066
1.3871336
1.3870702
1.3870819
1.3869215
1.3869946
1.3869255
1.3870251
1.3871751
1.3870127
1.3870819
1.3870265
1.3871694
1.3869916
1.3870834
1.3870732
1.3869851
1.3871057
1.3870565
1.3871983
1.3869581
1.3870313
1.3871464
1.3871695
1.3870949
1.3869874
1.3871654
1.3870443
1.3871208
1.3869753
1.3867196
1.3868948
1.3871512
1.3871155
1.387227
1.3871393
1.3870051
1.3869673
1.3870562
1.3870971
1.3872457
1.387107
1.3870705
1.3872591
1.3872081
1.3870882
1.3870078
1.386982
1.3870872
1.3871202
1.3870325
1.3871661
1.3871968
1.3871573
1.38728
1.38696
1.3870466
1.387129
1.3871819
1.3869971
1.3873892
1.3872621
1.3873243
1.386909
1.387311
1.3869492
1.3870679
1.3871875
1.3872074
1.3872555
1.3870957
1.3870262
1.3867424
1.3868495
1.3872815
1.3870966
1.3870878
1.3873107
1.3872576
1.3871082
1.3873924
1.3870425
1.3870014
1.3869957
1.3870399
1.3872176
1.3870306
1.3871605
1.3870116
1.3870815
1.3871571
1.3870169
1.3871285
1.3871565
1.387104
1.3869488
1.38726
1.3872633
1.3872209
1.3870438
1.3870741
1.387021
1.3872539
1.3873874
1.3870721
1.3870145
1.3869143
1.387108
1.3867689
1.3873508
1.3871146
1.3869561
1.3870864
1.3868647
1.3871295
1.3871717
1.3873636
1.3870608
1.3872736
1.3873019
1.3872976
1.3871446
1.3871331
1.387021
1.3870901
1.387102
1.3870744
1.3870484
1.387065
1.3871123
1.38715
1.3872342
1.3871758
1.3870693
1.3870556
1.3869947
1.3870592
1.3870184
1.3870469
1.3872795
1.3873093
1.3871783
1.3870174
1.3870287
1.3871716
1.3870492
1.3871077
1.3871108
1.3872278
1.3870577
1.387327
1.3869962
1.3870964
1.3872539
1.3867286
1.3870758
1.3869666
1.386854
1.3868561
1.3871914
1.3873657
1.3871827
1.3867149
1.3872825
1.3870562
1.3870076
1.3870426
1.3869082
1.387223
1.3869985
1.3871516
1.3870164
1.3869168
1.3869619
1.3868291
1.3868227
1.3870864
1.3870707
1.3870268
1.3871816
1.3869097
1.386741
1.3869368
1.3869139
1.3870221
1.3870226
1.3868742
1.3869683
1.3867563
1.3867623
1.3868575
1.3870916
1.3869661
1.386829
1.3866752
1.3865817
1.3869156
1.3868251
1.3871428
1.3869071
1.3870187
1.3871163
1.3871406
1.3868517
1.3867856
1.3869444
1.3868678
1.3869649
1.3867835
1.38691
1.3867291
1.3870741
1.3869511
1.3866746
1.3866073
1.3869926
1.3868747
1.3867255
1.386827
1.3867885
1.3869117
1.3867024
1.3868524
1.3868363
1.3865869
1.386891
1.3868054
1.3867813
1.3869811
1.3869041
1.38687
1.3868597
1.3867718
1.3869505
1.3870064
1.38684
1.3868968
1.3868861
1.3869851
1.3868212
1.3868871
1.3866146
1.3868077
1.3868107
1.3867269
1.3866756
1.3865162
1.3866056
1.3867921
1.3868226
1.3867365
1.3864394
1.3867406
1.3867965
1.386878
1.3867764
1.3865393
1.386719
1.3866755
1.3866984
1.3867774
1.3867029
1.3866674
1.3867129
1.3867284
1.3868532
1.3867074
1.3865194
1.386773
1.3867744
1.386535
1.3866625
1.3869715
1.3864285
1.38648
1.3866597
1.3869016
1.386847
1.3866886
1.3867018
1.3866643
1.3867103
1.3866746
1.3866657
1.3867657
1.3866862
1.3864655
1.3867518
1.3863962
1.3864472
1.3866903
1.3866295
1.3866568
1.3868091
1.3867654
1.3866206
1.3868464
1.3867079
1.3866963
1.3865067
1.3866649
1.3865588
1.3868017
1.3866787
1.3866135
1.3866396
1.3866674
1.3866199
1.386777
1.3866917
1.3866605
1.3867763
1.3867846
1.3866144
1.3865417
1.386671
1.386528
1.3863975
1.3866483
1.3866664
1.3865237
1.386526
1.3867099
1.3865868
1.3866568
1.3867549
1.3866553
1.3865184
1.3866876
1.386693
1.386793
1.3865097
1.3866736
1.386558
1.3862108
1.3866783
1.3868469
1.3865726
1.3864629
1.3865255
1.3865982
1.3865455
1.3864543
1.3865186
1.386586
1.3866931
1.3866094
1.3865253
1.3866155
1.3864808
1.3866011
1.3864827
1.3865556
1.3866566
1.3864563
1.3864154
1.3865556
1.3866156
1.3865604
1.3865594
1.3865917
1.3866396
1.3865504
1.3863363
1.3863164
1.3866249
1.38629
1.386532
1.386531
1.3864532
1.3866267
1.3864805
1.386469
1.3866017
1.3867756
1.3865361
1.3864274
1.386565
1.3863987
1.3864584
1.386211
1.3864357
1.3864915
1.3863629
1.3863897
1.3864127
1.3864604
1.3864775
1.3863977
1.3862994
1.3865124
1.3863645
1.3865056
1.3864862
1.386415
1.386317
1.3862381
1.3866079
1.3863424
1.3863653
1.3864057
1.3864515
1.3863356
1.3864923
1.3864952
1.3865576
1.3864723
1.3862481
1.3863236
1.3863059
1.3862202
1.3864216
1.3864303
1.3864866
1.386542
1.3865093
1.3865285
1.3864999
1.3863789
1.3862288
1.3864262
1.3865523
1.386624
1.3865067
1.3862383
1.3864737
1.3864365
1.3864946
1.3864056
1.3861624
1.3863103
1.3864242
1.3864176
1.3864361
1.3861978
1.3862753
1.3862524
1.3862002
1.3862878
1.3862463
1.3864046
1.3861496
1.386499
1.3864368
1.3864557
1.386393
1.3863006
1.3861576
1.3863022
1.3861419
1.3862334
1.3861692
1.3863872
1.3863763
1.3861699
1.3862725
1.3863643
1.3861595
1.3861735
1.3864444
1.3862361
1.3862898
1.3861301
1.3861563
1.3862735
1.3863939
1.3861055
1.3863062
1.3862801
1.3864492
1.3861786
1.3863263
1.386183
1.3860356
1.386018
1.3862727
1.3861555
1.3862305
1.3860807
1.385937
1.3862581
1.3863677
1.3862879
1.3860505
1.3861526
1.3860763
1.3862861
1.3863691
1.3862467
1.3863062
1.3861475
1.3861116
1.385986
1.386131
1.3860561
1.3861656
1.3861098
1.3861492
1.3862004
1.3860234
1.3861008
1.3864205
1.3862652
1.3861034
1.3861243
1.3861271
1.3863014
1.3860683
1.3858856
1.3860881
1.3862451
1.3863405
1.3860917
1.3862729
1.3859365
1.3860132
1.3859608
1.3860186
1.385887
1.3860301
1.3861053
1.3860767
1.3859608
1.3862636
1.3859855
1.3860698
1.3859957
1.3860526
1.3863373
1.3860396
1.3860515
1.386094
1.3861214
1.3861102
1.3858585
1.3862851
1.3861047
1.3859167
1.3859138
1.3858644
1.3858811
1.386229
1.3860242
1.3860564
1.3860918
1.3859267
1.3858646
1.3861355
1.3859682
1.3860285
1.3859556
1.3857874
1.3860818
1.3860914
1.3857145
1.3858613
1.3859534
1.385902
1.3857497
1.3859687
1.3858516
1.3857212
1.3860539
1.3860931
1.3860756
1.3859934
1.3858835
1.3856993
1.3858871
1.38579
1.385941
1.3861715
1.385869
1.3861071
1.3857858
1.385815
1.3861954
1.3857957
1.3860625
1.3859409
1.3861033
1.3856808
1.3858279
1.3858696
1.3861465
1.3858454
1.3860122
1.3858831
1.3861185
1.3857081
1.3860682
1.3857906
1.3861068
1.3859639
1.3859354
1.3857532
1.3856968
1.3859235
1.3858202
1.3857911
1.3857586
1.3859088
1.3858436
1.3858527
1.3860822
1.3858474
1.3857194
1.3858854
1.3857254
1.3858325
1.3858777
1.3859829
1.38606
1.3859693
1.3857659
1.3860605
1.3859313
1.3858736
1.3857225
1.3857868
1.3856552
1.3857987
1.3857023
1.3858768
1.3858743
1.3857108
1.3855343
1.385918
1.3854576
1.3857728
1.3857553
1.3859044
1.3858688
1.385793
1.3859358
1.3857914
1.3856704
1.385858
1.3856357
1.3858488
1.3857597
1.3856928
1.3857733
1.3857001
1.3861256
1.3856012
1.3856186
1.3857266
1.3858141
1.3859116
1.3858728
1.3857077
1.3854841
1.3858377
1.3856179
1.3857673
1.386079
1.3858975
1.3857336
1.3857465
1.3858534
1.385799
1.3853594
1.3859411
1.385725
1.3858874
1.3859597
1.3857073
1.3857039
1.385849
1.385713
1.3858778
1.3860557
1.3857498
1.3858632
1.3858142
1.3855355
1.3857582
1.3859217
1.3859696
1.3858256
1.3858366
1.385757
1.3858124
1.3855802
1.3857507
1.3857921
1.3856803
1.3857205
1.3855022
1.3855224
1.3855911
1.3857073
1.385831
1.3857332
1.3858354
1.3858811
1.3858635
1.385613
1.3856673
1.3857737
1.3856891
1.3856596
1.3857508
1.3856219
1.3858123
1.3856169
1.3856694
1.3856026
1.3854522
1.385675
1.3859535
1.3856333
1.3857906
1.3857903
1.385837
1.385756
1.3854508
1.3854585
1.3858353
1.3854945
1.3858583
1.3854113
1.3858341
1.385396
1.3857385
1.3855339
1.3857417
1.3855649
1.3857411
1.3856169
1.3857067
1.385624
1.3858184
1.3857675
1.3853651
1.3856791
1.3854736
1.3856205
1.3854507
1.3856817
1.3855987
1.3856213
1.3853889
1.3856893
1.3853751
1.3856503
1.385551
1.3856483
1.3856045
1.3857404
1.3856062
1.385501
1.3857509
1.3856732
1.3854927
1.3855644
1.3855084
1.3857102
1.3855715
1.3856146
1.3854717
1.3854816
1.3856833
1.3856522
1.3856862
1.3855947
1.3857589
1.3855615
1.3854685
1.3856711
1.3854635
1.3855214
1.3854436
1.3856013
1.3854123
1.3855553
1.3855906
1.385653
1.3856276
1.3854305
1.3855077
1.385773
1.3857493
1.3853561
1.3854926
1.3855559
1.3857265
1.3855406
1.3853309
1.3856333
1.3854545
1.3856179
1.3857363
1.3855555
1.3855258
1.3856008
1.3857049
1.3854437
1.3854443
1.3853672
1.3853643
1.3855402
1.3853345
1.3855928
1.3853672
1.3854418
1.385211
1.3855786
1.3853887
1.3855114
1.3855337
1.3856812
1.3854412
1.3853773
1.3854545
1.3855187
1.385388
1.3854854
1.3855953
1.3852507
1.3853468
1.3853207
1.3855741
1.3856901
1.385377
1.385682
1.3852493
1.3855722
1.3854903
1.3853312
1.3854629
1.385587
1.3853575
1.3856288
1.3854495
1.3855495
1.3856828
1.3856498
1.3857167
1.3855649
1.3855263
1.3856839
1.3853632
1.3852885
1.3858075
1.3852102
1.3856853
1.3856386
1.3853954
1.3854691
1.3855637
1.3856279
1.3854216
1.3854097
1.3857603
1.3854598
1.3854324
1.3855499
1.3853765
1.3856541
1.3855343
1.3855828
1.3854097
1.3857315
1.3854171
1.3854059
1.3854346
1.38556
1.3856511
1.3855871
1.385215
1.3855336
1.3853024
1.3854609
1.385586
1.3856717
1.3855424
1.3855588
1.3854549
1.3857181
1.3856912
1.3853436
1.3854711
1.3855346
1.3855276
1.3853688
1.3856165
1.3855175
1.3856543
1.3854074
1.3854984
1.3852962
1.3856336
1.3853699
1.3855103
1.3857158
1.385473
1.3854088
1.385545
1.3854178
1.385511
1.3855573
1.3856078
1.3853903
1.385726
1.3854504
1.3856602
1.3856385
1.3854532
1.3855075
1.3856031
1.3855879
1.3853769
1.3853956
1.3851311
1.3853477
1.3852073
1.3854934
1.3852465
1.3853909
1.3854641
1.3854316
1.3852562
1.3854913
1.3855225
1.3856187
1.3854264
1.3856769
1.3853232
1.3852682
1.3853916
1.3853025
1.3855909
1.3855923
1.3856021
1.3854651
1.3856325
1.3855348
1.3854611
1.3855231
1.385477
1.385282
1.3851439
1.3855939
1.3853768
1.3854474
1.3854631
1.3853085
1.3856688
1.3854094
1.3854758
1.3851857
1.3854151
1.3855102
1.3854274
1.3855492
1.3852665
1.3853859
1.3854569
1.3855332
1.3854007
1.3854089
1.3854392
1.3854046
1.3854216
1.3853774
1.3854661
1.385307
1.3854305
1.38568
1.3852497
1.385674
1.3854231
1.3856704
1.3853055
1.3855914
1.3853767
1.3854473
1.3857489
1.3855716
1.3855473
1.3853688
1.3854246
1.3855106
1.3854253
1.3855945
1.3854922
1.3856086
1.3852705
1.3854289
1.385723
1.3855556
1.385642
1.38557
1.3855323
1.3853134
1.3857493
1.3855728
1.3855283
1.38546
1.3854327
1.3856149
1.3855625
1.3856612
1.3856468
1.3856783
1.3854725
1.3854152
1.385648
1.3855991
1.3856211
1.3856276
1.3855544
1.3855435
1.3855903
1.3856839
1.3855134
1.3854717
1.3856428
1.3857625
1.3855819
1.3854288
1.3857664
1.3855603
1.3857508
1.3855839
1.3857245
1.3857781
1.385638
1.3858598
1.3856224
1.3857617
1.3854487
1.3856804
1.385521
1.3857195
1.3854288
1.3859568
1.3860145
1.3854029
1.3857617
1.3856132
1.3856618
1.3857718
1.3858005
1.3857534
1.3856145
1.3855622
1.3856713
1.3854195
1.3856491
1.385496
1.3858227
1.3855935
1.3854975
1.3855429
1.3858573
1.3856478
1.385672
1.3855454
1.3856211
1.3856828
1.3855016
1.3856426
1.3857056
1.3856555
1.3855377
1.3858837
1.3854148
1.3854592
1.385663
1.3856497
1.3855907
1.3858271
1.3856875
1.3857994
1.3856446
1.3856499
1.3853593
1.3853983
1.3856604
1.3858418
1.3854321
1.3853967
1.3855276
1.3856555
1.3858274
1.3857173
1.3857976
1.3857573
1.3857942
1.3858974
1.3859473
1.3857073
1.385377
1.3858334
1.385691
1.3854992
1.3857213
1.3858274
1.385746
1.3854876
1.3857381
1.385838
1.3856115
1.3855333
1.385524
1.3856388
1.3858093
1.3857839
1.385909
1.3856668
1.3856916
1.385726
1.3855466
1.3855644
1.3859681
1.3855901
1.3856301
1.3858325
1.3855647
1.3857696
1.3857685
1.3857828
1.3858769
1.3856462
1.3855346
1.385468
1.3855746
1.3856387
1.3853837
1.3855791
1.3856736
1.3857211
1.3856857
1.3859453
1.3855191
1.3856726
1.3856632
1.3856169
1.38596
1.385899
1.3859711
1.3857546
1.3858991
1.3856866
1.3857374
1.3857254
1.385445
1.3857329
1.385572
1.3857911
1.3856262
1.3856784
1.3858818
1.3855022
1.3857585
1.3856167
1.3857553
1.385616
1.38578
1.3856599
1.3858972
1.3856971
1.38571
1.3856136
1.3855686
1.3855299
1.3856989
1.385557
1.3855867
1.3856198
1.3855991
1.3854614
1.3858042
1.3853565
1.3855538
1.3855853
1.3856024
1.3854042
1.3857265
1.3856757
1.3852898
1.3856076
1.3855718
1.3857657
1.38581
1.385672
1.3855091
1.3855575
1.3857421
1.3854952
1.3857036
1.3858774
1.3855354
1.3856752
1.3856902
1.3856215
1.3856789
1.3857116
1.3856341
1.3855895
1.3855047
1.3857167
1.3858685
1.3857673
1.3859276
1.3855994
1.3857685
1.3858293
1.3857405
1.3855569
1.3859943
1.3856608
1.3856319
1.3858166
1.385568
1.3859122
1.3858596
1.3858349
1.3855486
1.3855594
1.3858343
1.3858843
1.3854157
1.3856817
1.3855685
1.386025
1.3855264
1.3857794
1.3857508
1.3856287
1.3858583
1.3857484
1.3857311
1.3859062
1.3856126
1.3859537
1.3857422
1.3857408
1.385742
1.3857578
1.385797
1.3859652
1.3857143
1.3859628
1.3856528
1.3858489
1.3858275
1.3859528
1.3859848
1.385856
1.3860852
1.3856848
1.3857641
1.3857197
1.3859411
1.385808
1.3858418
1.385862
1.3859216
1.3856429
1.3856568
1.3858094
1.3860259
1.3856035
1.3859584
1.3857775
1.385759
1.3859885
1.3857148
1.3855888
1.3860422
1.3858804
1.3855561
1.3859596
1.3858533
1.3857173
1.3855754
1.3856987
1.3854234
1.3860782
1.3858796
1.386026
1.3857489
1.3858972
1.3854821
1.3858082
1.3858985
1.3857821
1.3859153
1.3858281
1.3857678
1.3859421
1.3858811
1.3858491
1.3858436
1.3857098
1.3855906
1.3855814
1.3859993
1.3860493
1.3858062
1.3855907
1.3857349
1.3855871
1.3859198
1.385799
1.385729
1.3859652
1.3857672
1.3857958
1.3861161
1.3860533
1.3856694
1.3854958
1.3860286
1.3858334
1.3858225
1.3858098
1.3857971
1.3859687
1.3856277
1.3858199
1.3859396
1.3855798
1.3858767
1.3858637
1.385733
1.3857428
1.3859528
1.3858398
1.3856891
1.3858339
1.3858055
1.3857822
1.3858589
1.3857028
1.3856821
1.3858361
1.3857292
1.3858289
1.3859625
1.3857992
1.385899
1.386054
1.3862808
1.385862
1.3858798
1.3859541
1.386086
1.3857986
1.385819
1.3859184
1.3859557
1.3860791
1.3859702
1.3859301
1.385908
1.3859288
1.3861094
1.385874
1.3859055
1.385946
1.385819
1.3859484
1.3859446
1.3857082
1.3858861
1.3860636
1.3860159
1.3860888
1.3859072
1.386101
1.3859838
1.3858296
1.3860364
1.386304
1.3859544
1.3860283
1.3860694
1.3860689
1.3860817
1.3860208
1.3860598
1.3858576
1.3860905
1.3860435
1.3860387
1.386121
1.3859518
1.3858384
1.3858786
1.3862687
1.3858519
1.3860933
1.3858179
1.3859432
1.3860418
1.3861818
1.3859621
1.385842
1.3861579
1.3860437
1.3862611
1.3862371
1.3861042
1.385971
1.3858829
1.3859955
1.3861315
1.386211
1.3862025
1.3860424
1.3860492
1.386035
1.3860375
1.3858799
1.3860573
1.3860686
1.3859544
1.3862232
1.3862295
1.3860995
1.3860767
1.3861332
1.3861691
1.3859153
1.385987
1.3859375
1.3861742
1.3861095
1.3862127
1.3859782
1.3860402
1.386035
1.3861486
1.3859389
1.3858953
1.3860526
1.3859763
1.386042
1.3859239
1.3862661
1.3860813
1.3860743
1.3858601
1.3859271
1.3859785
1.3859313
1.3859524
1.3861233
1.3862282
1.3858238
1.3857803
1.3858474
1.3860095
1.3856599
1.3860973
1.3860809
1.3860493
1.3859491
1.3859032
1.385928
1.3861514
1.3860562
1.385937
1.3858457
1.3860083
1.386096
1.3857372
1.3858576
1.386002
1.3859968
1.3860309
1.3859346
1.3860239
1.3859669
1.386166
1.3859974
1.3861678
1.3857477
1.3858963
1.3860611
1.3861192
1.3858532
1.3859367
1.3859894
1.3860941
1.3858417
1.3859644
1.3860149
1.3857565
1.3862333
1.3859688
1.3859402
1.3858923
1.3860401
1.3857608
1.385836
1.3861195
1.3859938
1.3858712
1.3860672
1.3860393
1.3861347
1.3858258
1.3860298
1.3858391
1.3860623
1.3858647
1.3859375
1.3860517
1.3859549
1.385901
1.386173
1.3859742
1.3856815
1.3859961
1.3859472
1.3861264
1.385881
1.3859581
1.3860712
1.3859015
1.3860462
1.3857158
1.3858601
1.3860029
1.3862123
1.3859358
1.3859192
1.3859136
1.3860985
1.3858478
1.3861365
1.3860947
1.386255
1.3862042
1.3857092
1.3860408
1.3861618
1.3860267
1.3862646
1.3860084
1.3861551
1.3859968
1.3861471
1.3860676
1.3861876
1.3861325
1.386316
1.386291
1.3861635
1.3863065
1.3860064
1.3861257
1.3860612
1.3861195
1.386065
1.3861094
1.386357
1.3863041
1.3861712
1.3862904
1.3862618
1.3862513
1.3861303
1.386308
1.3862646
1.3861545
1.3862334
1.3861228
1.3864058
1.3859268
1.386141
1.3865817
1.3863087
1.3862239
1.3863373
1.3862633
1.3866016
1.3862734
1.3862022
1.3863139
1.3861933
1.38621
1.3862944
1.3862906
1.3861172
1.3863548
1.3861172
1.3862085
1.386547
1.3862582
1.3863108
1.3861005
1.386398
1.386386
1.3863208
1.3862572
1.386239
1.3864388
1.3860346
1.3863516
1.3862175
1.3864197
1.3864118
1.3864251
1.3864491
1.3863215
1.3861946
1.3863722
1.3864746
1.3864231
1.3861558
1.38633
1.3862524
1.3862957
1.3863078
1.3862839
1.3862196
1.3863549
1.3862871
1.3862225
1.3864816
1.3863446
1.3861507
1.3864158
1.3863287
1.3864309
1.3865521
1.3863218
1.3862212
1.386134
1.3861407
1.3864422
1.3860729
1.3863745
1.38643
1.3865477
1.3866259
1.3864052
1.3865546
1.386241
1.3863695
1.3865929
1.3865271
1.386278
1.3863531
1.386214
1.3862963
1.3863811
1.3865402
1.3864409
1.3862793
1.386335
1.3863173
1.3864076
1.3863333
1.3864844
1.386106
1.3862282
1.386228
1.3864112
1.3865497
1.3865062
1.3862822
1.3861954
1.3861697
1.3863759
1.3862764
1.3863525
1.3863951
1.3861494
1.38615
1.3861681
1.3864326
1.3862592
1.3860731
1.3863331
1.38638
1.386393
1.3862454
1.3861959
1.3865696
1.3864673
1.3863142
1.3864825
1.3861879
1.3862867
1.3864453
1.3864067
1.3862972
1.386195
1.3861245
1.3862674
1.3864499
1.3863325
1.3863693
1.38631
1.3861184
1.3862426
1.3861377
1.3863207
1.3864077
1.3863298
1.386589
1.3864112
1.3861794
1.385953
1.3861942
1.3864355
1.3863914
1.3862506
1.3860521
1.3865856
1.3862739
1.3862411
1.386253
1.3861556
1.3863881
1.3862263
1.3861914
1.3862276
1.3862936
1.386342
1.3864101
1.3863226
1.3863007
1.3864099
1.386396
1.3863181
1.3861662
1.386427
1.3862602
1.3864346
1.3862548
1.3864616
1.3862551
1.3861915
1.3862122
1.3861927
1.3862804
1.3864881
1.3863829
1.3862393
1.3860592
1.3862104
1.3863851
1.3861132
1.3862791
1.3864119
1.3864851
1.3863065
1.386222
1.386386
1.3862938
1.3863205
1.3864396
1.3864758
1.3863045
1.3862772
1.386253
1.3863704
1.386518
1.3860235
1.3863053
1.3860472
1.3862385
1.3862019
1.3860649
1.386302
1.3861423
1.3861748
1.3861201
1.386026
1.3862739
1.386418
1.386075
1.3864591
1.3861618
1.3862895
1.3862907
1.386244
1.3862568
1.3862883
1.3863937
1.386301
1.3863541
1.386082
1.3861855
1.3860044
1.3863446
1.3862759
1.386221
1.3862113
1.3862445
1.3860823
1.3862307
1.3861519
1.3860699
1.3863997
1.3862759
1.3861619
1.3861213
1.3862015
1.3862112
1.3861281
1.3861547
1.3860421
1.3860295
1.385747
1.3862106
1.3863215
1.3862041
1.3861995
1.3860484
1.3860825
1.3860078
1.3860751
1.3860693
1.3860881
1.3863026
1.3861061
1.3862499
1.3861066
1.3861271
1.3860737
1.3862954
1.3863748
1.3860483
1.3860843
1.3861178
1.3861676
1.3862547
1.3860121
1.3859497
1.3861604
1.3861996
1.3861196
1.386104
1.3858843
1.3860998
1.3860903
1.3857626
1.3858639
1.3863586
1.3861358
1.3860123
1.3860486
1.3859259
1.3862021
1.3860818
1.3859289
1.385913
1.3861845
1.385911
1.3860756
1.3858762
1.3858708
1.3858802
1.3860271
1.3859698
1.3859949
1.3860064
1.3862661
1.3860692
1.3859166
1.3859359
1.3861507
1.3860749
1.386005
1.386223
1.386253
1.3859879
1.3861408
1.3861063
1.3861895
1.386037
1.3861153
1.3859346
1.3860947
1.386119
1.3859562
1.3861171
1.3860644
1.3858767
1.3863671
1.3861026
1.3860061
1.386206
1.3861842
1.3860234
1.3861119
1.3861145
1.3860964
1.3860537
1.3860564
1.386138
1.385975
1.3861618
1.385939
1.3858712
1.3859315
1.3860278
1.3861926
1.3860524
1.3859626
1.3862966
1.3861464
1.3862671
1.3860039
1.3862275
1.3861045
1.3860157
1.3861592
1.3861796
1.3860861
1.3862364
1.3860201
1.3858038
1.3862216
1.3861295
1.3861015
1.3861495
1.3862338
1.3861707
1.3863124
1.3861996
1.3860579
1.3861743
1.3861058
1.386074
1.3862951
1.3860332
1.3863773
1.3862079
1.3860967
1.386111
1.3861899
1.3864388
1.3862664
1.3861754
1.3862166
1.3862127
1.3861233
1.3863478
1.3863885
1.3861611
1.386204
1.3861787
1.386316
1.3862619
1.3862622
1.3862327
1.3861051
1.3863183
1.3863018
1.386156
1.386353
1.3861345
1.3861426
1.3860931
1.3862928
1.3862836
1.3861532
1.386134
1.3863554
1.3861667
1.386248
1.3864603
1.3861173
1.3864518
1.3863738
1.3862625
1.3863457
1.3861914
1.3863174
1.3862383
1.3861943
1.3859305
1.3862435
1.3861009
1.3863935
1.3862188
1.3862734
1.3863722
1.3860465
1.386393
1.3864887
1.3863959
1.3862476
1.3862195
1.3863475
1.3862916
1.3861964
1.3862447
1.3863393
1.385962
1.38641
1.3864019
1.3862462
1.3862402
1.3861271
1.3859879
1.3863473
1.386029
1.386364
1.3863862
1.3864164
1.3863707
1.3862635
1.3863642
1.3862847
1.3862662
1.3862772
1.3864329
1.3863355
1.3863089
1.3864595
1.3865082
1.3863537
1.3862113
1.386188
1.3862647
1.386157
1.3862911
1.3863565
1.3863976
1.3861154
1.3862619
1.3863868
1.3861536
1.3859204
1.386152
1.3862677
1.3861126
1.3859907
1.3861091
1.3861284
1.3863777
1.3864154
1.3862618
1.3861955
1.3862025
1.386145
1.386042
1.3862816
1.3863552
1.3862766
1.3861933
1.3862969
1.3862971
1.3862429
1.386245
1.3863899
1.3861315
1.3860404
1.3861997
1.3862548
1.3862076
1.3859082
1.3860604
1.3861389
1.3862245
1.3861628
1.3859713
1.386097
1.3862201
1.3860677
1.3861915
1.3861107
1.3859115
1.3862541
1.3861239
1.3859788
1.3860438
1.3861014
1.3859518
1.3861533
1.3861551
1.3861811
1.3860234
1.3860806
1.3862091
1.3861626
1.3860792
1.3862892
1.386097
1.3861431
1.3861948
1.3862623
1.3859802
1.3860657
1.3858306
1.3859651
1.3859679
1.385879
1.386128
1.3862294
1.3860179
1.3861935
1.3859503
1.3861173
1.3861246
1.3860056
1.3860755
1.3859797
1.3860139
1.386275
1.3861074
1.3859768
1.3859426
1.3860008
1.3857806
1.3861576
1.3862154
1.3858632
1.3860798
1.3859669
1.3859868
1.3861164
1.3860033
1.3860725
1.3858263
1.3862792
1.3859491
1.3858547
1.3859535
1.3860998
1.3860393
1.3860184
1.3859371
1.3859477
1.3859185
1.3860725
1.3859847
1.3858715
1.3858404
1.3859181
1.3858525
1.385812
1.385887
1.3858728
1.3858544
1.3857615
1.3860217
1.3858656
1.3858588
1.3860536
1.3858134
1.3859326
1.3859674
1.3858961
1.3861792
1.3862183
1.3858224
1.3859978
1.3857726
1.385981
1.3858896
1.385992
1.3857486
1.3858529
1.3859463
1.3860129
1.3863235
1.3859185
1.3861711
1.3859981
1.385985
1.3859205
1.3861221
1.3859942
1.3860207
1.3858544
1.3857317
1.3859776
1.3861837
1.3859701
1.3859295
1.3860115
1.3861088
1.385964
1.3860589
1.3859558
1.3860241
1.3860445
1.385825
1.3860538
1.3859318
1.386023
1.3861461
1.3860439
1.3860794
1.3859311
1.3860129
1.386316
1.3858243
1.3859091
1.3860998
1.3858832
1.3861728
1.3862121
1.3860482
1.3860031
1.385753
1.3858913
1.3858472
1.3862375
1.3859415
1.3861263
1.3861407
1.3859353
1.3859771
1.3860966
1.3859977
1.3860811
1.3861494
1.3859831
1.3859584
1.3860263
1.386239
1.3861353
1.3861842
1.3862311
1.3861316
1.386103
1.386029
1.3859588
1.3861179
1.3863211
1.3858181
1.3859824
1.3862729
1.3861952
1.3858194
1.3860246
1.3862058
1.3861017
1.3861578
1.3862219
1.3860636
1.3860683
1.3857888
1.3862944
1.3859481
1.3861175
1.3859434
1.3860884
1.3859752
1.3860223
1.3861507
1.3861017
1.3860207
1.3859364
1.3862053
1.3860503
1.3858448
1.3861465
1.3858299
1.3858639
1.3858184
1.3857726
1.3859873
1.3861132
1.3859233
1.3859026
1.3858856
1.3859333
1.3857925
1.3859173
1.3860708
1.3859657
1.3859029
1.3859543
1.3858614
1.3857957
1.3856473
1.3857853
1.3857794
1.3859447
1.3859409
1.3854759
1.3857287
1.3857584
1.3858815
1.3854855
1.3856333
1.3859006
1.3856189
1.3859409
1.3858335
1.3857375
1.385614
1.3858186
1.3856381
1.3856503
1.3857168
1.3854599
1.3855435
1.3856205
1.3857919
1.3855857
1.3856674
1.3853062
1.3855518
1.385597
1.3853595
1.3856577
1.3855158
1.3854969
1.3855906
1.3855288
1.3853248
1.3857137
1.385652
1.3856387
1.3853787
1.3855957
1.3855952
1.3854624
1.3854756
1.3852816
1.3853979
1.3854107
1.3852612
1.3854828
1.3853238
1.3854641
1.3854723
1.385433
1.3853287
1.3854126
1.3855276
1.3855958
1.3854336
1.3854208
1.3853526
1.3855655
1.3851985
1.3853501
1.3855376
1.3852836
1.3853465
1.3855681
1.3855094
1.3852744
1.385438
1.3853123
1.3852931
1.3855062
1.3853408
1.3852007
1.3853079
1.3854562
1.3853619
1.3854455
1.3854396
1.3854116
1.3852513
1.3854101
1.3855573
1.385472
1.3854543
1.3855041
1.3853672
1.3855377
1.38543
1.3854058
1.3855102
1.385411
1.3853812
1.3854853
1.3854562
1.3854334
1.3855127
1.385698
1.3853952
1.3855447
1.3856692
1.3855524
1.3854574
1.3856239
1.3857214
1.3852264
1.3854717
1.3855814
1.3854848
1.3855411
1.3857578
1.3856714
1.3855112
1.385849
1.3856857
1.38596
1.3855823
1.3859783
1.3858792
1.3858919
1.3856598
1.3858901
1.3856957
1.3858753
1.3857518
1.3859235
1.3858546
1.3859397
1.3859901
1.3861152
1.3860234
1.3858253
1.3860642
1.3858271
1.3860377
1.3860835
1.3859347
1.38589
1.3861017
1.3862108
1.3859563
1.3860484
1.3863146
1.3863683
1.3857998
1.3860459
1.3860424
1.3861876
1.3862619
1.3862054
1.3861005
1.3861598
1.3862695
1.3862442
1.3861856
1.3862422
1.3862494
1.3860375
1.3862805
1.3863747
1.3861746
1.3864092
1.3861812
1.3859212
1.3864233
1.3863392
1.3864276
1.3863693
1.3860974
1.3862137
1.3861672
1.3864113
1.3862414
1.3864014
1.3860773
1.3862761
1.3861244
1.3860548
1.3861545
1.3863274
1.3862073
1.3860298
1.3861376
1.3862116
1.3861433
1.3865997
1.3862886
1.3863407
1.3862091
1.3860863
1.3861829
1.386007
1.3862349
1.3861912
1.3860207
1.3862299
1.3861704
1.3862481
1.3862342
1.385954
1.3861074
1.3861394
1.3858829
1.3861234
1.386039
1.3859147
1.3859344
1.38621
1.385988
1.3860296
1.385932
1.3860916
1.3859985
1.385918
1.3858213
1.386062
1.3859981
1.3859705
1.3859671
1.3860073
1.3859385
1.3857936
1.3856395
1.3856142
1.38595
1.3859682
1.3859085
1.3859832
1.385683
1.3859996
1.3856554
1.385689
1.3856152
1.385863
1.386003
1.3859584
1.3858687
1.3856717
1.3858334
1.3858488
1.3857025
1.385783
1.385696
1.3858486
1.3857406
1.3858377
1.3856694
1.3857087
1.3856475
1.3855474
1.3858503
1.3857032
1.3857156
1.3857523
1.3856853
1.3856149
1.3855846
1.3856968
1.3856741
1.3856033
1.3858333
1.3856856
1.3855393
1.3856387
1.3856626
1.3855233
1.3855294
1.3856475
1.3857312
1.3858788
1.385684
1.3857031
1.3855706
1.3857559
1.3858328
1.3855026
1.3853775
1.3857883
1.3857509
1.3856888
1.3856741
1.3857837
1.3854824
1.3856592
1.3857648
1.3857561
1.3853465
1.3853922
1.3857876
1.385589
1.3856204
1.3854189
1.3857459
1.3856127
1.3857621
1.3856987
1.3856736
1.3855077
1.3856758
1.3857564
1.3855314
1.3855418
1.3856899
1.385623
1.3853974
1.3856196
1.385696
1.3855523
1.385566
1.3854262
1.3853947
1.3856322
1.385623
1.385881
1.3856274
1.3858913
1.3856168
1.3856546
1.385604
1.3858372
1.3856366
1.3856404
1.3857386
1.3857044
1.3857216
1.3856497
1.3860009
1.3857988
1.3857
1.3857026
1.3855399
1.385741
1.3856099
1.3855802
1.3858596
1.3856441
1.3857814
1.3857266
1.3857458
1.3856635
1.3859009
1.3858124
1.3859448
1.3856655
1.3860848
1.3857626
1.3859901
1.3857712
1.3859621
1.3858528
1.3861729
1.3855708
1.3858894
1.3859528
1.3857563
1.3858467
1.3860259
1.3860697
1.3858972
1.3859577
1.3859699
1.3859955
1.3859309
1.3860985
1.3859982
1.3860596
1.3859143
1.386002
1.3858535
1.3860636
1.3857584
1.3859242
1.3861042
1.3859614
1.3861462
1.3859336
1.3859938
1.3860424
1.3861989
1.3860941
1.3861054
1.3861892
1.3861859
1.3860488
1.3862463
1.3862576
1.3863502
1.3861763
1.3862498
1.3863227
1.3860552
1.3862444
1.3861887
1.3862509
1.3864883
1.3860224
1.386113
1.3862252
1.3860049
1.3862426
1.3862872
1.3862537
1.3861204
1.3864737
1.3862227
1.3862146
1.3864491
1.3863195
1.3863802
1.3861216
1.3862587
1.3862883
1.3864812
1.386297
1.3864172
1.3864458
1.386245
1.3863913
1.3861955
1.3862988
1.3863605
1.3863469
1.3861537
1.3863971
1.3862184
1.3862755
1.386399
1.3864044
1.3861854
1.3863773
1.3862573
1.3863647
1.3864069
1.3861989
1.3862735
1.3861494
1.3864678
1.3866662
1.3864464
1.3864863
1.3861998
1.386426
1.386548
1.386501
1.386553
1.3862685
1.38633
1.3864312
1.3865306
1.3864883
1.3863509
1.3863256
1.386323
1.3861845
1.3865045
1.3859818
1.3863779
1.3863816
1.386295
1.3862356
1.386262
1.3862448
1.3862054
1.3863007
1.3863841
1.3863606
1.3860399
1.38621
1.3862123
1.3862215
1.386427
1.3865817
1.3864144
1.3860788
1.3861814
1.386138
1.3863908
1.3863086
1.3862237
1.386036
1.3863437
1.3860687
1.3863287
1.3861375
1.38621
1.3862554
1.3859385
1.3863039
1.3862875
1.3862535
1.38616
1.3861439
1.3861368
1.3860887
1.3860184
1.3860364
1.3861076
1.3860251
1.3860478
1.3861467
1.3862098
1.3861555
1.3863466
1.3862678
1.3857832
1.3859168
1.3859028
1.3857542
1.3858275
1.385968
1.3861701
1.3859118
1.385804
1.3859009
1.386005
1.3859352
1.3859859
1.3859622
1.3856831
1.3860034
1.3859466
1.3860937
1.385971
1.3857914
1.3857945
1.3858203
1.3856944
1.3857534
1.3858674
1.3856522
1.3860832
1.3858978
1.3858675
1.3858002
1.3859627
1.3857254
1.3858281
1.3856577
1.3858614
1.3859129
1.3856088
1.3857546
1.3860214
1.3856734
1.3857106
1.3857738
1.3858359
1.3859416
1.3857535
1.3858006
1.3855524
1.3857225
1.385973
1.3857026
1.3857125
1.3857362
1.3856851
1.3858631
1.3856897
1.3855823
1.3857126
1.3856936
1.3854992
1.3856679
1.3858877
1.3858169
1.3857948
1.3855212
1.3857212
1.3856478
1.3856324
1.3855929
1.385593
1.3857666
1.3855444
1.3856186
1.3856423
1.3857473
1.3855081
1.3858114
1.3856983
1.385669
1.3855901
1.3857764
1.385541
1.3857851
1.3855051
1.385799
1.3857304
1.3857541
1.3857179
1.3855885
1.3854456
1.3855276
1.3856568
1.385634
1.3857721
1.3855672
1.3856286
1.3855866
1.3855873
1.3859062
1.3858949
1.3858925
1.3857415
1.3856547
1.3857452
1.3855819
1.3856516
1.3857719
1.3857616
1.3856454
1.3858411
1.3856534
1.3857363
1.3856789
1.385638
1.385878
1.3859009
1.3857504
1.3858609
1.3859653
1.3856149
1.3860588
1.3858796
1.3858161
1.3857646
1.3856479
1.3856463
1.3860254
1.3857671
1.3857641
1.3858845
1.385867
1.38566
1.3857217
1.3857809
1.3857859
1.3857126
1.385655
1.385719
1.3860965
1.3857187
1.3859472
1.3858925
1.3858384
1.386069
1.3858815
1.3857371
1.3856394
1.3857309
1.3857814
1.3859562
1.3860117
1.3857633
1.3859998
1.3859015
1.3859673
1.3857497
1.3858681
1.3861188
1.3859258
1.3857496
1.3859582
1.3859434
1.386075
1.3857967
1.3859398
1.3858246
1.3858052
1.3858628
1.3859264
1.3861468
1.3858467
1.38606
1.3860486
1.3859394
1.38598
1.3861113
1.3861247
1.3859221
1.3857473
1.3859272
1.3859465
1.3858997
1.3861827
1.386188
1.3860399
1.3858387
1.3858304
1.3861476
1.3859582
1.3861654
1.3858461
1.3859466
1.386127
1.38595
1.3862091
1.3858879
1.3858687
1.385911
1.3862196
1.3861423
1.3861567
1.3860908
1.3862233
1.3859667
1.3858489
1.3859452
1.3858484
1.3858894
1.3858191
1.3859719
1.3859955
1.3860044
1.3859968
1.3862683
1.3859129
1.3857254
1.3860029
1.3860356
1.3859282
1.3858882
1.386097
1.3860787
1.3859949
1.3861154
1.3862172
1.3861551
1.3862051
1.3862473
1.3861433
1.3861398
1.386089
1.3860368
1.3859873
1.3858544
1.3859571
1.3861058
1.386047
1.3860016
1.3859181
1.3861724
1.3858194
1.3860307
1.3861661
1.3857994
1.3858525
1.3861287
1.3858147
1.3860832
1.3861504
1.3861034
1.3859564
1.3861547
1.3859735
1.3858379
1.386036
1.3860579
1.3859551
1.3859241
1.3861545
1.3858275
1.38612
1.3860815
1.3860198
1.3862579
1.385979
1.3860935
1.386009
1.3860208
1.3860213
1.3859066
1.3860209
1.3860279
1.386059
1.3859507
1.3859891
1.386165
1.3860327
1.3858857
1.385985
1.385983
1.385976
1.3858788
1.3858085
1.3860129
1.3860558
1.385769
1.3862907
1.3859283
1.385929
1.3862013
1.3861138
1.3858799
1.3861614
1.3862594
1.3860903
1.385911
1.3859323
1.386048
1.386169
1.3862405
1.3861644
1.3861773
1.3862289
1.3858188
1.3862498
1.3859373
1.3862488
1.386012
1.3860025
1.3861793
1.3862088
1.3860141
1.3858271
1.3858935
1.3860325
1.3859793
1.3862628
1.3859867
1.3861039
1.3859462
1.3862797
1.3862331
1.3862085
1.3859345
1.3860871
1.3860571
1.3861905
1.3860356
1.3860176
1.3859866
1.386279
1.3861532
1.3858513
1.3861653
1.3861852
1.3859695
1.386075
1.3859655
1.3861804
1.3859396
1.3858405
1.3860348
1.3858329
1.3860749
1.3860496
1.3859661
1.3859434
1.3861682
1.3858969
1.3862879
1.3859128
1.3859724
1.3859367
1.3861462
1.385815
1.3858006
1.3861166
1.3859929
1.385851
1.3861767
1.3858883
1.3859997
1.3858525
1.385894
1.3859856
1.3859249
1.3860486
1.3861052
1.385771
1.3861672
1.3861197
1.3860662
1.385963
1.3859602
1.3858805
1.3860878
1.3860767
1.3861731
1.3859555
1.3860054
1.3862135
1.3859776
1.3859242
1.3860065
1.3859078
1.3861303
1.3861207
1.3857946
1.3860224
1.3861054
1.3860008
1.3862464
1.3860544
1.3859934
1.3859718
1.3860229
1.3860471
1.3859239
1.3860422
1.3860325
1.3858567
1.3860542
1.3860826
1.3861718
1.3860897
1.3858489
1.3861933
1.3860881
1.3861146
1.3859038
1.3859427
1.3859103
1.3858496
1.3861586
1.3858727
1.3855233
1.3859341
1.3859568
1.3858722
1.3861456
1.38599
1.3859612
1.3860611
1.3860743
1.3860725
1.386033
1.3862048
1.3861024
1.3860881
1.3859736
1.385971
1.386099
1.3861392
1.3861085
1.3860316
1.3859267
1.3859247
1.3860683
1.386162
1.3861891
1.3861572
1.3861108
1.3861064
1.3861004
1.3861555
1.3862053
1.3861526
1.3861656
1.3860608
1.3862592
1.3862667
1.3859729
1.3863178
1.3862615
1.386211
1.3861047
1.3859148
1.3861853
1.3859358
1.3861786
1.3858516
1.3858862
1.3861939
1.3860235
1.3861113
1.3861266
1.3860843
1.3863988
1.3859959
1.3860146
1.3860759
1.385904
1.3859085
1.3861963
1.3862633
1.3862005
1.3861353
1.3859903
1.3859966
1.3862082
1.3860673
1.3859682
1.3861861
1.3861675
1.3859973
1.386355
1.3863013
1.3860965
1.3860534
1.3859764
1.3858992
1.3863424
1.386107
1.3863891
1.386056
1.3860476
1.3861786
1.3859581
1.3861428
1.3861533
1.3859648
1.3858317
1.3861091
1.3861175
1.3860676
1.3859318
1.3861085
1.3861158
1.385935
1.3861171
1.3861278
1.3861828
1.3861605
1.3859315
1.3860422
1.3860577
1.3861954
1.3858207
1.3860813
1.3861628
1.3862119
1.3861717
1.3858982
1.3859326
1.3861195
1.3858752
1.3857236
1.3861536
1.3859019
1.3860816
1.385908
1.3861371
1.3860363
1.3860785
1.3860409
1.3858211
1.3859595
1.3859745
1.3859279
1.3859515
1.3858844
1.385853
1.3858744
1.3858006
1.385697
1.385795
1.3860661
1.385897
1.3860713
1.3858496
1.3859829
1.3858343
1.3858976
1.3860697
1.3858689
1.3860376
1.3857692
1.3859227
1.3859882
1.3859696
1.3860109
1.3857349
1.3860683
1.3860226
1.3859686
1.3859023
1.3857958
1.3859049
1.3858936
1.3859061
1.385764
1.3859758
1.3858151
1.3861347
1.3858349
1.3859967
1.3859072
1.3859043
1.3858488
1.3856751
1.3858742
1.3861237
1.3857989
1.3858062
1.3857584
1.3859556
1.3858385
1.3858842
1.3858366
1.3858188
1.3859289
1.3858709
1.385996
1.386002
1.3860027
1.3858992
1.385809
1.3858677
1.3862425
1.3859065
1.3860587
1.3857253
1.3856803
1.3856249
1.3860188
1.386054
1.3859744
1.3859714
1.3856454
1.3860168
1.386092
1.3860457
1.3857766
1.3859649
1.3858395
1.3856883
1.3858073
1.3859104
1.386171
1.3858988
1.3862251
1.3856649
1.385886
1.3858192
1.3858243
1.3858398
1.3858203
1.3858722
1.3857303
1.3860358
1.3856834
1.3857952
1.3859056
1.3858894
1.3858553
1.3859874
1.3858162
1.3861145
1.3858134
1.385866
1.3859881
1.3860102
1.3858321
1.3860623
1.3862358
1.3859085
1.385882
1.3857813
1.386121
1.3860878
1.3857812
1.3858975
1.3858668
1.3859305
1.3860462
1.3856577
1.3859192
1.3861313
1.3858181
1.3860687
1.3858863
1.3858935
1.3860936
1.3860425
1.3860697
1.3861046
1.3859243
1.3858777
1.3862326
1.3859981
1.385999
1.3858957
1.3859797
1.3860177
1.3857317
1.3857739
1.3858467
1.3860986
1.3861184
1.3861374
1.3860952
1.3861156
1.385942
1.386043
1.3860937
1.3859338
1.3861167
1.3860466
1.3863039
1.3859011
1.3859584
1.3860039
1.3859805
1.3860807
1.3860909
1.3861221
1.3861105
1.3859832
1.3861065
1.3860148
1.3861053
1.386067
1.3859842
1.3861144
1.3860956
1.3860813
1.3861698
1.3860054
1.3859198
1.3860106
1.3859211
1.3858842
1.386061
1.3857709
1.3858873
1.3860595
1.3859621
1.3860137
1.3859966
1.3860294
1.3861475
1.3858178
1.3859539
1.3859931
1.3857763
1.3858458
1.3860171
1.3860053
1.3857859
1.3859547
1.3861096
1.3858702
1.3860191
1.3861927
1.3861178
1.3861183
1.3859411
1.3860611
1.3859423
1.3860394
1.3860495
1.3859992
1.3860161
1.385903
1.3857359
1.3861418
1.3857603
1.38585
1.3859211
1.38588
1.3857374
1.3857203
1.3860395
1.385754
1.3859992
1.3862252
1.3858535
1.3860711
1.386043
1.3860157
1.3859414
1.3860636
1.3860383
1.3860269
1.3859407
1.3860083
1.3858734
1.3860111
1.3860275
1.3860534
1.386009
1.385911
1.3861241
1.385878
1.3860102
1.3857961
1.3859173
1.3860486
1.3860322
1.3858238
1.3860425
1.3860263
1.3860987
1.3859042
1.385965
1.3861834
1.3859873
1.3860551
1.3861322
1.3859432
1.3860539
1.3861351
1.3857616
1.3858727
1.3860871
1.385962
1.3859254
1.3858
1.3860729
1.3860496
1.3861628
1.3860649
1.3860663
1.3862157
1.3862711
1.38639
1.3860674
1.3860035
1.3859775
1.3861462
1.3861468
1.3861198
1.3862066
1.386128
1.3862419
1.3861811
1.3862066
1.3860648
1.3860734
1.3861134
1.3863602
1.385964
1.3862648
1.3862026
1.3860737
1.3864043
1.3861636
1.3860638
1.3861516
1.3861248
1.386212
1.3862034
1.3860546
1.3863345
1.3861849
1.3862689
1.3863614
1.3861328
1.3863095
1.3861036
1.3861067
1.386185
1.3862348
1.3862575
1.3861265
1.3860662
1.3863395
1.3862989
1.3863547
1.3861431
1.3862962
1.3860865
1.3861396
1.3863767
1.3863137
1.3861603
1.3862386
1.3864622
1.3862786
1.3862185
1.3861313
1.3863413
1.386356
1.3861936
1.3861403
1.3863488
1.38642
1.3861446
1.3863482
1.3863153
1.3862066
1.386072
1.3860251
1.3862337
1.3862442
1.3860515
1.3862236
1.3861798
1.3865491
1.3861641
1.3862462
1.386282
1.3865414
1.3862462
1.3863876
1.3861974
1.3864378
1.3862089
1.38624
1.3864075
1.3862276
1.3865534
1.3863753
1.386075
1.386096
1.3863591
1.3859895
1.3860935
1.3864406
1.3863069
1.3863432
1.3861946
1.3863217
1.3862816
1.3860826
1.3863682
1.3863187
1.3861215
1.3865446
1.38622
1.3862516
1.386339
1.3861718
1.3861611
1.3864961
1.3863044
1.3860289
1.3862337
1.3864094
1.3863205
1.3863434
1.3862896
1.3862224
1.3860649
1.386398
1.3862798
1.3860961
1.3864515
1.3859745
1.3861713
1.3863086
1.3862402
1.3860776
1.3860948
1.3862432
1.3861353
1.3861161
1.3863565
1.3862424
1.3860301
1.386292
1.3863704
1.3860902
1.3862691
1.3862518
1.3860772
1.386089
1.386194
1.3861957
1.3862338
1.3862264
1.3862451
1.3863586
1.3862832
1.3861628
1.3862122
1.3861862
1.386207
1.386393
1.386045
1.3862213
1.3860548
1.3859062
1.3861732
1.3862098
1.3860803
1.3862727
1.3861203
1.3863683
1.3862504
1.3859644
1.386227
1.3860534
1.386105
1.3861423
1.386304
1.3861008
1.3862082
1.3863007
1.3861972
1.3861074
1.3863053
1.3860117
1.3860728
1.3859247
1.3858024
1.3859583
1.3859663
1.3861481
1.3860242
1.386194
1.3859954
1.3860624
1.3861655
1.3860148
1.3861078
1.3861359
1.386191
1.3859543
1.3860085
1.3860444
1.3860829
1.3861965
1.3862066
1.3861053
1.3861431
1.3859243
1.3861551
1.3862331
1.3860934
1.3862548
1.3860387
1.38629
1.3864597
1.3860401
1.3858868
1.3861914
1.3861679
1.3863647
1.3861545
1.3862149
1.386226
1.3860462
1.3860983
1.3860967
1.3860441
1.386077
1.38627
1.3860531
1.3860065
1.3858703
1.386082
1.385819
1.386259
1.3860713
1.3860677
1.3861781
1.3861221
1.3861903
1.3861332
1.3856177
1.3860654
1.3861805
1.3863317
1.3857775
1.386162
1.3860171
1.3858404
1.3860803
1.3858533
1.3859917
1.3860283
1.3860244
1.3860317
1.3860478
1.385972
1.3860539
1.3859085
1.3859326
1.3861842
1.3859448
1.3860233
1.3861061
1.3860215
1.3861973
1.3860362
1.385954
1.3858006
1.386017
1.3858011
1.386026
1.3862028
1.3860967
1.3859793
1.3859626
1.3859478
1.3861437
1.3860295
1.3860016
1.3859551
1.3858099
1.3860111
1.3859811
1.3860248
1.385965
1.3859022
1.3859059
1.3858546
1.3860278
1.386139
1.3857948
1.385831
1.3860162
1.3856963
1.3857876
1.3858076
1.3860052
1.3860562
1.3858355
1.3858553
1.3861467
1.385786
1.3861004
1.3860977
1.3859135
1.3860863
1.3860286
1.3858849
1.385707
1.3859972
1.3859575
1.3861722
1.3858395
1.3856814
1.3860289
1.3858899
1.3859483
1.3859358
1.3858566
1.3859332
1.3858409
1.3859761
1.3859476
1.3858018
1.3860254
1.3858873
1.3859168
1.3858958
1.3859078
1.3860049
1.3858448
1.3860599
1.3858683
1.3859748
1.385755
1.3858194
1.3859091
1.3857884
1.3857844
1.3858799
1.385902
1.3859526
1.3859273
1.3857328
1.3859997
1.3858141
1.3858528
1.3859546
1.3857497
1.3859253
1.3858892
1.3859636
1.3857037
1.3857977
1.3860788
1.3859587
1.3858385
1.385883
1.3858511
1.3858539
1.3857157
1.3859392
1.3861712
1.3858676
1.3857262
1.3859801
1.3857719
1.3858411
1.3859535
1.3860527
1.3857245
1.3857409
1.3858111
1.385864
1.3857535
1.3859203
1.3858792
1.3859744
1.3856454
1.3860027
1.386118
1.3858073
1.3859497
1.3858342
1.3858117
1.3859091
1.3861299
1.3859122
1.3857899
1.3858086
1.3860363
1.3858721
1.3858205
1.3858888
1.3858722
1.3858452
1.3856809
1.3858349
1.3857911
1.3858941
1.3857448
1.3858792
1.3858078
1.3858695
1.3858516
1.3860397
1.3858342
1.3858067
1.385911
1.3858569
1.3858745
1.3857169
1.3859237
1.3858091
1.385941
1.3858585
1.3860294
1.3857673
1.3858373
1.3858728
1.3858144
1.3859899
1.3857399
1.3859056
1.3855932
1.3858114
1.3857943
1.3858827
1.3858782
1.3857641
1.3858567
1.3859036
1.3858296
1.3858833
1.3858483
1.3859116
1.3860213
1.3858116
1.385971
1.385847
1.3859655
1.3858929
1.3857203
1.3857098
1.3859048
1.38563
1.3861622
1.3858601
1.3860551
1.3857514
1.3858242
1.3857479
1.385881
1.3856436
1.3858213
1.3857356
1.3857524
1.3857656
1.3857324
1.3857794
1.3857224
1.3860575
1.3856127
1.3859582
1.385688
1.3858117
1.3859627
1.385897
1.3858646
1.3857576
1.3860711
1.3860359
1.385733
1.3857241
1.3858088
1.3855699
1.3858937
1.3857719
1.3858858
1.3859904
1.3858951
1.3858503
1.3857695
1.3859581
1.3858691
1.3859425
1.3857145
1.3856592
1.3860235
1.3859022
1.3857212
1.3857247
1.3857692
1.3857203
1.385642
1.3859558
1.3859771
1.3856896
1.3856784
1.385635
1.3857309
1.3858926
1.3856608
1.3859504
1.3857713
1.3857384
1.3858099
1.3857086
1.3859142
1.3859462
1.3857722
1.3857609
1.3858924
1.3858781
1.385913
1.3858367
1.3858321
1.3858522
1.3858998
1.3857266
1.3858709
1.3859876
1.3858058
1.3859165
1.3859035
1.3861861
1.3857545
1.3857094
1.3857932
1.3858749
1.385913
1.3856033
1.3859849
1.3860276
1.3858252
1.3861799
1.3856401
1.3858223
1.3856933
1.3859607
1.38604
1.3859962
1.3858575
1.3857782
1.3859907
1.3859469
1.3856962
1.3859602
1.3859489
1.3858047
1.3859031
1.3857764
1.3860657
1.3858744
1.3858595
1.3859245
1.3860387
1.38587
1.3858726
1.3858154
1.3859986
1.3860179
1.3859808
1.3859596
1.3857753
1.3860573
1.3858256
1.3860129
1.3859748
1.3861679
1.3860495
1.3859969
1.3860716
1.3858105
1.3858565
1.386004
1.3860366
1.3859881
1.385702
1.3860575
1.3859844
1.38613
1.3857948
1.3861622
1.3859279
1.3859066
1.3858532
1.3858061
1.3861692
1.3859277
1.3861493
1.3859603
1.3859206
1.3859277
1.3857977
1.3859128
1.3859563
1.3860312
1.3860394
1.3856838
1.3858773
1.3859924
1.3859459
1.3860031
1.3862429
1.3860332
1.3860416
1.3861973
1.3861187
1.3860251
1.3861145
1.3857818
1.3861157
1.3860148
1.3859131
1.3855467
1.3859069
1.385712
1.386053
1.385962
1.3862225
1.3861042
1.3859166
1.386164
1.3859307
1.3859317
1.3860378
1.3859048
1.3856877
1.3860679
1.3859869
1.3860807
1.3859817
1.3857993
1.3860732
1.3861699
1.3861797
1.3859733
1.3860162
1.3857838
1.3859066
1.3857986
1.3859885
1.3859342
1.3858862
1.385848
1.3860327
1.3859164
1.38605
1.3857869
1.3861026
1.3856287
1.3860401
1.3857257
1.3860925
1.3859258
1.3858392
1.386031
1.385853
1.3857497
1.3859746
1.385918
1.3860165
1.3858818
1.3857174
1.3857623
1.3859335
1.3855938
1.3858995
1.3856869
1.3860748
1.3858236
1.3858624
1.3857895
1.3857552
1.3859179
1.3858308
1.3857565
1.385547
1.3859785
1.3856404
1.3857841
1.3856109
1.3857336
1.3856936
1.3858248
1.3855792
1.3857323
1.3857377
1.385899
1.3858333
1.3858962
1.385776
1.3857205
1.3855791
1.3857807
1.3857148
1.3855809
1.3856453
1.3858082
1.3856813
1.385481
1.385648
1.3855275
1.3857718
1.3856852
1.3859084
1.3852968
1.3857932
1.3854634
1.3857234
1.385599
1.3855263
1.3856094
1.3856426
1.385677
1.3856801
1.3855854
1.3855833
1.3854109
1.3855625
1.3852764
1.3856368
1.3858306
1.3854645
1.3856422
1.3854266
1.3856395
1.3856971
1.3856654
1.3854996
1.3855706
1.3855797
1.3855625
1.3855906
1.3855314
1.385788
1.3855996
1.385535
1.3855937
1.3855168
1.3856211
1.3853276
1.3854225
1.3855293
1.3854308
1.3856164
1.3853562
1.3854285
1.385593
1.3853421
1.3854177
1.385499
1.3857058
1.385614
1.3855976
1.3856317
1.3854424
1.3857087
1.3856192
1.3855495
1.3856922
1.3855972
1.3855836
1.3856252
1.385452
1.3854518
1.3856347
1.3856416
1.38558
1.3853288
1.3857578
1.3853004
1.3856302
1.3854977
1.3855944
1.3854233
1.3856654
1.3854877
1.3855015
1.3856765
1.3857296
1.3854105
1.3853691
1.3855532
1.3854642
1.3854944
1.3857247
1.3857578
1.3855313
1.385631
1.3855987
1.3856906
1.3856255
1.3854696
1.3855473
1.3855373
1.3855578
1.3857337
1.3853588
1.3856505
1.385594
1.3855444
1.3856075
1.3854977
1.3855766
1.3855187
1.385273
1.3855741
1.3855954
1.3855256
1.3853564
1.3856435
1.3854533
1.3857615
1.3855013
1.3856574
1.3857131
1.3856037
1.3854996
1.3857126
1.3856502
1.3857131
1.3854613
1.3855559
1.3855276
1.3855404
1.385455
1.385708
1.3856046
1.3855385
1.3857479
1.3855095
1.3854617
1.3858258
1.3858258
1.3856108
1.3858023
1.3854012
1.3855759
1.3855257
1.3857182
1.3858476
1.3856772
1.3855902
1.3857571
1.3856177
1.3855433
1.385772
1.3856583
1.3856281
1.3856841
1.3855573
1.3856407
1.385466
1.3855944
1.385539
1.3858308
1.3854556
1.3855977
1.3856373
1.3857918
1.3857213
1.3856481
1.3858105
1.385726
1.3857276
1.3853798
1.385582
1.3856608
1.3855305
1.385832
1.3856114
1.3857133
1.3856424
1.3855394
1.3856585
1.3860552
1.3856148
1.3858398
1.3855404
1.3857555
1.3856453
1.3858664
1.3856986
1.3856459
1.3858112
1.3857188
1.3855592
1.3858597
1.3858131
1.385912
1.3858691
1.3857579
1.3856736
1.3857527
1.3857648
1.3857569
1.3857552
1.3856992
1.3857172
1.38589
1.3857888
1.3856367
1.3858976
1.3859392
1.3858851
1.385679
1.3858147
1.3857027
1.3858542
1.3859755
1.3859131
1.3857368
1.3856527
1.3858194
1.3856446
1.3859357
1.3856802
1.3859502
1.3858916
1.3858848
1.385813
1.3856362
1.3856788
1.3857723
1.385834
1.3859115
1.3858372
1.3857266
1.386014
1.385707
1.3856951
1.3859519
1.3857307
1.3860375
1.3858112
1.3861119
1.3857952
1.3862276
1.3857771
1.38585
1.3857622
1.3859605
1.385881
1.3860803
1.3856943
1.3861094
1.3859768
1.3859876
1.3858005
1.3860344
1.3859434
1.3859867
1.3860736
1.3857546
1.3859504
1.3860298
1.3858701
1.3858994
1.3860903
1.3860104
1.3861259
1.3860214
1.3859379
1.386158
1.3859348
1.3859879
1.3858453
1.3859694
1.3860046
1.3861587
1.3858366
1.3859677
1.3858951
1.3860457
1.3860797
1.3860227
1.3859053
1.3861101
1.3861752
1.386056
1.3859589
1.3862196
1.3859417
1.3860974
1.3860115
1.38591
1.3860812
1.3857043
1.3861204
1.3859608
1.3860103
1.3859315
1.3856084
1.3859733
1.3859047
1.3859584
1.3859488
1.3861226
1.3857832
1.386022
1.3861557
1.3860263
1.3860726
1.3860805
1.3861457
1.3859136
1.3859648
1.3860121
1.3861004
1.3858366
1.3861498
1.38615
1.3861421
1.3859584
1.3861736
1.3860896
1.3861834
1.3861055
1.3861352
1.3860223
1.3862234
1.3860189
1.3860425
1.3860192
1.386012
1.3859861
1.3860974
1.3860697
1.3860224
1.3859059
1.3860904
1.386
1.3859587
1.3859863
1.3861547
1.3860582
1.3861041
1.3860748
1.3859468
1.385898
1.3861122
1.3859524
1.3861238
1.3861762
1.3860295
1.3859273
1.3859212
1.3859308
1.3858584
1.3861027
1.3859668
1.3860812
1.3860203
1.3860154
1.3861471
1.3858707
1.3858913
1.3859555
1.385835
1.3860203
1.3859922
1.3857474
1.3859668
1.3860134
1.3858194
1.3860219
1.3858743
1.3862848
1.3858194
1.3860172
1.3858322
1.38596
1.3859987
1.3858038
1.3857782
1.3860091
1.3859164
1.3857137
1.3858963
1.385931
1.3857306
1.3857858
1.3857894
1.3860073
1.3857157
1.385968
1.3859379
1.3859849
1.3861479
1.3857065
1.3859222
1.3860064
1.3858426
1.3857851
1.3856268
1.3857571
1.3857325
1.3856672
1.3857418
1.3859712
1.3857999
1.3859133
1.3859733
1.3860165
1.3860613
1.3858804
1.3860095
1.385857
