1.3230193
1.3332295
1.3404824
1.345867
1.3441483
1.3458685
1.3450822
1.3479016
1.3485969
1.3508806
1.3502702
1.3503913
1.3531908
1.3544687
1.3551201
1.35445
1.3557961
1.3562855
1.3570207
1.3596257
1.3618845
1.364076
1.3630146
1.3637099
1.368025
1.3662112
1.3697709
1.3695786
1.3685125
1.3712748
1.3715992
1.3733562
1.3750283
1.3750391
1.3748335
1.377376
1.377778
1.3818324
1.3791678
1.3815737
1.3836663
1.3848156
1.3862646
1.3845862
1.3856881
1.3878647
1.3883687
1.3888445
1.3891747
1.3908081
1.3932374
1.3903317
1.3908573
1.3892506
1.3895023
1.3883462
1.3889576
1.3884001
1.3885336
1.3870897
1.3866392
1.3862238
1.3857723
1.3858862
1.3858638
1.3855389
1.3854098
1.3851868
1.3850518
1.3844894
1.384169
1.3839846
1.3837245
1.3836788
1.3836255
1.3833798
1.3832461
1.3833795
1.3828274
1.3831491
1.3823156
1.3816293
1.3812637
1.3810643
1.3814491
1.3809276
1.3815055
1.3815035
1.3813156
1.3810195
1.3815566
1.3817892
1.3823612
1.3816519
1.3817815
1.3816558
1.3823389
1.3824255
1.3823512
1.3822948
1.3827496
1.3826895
1.3828944
1.3829391
1.3832208
1.3834053
1.3832383
1.384128
1.3842324
1.3843374
1.3845595
1.3847239
1.3842276
1.3846457
1.3849974
1.3852192
1.3850695
1.3853161
1.3857393
1.3858156
1.3859558
1.3855544
1.3860167
1.3862652
1.3859047
1.385254
1.384758
1.3842802
1.3841537
1.3835295
1.3832952
1.3831517
1.3825178
1.3815354
1.3821236
1.3818502
1.3825026
1.3817543
1.3824078
1.3831084
1.3834366
1.3842956
1.3830135
1.3843925
1.3842176
1.3848243
1.3851386
1.3856554
1.38665
1.3868567
1.3869233
1.3864049
1.3864144
1.3869423
1.3867973
1.3871362
1.3875489
1.3865653
1.3869307
1.3866748
1.3860178
1.3853395
1.3849438
1.3851682
1.3844856
1.3840036
1.3834257
1.3833524
1.3836883
1.3835981
1.3832335
1.383463
1.3830596
1.3834766
1.3837888
1.3838444
1.3837762
1.3842777
1.384966
1.3857063
1.3865696
1.386166
1.387199
1.3877707
1.3882484
1.3879461
1.3887709
1.3880706
1.3878775
1.3859421
1.3840641
1.3838186
1.3836757
1.3831846
1.3833672
1.3836137
1.3837565
1.3842628
1.3842965
1.3847944
1.3845987
1.385272
1.3862526
1.3861641
1.386228
1.3866659
1.3865385
1.3870969
1.3865572
1.3878018
1.3871017
1.3869722
1.3863881
1.3860657
1.3855135
1.3850933
1.3853464
1.3853384
1.3854312
1.3853624
1.3855014
1.3861367
1.3857088
1.3860363
1.386012
1.386572
1.3864388
1.3862916
1.3865722
1.3868009
1.3866984
1.3867387
1.3863751
1.3861555
1.3861855
1.3855193
1.3856865
1.3856045
1.3854977
1.3860581
1.3857214
1.3861474
1.3863277
1.3861576
1.38611
1.386065
1.3862839
1.3862605
1.3860546
1.3859698
1.3859924
1.385687
1.3857883
1.3859162
1.3858868
1.3860447
1.3860188
1.3859957
1.3860327
1.3861507
1.3860191
1.3859959
1.3856981
1.3857819
1.3854865
1.3856795
1.3857623
1.3857197
1.3859537
1.3858497
1.385868
1.3861256
1.3860852
1.3860943
1.38553
1.3856604
1.385687
1.3857974
1.3854588
1.3858148
1.3859439
1.3860127
1.3857539
1.3858627
1.3857956
1.3858303
1.3858815
1.3856654
1.3852926
1.3853617
1.3853115
1.385701
1.3854018
1.3857143
1.3857656
1.3857689
1.3858981
1.3856153
1.3854841
1.3854688
1.3854078
1.38554
1.3855461
1.3856868
1.3856024
1.3853579
1.3856559
1.3857521
1.3856134
1.3855377
1.385726
1.3857241
1.3854109
1.3856912
1.3861107
1.3858051
1.3855324
1.3856567
1.3858106
1.3857446
1.3859009
1.38553
1.3858025
1.3858118
1.3858529
1.3858628
1.3859191
1.3859409
1.3860389
1.3857665
1.3859825
1.3862925
1.38615
1.3861694
1.3863157
1.385972
1.3858643
1.3861969
1.3862528
1.386177
1.3864326
1.386469
1.386532
1.3863274
1.3865253
1.3863586
1.3865842
1.3866214
1.3863691
1.3866533
1.3870007
1.3864251
1.3866531
1.3865441
1.3867579
1.3868295
1.3864515
1.3867193
1.3865066
1.3865354
1.3864235
1.3868818
1.3865014
1.3864272
1.3864691
1.3865758
1.3866059
1.3864397
1.3865573
1.3866187
1.3867723
1.3865138
1.3865608
1.3863821
1.3865473
1.3862158
1.3862671
1.3863467
1.3864597
1.3864018
1.3861685
1.3863642
1.3861979
1.3861012
1.3861563
1.3863544
1.3863446
1.3863665
1.3862073
1.3859516
1.3860168
1.3861551
1.3859785
1.3860363
1.3860017
1.3858566
1.3859613
1.3860555
1.3858743
1.3859144
1.3861717
1.3860241
1.3856969
1.3858688
1.3858925
1.3858976
1.3860794
1.3858495
1.3858403
1.3861114
1.3857098
1.3859614
1.3858098
1.3857958
1.3856826
1.3856095
1.3857578
1.3855655
1.3856833
1.385651
1.3859097
1.3857398
1.3858157
1.3858783
1.3855673
1.3857504
1.3856337
1.3860531
1.3855494
1.3855026
1.3854736
1.385473
1.3856561
1.3857887
1.3856758
1.3855537
1.3857907
1.3857391
1.3855844
1.3856956
1.3853445
1.385876
1.3855493
1.385595
1.3858454
1.3857168
1.3857926
1.3854859
1.385713
1.3856025
1.3857752
1.3855647
1.3857355
1.3856082
1.3854681
1.3854634
1.3859149
1.3858002
1.3857373
1.3856453
1.3856902
1.3855267
1.385446
1.3856704
1.3857406
1.3855865
1.3855263
1.3857616
1.3855039
1.3855785
1.3856976
1.385739
1.3854039
1.3855013
1.3857425
1.3857272
1.3855281
1.3858216
1.3855457
1.3855245
1.3855848
1.3855886
1.3855507
1.3856384
1.3856719
1.385633
1.3854874
1.385468
1.3855022
1.3856001
1.385546
1.3855076
1.3856857
1.3855821
1.3856804
1.3855685
1.3855833
1.3854489
1.3855531
1.3859054
1.3854309
1.3855401
1.3854672
1.3855034
1.3852881
1.3856235
1.3853887
1.3854654
1.3854693
1.385474
1.3854116
1.385432
1.3855284
1.3855834
1.3854225
1.3855543
1.3856776
1.3855233
1.3853109
1.3854373
1.3854771
1.3853718
1.385491
1.3856801
1.3856497
1.3854474
1.3856609
1.3856112
1.3855809
1.3854324
1.3857402
1.3855995
1.3853341
1.3857015
1.3853017
1.3855027
1.3855873
1.3856312
1.3854476
1.3854196
1.3855057
1.38563
1.3855026
1.3854045
1.3855029
1.3857859
1.3857108
1.385693
1.3855366
1.3856536
1.3855925
1.3855727
1.3856412
1.385586
1.3854704
1.3855373
1.3857046
1.3858243
1.3854138
1.385488
1.3859247
1.3854719
1.38545
1.3854392
1.3854706
1.3857507
1.3855447
1.3856262
1.3857173
1.3853427
1.385403
1.3856177
1.3855722
1.3854444
1.3855385
1.385626
1.38545
1.3854685
1.3856272
1.3853939
1.3854128
1.3853688
1.3857515
1.3853875
1.3856486
1.3855549
1.3854742
1.3856171
1.3853219
1.385626
1.3854809
1.3855592
1.3854612
1.385528
1.3856978
1.3854133
1.3854995
1.3854398
1.3855511
1.3855149
1.3856754
1.3856936
1.3854069
1.3855965
1.3855022
1.3855649
1.3855605
1.3855733
1.385643
1.3855836
1.3855184
1.3853956
1.3854767
1.3854185
1.385487
1.3851979
1.3856524
1.3853791
1.3855861
1.3855357
1.3854719
1.3854964
1.3854249
1.3854246
1.3857572
1.3853846
1.385493
1.3854622
1.385453
1.3854107
1.3854979
1.3853496
1.3853631
1.385608
1.3855388
1.3857758
1.385587
1.3854666
1.3854644
1.3855286
1.3853843
1.3856872
1.3855003
1.3854036
1.385594
1.3854575
1.3853736
1.3858584
1.3854114
1.3856648
1.3854331
1.3854902
1.3856958
1.3854883
1.3855624
1.3856523
1.3857391
1.3854684
1.3854451
1.3855344
1.3856066
1.3854402
1.3854971
1.3855447
1.3856136
1.3855268
1.3855335
1.3854947
1.3853928
1.3854564
1.3857113
1.3853424
1.3857476
1.3853936
1.3856426
1.385693
1.3854221
1.3856227
1.3854176
1.3854666
1.3854166
1.3857198
1.3855587
1.3856604
1.3856902
1.3858088
1.3854164
1.3854535
1.3857108
1.3856052
1.3855822
1.385479
1.3852547
1.385234
1.3854389
1.3856667
1.3854557
1.3855426
1.3855454
1.3857704
1.3854979
1.3855528
1.3854465
1.3855032
1.3855534
1.385529
1.385505
1.3854452
1.3855913
1.3854139
1.3854452
1.3854469
1.3856211
1.3855278
1.3854469
1.3853823
1.3854134
1.3856245
1.3855848
1.3855807
1.3854278
1.3854252
1.385541
1.3855563
1.3855298
1.385846
1.3858328
1.3853567
1.3854345
1.3855696
1.385675
1.3854817
1.3852651
1.385508
1.3855627
1.3855646
1.385372
1.3854078
1.3857515
1.3855782
1.3853844
1.3854436
1.3851472
1.3851972
1.3853344
1.3856254
1.3855405
1.385599
1.3856211
1.3855032
1.3856175
1.3853292
1.3853756
1.385488
1.3853803
1.3854536
1.3855041
1.385288
1.3855294
1.3855206
1.3854082
1.3857005
1.3855728
1.3854822
1.3856941
1.3854953
1.3854793
1.3853483
1.385334
1.3854023
1.3855033
1.3854662
1.3855187
1.3855119
1.385295
1.3854764
1.3854908
1.3854386
1.3853983
1.385383
1.385284
1.385827
1.3855268
1.3852638
1.3854405
1.3853558
1.3852073
1.3853703
1.3857033
1.3852981
1.3854617
1.3854561
1.3856179
1.385466
1.3854712
1.3855753
1.3856608
1.3852985
1.3856128
1.3858254
1.385635
1.3856508
1.3855407
1.3855017
1.3853945
1.385496
1.3853586
1.3855664
1.3855562
1.3855094
1.3853601
1.385241
1.3854637
1.3855872
1.3854197
1.3853818
1.3853214
1.3855547
1.3855934
1.3854011
1.3853693
1.385589
1.3856019
1.3854603
1.3856052
1.3852874
1.3854818
1.3851742
1.3854088
1.3855503
1.3858055
1.3855677
1.3857039
1.3855923
1.3854607
1.3856088
1.3853554
1.3852789
1.3854358
1.3854901
1.385497
1.3861821
1.3856786
1.3854272
1.3852781
1.3848698
1.3850096
1.38519
1.3847764
1.3853765
1.3856027
1.3858178
1.3857068
1.3858544
1.3856825
1.3856541
1.3856643
1.3855687
1.3854039
1.3852962
1.3851775
1.3856264
1.3853716
1.3857857
1.3858577
1.3854039
1.3855393
1.3854226
1.3854784
1.3855677
1.3852025
1.385616
1.3854079
1.3855461
1.3853077
1.3855336
1.3855348
1.3854957
1.3858051
1.3854755
1.3855097
1.3857583
1.3858323
1.3854643
1.385748
1.3856623
1.3854182
1.3854804
1.3855938
1.3853601
1.3855232
1.3855373
1.3853716
1.3858086
1.3855914
1.3856354
1.3857664
1.3852843
1.3856267
1.3854145
1.3853962
1.3856586
1.3854325
1.3852898
1.3855118
1.3853157
1.3856047
1.3854898
1.3853921
1.3855096
1.3853693
1.38554
1.3856239
1.3856764
1.3855156
1.3854692
1.3854704
1.3855085
1.3854469
1.3855572
1.3855053
1.3855338
1.385356
1.3854761
1.3856266
1.385438
1.3854604
1.3857535
1.3853555
1.385445
1.3855739
1.3853687
1.3854346
1.385417
1.3856149
1.3854692
1.3854482
1.3853408
1.3854357
1.3853896
1.385605
1.385464
1.3855342
1.3853554
1.3856525
1.3856825
1.3856851
1.3852494
1.385773
1.3856838
1.3853678
1.3857113
1.3854587
1.3856037
1.3853952
1.3858775
1.3854622
1.3853884
1.3852428
1.3850412
1.3852351
1.3852552
1.3852803
1.3855485
1.3855587
1.385884
1.385537
1.3854109
1.3855828
1.3855026
1.3855253
1.3855057
1.3853416
1.3852129
1.3854616
1.3854834
1.3855975
1.385633
1.3854383
1.3855661
1.3854551
1.3855824
1.3854656
1.3853204
1.3854686
1.3853457
1.3850902
1.3853077
1.3854233
1.385454
1.3854494
1.3853974
1.3856945
1.3856204
1.3855596
1.3856562
1.3854685
1.3854876
1.3854889
1.3855288
1.3854159
1.3852478
1.385495
1.385365
1.3855859
1.3854995
1.385427
1.3852879
1.3854792
1.385423
1.3858033
1.3853794
1.3854816
1.3855286
1.3853707
1.3854972
1.3855826
1.3854218
1.3855064
1.3855792
1.3852913
1.3851997
1.3854125
1.385562
1.3855814
1.3855196
1.3855107
1.3854635
1.3852816
1.3855339
1.3853863
1.3855177
1.3854399
1.3856897
1.3852848
1.3854488
1.3854516
1.3854812
1.3856236
1.385497
1.3854114
1.385466
1.3853431
1.3853815
1.3852459
1.3855474
1.385609
1.3854525
1.385695
1.3854345
1.3853827
1.3855114
1.3854555
1.3853047
1.3855667
1.3855059
1.385506
1.3852568
1.3854129
1.3854795
1.3855385
1.3855075
1.3854294
1.3856872
1.3854489
1.3854184
1.3853647
1.3855476
1.3855798
1.3854996
1.3856615
1.3858391
1.385644
1.3855594
1.3854531
1.3854465
1.3853362
1.3852106
1.3849539
1.385466
1.3858175
1.3860954
1.3855625
1.3848569
1.384476
1.3846734
1.384714
1.3847729
1.3852127
1.3851731
1.3858259
1.3860726
1.386241
1.385959
1.3860121
1.3857793
1.385775
1.3853543
1.3854213
1.384627
1.3849529
1.3853413
1.3854488
1.3862957
1.386011
1.3856453
1.3854494
1.3852582
1.3852708
1.385272
1.3855118
1.385293
1.3853525
1.3854818
1.385518
1.385598
1.3855796
1.3857216
1.3855367
1.3854618
1.3854898
1.3856429
1.3853835
1.3854818
1.3854761
1.3856832
1.3852097
1.3855002
1.3852701
1.3861852
1.3858683
1.3857336
1.3854907
1.38538
1.385486
1.3852993
1.3855842
1.3854924
1.3853554
1.3852195
1.3854762
1.3854324
1.3856302
1.38543
1.3854387
1.3854032
1.385399
1.385726
1.3855304
1.3855579
1.3854742
1.3855969
1.3856179
1.3854215
1.3854568
1.385471
1.3854057
1.3854262
1.3858134
1.3853903
1.385562
1.385211
1.3855106
1.3854967
1.3853933
1.3854074
1.3854268
1.3856312
1.3855077
1.3857313
1.3854786
1.3854253
1.3855369
1.3852911
1.3855852
1.3853396
1.3854588
1.3856821
1.3854895
1.385496
1.3854992
1.3855788
1.3854966
1.3853657
1.3855529
1.3854249
1.3854243
1.3854537
1.3854392
1.3853989
1.3854933
1.3856649
1.3854051
1.3852713
1.3854121
1.3852769
1.3855765
1.3856375
1.3854358
1.3855776
1.3854045
1.385701
1.3852254
1.3855047
1.3853217
1.3855939
1.3852719
1.3854585
1.3852366
1.3853936
1.3852516
1.3853675
1.3852173
1.3855377
1.3855131
1.3853608
1.3854252
1.3853205
1.3857769
1.3856366
1.3854433
1.3854911
1.3852886
1.3856585
1.3853568
1.3851944
1.3850534
1.3853449
1.3852228
1.3861862
1.3860835
1.3859884
1.3851752
1.3847877
1.3848488
1.3849533
1.3849472
1.3853378
1.385582
1.3858323
1.3856966
1.3858429
1.3858824
1.3856734
1.3857614
1.3855683
1.3855518
1.3853598
1.3854394
1.3853801
1.385288
1.3854936
1.3855004
1.3855461
1.3855581
1.3856018
1.3856757
1.3855392
1.3853292
1.3852443
1.3855072
1.3856398
1.3853617
1.3853232
1.3854659
1.3855244
1.3853927
1.3854965
1.385329
1.3853203
1.3856871
1.3855237
1.3853478
1.3855928
1.3853837
1.3856914
1.3855705
1.3854595
1.3854903
1.3853704
1.3853017
1.385518
1.3855295
1.3856342
1.385479
1.3853782
1.3855778
1.385541
1.3852535
1.3854767
1.3853512
1.3854673
1.3855001
1.385463
1.3853827
1.3855457
1.3855184
1.3853197
1.3855168
1.3856189
1.3853104
1.3853298
1.3852129
1.3854302
1.3853525
1.3853
1.3855047
1.385324
1.3855457
1.3854383
1.3853565
1.3853123
1.385796
1.3853186
1.3854707
1.3855976
1.38539
1.3854215
1.3853498
1.3855822
1.3854396
1.3856492
1.3853168
1.3855104
1.3855247
1.3854908
1.3854901
1.3854469
1.3854383
1.385389
1.3855158
1.3853642
1.3855582
1.3855277
1.3854862
1.385599
1.3855405
1.3852204
1.385492
1.3852344
1.385363
1.3853921
1.3853791
1.3853956
1.3853403
1.385287
1.3853939
1.3853788
1.3853604
1.3853569
1.3853526
1.3853576
1.3853074
1.385281
1.385592
1.3855009
1.3855677
1.3856701
1.3855788
1.3853364
1.3854222
1.385301
1.3852848
1.385423
1.3858175
1.3858024
1.3854978
1.3853725
1.3848919
1.3847975
1.3845494
1.3852124
1.3852187
1.3859676
1.3858259
1.3857193
1.385886
1.3858653
1.3858722
1.3856282
1.3856859
1.3856121
1.3852745
1.3851925
1.3851612
1.3847966
1.3855054
1.3860645
1.3859985
1.3857486
1.3858157
1.3854529
1.3853822
1.3853114
1.3851589
1.3853071
1.3851211
1.3853946
1.3853652
1.38527
1.3856201
1.385498
1.3853872
1.3855118
1.385429
1.3853759
1.3857621
1.3855783
1.3853192
1.3853909
1.3854216
1.3854544
1.3854431
1.3855473
1.3854536
1.385339
1.3853557
1.385534
1.3854138
1.3854241
1.3853403
1.3854584
1.3853935
1.3853306
1.3855213
1.3854486
1.3854914
1.3854088
1.3852345
1.3857918
1.3854468
1.3856856
1.3855114
1.3854074
1.3855777
1.3855906
1.3854549
1.3855283
1.3854887
1.3855808
1.3852005
1.3854164
1.3855981
1.3851213
1.3853047
1.3854
1.3858083
1.3855679
1.3857844
1.3852681
1.3852649
1.3853261
1.3855764
1.3853854
1.3854443
1.3855594
1.3856065
1.3853875
1.3854672
1.3855418
1.3853155
1.385633
1.3853617
1.3855435
1.3852987
1.3854126
1.3853424
1.3852172
1.3852435
1.3856307
1.3854722
1.3853285
1.3854816
1.3854932
1.3852689
1.3853699
1.3852534
1.3856026
1.3854477
1.3853385
1.3853556
1.3851557
1.3854581
1.3856573
1.3854011
1.3853012
1.3854252
1.385526
1.3855073
1.3856106
1.3857826
1.3854666
1.3852679
1.3854809
1.385392
1.3855829
1.3859632
1.3857555
1.3854691
1.3853431
1.3851391
1.3849835
1.3849276
1.3851643
1.3852434
1.3853141
1.3854046
1.3854926
1.3857298
1.3859288
1.3855128
1.3857427
1.3858066
1.3853241
1.3853647
1.3853897
1.3849453
1.3854973
1.3853325
1.3864311
1.3858882
1.3855429
1.3855851
1.3854228
1.3854933
1.3852667
1.3851758
1.3854724
1.3853865
1.3854449
1.3854513
1.3851962
1.3854089
1.3853989
1.3858223
1.3855499
1.3854952
1.3856106
1.3854024
1.3855072
1.3856163
1.3853405
1.3854505
1.385409
1.3852205
1.3853666
1.3855276
1.3853785
1.3855999
1.3851508
1.385264
1.3854338
1.3855675
1.3853623
1.3856249
1.385344
1.3854793
1.385556
1.385334
1.3855066
1.3854349
1.3854074
1.3853146
1.3853455
1.3853407
1.3852781
1.3853679
1.3853462
1.3854259
1.3852408
1.3852298
1.3854195
1.3854843
1.3854523
1.3856448
1.3854948
1.3854774
1.3852671
1.3855959
1.3853878
1.3855028
1.3853434
1.385533
1.3853389
1.3854195
1.3853382
1.3856213
1.3853273
1.3854892
1.385232
1.3854243
1.3854141
1.385489
1.3851818
1.3853717
1.385436
1.3856016
1.3855448
1.3854368
1.3853407
1.3851562
1.3853129
1.3852453
1.3852655
1.3858112
1.3856075
1.3858408
1.3856158
1.3854146
1.3855684
1.3850203
1.3852745
1.3854345
1.385572
1.3854641
1.38543
1.3854535
1.3857119
1.3857064
1.3855429
1.385407
1.3854221
1.3853674
1.3854145
1.3851957
1.3851578
1.3855044
1.3854215
1.3853394
1.3855181
1.3855762
1.3854232
1.3855704
1.3854032
1.3854041
1.3853643
1.3852601
1.3852686
1.3854629
1.385569
1.3853449
1.3852005
1.3854614
1.3854164
1.3854444
1.3856899
1.3852898
1.3855435
1.3852224
1.385342
1.3853463
1.385353
1.3853337
1.3852104
1.3855321
1.3852879
1.3854349
1.3853168
1.3854401
1.3852385
1.3852109
1.3852583
1.3852159
1.3855451
1.3852465
1.3854297
1.385279
1.3857014
1.3853784
1.3856903
1.3853922
1.3852001
1.3853117
1.3852066
1.3853363
1.3853955
1.385393
1.3855675
1.3856379
1.3853528
1.3856483
1.3853577
1.3854196
1.3853152
1.3852633
1.3854167
1.3853179
1.3854928
1.3854109
1.3857124
1.3853929
1.3855166
1.385376
1.385504
1.3851765
1.3853928
1.385279
1.3853836
1.3853731
1.3851806
1.3853611
1.3855181
1.3854035
1.3857108
1.3852955
1.3853147
1.3855494
1.3854157
1.3854703
1.3854584
1.3854374
1.3851979
1.385171
1.3852607
1.3854089
1.3854843
1.3853765
1.38526
1.3851696
1.385337
1.3854111
1.3853533
1.3854864
1.3856062
1.3857752
1.385645
1.3854979
1.385495
1.3853171
1.3852593
1.3850836
1.3855661
1.3855263
1.3855141
1.3854183
1.3853482
1.3852888
1.3853831
1.3854514
1.3852831
1.3855824
1.3853344
1.3855823
1.3855373
1.3856028
1.3853685
1.3856218
1.3853849
1.3854038
1.385448
1.3853737
1.3853796
1.3853765
1.3852904
1.3857731
1.3857251
1.3860984
1.385487
1.3852644
1.3849466
1.3849709
1.3846356
1.3851627
1.3850758
1.3852729
1.3855789
1.3858385
1.3858143
1.3857158
1.3856013
1.3858023
1.3855429
1.3853923
1.385515
1.3854728
1.3852913
1.3852118
1.3852954
1.3852302
1.3854117
1.3856146
1.3856707
1.3857703
1.3856803
1.38548
1.3853581
1.3851707
1.3853139
1.3855512
1.3854508
1.3854691
1.3855143
1.3855257
1.3853942
1.3852396
1.385453
1.3853459
1.385319
1.3852518
1.3854594
1.3855515
1.3851833
1.3854885
1.385275
1.3852215
1.3854725
1.3855525
1.3856595
1.3856349
1.3853772
1.3854543
1.3855358
1.385307
1.3851866
1.3853526
1.3854336
1.3852748
1.3853807
1.3852971
1.3856562
1.385336
1.3856605
1.3855518
1.3853848
1.3854775
1.3854355
1.3853579
1.3854996
1.3852197
1.3855628
1.3854176
1.3854636
1.3851724
1.3855817
1.3854345
1.3857435
1.3855466
1.3854297
1.3854604
1.3856001
1.3853604
1.385356
1.3855512
1.3854097
1.3854246
1.3854468
1.3853449
1.3854933
1.3854173
1.3853927
1.3854783
1.3853203
1.3851626
1.3852056
1.3853207
1.3852592
1.3854417
1.3852843
1.3857871
1.3854805
1.3856571
1.3856243
1.3856086
1.3855011
1.3853211
1.3853772
1.3854575
1.3854417
1.3854189
1.3855784
1.3855072
1.3855946
1.3855652
1.3856112
1.3854777
1.3851516
1.3851875
1.3851438
1.3851118
1.38534
1.3851745
1.385302
1.3854657
1.3854026
1.3856034
1.3857007
1.3855561
1.385655
1.3854657
1.3852663
1.3851479
1.3855499
1.3851811
1.3852216
1.385324
1.3853077
1.385492
1.385532
1.3853792
1.3852912
1.3853889
1.3855783
1.3854917
1.38545
1.3856114
1.3854277
1.3852589
1.3850952
1.3854965
1.3853762
1.3851745
1.3854741
1.3855791
1.3856788
1.3854959
1.3856288
1.3854417
1.3856747
1.3854043
1.3856611
1.3852785
1.3854976
1.3853894
1.385447
1.3851919
1.3855643
1.3853058
1.385491
1.3857331
1.3853505
1.3856615
1.3854295
1.3855506
1.3854519
1.385539
1.3855019
1.3854761
1.3855855
1.3853921
1.3853573
1.3852614
1.3855513
1.3853731
1.3853655
1.3854995
1.385295
1.3856903
1.3855376
1.3852094
1.3854688
1.3855915
1.3853505
1.385611
1.3853283
1.385719
1.385754
1.3854475
1.3857087
1.3851931
1.3853086
1.3853382
1.3850762
1.3852541
1.3852549
1.3851345
1.3852835
1.3854033
1.3853966
1.3854907
1.3854545
1.3855777
1.3854282
1.3855485
1.3853604
1.3854613
1.3852392
1.3855298
1.3851686
1.385324
1.3854095
1.3855098
1.3853725
1.3855935
1.3856292
1.3854032
1.3853185
1.3855131
1.3852758
1.3854252
1.3853233
1.3852394
1.3854262
1.3854926
1.3854526
1.3854717
1.3854891
1.3852615
1.3854358
1.3852801
1.3852607
1.3854806
1.3853594
1.3853098
1.385514
1.3853385
1.3853891
1.3853273
1.3855557
1.3854533
1.3853868
1.3853703
1.385354
1.385593
1.3852018
1.385197
1.38557
1.385244
1.3852522
1.3854969
1.3854244
1.3853903
1.3853757
1.3854386
1.3857145
1.3854345
1.3853602
1.3853731
1.3856056
1.3852024
1.3852353
1.3856751
1.3855163
1.3851194
1.3853172
1.385451
1.3857117
1.3853412
1.3855186
1.385269
1.3854156
1.385607
1.3850708
1.385279
1.385356
1.385451
1.3852743
1.3856932
1.3856132
1.3855162
1.3853508
1.3850803
1.3851228
1.385228
1.3854538
1.3855435
1.3856219
1.3856566
1.3857514
1.3857203
1.385426
1.3852384
1.3853732
1.3856725
1.385223
1.3852775
1.3853792
1.3853965
1.3852254
1.3852962
1.3852988
1.3854073
1.3858122
1.3853631
1.3854238
1.3854461
1.3854321
1.3853418
1.3852835
1.3855611
1.38534
1.3852977
1.3854634
1.385578
1.385423
1.3854903
1.3853471
1.3856643
1.385537
1.3851932
1.3853993
1.385374
1.3852125
1.3853637
1.3852354
1.3853116
1.38543
1.3852814
1.3851656
1.3854793
1.3852497
1.3853929
1.3852257
1.3855325
1.3853319
1.3855509
1.3853164
1.3851818
1.3851445
1.3854927
1.3854812
1.3852156
1.3854023
1.3853681
1.3854905
1.385527
1.3853565
1.3855097
1.3855827
1.3857391
1.3854858
1.3852578
1.3854773
1.3852652
1.3853457
1.3854023
1.3855499
1.3852892
1.3854047
1.3852669
1.3854958
1.3854151
1.3856125
1.3852772
1.3852872
1.3852234
1.3854496
1.3855816
1.3855156
1.3855019
1.3854308
1.3855195
1.3852369
1.3853151
1.3855063
1.3853183
1.3854926
1.3852588
1.3853964
1.3855755
1.3852638
1.3854396
1.3853676
1.3854157
1.385355
1.3852098
1.3853859
1.3853328
1.3855435
1.3854389
1.3852688
1.385474
1.3854483
1.385444
1.3853825
1.3855791
1.385493
1.385466
1.3854731
1.385384
1.3852637
1.3853457
1.385443
1.3854976
1.3854303
1.3850957
1.3853143
1.3851504
1.3851709
1.3854234
1.3854233
1.3856407
1.3856218
1.385574
1.3854026
1.3854246
1.3854746
1.3851516
1.3854185
1.3853048
1.3857538
1.3856739
1.3854418
1.3853744
1.3854634
1.3853843
1.3853347
1.3852091
1.3852816
1.385576
1.3850726
1.3853467
1.3855814
1.3854185
1.3854594
1.3853643
1.3855747
1.3852173
1.3854402
1.3855534
1.3856738
1.3854438
1.3855892
1.3851776
1.385406
1.3854944
1.3851588
1.3851875
1.385391
1.3856555
1.3856158
1.385253
1.3854616
1.3852832
1.3855352
1.3852426
1.3852552
1.3852595
1.3851577
1.3851328
1.3854405
1.3852646
1.3854321
1.3854926
1.3852803
1.3854259
1.3854336
1.3852803
1.3855503
1.3851538
1.3854132
1.385497
1.3852762
1.3854371
1.3854883
1.3854413
1.3854898
1.3853
1.3851093
1.3853406
1.385693
1.3853998
1.3855277
1.3854338
1.3854933
1.3852785
1.3853173
1.3851782
1.3852816
1.3852046
1.385613
1.3854188
1.3854964
1.3854032
1.3855975
1.3852847
1.3854758
1.3852793
1.3854042
1.3856776
1.3855149
1.3854904
1.385134
1.3854854
1.3853388
1.385236
1.3851951
1.3852576
1.3853055
1.38582
1.3854383
1.385466
1.3854886
1.3852609
1.3853316
1.3851614
1.385448
1.3853809
1.385275
1.3852081
1.385212
1.3853929
1.3855456
1.3858002
1.3855815
1.3852981
1.3851058
1.3852044
1.3851404
1.3851284
1.385456
1.3855889
1.3854147
1.3852625
1.3857092
1.3854202
1.3855405
1.3855618
1.3853294
1.3853915
1.3853402
1.3853521
1.3853112
1.3853351
1.3855605
1.3853197
1.3853637
1.3855683
1.3855766
1.3854204
1.3852855
1.3855835
1.3854039
1.3852304
1.3853475
1.3853803
1.3856148
1.3854532
1.3853546
1.3852636
1.3854215
1.385226
1.3854535
1.3853077
1.3853354
1.3852657
1.3853786
1.3854061
1.3853695
1.3852808
1.3855993
1.3853106
1.3856533
1.3853842
1.3853998
1.3854165
1.3852876
1.3852208
1.3854079
1.3850955
1.3855181
1.3855132
1.3853687
1.3853196
1.3853594
1.3854376
1.3855127
1.3852476
1.3856096
1.3853219
1.3852293
1.3853465
1.3855664
1.3853502
1.3853514
1.3854603
1.3854511
1.3852583
1.385521
1.3852607
1.3851805
1.385251
1.3854147
1.3855509
1.3853877
1.3852638
1.3853872
1.3852758
1.3854177
1.3852878
1.3854463
1.3856797
1.3854767
1.3857088
1.3854547
1.3855852
1.3855387
1.3852458
1.3851908
1.3852018
1.3850926
1.3852687
1.3851879
1.3855933
1.385839
1.3859526
1.3857918
1.3854061
1.3850262
1.3848516
1.3846245
1.3846812
1.3852686
1.3853339
1.3855149
1.3857108
1.3857962
1.3861651
1.3856187
1.3854562
1.3857903
1.3855956
1.3852654
1.3853786
1.3851345
1.385418
1.3853177
1.3851678
1.3852011
1.3854142
1.3851315
1.3853775
1.3853962
1.385539
1.3856324
1.3853178
1.3853197
1.385329
1.3854461
1.385624
1.3854818
1.3855009
1.385328
1.3851724
1.3851036
1.385232
1.385304
1.3854383
1.3853891
1.3853731
1.3853723
1.3855474
1.3851119
1.3854519
1.3853287
1.3855195
1.3853407
1.3854691
1.3853662
1.3853337
1.3853116
1.3853506
1.3853654
1.3853998
1.3854098
1.3852546
1.3853637
1.3855759
1.3852437
1.3853086
1.385329
1.3854705
1.3853393
1.3853459
1.3853711
1.3851948
1.3856306
1.3852981
1.3853779
1.3853914
1.3856027
1.3853923
1.3852553
1.3852313
1.3855823
1.3852972
1.3852915
1.3852563
1.3854914
1.3851347
1.3853892
1.3855295
1.3853128
1.3853954
1.385533
1.3854774
1.385297
1.3854231
1.3853579
1.3853121
1.3850765
1.3855678
1.3853356
1.3853171
1.385504
1.3855422
1.385449
1.3853159
1.3854431
1.3854972
1.3852443
1.3851603
1.3852392
1.385576
1.3853254
1.3853508
1.3854418
1.3853827
1.3858608
1.3852186
1.3854374
1.3856049
1.3854221
1.3854605
1.3852816
1.3851715
1.3855809
1.3854212
1.3852516
1.3854213
1.3852142
1.3854979
1.3855172
1.3852619
1.3851081
1.3851563
1.3852249
1.3851242
1.3851886
1.3853521
1.3855333
1.385466
1.3856281
1.3853865
1.3854251
1.3853724
1.3853922
1.3852502
1.385252
1.385189
1.3854442
1.3853414
1.3854119
1.3856865
1.3850902
1.3855174
1.3854247
1.385345
1.3852726
1.3856163
1.385424
1.3854162
1.3852895
1.3853723
1.3850124
1.3853298
1.3852434
1.3855505
1.3852013
1.3854539
1.3855804
1.3853973
1.385344
1.385387
1.3853096
1.3853745
1.3853439
1.3855467
1.3853899
1.385751
1.3853253
1.3853363
1.3854122
1.3854251
1.3852203
1.3853906
1.3855538
1.3853394
1.3853645
1.3853402
1.3854957
1.3850701
1.3852621
1.385378
1.3851849
1.3854622
1.385448
1.385232
1.3854729
1.3853627
1.3854976
1.3855759
1.3856596
1.3853788
1.3851618
1.3853035
1.3854952
1.38563
1.3852562
1.3854579
1.3852856
1.3852476
1.3853942
1.3854426
1.3852218
1.3854191
1.3850957
1.3853974
1.3852552
1.3851957
1.3852736
1.3852669
1.3854494
1.3857119
1.3855103
1.3854645
1.3855321
1.3854284
1.3854547
1.3850935
1.3853813
1.3853024
1.3852819
1.3853117
1.3853077
1.3855206
1.3853565
1.3851342
1.3852314
1.3850777
1.385157
1.3852719
1.3852991
1.3849465
1.3852651
1.3856431
1.3854052
1.3854284
1.3855377
1.3854527
1.3857255
1.3853657
1.385541
1.3852582
1.3851681
1.3852155
1.3854189
1.3850873
1.3850363
1.3855048
1.385492
1.3854203
1.3854781
1.385637
1.3852682
1.385165
1.3854585
1.3852239
1.3851652
1.3853456
1.3853091
1.3853903
1.3852795
1.3854911
1.385335
1.3854222
1.3854167
1.3854067
1.3852059
1.3854392
1.3852603
1.3851955
1.3853781
1.3853549
1.3850641
1.3851318
1.3853542
1.3851321
1.3850877
1.3852116
1.3852756
1.3855165
1.3855705
1.3853639
1.3852892
1.3852499
1.3851341
1.3851359
1.385296
1.3854394
1.3857862
1.3855004
1.3853275
1.3855121
1.3854551
1.3856268
1.3853683
1.3854325
1.3854146
1.3854026
1.3851093
1.3854864
1.3852828
1.3852786
1.3855836
1.3853402
1.38559
1.3854862
1.3852924
1.3854785
1.3850387
1.385255
1.3850348
1.3855231
1.3852038
1.3853256
1.3851805
1.3853124
1.3852537
1.3853246
1.3852264
1.3854691
1.3851764
1.3853966
1.3851552
1.385427
1.3852822
1.3852525
1.3853347
1.3853903
1.3850554
1.3854136
1.3855587
1.3851839
1.3854833
1.3851452
1.3851377
1.3853093
1.3852326
1.3855081
1.3854672
1.3851993
1.3851945
1.3853308
1.3852205
1.3852739
1.3850689
1.3854142
1.3852375
1.3855442
1.3852386
1.3852422
1.3852938
1.3854078
1.3851767
1.3854868
1.3853389
1.3851833
1.3854674
1.3854923
1.3854952
1.385379
1.3853664
1.3854557
1.3852454
1.3853023
1.3852553
1.3853234
1.3852631
1.3853383
1.3853508
1.3852526
1.3853445
1.3852859
1.3852916
1.385558
1.3854998
1.3854033
1.385395
1.3853455
1.3853164
1.3850564
1.3852528
1.385457
1.3856213
1.3854679
1.3856696
1.3852772
1.385181
1.3851349
1.3853523
1.385243
1.3851255
1.3853666
1.3855028
1.3856345
1.3854876
1.385396
1.385414
1.3856555
1.3856125
1.3854456
1.3856897
1.3851131
1.3853437
1.3851738
1.3852522
1.3852879
1.3853078
1.3857403
1.3856701
1.3853775
1.3850976
1.3853191
1.385628
1.3853247
1.3852143
1.3852485
1.3853656
1.3853937
1.3856734
1.3853226
1.3852675
1.3852564
1.38527
1.3855033
1.3850982
1.3854381
1.3853027
1.3853396
1.3854054
1.3854481
1.3854336
1.3855295
1.3852515
1.3853006
1.3853046
1.3852996
1.3855383
1.3853735
1.385274
1.3852948
1.3853118
1.3853744
1.3854924
1.3853236
1.3854148
1.3854477
1.3856544
1.3852774
1.3851881
1.3850969
1.3855041
1.3857393
1.3855091
1.3856692
1.3857175
1.3853115
1.385376
1.3852011
1.3848264
1.3851836
1.3851516
1.3853198
1.3854129
1.3854946
1.385602
1.3856064
1.385674
1.3854547
1.385385
1.3854543
1.385191
1.3854153
1.3854136
1.3851694
1.3852891
1.3851783
1.3853499
1.3853637
1.3857399
1.3855351
1.3851775
1.3856064
1.3853723
1.3853203
1.3851993
1.3852407
1.3851818
1.3851589
1.3852671
1.3853176
1.3852575
1.385394
1.3853973
1.3851725
1.385445
1.3854676
1.3854203
1.3857119
1.3853633
1.3851544
1.385459
1.3854846
1.3853508
1.3855054
1.3853238
1.3854196
1.3852693
1.385469
1.385874
1.3854389
1.385321
1.3853807
1.385656
1.3855742
1.3854457
1.3854386
1.3851429
1.3852603
1.3850946
1.3850912
1.385436
1.3851843
1.3854843
1.3852497
1.385309
1.3854685
1.3856506
1.3853234
1.3853838
1.3851576
1.3854003
1.3852545
1.3854355
1.3853607
1.3854945
1.3852314
1.3852627
1.3851597
1.3853706
1.3852612
1.3854061
1.3852934
1.385287
1.3853664
1.385059
1.3853579
1.3855855
1.385491
1.385416
1.3852419
1.3852925
1.3853511
1.3853642
1.3852301
1.3851845
1.3854952
1.3854609
1.3855046
1.3855153
1.3853617
1.3852756
1.3853025
1.3853928
1.3854933
1.385204
1.3853
1.3852679
1.3854275
1.3856521
1.3855062
1.3854209
1.3852355
1.3850912
1.3850988
1.3853631
1.3851779
1.3853942
1.3852352
1.3852276
1.3854488
1.3854712
1.3854437
1.3855066
1.3854494
1.3854717
1.385096
1.3853207
1.3851174
1.3851312
1.3852059
1.3852292
1.385402
1.3853188
1.3852714
1.3853451
1.3854285
1.3853537
1.3855067
1.3852593
1.3854963
1.3853782
1.385642
1.3851506
1.385222
1.3856586
1.3852427
1.3855169
1.3856364
1.3854457
1.3849694
1.3856795
1.3855792
1.3853824
1.385379
1.3854685
1.3854616
1.385446
1.3851769
1.3850476
1.385581
1.3853693
1.3851379
1.3853786
1.3855442
1.3855039
1.3854698
1.3852925
1.3853339
1.3853452
1.385326
1.3851577
1.3854761
1.3856205
1.3851331
1.3853576
1.3856522
1.3855615
1.3852366
1.3852333
1.3852913
1.3852402
1.3852968
1.3855131
1.3855009
1.3854828
1.385498
1.385376
1.3854725
1.3853538
1.3851817
1.3856176
1.3853078
1.3851516
1.3852878
1.385349
1.3853906
1.385212
1.3852739
1.3855071
1.3852891
1.3858261
1.3854285
1.3853881
1.3855257
1.3851893
1.385239
1.3852141
1.3854088
1.3853142
1.3850737
1.3852433
1.3853887
1.3852323
1.3857075
1.3854475
1.3851918
1.3853058
1.3853909
1.385052
1.3852506
1.3854399
1.3854513
1.3852903
1.3854327
1.3856207
1.3852773
1.3854815
1.3857075
1.3855484
1.3855289
1.385409
1.385116
1.3853452
1.3854365
1.3854609
1.3851966
1.3858124
1.385238
1.3855263
1.3855306
1.384977
1.3851289
1.3851975
1.385175
1.3853604
1.3855346
1.3857014
1.3852515
1.3853959
1.3854151
1.3852066
1.3854841
1.3854455
1.3854513
1.3853546
1.3854644
1.3853036
1.3853174
1.3852911
1.3853621
1.3852017
1.3853945
1.3853256
1.3850749
1.3854078
1.3853283
1.3851546
1.3853769
1.3850883
1.3851522
1.3856013
1.38556
1.3854952
1.3853177
1.3852583
1.3852409
1.3857203
1.3857073
1.3854119
1.3853083
1.3852901
1.3855835
1.3851448
1.3854654
1.3854107
1.3853472
1.385346
1.3852327
1.3855065
1.3855219
1.385342
1.3852631
1.3852385
1.3853351
1.3852737
1.3852214
1.3850929
1.3855416
1.385382
1.3851297
1.3855869
1.3853922
1.3856354
1.3856162
1.3854952
1.3854611
1.3853601
1.3852223
1.3852897
1.3855038
1.3854079
1.3851869
1.3851215
1.3850908
1.3851062
1.3852519
1.3854572
1.3851199
1.3856301
1.3854291
1.3853041
1.3851573
1.3852639
1.3851727
1.3853077
1.3851662
1.3853881
1.3852099
1.3854449
1.3853971
1.3854467
1.3854456
1.3853788
1.3852394
1.3853383
1.3852725
1.3853542
1.385379
1.3853309
1.3853292
1.385478
1.3853288
1.3852426
1.385319
1.3853748
1.385458
1.3852525
1.3854188
1.3853643
1.3853763
1.38533
1.3853256
1.3853927
1.3855803
1.3850439
1.3852627
1.3855281
1.3852193
1.3854313
1.3853952
1.3853592
1.385307
1.385509
1.3854879
1.3852416
1.3852001
1.385271
1.3852994
1.3850399
1.3854498
1.3856822
1.385264
1.3853334
1.3854989
1.3853945
1.3853372
1.3853033
1.3852676
1.3853083
1.3853999
1.3853298
1.3853427
1.3851833
1.3852494
1.3852237
1.3852565
1.3853639
1.3853972
1.3853334
1.3853986
1.385375
1.3853129
1.385259
1.3852317
1.3850468
1.3854012
1.3854584
1.3853015
1.3852328
1.3854597
1.3854687
1.3850816
1.3855582
1.3853061
1.3855671
1.3853804
1.3853213
1.3853035
1.3854548
1.3852031
1.385436
1.3854321
1.3850597
1.3852997
1.3851665
1.3856132
1.3854456
1.385415
1.385592
1.385657
1.3856113
1.3853973
1.385349
1.3853666
1.3852082
1.3856008
1.385213
1.3853909
1.3851455
1.3852795
1.3852783
1.3853284
1.3853551
1.3853846
1.3857425
1.3856083
1.3855413
1.385433
1.3851506
1.3853256
1.3851744
1.3853643
1.3852466
1.385315
1.3852957
1.3852082
1.3851988
1.3852422
1.385674
1.385302
1.3854057
1.3855085
1.3853875
1.3851906
1.3853567
1.385455
1.3857012
1.3852296
1.3853827
1.3853743
1.3855734
1.3854816
1.3853306
1.3853879
1.3854244
1.3852345
1.3853033
1.3854071
1.3852284
1.3853939
1.3851588
1.3854284
1.3856153
1.3852407
1.3852423
1.3849466
1.3851492
1.385695
1.3852417
1.3852326
1.3853191
1.3854787
1.385206
1.3854537
1.3851148
1.3852196
1.3851353
1.3852738
1.3852408
1.3852837
1.3853273
1.3853493
1.3852327
1.3851794
1.3855752
1.3851155
1.3853765
1.3852304
1.3854641
1.3851323
1.3851568
1.3851018
1.3851134
1.3853867
1.3851504
1.38539
1.3852047
1.3853593
1.3855925
1.3851697
1.3854011
1.3853549
1.3854536
1.3853748
1.3851451
1.385081
1.3851362
1.3850102
1.3850981
1.3852073
1.3854933
1.3851955
1.3856403
1.3852478
1.3855159
1.3854728
1.3855056
1.3853662
1.3852948
1.3853445
1.3853331
1.3851446
1.3853087
1.3853083
1.3852756
1.3854332
1.3852949
1.3853878
1.3853176
1.3855546
1.3857112
1.3855165
1.3854263
1.385223
1.3852835
1.3854326
1.3853296
1.38526
1.3851871
1.3853737
1.3853365
1.3855124
1.3852496
1.3856488
1.3855766
1.3851418
1.3854171
1.3854141
1.3851951
1.3853459
1.3853334
1.3852078
1.3852954
1.3854822
1.3855058
1.385391
1.3853035
1.3854271
1.3854713
1.38511
1.3853284
1.3855013
1.3853158
1.38526
1.3854059
1.3855118
1.3856044
1.3854158
1.3855177
1.3851635
1.3854609
1.3856665
1.3852702
1.3854151
1.3856047
1.3854856
1.3853378
1.3853425
1.3853079
1.3851992
1.385253
1.3851236
1.3853756
1.3857318
1.3853954
1.385583
1.385285
1.3854736
1.3852971
1.3853434
1.3855041
1.3852944
1.3853116
1.3849934
1.3855311
1.385486
1.3853716
1.3853031
1.385493
1.3854496
1.385265
1.3853375
1.3854564
1.3854704
1.385185
1.385389
1.3854557
1.3851525
1.3853692
1.3853444
1.385125
1.38525
1.3853375
1.3852545
1.3856047
1.3854828
1.3856063
1.3851519
1.3852533
1.3852743
1.3853949
1.3853554
1.3853406
1.3850609
1.3850417
1.3854264
1.3855172
1.3853025
1.3854474
1.3854443
1.3854113
1.3854336
1.3852702
1.3853028
1.3854209
1.3855342
1.3853844
1.385266
1.3851961
1.385329
1.3852326
1.3852688
1.3853859
1.385132
1.3853
1.3856434
1.3852268
1.38524
1.3852991
1.3854655
1.385676
1.3853557
1.3854264
1.3850969
1.385305
1.3852562
1.3854238
1.3854413
1.3855687
1.3853039
1.385202
1.3855859
1.3852786
1.3853335
1.3851979
1.3855653
1.3851309
1.3855041
1.3854752
1.3853356
1.3852248
1.3853271
1.3853449
1.3856245
1.385388
1.3852707
1.3852793
1.3851993
1.3853611
1.3852445
1.3853976
1.3853413
1.3854464
1.385472
1.3854167
1.3854855
1.3850722
1.3851328
1.3852233
1.3856416
1.3857234
1.3858377
1.3851962
1.3851484
1.3852761
1.3853602
1.385129
1.3850864
1.3853905
1.38529
1.3853734
1.3854831
1.3856928
1.3856125
1.3855344
1.385408
1.3859131
1.3851875
1.3851371
1.3851488
1.3853595
1.3850565
1.3852469
1.3849207
1.3856635
1.3853875
1.3854101
1.3850895
1.3851962
1.3855523
1.385684
1.3854588
1.3855923
1.3854522
1.3853477
1.3853443
1.3853226
1.3853682
1.3850535
1.3852986
1.3853313
1.3853306
1.3851111
1.3855072
1.385444
1.3856099
1.385309
1.3855565
1.3853147
1.3854233
1.3854599
1.3855039
1.3856401
1.3853251
1.3857102
1.3854107
1.3852725
1.3855015
1.3855247
1.3851922
1.3850516
1.3853936
1.3854009
1.3853241
1.3856955
1.385307
1.3855203
1.3855469
1.3853604
1.3850911
1.3850293
1.385222
1.385277
1.3852872
1.3852099
1.3853986
1.3853437
1.385065
1.3853675
1.3856215
1.3853738
1.3852435
1.3851466
1.3852726
1.3852825
1.3854069
1.3853112
1.3854675
1.3852423
1.3853589
1.385135
1.3854109
1.3851175
1.3851316
1.385251
1.3852702
1.3851793
1.385135
1.3852243
1.3854033
1.3852985
1.3851233
1.3854132
1.3852624
1.3852276
1.3854784
1.3856428
1.3852448
1.3854026
1.3855605
1.3848785
1.3854511
1.3852673
1.3851668
1.3853024
1.3853662
1.38539
1.3853334
1.3854523
1.3856564
1.38538
1.3853741
1.3851799
1.3852841
1.3852575
1.3852506
1.3853124
1.3856093
1.3852944
1.3857086
1.3855265
1.3854564
1.3851461
1.3853217
1.384886
1.3849223
1.38533
1.3849369
1.3852208
1.3852892
1.3855773
1.3854358
1.3856276
1.38558
1.3858967
1.3855419
1.3856834
1.3851854
1.3852345
1.3854249
1.3851572
1.3854746
1.3853143
1.3852968
1.384957
1.385392
1.3852409
1.3856905
1.385278
1.3853565
1.3855728
1.3853524
1.3854176
1.385457
1.385246
1.3853513
1.3851457
1.385504
1.3853287
1.3853021
1.3854215
1.3852657
1.3852357
1.3853003
1.385331
1.3854812
1.3855512
1.3852987
1.3854613
1.385398
1.3855181
1.3852276
1.3854085
1.3852527
1.3854042
1.3853794
1.3853217
1.385525
1.3853804
1.3851321
1.3854356
1.3852898
1.385506
1.3857336
1.3853034
1.3854607
1.3852966
1.3858953
1.3853256
1.3853203
1.3853546
1.3853385
1.3851653
1.3852942
1.3852502
1.3853025
1.38545
1.3850627
1.3852243
1.3853451
1.3856156
1.385199
1.3852298
1.3853738
1.385244
1.3853816
1.385267
1.3853308
1.3851619
1.3851566
1.3853647
1.3853143
1.3853567
1.3852364
1.3853487
1.3852553
1.3852175
1.3850712
1.3854665
1.3851696
1.3853723
1.3854029
1.3852954
1.3851839
1.3855267
1.3854995
1.3854612
1.3855551
1.3855978
1.385438
1.3852967
1.3855562
1.3851409
1.3854328
1.3854791
1.3854237
1.3854954
1.3856505
1.3854121
1.385135
1.3853419
1.3854829
1.385239
1.3853493
1.3853447
1.3854922
1.3856133
1.3853699
1.3853949
1.3853235
1.3854382
1.3853055
1.3854961
1.3854753
1.3852686
1.3853283
1.3852282
1.3852888
1.385224
1.3853527
1.3854924
1.3851017
1.3853401
1.3854326
1.3856552
1.3855159
1.3852926
1.3851851
1.3851458
1.3852085
1.3850183
1.3851486
1.3854481
1.3853178
1.3851862
1.3855524
1.3854373
1.385528
1.3855919
1.3854704
1.3854723
1.3852701
1.3853505
1.385526
1.3853552
1.3853837
1.3851088
1.3850963
1.385473
1.3851707
1.3850648
1.3851565
1.3852483
1.3854442
1.3856711
1.3854057
1.3854353
1.3853774
1.3854324
1.385708
1.3852967
1.385495
1.385244
1.38559
1.3853688
1.3852587
1.3853093
1.385141
1.3851107
1.3852191
1.3853042
1.3853182
1.3856046
1.3852434
1.3850344
1.3853284
1.3853595
1.3851085
1.3855388
1.3852297
1.3852499
1.385423
1.3853737
1.3852881
1.3853045
1.3854988
1.3854221
1.385412
1.3852825
1.3851885
1.3853191
1.385036
1.3851967
1.3850145
1.3855175
1.385296
1.385622
1.3855644
1.3854791
1.3854741
1.3851004
1.3852944
1.3851169
1.3852292
1.3852612
1.3850973
1.3850546
1.3852574
1.3853772
1.3856455
1.3854971
1.385363
1.38528
1.3853335
1.3852
1.3852314
1.3852615
1.3851619
1.3852472
1.3851407
1.3852158
1.3858668
1.3855399
1.3853273
1.3855073
1.3854607
1.3855579
1.3851031
1.3850762
1.3852209
1.3854729
1.3853565
1.3853574
1.3850044
1.385168
1.3853555
1.3853093
1.3852307
1.3855695
1.3852469
1.385368
1.385104
1.3851734
1.3850492
1.3851576
1.3850846
1.3851243
1.3850724
1.385084
1.385217
1.3853203
1.3854817
1.385331
1.3856347
1.3853784
1.3854618
1.3854526
1.3853518
1.3854843
1.3854833
1.3850998
1.3851244
1.3853483
1.3851448
1.385094
1.385429
1.3853219
1.3853058
1.3853269
1.3851979
1.3855269
1.3852798
1.3855023
1.3855978
1.385228
1.385225
1.385211
1.3854971
1.3853319
1.3850865
1.3850683
1.3851709
1.3852557
1.3853205
1.3854324
1.3852656
1.3852723
1.3852077
1.3855155
1.3852
1.3851972
1.3852111
1.3852932
1.3851455
1.3852304
1.3853588
1.3853521
1.3855251
1.3850769
1.3852444
1.3855664
1.3853195
1.3853036
1.3851879
1.3856058
1.3851647
1.3853006
1.3853543
1.3852148
1.3852472
1.385144
1.3849033
1.3853222
1.3852667
1.3852015
1.3854496
1.385576
1.3853196
1.3852171
1.3850346
1.3856224
1.3851634
1.3851929
1.3853309
1.385673
1.3852751
1.385293
1.3855133
1.3854427
1.385409
1.3853532
1.3851781
1.3854356
1.3851777
1.3852206
1.3855468
1.3850725
1.3853549
1.3851582
1.3853137
1.3854729
1.3854933
1.3851875
1.3853649
1.3850508
1.3852389
1.3852687
1.3851131
1.3854647
1.385705
1.3852962
1.3851489
1.3852978
1.3853948
1.3853257
1.3851179
1.3853812
1.3849849
1.3853018
1.3854203
1.3850837
1.385116
1.385171
1.3852276
1.385606
1.3854764
1.3852783
1.3851194
1.3853565
1.3854231
1.3854442
1.3853359
1.3850989
1.3851981
1.3853707
1.3854128
1.3851712
1.3854232
1.3854506
1.3852569
1.3851874
1.3853909
1.3848224
1.3851758
1.385442
1.3855127
1.385268
1.385337
1.3854316
1.3857666
1.3854957
1.3852729
1.3854473
1.3854513
1.385206
1.3855084
1.3854526
1.385203
1.3852148
1.3850425
1.3853446
1.3855177
1.3854387
1.3854151
1.385504
1.3854748
1.3851271
1.3855934
1.3852568
1.3855066
1.3855608
1.3849828
1.3852867
1.3851775
1.3851498
1.3851213
1.384971
1.3854469
1.3853565
1.3854661
1.3854561
1.3855286
1.3854095
1.3854692
1.385385
1.3852646
1.3853097
1.3853812
1.3855463
1.3850864
1.3851583
1.3852224
1.3854045
1.3851143
1.385231
1.385183
1.3851767
1.3852628
1.3854572
1.3852279
1.385304
1.3851058
1.3852979
1.3853222
1.3854172
1.3852218
1.3851949
1.3855568
1.3850988
1.3851855
1.3855736
1.3853648
1.3855795
1.3852718
1.3852772
1.3852584
1.3857162
1.3851916
1.3853258
1.3854126
1.3855294
1.3851029
1.3850894
1.3853445
1.3853061
1.3852813
1.3855089
1.3853254
1.3851774
1.3849201
1.3852031
1.3851382
1.3850871
1.3853912
1.3853606
1.3855462
1.3854519
1.3853111
1.3855668
1.3854635
1.3853216
1.385597
1.3850228
1.3853973
1.3852987
1.3853871
1.385116
1.3852152
1.3852215
1.3852028
1.3853949
1.3851069
1.3853467
1.3854914
1.3852434
1.385232
1.3854271
1.385702
1.3854488
1.3851781
1.3854481
1.3852482
1.3850731
1.3851196
1.3850611
1.3853998
1.3853322
1.3854244
1.3856195
1.3852282
1.3850074
1.3851196
1.3851753
1.385173
1.3851559
1.3850502
1.385513
1.385244
1.3852158
1.3853428
1.3851614
1.3852701
1.3850675
1.3850697
1.3851596
1.3853283
1.385223
1.3852177
1.385161
1.3852644
1.3853534
1.3852739
1.3856798
1.3851857
1.3851794
1.3851705
1.3850547
1.3854735
1.3851075
1.3856419
1.3851416
1.3851848
1.3854941
1.3854038
1.3851943
1.3852683
1.3852668
1.3851755
1.3852347
1.3851633
1.3853455
1.3854921
1.3853737
1.3853308
1.3854852
1.3853234
1.3851056
1.3855041
1.3850787
1.3852345
1.3853683
1.3854967
1.3849705
1.3851007
1.3853302
1.3854195
1.3853283
1.3852278
1.3852638
1.385474
1.3852086
1.385308
1.3851851
1.3852262
1.3854805
1.3856258
1.3853807
1.3850535
1.3851988
1.3852674
1.3852695
1.3852421
1.3849617
1.3853091
1.3852692
1.3851867
1.3852524
1.3852804
1.3851589
1.3852329
1.3851622
1.3853415
1.3851302
1.3853649
1.3852816
1.385256
1.385489
1.3853073
1.3853971
1.3853928
1.3856
1.3852172
1.3853835
1.3852282
1.3850101
1.3850341
1.3851606
1.3854456
1.3855282
1.3854252
1.3853042
1.3852999
1.3854176
1.3854074
1.385526
1.3854138
1.3853356
1.3852923
1.3850883
1.3852152
1.3850981
1.3848456
1.3852693
1.3853673
1.3852932
1.3854231
1.3857527
1.385813
1.3855028
1.3853283
1.3851519
1.3852866
1.384785
1.3848008
1.3847609
1.3852141
1.3852687
1.3854706
1.3855807
1.3855337
1.3853501
1.3858873
1.3856459
1.3857954
1.3856673
1.3854089
1.3853527
1.3853508
1.3855546
1.385026
1.3848994
1.3853362
1.3850895
1.3850975
1.3850268
1.3851634
1.385128
1.3853457
1.3850589
1.3853476
1.385326
1.385647
1.3854138
1.3854849
1.3853525
1.385116
1.3853397
1.3852593
1.3852175
1.3852487
1.3853608
1.3851913
1.3851067
1.3850187
1.3852328
1.3854465
1.3853141
1.3853623
1.3854651
1.3853112
1.3852943
1.3852674
1.3852699
1.3855996
1.3852276
1.3851914
1.38516
1.3852777
1.3851464
1.3854938
1.3852183
1.3854531
1.3853354
1.3852772
1.3853104
1.3851721
1.3852795
1.3852077
1.385342
1.3854016
1.3850148
1.3854907
1.3853134
1.3851969
1.3853073
1.3854316
1.3852108
1.3855634
1.3849754
1.385267
1.3853878
1.3852451
1.3851658
1.3851632
1.3853904
1.3851147
1.3853313
1.3851748
1.3852943
1.3855156
1.3852767
1.3855257
1.3853763
1.3853687
1.3854717
1.3853551
1.3854523
1.3853873
1.3854622
1.3854077
1.3853332
1.3853909
1.3850113
1.3855996
1.3851442
1.3852642
1.3852686
1.3854023
1.3853942
1.3853284
1.3851155
1.3851249
1.3851758
1.3852273
1.385218
1.3850589
1.3854334
1.3853424
1.3852562
1.385231
1.3854668
1.3851732
1.3851962
1.3852397
1.385487
1.3851233
1.3850654
1.3855706
1.3855549
1.3857491
1.3855174
1.385164
1.3853413
1.3849765
1.3848554
1.3851641
1.3851589
1.3851347
1.3851626
1.3853331
1.3853812
1.3855324
1.3853546
1.385527
1.3854336
1.3854221
1.385653
1.3851618
1.3852102
1.38513
1.3852998
1.3850393
1.3850608
1.3852731
1.3852103
1.3848765
1.3853097
1.3852894
1.3853439
