1.4157709
1.4010456
1.395806
1.3935341
1.3925617
1.3920082
1.3921298
1.3921846
1.3921669
1.3922302
1.3919002
1.3920534
1.3920778
1.3919883
1.3917717
1.3921276
1.3920429
1.3917897
1.3917278
1.3918549
1.3916533
1.3919132
1.3918295
1.3916799
1.3917665
1.3915989
1.3915726
1.3915007
1.3914851
1.3913755
1.3913708
1.3913769
1.3914365
1.3912262
1.3915738
1.3914279
1.3911597
1.3912078
1.3911543
1.3911784
1.3911749
1.3913536
1.3911748
1.3913513
1.3912284
1.3909471
1.3908811
1.391001
1.390982
1.3908938
1.3908085
1.3908799
1.3909919
1.390876
1.3908025
1.3910056
1.390961
1.3906971
1.3909807
1.3909893
1.3909184
1.3907435
1.3909674
1.3905963
1.3905426
1.3907006
1.39071
1.3905107
1.3908944
1.3906158
1.3905532
1.3904792
1.390506
1.390546
1.3905128
1.3905729
1.3905516
1.390458
1.3903724
1.390345
1.3903203
1.3904812
1.3905069
1.3903995
1.3903321
1.390522
1.3902107
1.3903329
1.3902729
1.3902909
1.3904666
1.3904533
1.3904352
1.3903173
1.390394
1.3902273
1.3902916
1.3903017
1.3903877
1.39016
1.3902259
1.3902187
1.3903944
1.39022
1.3902766
1.3901926
1.3902478
1.3899955
1.3900094
1.3903104
1.3900036
1.3904476
1.3901973
1.3900326
1.3900847
1.3900173
1.3902973
1.390215
1.3902134
1.39021
1.390427
1.3902065
1.3902135
1.390166
1.3899713
1.3897636
1.390151
1.3903617
1.389793
1.3900638
1.3898463
1.3902634
1.3901173
1.3903258
1.3900743
1.3899574
1.3899257
1.3901212
1.3900843
1.3900783
1.3903273
1.38984
1.390118
1.3901358
1.3901955
1.389925
1.3901205
1.3902055
1.3899832
1.3900723
1.3901078
1.3901637
1.3901029
1.3900614
1.3901051
1.3898796
1.3899612
1.3902098
1.3900716
1.3901378
1.3901498
1.3902242
1.3901898
1.3900492
1.3900474
1.3901875
1.3901044
1.3899757
1.3899833
1.3900671
1.3900021
1.3900295
1.3901631
1.3900214
1.3899685
1.3900341
1.390161
1.3902655
1.3900553
1.3899546
1.3900228
1.390072
1.3900143
1.3897924
1.3900313
1.3901701
1.3897942
1.3901595
1.3900505
1.3901609
1.3899432
1.3899348
1.3900926
1.3901167
1.3900996
1.3898433
1.3898166
1.3900906
1.3901212
1.3899921
1.3901048
1.3899353
1.3898941
1.390003
1.3899132
1.3899777
1.3902537
1.3900852
1.3900737
1.3897719
1.3898538
1.3902533
1.3896085
1.3898588
1.3899593
1.3901962
1.3900524
1.3901709
1.3898879
1.3900251
1.3901521
1.390069
1.3900188
1.3899019
1.3898908
1.3898615
1.3898944
1.3900322
1.3899179
1.3897483
1.3897889
1.389889
1.390222
1.3897895
1.3900559
1.3897704
1.3899816
1.3898232
1.38982
1.390041
1.3899126
1.3899889
1.3898673
1.3900317
1.3898221
1.3899895
1.3897715
1.3897613
1.3897556
1.3899971
1.390084
1.389665
1.390055
1.3898418
1.3898605
1.3898519
1.3896812
1.3897619
1.3898225
1.3898666
1.3897451
1.3897237
1.3895938
1.3898342
1.389841
1.3899263
1.3897449
1.3896828
1.3896421
1.3896518
1.3898369
1.3897153
1.3898889
1.3897098
1.389761
1.3899044
1.3895613
1.3896723
1.3899497
1.3895458
1.389561
1.389842
1.3896134
1.389798
1.3900151
1.3899273
1.3897144
1.3898988
1.3897164
1.3897852
1.3898029
1.3896927
1.3896284
1.389975
1.3896221
1.3897079
1.3895273
1.3896033
1.3897164
1.389675
1.3895845
1.3896137
1.3896195
1.3895646
1.3896211
1.3895648
1.3896905
1.3895627
1.3897226
1.3899252
1.3896388
1.3896271
1.3894117
1.3895646
1.3894686
1.3893608
1.3897818
1.389561
1.3895582
1.3895534
1.3894591
1.3895526
1.3895165
1.3896056
1.3893684
1.3894184
1.3893225
1.3894093
1.3895003
1.3893417
1.3896255
1.3895235
1.3896704
1.3895915
1.3895868
1.3893404
1.3892369
1.3895501
1.3895334
1.3892756
1.3892832
1.3893849
1.3892999
1.3893899
1.3893498
1.3894271
1.3894166
1.3894491
1.3893214
1.3895316
1.389333
1.3893784
1.3892134
1.3892184
1.3892586
1.3890855
1.389418
1.3892659
1.3893284
1.3892492
1.3892943
1.3893292
1.3890294
1.3893042
1.3893828
1.389095
1.389136
1.3890351
1.389336
1.3892654
1.3892597
1.389329
1.3893104
1.389221
1.3890802
1.3892139
1.3892902
1.3892709
1.3890471
1.3890772
1.3889463
1.389105
1.3889843
1.3892658
1.3892976
1.3891652
1.3890015
1.3889202
1.3892128
1.3889977
1.3890117
1.3890327
1.3889416
1.389105
1.3889854
1.3892088
1.3888959
1.3889688
1.3889529
1.3889511
1.3890036
1.3891724
1.3886601
1.3891834
1.389064
1.3889467
1.3888642
1.3885982
1.3888842
1.3889219
1.3888297
1.3891491
1.3889952
1.3888712
1.3886544
1.3889906
1.3885782
1.3886995
1.3887415
1.3888966
1.388509
1.3886715
1.38903
1.3886504
1.3889743
1.3887776
1.3887554
1.38862
1.3888388
1.3886142
1.388718
1.3887542
1.3888187
1.3885354
1.3888618
1.38867
1.3888222
1.3885564
1.3887677
1.3883324
1.3885077
1.388449
1.3886347
1.3884672
1.3886368
1.3885392
1.388674
1.3887454
1.3884165
1.3886137
1.3886595
1.3885607
1.3884877
1.3884491
1.3885636
1.388718
1.3884652
1.3885386
1.3884302
1.3884366
1.3884556
1.3883437
1.3885921
1.3885914
1.3883142
1.3882341
1.3882366
1.3886087
1.3882118
1.3882984
1.3883473
1.3881906
1.3884515
1.3884397
1.38832
1.3881226
1.3882912
1.3882933
1.3883125
1.3884115
1.3882257
1.3881379
1.3883327
1.3882033
1.3881584
1.3881782
1.3881065
1.3882082
1.3881396
1.3879849
1.3881687
1.3882653
1.3882173
1.3882499
1.3879588
1.388126
1.3881053
1.3878846
1.3881297
1.3878516
1.3880358
1.3879262
1.3878922
1.3880876
1.3879874
1.3878058
1.3880893
1.3879799
1.3878235
1.3878374
1.3880404
1.3878682
1.3878708
1.3879576
1.388082
1.3879496
1.3878952
1.3878654
1.3878101
1.387941
1.3879957
1.387883
1.3877859
1.3879467
1.3878642
1.3877302
1.3878689
1.3877566
1.3880287
1.3875914
1.387702
1.387867
1.3877643
1.3878202
1.3879974
1.3876499
1.3875004
1.3879253
1.3879144
1.3877393
1.3878236
1.3876604
1.3878549
1.3877846
1.3875898
1.3876295
1.3876488
1.3875855
1.3875628
1.3876503
1.3875889
1.3874645
1.3875599
1.3876957
1.387842
1.3873959
1.387699
1.3875493
1.3875493
1.3875526
1.3874865
1.387507
1.3876678
1.3876883
1.3875273
1.3875763
1.3874282
1.3875011
1.3876188
1.3875948
1.3875171
1.3873101
1.387616
1.3873998
1.38754
1.3874681
1.3874106
1.3875984
1.3875529
1.387509
1.3875579
1.3874242
1.3874459
1.3874906
1.387492
1.3874663
1.3875697
1.3874813
1.3874388
1.3870853
1.3872676
1.3872474
1.387762
1.3874208
1.3872197
1.3871824
1.3874191
1.3874675
1.3873414
1.3873545
1.3873616
1.3875222
1.3873761
1.3872246
1.3873516
1.3873076
1.3872743
1.3872589
1.3873328
1.3873016
1.3873811
1.3872164
1.3872951
1.3872693
1.3872862
1.3871267
1.3872443
1.387201
1.3874743
1.3872347
1.3871167
1.3872063
1.387351
1.387365
1.3870866
1.3873672
1.3873562
1.3875107
1.387154
1.3871988
1.3872905
1.3875095
1.3871418
1.3872845
1.387087
1.3872118
1.3870115
1.3872852
1.3873042
1.3871639
1.3868885
1.3872662
1.3871737
1.3872262
1.3873343
1.3871896
1.3871056
1.387048
1.3870233
1.3869307
1.3871415
1.3869908
1.3872236
1.3869605
1.3870741
1.3869013
1.3869938
1.3870707
1.3869576
1.3868817
1.3869321
1.3870188
1.387042
1.387002
1.3870658
1.3868006
1.3868439
1.3868871
1.3869162
1.3869218
1.3868358
1.3869159
1.3869919
1.386988
1.3867956
1.3869852
1.3870578
1.3868514
1.3867434
1.3869658
1.3869464
1.3869721
1.386707
1.3870314
1.3869234
1.3869702
1.3868941
1.3865048
1.3867242
1.386892
1.386808
1.3867521
1.3866503
1.386898
1.3867687
1.3868524
1.3868446
1.3868835
1.3868161
1.3869772
1.3868641
1.386607
1.3865638
1.386825
1.3868418
1.3865342
1.3868945
1.3868269
1.3865442
1.3868581
1.3866525
1.3865461
1.3866622
1.3868538
1.3866869
1.3868248
1.3865867
1.386219
1.3867232
1.3867617
1.3866421
1.3866838
1.3868573
1.3864304
1.3864859
1.3867226
1.3866435
1.3869189
1.3866036
1.386553
1.386614
1.3868812
1.3864702
1.3864484
1.3865355
1.3866601
1.3862916
1.3867537
1.3865798
1.3865374
1.3864694
1.3866254
1.3865082
1.3862609
1.3867922
1.3863585
1.3863956
1.3866562
1.3863133
1.3866307
1.3862816
1.3865027
1.3863478
1.3864222
1.3862844
1.3864692
1.3863157
1.38666
1.3863307
1.3864139
1.3863993
1.3864444
1.3861837
1.3864324
1.3866383
1.3863518
1.3863499
1.3864081
1.3862255
1.3865035
1.3864622
1.3864625
1.3862513
1.386211
1.3863059
1.3862252
1.3862699
1.3863872
1.3863554
1.3864181
1.3863331
1.3862903
1.3862283
1.3863938
1.3863326
1.3863693
1.3862922
1.3863631
1.3861938
1.3861284
1.3861889
1.3864288
1.3862562
1.3863239
1.3862791
1.3864006
1.3863955
1.3860794
1.3864254
1.3864585
1.3860939
1.3861405
1.3862587
1.3861192
1.386199
1.3864948
1.3863535
1.386201
1.3861756
1.3859931
1.3862661
1.3862753
1.385962
1.3862269
1.3862307
1.386281
1.3862282
1.3861573
1.3860872
1.386419
1.3861221
1.3861257
1.3860363
1.3862311
1.3863379
1.3862588
1.3860807
1.3861959
1.3862511
1.3860985
1.3862218
1.3861139
1.3862194
1.3860515
1.3861922
1.3860706
1.3861288
1.3863505
1.3860658
1.3861299
1.3862824
1.386207
1.3863144
1.3863205
1.3864782
1.3865051
1.3862517
1.3862678
1.3862354
1.3862547
1.3862221
1.3860024
1.3861464
1.3862466
1.3862015
1.3863713
1.3862014
1.3862787
1.3860598
1.3863307
1.3862234
1.3859594
1.3862369
1.3861939
1.3864304
1.3862216
1.3861958
1.3862429
1.386476
1.386056
1.3863794
1.3861965
1.386501
1.3861837
1.3863329
1.3863728
1.3863376
1.386167
1.3864412
1.3859291
1.3863821
1.3861767
1.3864355
1.3864474
1.3862499
1.3863566
1.3863925
1.3862522
1.3864124
1.3862072
1.3862768
1.3862821
1.3863688
1.3864696
1.3865012
1.3862377
1.3864863
1.3861583
1.3863074
1.386251
1.3863826
1.3863857
1.386185
1.3861983
1.3862761
1.3864725
1.3864713
1.3862576
1.3862725
1.3864464
1.3864673
1.386571
1.3865496
1.3863662
1.3864113
1.3862867
1.3864218
1.3862897
1.3864425
1.3865322
1.3865598
1.386529
1.3864007
1.3864552
1.3863314
1.3865105
1.3862644
1.3863997
1.3864527
1.3864777
1.3867394
1.3861777
1.3865213
1.3864353
1.3865734
1.3865402
1.3868304
1.3866404
1.3867295
1.3864373
1.3865843
1.3866565
1.3862035
1.3867354
1.3866246
1.3866161
1.3866612
1.3865924
1.386604
1.3865166
1.3866742
1.3868605
1.3869505
1.3865949
1.3862936
1.3868026
1.3865957
1.3865981
1.3866308
1.3867675
1.3869101
1.3866675
1.3867389
1.3868732
1.3867146
1.386708
1.3866476
1.3866249
1.386817
1.3867291
1.38681
1.3864434
1.3868355
1.3870841
1.3867176
1.3869516
1.3870991
1.3869283
1.3869799
1.387056
1.3868457
1.3869904
1.386761
1.3869404
1.3870481
1.3868904
1.3869432
1.386927
1.3868374
1.3867979
1.386925
1.3869305
1.3871565
1.3869171
1.3870649
1.386917
1.3872025
1.387111
1.3867537
1.3870738
1.3866864
1.3870639
1.3873186
1.3870859
1.3869253
1.3868521
1.3871012
1.3870232
1.3870442
1.386964
1.3870531
1.3868597
1.3868731
1.3869984
1.3870558
1.3869958
1.3869125
1.3869431
1.3870276
1.3868196
1.3869241
1.3868133
1.3871201
1.3870655
1.387063
1.387041
1.387138
1.3868912
1.3870965
1.3871704
1.3869435
1.3869793
1.3869485
1.3871315
1.3869967
1.3870852
1.387109
1.3870622
1.3869466
1.3869869
1.3870631
1.3868283
1.3868581
1.3869469
1.3871607
1.3870662
1.387131
1.3871441
1.3869387
1.387136
1.3868979
1.3869042
1.3870585
1.3870007
1.3869629
1.3871192
1.3868784
1.3871456
1.3870254
1.3869737
1.3870227
1.3870116
1.3868669
1.3870567
1.3870866
1.3870497
1.3870205
1.3869427
1.3867887
1.3868614
1.3868366
1.3870466
1.386724
1.3868145
1.386829
1.386834
1.3869183
1.3867968
1.3868386
1.3869927
1.3866851
1.3867221
1.3869636
1.3865979
1.3869542
1.3869194
1.3870387
1.3868718
1.3868374
1.3867655
1.3869342
1.3868561
1.3871144
1.3868269
1.3867623
1.3867714
1.3868195
1.38699
1.3867148
1.3868358
1.3869377
1.3868439
1.3867687
1.3869263
1.3867023
1.3866957
1.3869051
1.3870574
1.3868716
1.3867294
1.3869746
1.3869636
1.3866756
1.3868442
1.3868313
1.3866862
1.3869208
1.3869439
1.3871044
1.3869784
1.3867244
1.3869895
1.3871946
1.3868911
1.3868308
1.3867155
1.386445
1.3866111
1.3866082
1.3865739
1.3867311
1.3867188
1.3866695
1.3869339
1.3871169
1.3867998
1.3868209
1.3867254
1.3867748
1.3868153
1.3869661
1.386995
1.3866922
1.3868103
1.3866019
1.3868833
1.3868861
1.3866098
1.3870052
1.3868852
1.3866899
1.3867153
1.386845
1.386894
1.3865037
1.3870661
1.3868502
1.3866726
1.3868792
1.3866516
1.3870015
1.3869472
1.3868024
1.3866792
1.3868185
1.3868885
1.3868937
1.3867921
1.3868107
1.3869106
1.3867013
1.3867888
1.3870562
1.3869493
1.3868934
1.3867612
1.386869
1.3869116
1.3868246
1.3869735
1.3866764
1.3868685
1.3868747
1.3869944
1.3869156
1.3870955
1.3869971
1.3870357
1.3868861
1.3870001
1.3869476
1.3868045
1.3869016
1.3869369
1.3869635
1.3867213
1.3867385
1.3871181
1.3870932
1.386951
1.3869454
1.3869841
1.3869462
1.3869843
1.3868726
1.3869517
1.3868992
1.3867979
1.38665
1.3868024
1.3869524
1.3869332
1.3869462
1.3870659
1.3865252
1.3869117
1.3869289
1.387053
1.3868465
1.3867562
1.3869528
1.3865044
1.386829
1.3869097
1.3869632
1.3870138
1.3868761
1.3870211
1.3867649
1.3871292
1.386992
1.3869606
1.3869473
1.3867543
1.3869334
1.3868535
1.3869556
1.3867732
1.3867406
1.3867888
1.3867159
1.3868576
1.386994
1.3868047
1.3868768
1.386842
1.3868576
1.3868431
1.3866814
1.38696
1.3868724
1.3866122
1.3868129
1.3868994
1.3866552
1.3868538
1.3869336
1.3869103
1.38666
1.3867403
1.3868213
1.3868345
1.3869143
1.3869145
1.3869389
1.3867905
1.3866376
1.3868842
1.3867633
1.3868169
1.3868257
1.3866539
1.3865414
1.3868117
1.3866899
1.3866647
1.3868469
1.3869225
1.3866085
1.3868407
1.3867534
1.3867141
1.3868814
1.3867851
1.3869925
1.3867408
1.3866662
1.3867267
1.3868223
1.386566
1.3866463
1.3867146
1.3867575
1.386611
1.3866647
1.3865018
1.3867886
1.3866326
1.3867104
1.3867264
1.3868221
1.3866404
1.3867091
1.3865837
1.386651
1.3864506
1.3866943
1.3868484
1.3868089
1.3863399
1.3866577
1.38664
1.3863561
1.3867197
1.3867862
1.3867781
1.386488
1.3865565
1.3866093
1.3867935
1.3865993
1.3867455
1.3865165
1.3866936
1.3867167
1.3863682
1.3866171
1.3864138
1.3864188
1.3868122
1.386822
1.3867271
1.3868715
1.3868208
1.3867283
1.3868419
1.3867434
1.3866833
1.3866737
1.386491
1.3866462
1.3867112
1.3863459
1.3866767
1.3869117
1.3866466
1.3868077
1.3868625
1.3864303
1.3865987
1.3865156
1.3868259
1.3867675
1.3865397
1.386869
1.3865272
1.386696
1.386613
1.3867197
1.3865216
1.3867273
1.3865284
1.386607
1.3866756
1.3867954
1.3868744
1.3866818
1.3866447
1.3866614
1.3867792
1.386988
1.3864865
1.3864843
1.3868505
1.3868974
1.3866822
1.3868423
1.3866965
1.386634
1.3866954
1.3865322
1.3865522
1.3868262
1.3865547
1.3866178
1.3864944
1.3867482
1.3868942
1.3865904
1.3868837
1.3866493
1.3865716
1.3868605
1.3866172
1.3866886
1.3867884
1.3869506
1.3866868
1.3865904
1.3866905
1.3863789
1.3868471
1.3869171
1.3867372
1.3866355
1.3869269
1.3868358
1.3869741
1.386623
1.3869327
1.3867598
1.3866993
1.386989
1.3867623
1.3868899
1.3868966
1.3867654
1.3867617
1.386836
1.3869048
1.3870896
1.3867794
1.3868566
1.3867782
1.3866144
1.3867978
1.3867987
1.3870968
1.3868349
1.3869066
1.3869271
1.3868909
1.3867406
1.3866817
1.3868781
1.3869386
1.3869383
1.3870327
1.386817
1.3869964
1.386954
1.3870497
1.3867964
1.3868097
1.386836
1.386749
1.3869584
1.3869447
1.3868902
1.387185
1.3869663
1.3868507
1.387048
1.3868645
1.3869194
1.3866713
1.386927
1.3869704
1.3869162
1.387086
1.3871216
1.3870173
1.3871251
1.3870313
1.3870121
1.3868346
1.3868049
1.3870435
1.3870283
1.3872513
1.3872433
1.3869197
1.3871703
1.387144
1.3872733
1.3868787
1.3874618
1.3872048
1.3869655
1.3872129
1.3870318
1.3868355
1.386883
1.3869561
1.3870198
1.3870956
1.3868312
1.3869402
1.3871183
1.3872399
1.3871666
1.3868787
1.3870326
1.3869382
1.3868427
1.3869756
1.3871583
1.387021
1.387307
1.3870058
1.3871902
1.3869544
1.3869425
1.3870152
1.3869575
1.3871666
1.3871351
1.386944
1.3868425
1.3870013
1.3869579
1.3868763
1.3871919
1.3871286
1.3870083
1.3873559
1.3869088
1.3868736
1.3870078
1.3871386
1.3869873
1.3871087
1.3868958
1.3869985
1.3869581
1.3869797
1.3871171
1.3872614
1.3869462
1.386867
1.38701
1.3868197
1.38699
1.3871826
1.3871021
1.3868724
1.3871069
1.3870046
1.3868036
1.387196
1.3872007
1.3868686
1.3870039
1.3872551
1.3872758
1.3870723
1.3871475
1.3868493
1.3871964
1.3870317
1.3869479
1.386899
1.3869306
1.3871666
1.3872586
1.3869159
1.3869003
1.3870472
1.3870404
1.3870807
1.3870703
1.3871018
1.3870649
1.3868681
1.3871431
1.386766
1.3869976
1.3869709
1.3869348
1.3872048
1.3870157
1.3869435
1.3871639
1.3871398
1.3872154
1.3870062
1.3871075
1.3869685
1.3870307
1.3871332
1.3869721
1.3871493
1.3870597
1.3872583
1.387097
1.3869606
1.3872051
1.3868467
1.3871624
1.387029
1.3869947
1.3871155
1.3871641
1.3870746
1.3869579
1.3870077
1.3868442
1.3870287
1.3869187
1.3870803
1.3870374
1.3870957
1.3869916
1.3872099
1.3871393
1.3871281
1.387007
1.387126
1.387067
1.3869098
1.3873807
1.3869848
1.3871847
1.3868909
1.3873582
1.3867674
1.3870384
1.3872678
1.3871508
1.3872104
1.3869253
1.3868386
1.3870643
1.3872141
1.3872308
1.3872879
1.387125
1.3872087
1.3870181
1.3872485
1.387168
1.3869833
1.3870907
1.3869014
1.3871864
1.3872854
1.3872458
1.3872283
1.3869406
1.3872406
1.3872049
1.3870876
1.3873568
1.3871481
1.3870803
1.3871353
1.3868611
1.3868673
1.3869556
1.3872133
1.3871216
1.3871567
1.3872508
1.3870364
1.3872102
1.3871317
1.3872243
1.3870622
1.386969
1.3871852
1.3871052
1.387172
1.3869712
1.3871175
1.38718
1.3872079
1.3871874
1.3870925
1.3872057
1.3871735
1.3869483
1.3871328
1.3870107
1.3872095
1.3872156
1.3871489
1.3870863
1.3872038
1.3872068
1.3872219
1.387072
1.3870595
1.3871502
1.3871578
1.3872381
1.3874309
1.3871602
1.386901
1.3871953
1.3868978
1.3871616
1.3874674
1.3872795
1.3872513
1.3871336
1.3871167
1.3871154
1.3871037
1.3873739
1.3872151
1.3873181
1.3873271
1.387246
1.3872945
1.387116
1.3872669
1.3870811
1.3873328
1.3870746
1.3869538
1.3873569
1.3873168
1.3870507
1.38703
1.3870137
1.3871676
1.3871608
1.387311
1.3873179
1.3872119
1.3872052
1.3873338
1.387264
1.3872851
1.3872771
1.3874339
1.3874338
1.3870933
1.3870009
1.3871979
1.3872472
1.3871703
1.3871983
1.3870293
1.3869768
1.3872207
1.3872695
1.3871394
1.3872533
1.3872194
1.3873074
1.3870589
1.3871037
1.3872234
1.3870363
1.3869643
1.387239
1.3871487
1.3872046
1.3871183
1.38718
1.387344
1.3871425
1.3870026
1.3871038
1.3870363
1.3870822
1.387072
1.387128
1.3873293
1.3869613
1.3870244
1.3869791
1.3870624
1.386935
1.3872317
1.3871877
1.3870634
1.3872567
1.3870746
1.3871217
1.3871974
1.3869561
1.3870094
1.3872238
1.3868665
1.3870374
1.3869638
1.3870851
1.3872112
1.387164
1.3873762
1.3868555
1.387337
1.3871729
1.3871088
1.3870428
1.3870317
1.3868537
1.3871034
1.3871704
1.387262
1.3872753
1.387142
1.3868994
1.3869923
1.3870454
1.3870573
1.3870655
1.387044
1.3869785
1.3871444
1.387126
1.3870642
1.3870655
1.3869525
1.3871363
1.3870579
1.3869365
1.387161
1.3869812
1.3870554
1.3869346
1.3870403
1.3871174
1.386937
1.3868601
1.3869894
1.387006
1.3868083
1.3871238
1.3870289
1.386946
1.3871322
1.387045
1.3869005
1.3869715
1.3870108
1.3870776
1.3869823
1.386988
1.3867482
1.3868322
1.3869814
1.3867909
1.3869624
1.3869711
1.3870151
1.3870289
1.3871847
1.3869876
1.3868463
1.3867185
1.3868898
1.3868926
1.3871036
1.3870249
1.3869995
1.386885
1.3868917
1.3868055
1.3869486
1.3867624
1.3867503
1.3867496
1.386757
1.3869799
1.3868657
1.3868195
1.3869718
1.3871726
1.38672
1.3869616
1.3869547
1.3868551
1.386964
1.3869591
1.386686
1.3867916
1.3866165
1.3867058
1.3867553
1.3870275
1.3866873
1.386808
1.3867313
1.3869407
1.3868469
1.38696
1.386839
1.387046
1.3869278
1.3867502
1.3870264
1.386681
1.3868352
1.3868341
1.386845
1.3868321
1.386783
1.3868202
1.3866923
1.3864102
1.386552
1.3869712
1.3869863
1.3865749
1.3866793
1.3867587
1.3864311
1.3868308
1.3869157
1.3867873
1.3868291
1.3867782
1.3865725
1.386593
1.3866676
1.3865391
1.386707
1.38679
1.3869609
1.3869053
1.3869065
1.3866359
1.3868151
1.3865792
1.3867531
1.386553
1.3868845
1.3865162
1.3865967
1.386823
1.3868119
1.3865095
1.3864596
1.3865864
1.3867826
1.386545
1.3867102
1.386995
1.386695
1.3868002
1.3867253
1.3867002
1.3865831
1.3864161
1.386628
1.3867255
1.3865858
1.3869123
1.3867915
1.3864946
1.3867072
1.3867389
1.386727
1.3867373
1.386757
1.3867428
1.3864628
1.3866677
1.3866454
1.3867592
1.386598
1.3867197
1.3867774
1.3866745
1.3867313
1.3867455
1.3866526
1.3865523
1.386673
1.3867859
1.3868138
1.3866957
1.3865767
1.3865201
1.386845
1.3867353
1.3865403
1.3868421
1.3866993
1.3864349
1.3867365
1.3868268
1.386759
1.3867648
1.3866771
1.3867013
1.3865627
1.3867297
1.3866458
1.386419
1.3864965
1.3864597
1.3866401
1.3866591
1.3867055
1.3867035
1.3866727
1.3865302
1.386391
1.3865471
1.38652
1.3867993
1.386617
1.3864948
1.3866744
1.3867286
1.386517
1.3866081
1.3865067
1.3864595
1.3864058
1.3865508
1.3865042
1.3865772
1.3865309
1.3865526
1.3865024
1.3864081
1.3864591
1.386358
1.3866663
1.3868264
1.3866818
1.3865637
1.386477
1.3865196
1.3865881
1.3867161
1.3865063
1.3865387
1.3866447
1.3864125
1.3863773
1.3863236
1.386553
1.38634
1.3867272
1.3864577
1.3864383
1.3864831
1.3864471
1.3864601
1.3863128
1.3862456
1.3867294
1.3863823
1.3865017
1.3862869
1.386452
1.3863249
1.386457
1.3866007
1.386378
1.3864787
1.3865728
1.3865354
1.3864864
1.3864993
1.3864897
1.3862526
1.3863494
1.3862997
1.3863332
1.3863267
1.3865203
1.3864169
1.3865204
1.3864933
1.3861915
1.3864256
1.3865104
1.3862617
1.3864857
1.386445
1.3865894
1.3861738
1.3862183
1.3864813
1.3862273
1.3862472
1.3861355
1.3862401
1.3861009
1.3862032
1.3862296
1.3863974
1.3860321
1.3864089
1.3862824
1.386007
1.3865112
1.3863205
1.3862942
1.3862467
1.3862265
1.3861982
1.3861471
1.3862342
1.3861204
1.3861068
1.3862064
1.3863151
1.3861232
1.3860807
1.3863717
1.3861679
1.3861266
1.3861095
1.3861437
1.3863745
1.3860487
1.3857145
1.3862702
1.3861301
1.3862242
1.3861121
1.3862526
1.3863261
1.3861374
1.386188
1.3862144
1.3861812
1.3862603
1.3858346
1.3862495
1.3863087
1.3861456
1.3862449
1.3863062
1.3862356
1.3862048
1.3860892
1.3861094
1.386143
1.3861743
1.3860476
1.3859566
1.386165
1.3860103
1.3860369
1.3858951
1.3857812
1.3861132
1.3860365
1.3860606
1.3861978
1.3860496
1.3861446
1.3860092
1.3861926
1.3861837
1.3860712
1.3858304
1.3862104
1.386162
1.386016
1.3860402
1.3860568
1.3859982
1.3859913
1.3861672
1.3859689
1.3859262
1.3859346
1.3858784
1.3859295
1.3860309
1.3861899
1.3859621
1.3858163
1.3860937
1.3861337
1.3859793
1.3859884
1.386033
1.3860687
1.3859648
1.3860835
1.3859049
1.3857546
1.3861119
1.385996
1.3862866
1.3858287
1.3861064
1.385754
1.385877
1.3861656
1.3860532
1.3859352
1.386063
1.3859783
1.3859763
1.385999
1.3859761
1.3861297
1.3859336
1.3858519
1.3858938
1.3859247
1.3857064
1.3860579
1.3859057
1.3859608
1.3860166
1.3857579
1.3859727
1.3860247
1.385647
1.3857645
1.3860286
1.3858856
1.386075
1.3861014
1.3857696
1.3860402
1.385821
1.3859925
1.385919
1.3856725
1.3860654
1.3860108
1.3858792
1.386052
1.3858414
1.3860391
1.3859243
1.3860365
1.3857076
1.3857775
1.3859292
1.3859761
1.3858758
1.3858949
1.3857965
1.3858625
1.3858643
1.3858877
1.3859054
1.3859913
1.3859352
1.3858342
1.3857971
1.3860829
1.3856721
1.3857933
1.3858188
1.385629
1.3858061
1.3857248
1.3859776
1.3861097
1.3859434
1.3857646
1.385931
1.3858238
1.3857443
1.3858579
1.3859762
1.3857374
1.3858646
1.3859402
1.3856134
1.3860233
1.3855058
1.3857374
1.3860077
1.3857437
1.3858569
1.3857104
1.3859158
1.385704
1.3857927
1.38566
1.3859311
1.3857546
1.3857731
1.3860477
1.385579
1.3858886
1.3858013
1.3857229
1.3857979
1.3859222
1.3858043
1.3857063
1.3859516
1.3857265
1.3858247
1.3858516
1.3857198
1.3858063
1.3856058
1.3858739
1.3858494
1.3855773
1.3858391
1.3858353
1.3859419
1.3858871
1.3857592
1.3856215
1.3857161
1.3856592
1.3857387
1.3856238
1.3857157
1.3856331
1.3856916
1.385485
1.3858982
1.3858932
1.3855547
1.3859147
1.385656
1.3858137
1.3855801
1.3854938
1.385666
1.385802
1.3857763
1.3857625
1.3858815
1.3854969
1.3855265
1.3856506
1.3857096
1.3858769
1.3858337
1.385669
1.385848
1.385291
1.3855447
1.3856012
1.3854961
1.3856863
1.3854551
1.3855091
1.3855596
1.3858626
1.3856676
1.3853754
1.3856999
1.3856702
1.3856617
1.3856477
1.3856139
1.3855929
1.3854345
1.3856361
1.3858308
1.3855828
1.3853788
1.3859016
1.3853648
1.3856779
1.3854032
1.3856083
1.3857002
1.3854837
1.3857446
1.3854148
1.3856565
1.3855015
1.3856467
1.3855616
1.3856376
1.3854327
1.3854672
1.3855637
1.3854572
1.3853277
1.3854716
1.3857508
1.3856435
1.385865
1.3856071
1.3855997
1.3857316
1.3857422
1.3855247
1.3854162
1.3857466
1.3852987
1.3856025
1.3855845
1.3857095
1.3852521
1.3852676
1.3857111
1.3854717
1.3855091
1.3856851
1.3857732
1.3852097
1.3853953
1.3854011
1.3856081
1.3855426
1.3853968
1.3855135
1.3855149
1.3853472
1.3854791
1.385563
1.3856878
1.3853593
1.3853431
1.3855436
1.3855791
1.3854704
1.3854405
1.3854942
1.3854303
1.3854061
1.3856145
1.3855532
1.3856163
1.3852587
1.3856281
1.3851184
1.3854282
1.3852794
1.3853642
1.3853352
1.3851799
1.3853858
1.3853985
1.3854045
1.385664
1.3855883
1.385594
1.3854408
1.3853737
1.3857394
1.3855233
1.385486
1.38556
1.3857014
1.3857219
1.3854033
1.3856038
1.3854947
1.3853966
1.3853868
1.3856255
1.3855859
1.3854189
1.3853903
1.3855523
1.3855953
1.3853494
1.3855026
1.3855292
1.3855202
1.3856921
1.3856713
1.3854446
1.3855325
1.3856335
1.385438
1.3854929
1.3854706
1.3855416
1.3853846
1.3856215
1.3853939
1.3856821
1.3854
1.3853992
1.3856484
1.3854315
1.3854152
1.3855826
1.3857093
1.3856012
1.3855069
1.3855282
1.3857708
1.3855876
1.3853611
1.3854034
1.3855072
1.3854055
1.3853507
1.385342
1.3854256
1.3854469
1.3855745
1.3854352
1.3854581
1.3853254
1.3854564
1.3855382
1.3853672
1.3853871
1.3857224
1.3855761
1.3853508
1.385471
1.3854145
1.3858613
1.3854587
1.3856685
1.385754
1.3854432
1.3855919
1.3855488
1.385595
1.3852662
1.3855567
1.3852634
1.3854599
1.3853585
1.3854679
1.385396
1.3853
1.3855717
1.3854837
1.3854175
1.3851568
1.3853382
1.3853859
1.3852909
1.3855736
1.3854557
1.3853642
1.3854916
1.3854281
1.3854036
1.3854246
1.385171
1.3854681
1.3854073
1.3853832
1.3854461
1.3851498
1.3851745
1.3851395
1.3851602
1.3852116
1.3853235
1.3852981
1.3851411
1.3855002
1.3851731
1.385147
1.385356
1.3855056
1.3853718
1.3855289
1.3853962
1.3853658
1.3852795
1.3850788
1.3852758
1.3852532
1.3852313
1.3855231
1.3854036
1.3852193
1.385479
1.3853009
1.3854088
1.3850923
1.3851722
1.3856331
1.385314
1.3851204
1.3853719
1.3853341
1.3852782
1.3853192
1.3850292
1.3851776
1.3851426
1.3853843
1.38538
1.3855604
1.3854918
1.3852886
1.3853121
1.3855511
1.385227
1.3854266
1.3853136
1.3854816
1.3853297
1.3851724
1.3854157
1.385388
1.3854297
1.3859534
1.385472
1.3855239
1.385454
1.3855456
1.3853295
1.385429
1.3851957
1.3853025
1.3852524
1.3854748
1.3855618
1.385541
1.3857641
1.3853704
1.3857578
1.3855898
1.3854876
1.385446
1.3854622
1.3852917
1.385478
1.3855643
1.3857226
1.3855568
1.3855207
1.3854158
1.3854808
1.3856655
1.3854384
1.3855739
1.3854774
1.3856913
1.3856336
1.3856692
1.3856257
1.3855926
1.385467
1.3856832
1.3859415
1.3859535
1.3858293
1.3856996
1.3855717
1.3852993
1.3856803
1.3856419
1.3855282
1.3856934
1.3857218
1.3855047
1.3856878
1.3856109
1.3858327
1.3856857
1.3856393
1.3857706
1.3855194
1.3854858
1.38545
1.3857331
1.3856882
1.3854339
1.3856472
1.3855945
1.3857151
1.3857366
1.3858095
1.3857797
1.3858224
1.3857336
1.3857415
1.3857692
1.3857528
1.3856794
1.3857025
1.3857666
1.3859874
1.3855072
1.3856964
1.3856158
1.3855509
1.3858448
1.3858093
1.3856517
1.385606
1.3857347
1.3859721
1.3858446
1.3859892
1.3854151
1.3858169
1.3857018
1.3856695
1.3858036
1.3856286
1.3854523
1.3855238
1.3855728
1.3855836
1.3856919
1.385869
1.3854927
1.3856688
1.3857286
1.385766
1.3856198
1.3858076
1.3854426
1.3855134
1.3858473
1.3854023
1.3858238
1.3858624
1.3855995
1.3856908
1.385485
1.385579
1.3856964
1.385838
1.385655
1.3855109
1.3855275
1.3856089
1.385461
1.3856282
1.3856949
1.3860246
1.3857543
1.385502
1.3857031
1.3857248
1.3854121
1.3855095
1.3857822
1.3856715
1.3858614
1.3854982
1.3855562
1.3856238
1.3856815
1.3857642
1.3855556
1.3856751
1.3856312
1.3857952
1.3855938
1.3855369
1.385509
1.3857131
1.3854573
1.3856889
1.3858067
1.3855529
1.3855959
1.3854585
1.3856575
1.3857979
1.3854884
1.3855474
1.3855661
1.3859699
1.385488
1.385486
1.3852949
1.3854077
1.3856878
1.3856161
1.3854839
1.3855609
1.385612
1.3855646
1.385602
1.3855058
1.3855103
1.3857079
1.3854262
1.385567
1.3857679
1.3856709
1.3857421
1.3855679
1.3856167
1.3853375
1.3852589
1.3856071
1.3856096
1.3854166
1.3860414
1.385696
1.3857301
1.3858043
1.3856503
1.3853977
1.3854955
1.3854259
1.3854924
1.3857722
1.38542
1.3855625
1.385692
1.3854889
1.3854752
1.3856343
1.3855677
1.38554
1.3858739
1.3855174
1.3857539
1.3857334
1.3855791
1.3857313
1.3855627
1.3855441
1.3857082
1.3855126
1.3854584
1.3856834
1.385447
1.3858258
1.3855243
1.385687
1.3854725
1.3855346
1.3857071
1.385444
1.3851913
1.3855348
1.3853998
1.385672
1.3858632
1.3856544
1.385602
1.3855282
1.385566
1.385416
1.3855273
1.3856533
1.3856351
1.3858011
1.3856276
1.3853583
1.3858601
1.3858492
1.385549
1.3856685
1.3851922
1.3855175
1.3855193
1.3854805
1.3856101
1.385799
1.3857669
1.3858819
1.385829
1.3854859
1.3858064
1.385717
1.385815
1.385781
1.385523
1.3855728
1.3858142
1.3858004
1.3854318
1.3855486
1.3853896
1.3853803
1.3858918
1.3856751
1.385218
1.3855017
1.3856207
1.3854767
1.3856702
1.3857063
1.3857222
1.3854632
1.3854536
1.3857387
1.3854811
1.385716
1.3856331
1.3856938
1.3856155
1.3856947
1.3858792
1.3856977
1.3855642
1.3858595
1.3855978
1.38568
1.3857446
1.3856701
1.3856647
1.3855739
1.3859121
1.3858569
1.3855982
1.3855165
1.3854642
1.385718
1.3856766
1.3857495
1.385636
1.3857794
1.3855683
1.3857559
1.3857598
1.385482
1.3857864
1.3857559
1.3858588
1.3858557
1.3857222
1.38581
1.3855315
1.3859367
1.3858862
1.3857113
1.385696
1.3856537
1.3854299
1.3857465
1.3856639
1.3857609
1.3857684
1.3858428
1.3859714
1.3857684
1.3857738
1.3856736
1.3858389
1.3859103
1.3855283
1.3858676
1.3854754
1.3857509
1.3858191
1.3855245
1.3856349
1.3856895
1.3858202
1.3854474
1.386033
1.3855007
1.3859711
1.3857557
1.3858155
1.3857349
1.385865
1.3856045
1.3859249
1.3858532
1.3856128
1.3858023
1.3858614
1.3858435
1.3854977
1.3855988
1.3858525
1.385698
1.3858224
1.3856286
1.3856918
1.3857374
1.3858795
1.38569
1.3859447
1.3856769
1.3856295
1.3857998
1.3856977
1.3857148
1.3857113
1.3857739
1.385588
1.3859339
1.3859365
1.385913
1.3859676
1.3856989
1.3859543
1.3860381
1.3858045
1.3856621
1.3856934
1.3859277
1.3859762
1.3859098
1.3857727
1.3859142
1.385743
1.38578
1.3859997
1.3859141
1.3859813
1.3860003
1.3856816
1.3860848
1.3860685
1.3857415
1.3858263
1.3858254
1.385983
1.3858918
1.3859698
1.3858957
1.3860354
1.3860153
1.386047
1.3857566
1.3857644
1.3859527
1.3858346
1.3858109
1.3862398
1.3861718
1.3859577
1.3861347
1.3860074
1.3861946
1.3858852
1.3861194
1.3860265
1.3860904
1.3863447
1.3860347
1.3858985
1.3859495
1.3860947
1.3860388
1.3861468
1.3862257
1.3860006
1.3862355
1.3862219
1.3860277
1.3860427
1.3858727
1.3862969
1.386091
1.3862015
1.3862637
1.3858608
1.3861107
1.3861301
1.3862784
1.3863388
1.3861914
1.3861538
1.3861183
1.3862953
1.3863586
1.386264
1.3861761
1.3859917
1.3861251
1.3861666
1.3861799
1.386025
1.3861549
1.3861735
1.386279
1.3861326
1.3860594
1.3862228
1.3861855
1.3861628
1.3861161
1.3861457
1.386047
1.3859519
1.3861587
1.3863355
1.3858638
1.3860888
1.3860197
1.3862078
1.3862113
1.3860284
1.386056
1.3858424
1.3858677
1.3860356
1.3861678
1.3861812
1.3858596
1.3861513
1.3860915
1.3860787
1.3862427
1.3858018
1.3857819
1.3859522
1.3861197
1.3858767
1.3862685
1.3859137
1.385863
1.38603
1.3857985
1.3861437
1.3859398
1.3858877
1.3859534
1.3858652
1.3857906
1.3860222
1.3855313
1.3859233
1.3858021
1.3857456
1.3858795
1.385863
1.3857826
1.3857067
1.3857343
1.3859079
1.3858228
1.3858696
1.3857349
1.3858953
1.3860604
1.3859434
1.3858136
1.3861164
1.3861563
1.3857695
1.3858788
1.3860164
1.3857126
1.3859917
1.3858982
1.3859398
1.3858436
1.3857673
1.3857244
1.3856976
1.386003
1.3859011
1.385922
1.3859454
1.3858067
1.3857709
1.3858484
1.3858413
1.3859648
1.3859955
1.3859417
1.3856765
1.3858892
1.3857203
1.3858253
1.3863897
1.3860298
1.3858372
1.3861086
1.3858315
1.3858906
1.3858954
1.3861078
1.3860192
1.3861433
1.3857851
1.3860494
1.385869
1.385835
1.3859819
1.3857151
1.3861692
1.3856941
1.3858856
1.3859301
1.3858604
1.3858461
1.3862886
1.3857652
1.3860357
1.3861094
1.3859099
1.3862613
1.3858426
1.3857311
1.3859423
1.3859565
1.3860922
1.3859164
1.3860115
1.3860679
1.3860058
1.3863527
1.3862926
1.3862205
1.3858024
1.3863292
1.3862079
1.3861545
1.3862753
1.3860203
1.3861886
1.3861132
1.3862287
1.3862112
1.3862108
1.3862176
1.3860279
1.3864046
1.3861475
1.3862387
1.3863597
1.3858474
1.3858627
1.3862485
1.3861827
1.3862835
1.386226
1.3862888
1.3860966
1.3864133
1.3864762
1.386315
1.3863641
1.3864353
1.3862203
1.38631
1.3861988
1.3861481
1.3861208
1.3861743
1.3862286
1.3860284
1.3862841
1.3863094
1.3862702
1.3863021
1.3861617
1.3862168
1.3862034
1.38629
1.386187
1.3862005
1.386437
1.3864713
1.3859892
1.3862202
1.3865385
1.3861856
1.3862381
1.3863249
1.3862394
1.3862294
1.3862379
1.386204
1.3863685
1.3862835
1.3861039
1.3864481
1.3863789
1.3861271
1.3863096
1.3864427
1.3862149
1.3861797
1.3864459
1.3861074
1.3865397
1.3864157
1.386112
1.3862579
1.3863555
1.3862187
1.3863796
1.3863481
1.3864276
1.3863711
1.3866221
1.3861645
1.3861684
1.3864076
1.3864623
1.3864883
1.3862804
1.3863188
1.3862892
1.3863922
1.3862965
1.3864152
1.3862573
1.3864902
1.3859942
1.3865577
1.386515
1.3862969
1.3864051
1.386342
1.3864584
1.3863624
1.3863698
1.3863586
1.3863479
1.3863491
1.3863336
1.3862473
1.3861856
1.3862957
1.3863264
1.3863353
1.386454
1.3862656
1.3863438
1.3860933
1.3865364
1.3865185
1.3860612
1.386523
1.3862642
1.3863769
1.3863974
1.3863484
1.3861178
1.3863306
1.3864176
1.3866699
1.386228
1.3864902
1.3864923
1.3863726
1.386358
1.3864529
1.3861184
1.3864446
1.3863262
1.3863558
1.3866261
1.3861982
1.3863026
1.3863745
1.3863275
1.3862847
1.3862869
1.3862814
1.3867394
1.3864352
1.3864709
1.386342
1.386336
1.3864776
1.3865005
1.386314
1.3863826
1.3863058
1.3863131
1.3863227
1.3863478
1.3863279
1.3864064
1.3862859
1.3862592
1.3863308
1.3862077
1.3862512
1.386181
1.3861144
1.3864013
1.3864629
1.3862596
1.3860834
1.3862336
1.3862625
1.38622
1.38636
1.3862213
1.3862425
1.3863224
1.3862109
1.3862466
1.3861938
1.3861145
1.3862222
1.3860788
1.3861967
1.3861775
1.3862491
1.3863891
1.3862731
1.3861352
1.3861965
1.3864341
1.3862047
1.3861363
1.3863163
1.3862721
1.3862877
1.3864304
1.3862491
1.3865325
1.3862324
1.3861526
1.3862842
1.3861102
1.3863018
1.3862451
1.3862505
1.386155
1.3864325
1.3861948
1.3859714
1.3862923
1.3860884
1.3863026
1.3860788
1.3862176
1.3861754
1.3860884
1.3861617
1.3861252
1.3863107
1.3864149
1.386227
1.386352
1.3860989
1.3862754
1.3862596
1.3861428
1.3862288
1.3864437
1.3859335
1.386078
1.3861494
1.3860971
1.3860452
1.3861729
1.3864388
1.386445
1.3862939
1.3859692
1.3862896
1.3863423
1.3863842
1.386002
1.385891
1.3862095
1.3862482
1.3862587
1.3859509
1.3861178
1.3858957
1.3863182
1.3861285
1.3864129
1.3861173
1.385972
1.3862232
1.3860424
1.3863069
1.3861818
1.386069
1.3861645
1.3861879
1.386113
1.3861198
1.3862187
1.3861722
1.3862249
1.3860428
1.386242
1.3862613
1.386239
1.386309
1.3864279
1.3860623
1.386103
1.3861603
1.3862419
1.385859
1.3861719
1.3860172
1.3861246
1.3859333
1.3861672
1.3861876
1.3862319
1.3862125
1.3858835
1.3861845
1.3860263
1.3865213
1.3860178
1.3863293
1.3862009
1.3858895
1.3861189
1.3861063
1.3861618
1.3863429
1.3860173
1.3863755
1.3863801
1.3863527
1.3862154
1.386065
1.3862371
1.3859384
1.3862619
1.3862741
1.3860995
1.3859817
1.3862606
1.386189
1.3861096
1.3862686
1.3860378
1.3862083
1.386193
1.3860435
1.3862419
1.3863652
1.3862056
1.3863379
1.3860562
1.3861102
1.3861421
1.3860604
1.3861201
1.3863505
1.3864694
1.3861881
1.3860801
1.3862716
1.3862463
1.3861603
1.3864723
1.3861756
1.386235
1.3861389
1.3860382
1.3861456
1.3861948
1.3862764
1.3862803
1.3861575
1.3861465
1.3864079
1.3862679
1.3862497
1.38631
1.3860854
1.3862371
1.3861501
1.3861212
1.3864412
1.386401
1.3862079
1.3860527
1.3860598
1.3862466
1.3860171
1.3864107
1.3864421
1.38654
1.3862498
1.3862423
1.3861954
1.3863616
1.3862472
1.3862686
1.3863224
1.3865105
1.3863422
1.3863316
1.3864167
1.3863732
1.3865441
1.3862333
1.3863983
1.3862882
1.3862277
1.3863249
1.3862506
1.38619
1.3862305
1.3863293
1.3865435
1.3863882
1.3863066
1.3863977
1.386318
1.3864967
1.3861997
1.3864745
1.3863962
1.386248
1.3861738
1.3864639
1.3862022
1.3862444
1.3863491
1.3863189
1.3864464
1.3860191
1.3863509
1.386282
1.386479
1.3865584
1.3864222
1.3861921
1.3862784
1.3863304
1.386383
1.3863353
1.3865347
1.386257
1.386197
1.3864379
1.3863827
1.3864485
1.3861853
1.386236
1.3861845
1.3863392
1.3863715
1.3862396
1.3862531
1.3863393
1.3864417
1.3864032
1.3862017
1.3863467
1.3861873
1.3864774
1.386216
1.3861331
1.3861603
1.3861212
1.386332
1.3863086
1.3862103
1.3864326
1.3861948
1.3861763
1.3861473
1.3862785
1.3859829
1.3864908
1.3865368
1.3863192
1.3863108
1.3862935
1.3862283
1.386248
1.3859848
1.3861334
1.3862213
1.3860888
1.3861023
1.385993
1.386227
1.3862655
1.3862361
1.3863215
1.3860414
1.3862225
1.3861233
1.3861694
1.3862028
1.3861566
1.3862789
1.386283
1.3860731
1.3858099
1.3861623
1.3861198
1.3860584
1.3859857
1.3861157
1.386071
1.3861797
1.3860247
1.3862175
1.3859926
1.3860843
1.3862633
1.3860089
1.3860583
1.3859799
1.3861476
1.3862439
1.3858743
1.385964
1.3857943
1.386242
1.3861176
1.3858677
1.3858445
1.3861108
1.3859273
1.3860197
1.3861628
1.3861213
1.3860017
1.3861119
1.3857955
1.386101
1.3861891
1.3860003
1.3858802
1.3862171
1.3861976
1.3858861
1.3861419
1.3860319
1.3858929
1.3860765
1.3858862
1.3861326
1.3858247
1.3860298
1.3861734
1.3860066
1.386189
1.3861831
1.3862127
1.3857585
1.3859898
1.3859962
1.3857921
1.3860486
1.3860419
1.3861703
1.3860165
1.385944
1.385958
1.3860116
1.3861678
1.3858762
1.3860871
1.385926
1.3861607
1.3856941
1.3862282
1.3860584
1.3859694
1.3860172
1.3859439
1.3859388
1.3860314
1.3859445
1.385957
1.3859727
1.3862784
1.3861097
1.385986
1.385972
1.3862855
1.3859072
1.385812
1.385908
1.3861074
1.3859586
1.3863102
1.3863612
1.3861004
1.3859988
1.385803
1.3859408
1.3858786
1.3863235
1.386087
1.3859471
1.3861611
1.3860942
1.3859556
1.3860481
1.386178
1.3861358
1.3860744
1.386141
1.3860474
1.3860846
1.3862854
1.3858427
1.3861592
1.3861492
1.3861595
1.3860654
1.3860534
1.3858665
1.3858467
1.3858291
1.3861866
1.3860557
1.386212
1.3861645
1.386057
1.3861265
1.3860594
1.38604
1.3861649
1.3860413
1.3860967
1.3861425
1.3859949
1.3859268
1.3861692
1.3860884
1.3860354
1.3859702
1.3858955
1.386081
1.385897
1.3862805
1.3861669
1.386035
1.3861474
1.3859447
1.3859433
1.3858951
1.3859535
1.3857304
1.3860406
1.3859485
1.3861586
1.3859078
1.385995
1.3860077
1.3859248
1.3859649
1.3859594
1.3861287
1.3861377
1.3859215
1.3859555
1.3862956
1.3859941
1.386061
1.3862009
1.3863077
1.3859953
1.3860025
1.3861475
1.3859181
1.386143
1.3860656
1.38596
1.3859637
1.3860828
1.3862116
1.3859267
1.3860795
1.3859797
1.3859344
1.3858901
1.3860011
1.3859262
1.3858403
1.3859107
1.386122
1.3858824
1.3859428
1.3857243
1.3858662
1.386177
1.3860028
1.3859402
1.3860083
1.3861202
1.3858948
1.3859192
1.3858702
1.3861771
1.3858228
1.3859572
1.3858415
1.3860432
1.3861359
1.3859137
1.3861258
1.3859721
1.3859168
1.3858594
1.3859506
1.385873
1.3859731
1.3859015
1.3859792
1.3859688
1.385982
1.3857363
1.3860121
1.386033
1.3859848
1.3861194
1.3857863
1.3857628
1.3857864
1.3857048
1.3859421
1.3860368
1.3861076
1.3859183
1.3858712
1.3857465
1.3860161
1.385806
1.3858405
1.385932
1.3860334
1.3858457
1.3859986
1.3859634
1.386027
1.3862191
1.3859566
1.3859683
1.3860452
1.3859973
1.3859264
1.3859688
1.3858634
1.3859638
1.3860118
1.3857372
1.385999
1.3857673
1.385993
1.3859892
1.3859619
1.3858795
1.3861395
1.3859628
1.386024
1.3860304
1.3857654
1.3856498
1.3858358
1.3860223
1.3859211
1.3858607
1.3859316
1.385868
1.3859472
1.3860236
1.3858093
1.3857144
1.3860668
1.3861396
1.385878
1.3861104
1.3858618
1.3861622
1.3860707
1.3860264
1.385853
1.3861343
1.3859364
1.3858372
1.3860554
1.3860413
1.3860185
1.3860872
1.3857993
1.3856627
1.3857279
1.3860146
1.3857273
1.3858658
1.3857753
1.3860631
1.3859723
1.3857907
1.3856968
1.386175
1.3859687
1.3858188
1.3860859
1.3858316
1.3859383
1.3859471
1.3859771
1.3857046
1.3857983
1.3856047
1.385785
1.385691
1.3857241
1.3860554
1.3856901
1.3857979
1.3858505
1.3859013
1.3858491
1.3859677
1.3858328
1.385957
1.3859562
1.3857731
1.3859613
1.3860859
1.385868
1.3856412
1.3858738
1.3857079
1.3860536
1.3859046
1.3861197
1.3859626
1.3859001
1.3858205
1.3857397
1.3856561
1.3857964
1.3858045
1.3856344
1.3855333
1.3858503
1.3857688
1.3857219
1.3857437
1.3856294
1.3859221
1.3858787
1.3858709
1.3859879
1.385574
1.3859247
1.3856578
1.385928
1.3857758
1.3856534
1.3857666
1.3855892
1.3857511
1.3858086
1.3859638
1.3856155
1.3858088
1.3856379
1.385745
1.3858887
1.3857147
1.3858181
1.3858222
1.3858469
1.3856058
1.3856375
1.3857
1.385754
1.3857714
1.3856422
1.3859451
1.3857052
1.3857633
1.38585
1.3857468
1.3859184
1.3856434
1.3857514
1.385754
1.3856807
1.3856477
1.3858944
1.3856901
1.3858169
1.3856758
1.3857591
1.3857664
1.3855982
1.3857247
1.3857534
1.3855714
1.3856407
1.3856965
1.3858488
1.3856916
1.3857518
1.3858579
1.3855189
1.3857629
1.385899
1.3857542
1.3858694
1.3856994
1.3857168
1.3856033
1.3857186
1.3857449
1.3859462
1.3855889
1.3855823
1.3857712
1.3856256
1.3856732
1.3856026
1.3855277
1.3859352
1.3858718
1.3856426
1.3855906
1.3857228
1.3857514
1.3856024
1.3856978
1.3856758
1.3857633
1.3858879
1.3855534
1.3858391
1.3857723
1.3857201
1.3859649
1.3859353
1.3858299
1.3857533
1.3856244
1.3856933
1.3855462
1.3855816
1.3856436
1.3857502
1.3856311
1.3856641
1.38585
1.3857138
1.385581
1.3860239
1.3858144
1.3857846
1.3856484
1.3858877
1.3857361
1.3856142
1.3857241
1.3858454
1.3857641
1.3857273
1.3858379
1.3857906
1.3857735
1.3860174
1.3860384
1.385917
1.3856937
1.385848
1.3858869
1.3857635
1.3857809
1.3858314
1.3857847
1.3858788
1.3856639
1.3859578
1.3859491
1.3858624
1.3858583
1.3859974
1.3858693
1.385815
1.3857838
1.3857075
1.3857379
1.3860136
1.3857629
1.3855119
1.3860317
1.3860046
1.3858825
1.385796
1.3857256
1.385735
1.3859106
1.3860115
1.3856884
1.3859032
1.3858356
1.385726
1.3858563
1.3859038
1.3858576
1.385629
1.386027
1.3857477
1.3857391
1.3859392
1.3859257
1.3859056
1.3857828
1.3859234
1.3857828
1.3857331
1.385675
1.3858905
1.3860857
1.386194
1.3857828
1.3857912
1.3860706
1.3860102
1.3859766
1.3857676
1.3858658
1.3859549
1.3857741
1.3858517
1.3858559
1.3859127
1.3857695
1.3859307
1.3858757
1.3859466
1.3859121
1.3859601
1.3857714
1.3859059
1.3858824
1.3859965
1.3861496
1.3858681
1.3858494
1.385665
1.385925
1.3860635
1.3859215
1.38571
1.3856484
1.3859512
1.3856845
1.3859437
1.3858536
1.3858016
1.3857119
1.3858366
1.3858689
1.3860917
1.3857821
1.385773
1.3857698
1.385993
1.3858062
1.3858699
1.3858955
1.3859389
1.3858893
1.3861187
1.3858312
1.3858587
1.3858926
1.3856531
1.3858322
1.3856888
1.3858582
1.3859957
1.3856983
1.385723
1.3859297
1.3857079
1.3858821
1.3858961
1.385728
1.3859171
1.3860102
1.386082
1.3860924
1.3861086
1.3858373
1.385747
1.3858082
1.3857698
1.3857602
1.3859574
1.3858042
1.3858495
1.3858161
1.3856297
1.3856434
1.3860384
1.3857068
1.3859825
1.3858056
1.3857522
1.3856999
1.3857745
1.3856566
1.3857783
1.3858929
1.3858197
1.386258
1.385733
1.3856598
1.3857572
1.3857164
1.3857571
1.385759
1.3859131
1.3855463
1.3858519
1.3858101
1.3858913
1.3854417
1.3861679
1.3855278
1.3858244
1.3859625
1.3858482
1.385498
1.385931
1.3857273
1.3859075
1.3859098
1.385906
1.3857828
1.3859378
1.3858596
1.3857533
1.3857933
1.3859009
1.3858968
1.3857715
1.3857998
1.3859823
1.3857063
1.3858203
1.3857754
1.3855859
1.3856484
1.385477
1.3855814
1.3855928
1.3857862
1.3858186
1.3858309
1.3855238
1.385921
1.385593
1.3857615
1.3857397
1.3856972
1.3857927
1.3858519
1.3856443
1.3854673
1.3857456
1.3858398
1.3857349
1.3858056
1.3854793
1.3858166
1.3854939
1.3857057
1.3857375
1.3855236
1.3857638
1.3854643
1.3855397
1.3854294
1.3857967
1.385573
1.3857627
1.3857913
1.3857094
1.3856732
1.3855137
1.3856529
1.3857344
1.3855046
1.385452
1.3856407
1.38572
1.3855817
1.3857533
1.3854471
1.3856031
1.3856502
1.3856546
1.3856338
1.3858188
1.3856705
1.3856666
1.3854818
1.3857617
1.3855802
1.3855779
1.385476
1.3855532
1.38584
1.3857155
1.3855784
1.3854923
1.3856891
1.3858387
1.385573
1.3856152
1.3853147
1.3858601
1.3854157
1.3857756
1.3856475
1.3856374
1.3855529
1.3858773
1.3857913
1.3855466
1.3855337
1.3855343
1.3856959
1.3856019
1.3856043
1.3854469
1.3855314
1.3854983
1.3857465
1.3854963
1.3855964
1.3856556
1.3854505
1.3856033
1.3856819
1.3857161
1.385801
1.3857135
1.3858224
1.385834
1.3854707
1.3857012
1.3855609
1.3856019
1.3855678
1.3856161
1.3860298
1.3856535
1.385773
1.3856728
1.3858112
1.385535
1.3858104
1.3858228
1.3855937
1.3858818
1.3855162
1.3857708
1.385795
1.3856739
1.3858012
1.3857622
1.3860302
1.3858544
1.3859873
1.3855857
1.3859116
1.3858916
1.3855616
1.3858824
1.3857183
1.3856584
1.3857692
1.3859329
1.3859138
1.38591
1.3857427
1.3861148
1.3859097
1.3857143
1.3858548
1.3858818
1.3859259
1.38572
1.3857826
1.3857105
1.385787
1.3857961
1.3858379
1.3860043
1.3858553
1.3858765
1.3860325
1.3858362
1.3863019
1.385826
1.3860623
1.38617
1.3860035
1.3858572
1.3859054
1.3859099
1.3859003
1.3859631
1.3856192
1.3862417
1.38584
1.3859408
1.3859854
1.3859297
1.3860934
1.3860655
1.3862023
1.3859406
1.3859333
1.3858833
1.3861297
1.3861717
1.3860928
1.3862333
1.3862368
1.3858664
1.3859729
1.386226
1.3858973
1.3859473
1.38585
1.3863436
1.3860852
1.3860849
1.386246
1.3859541
1.3861189
1.3859769
1.3859104
1.3860611
1.3860977
1.3859869
1.3863418
1.3861246
1.3860298
1.3858287
1.385838
1.3860097
1.3861948
1.3861641
1.3861732
1.3861545
1.3857889
1.3860846
1.3860838
1.3862213
1.3859537
1.3859906
1.3859377
1.3862964
1.3860992
1.3861111
1.3860887
1.3861419
1.3860794
1.3861771
1.3860703
1.3859752
1.3859873
1.3860726
1.386121
1.3861638
1.3861955
1.3863508
1.3862095
1.3862461
1.3859047
1.3861674
1.3862213
1.3861399
1.3860016
1.3860328
1.3859879
1.3861574
1.3861604
1.3859682
1.3858091
1.3859761
1.3859683
1.385989
1.3860427
1.3860815
1.3861674
1.385908
1.3860993
1.3862289
1.3858936
1.385841
1.3860134
1.3859375
1.385923
1.3860915
1.3857906
1.3859273
1.3858807
1.3860248
1.3859183
1.3860527
1.386099
1.3859582
1.3857478
1.3860703
1.3858813
1.3861742
1.3859962
1.3856696
1.3860567
1.3858186
1.3858228
1.3859943
1.3859078
1.3859164
1.3860248
1.3863167
1.3857262
1.3862045
1.385862
1.3861147
1.3858818
1.3860307
1.3859802
1.3858476
1.3859898
1.3859549
1.386083
1.385908
1.3857192
1.385974
1.3858014
1.3858862
1.3857976
1.385843
1.3858601
1.3858391
1.3859763
1.3858349
1.3858236
1.3857572
1.3859082
1.3856186
1.3857636
1.3859246
1.3860568
1.3859241
1.3856722
1.3857007
1.385667
1.385862
1.386094
1.385578
1.3859851
1.3859069
1.3858554
1.3859553
1.3859414
1.3861414
1.3859445
1.3858353
1.3858116
1.3856938
1.38579
1.3860023
1.3861684
1.385876
1.3858669
1.3861214
1.3858224
1.3857809
1.3860165
1.3857198
1.3857818
1.3860064
1.3858181
1.3858525
1.3859055
1.3859584
1.3855689
1.3859339
1.385748
1.3857721
1.3861367
1.3859737
1.3858349
1.385853
1.3860083
1.3862215
1.38583
1.3859478
1.3859305
1.3858914
1.3861121
1.3858887
1.3858404
1.3858616
1.3859488
1.3859652
1.3856514
1.3859578
1.3860102
1.3859288
1.3861328
1.3858615
1.3858523
1.3860482
1.38585
1.3858342
1.3861713
1.3861741
1.3858277
1.3860178
1.3858533
1.385965
1.3859161
1.3859097
1.3859005
1.3861461
1.3860567
1.3860617
1.3860108
1.3860211
1.3858465
1.3858654
1.3858869
1.3858968
1.3857985
1.3860449
1.3859397
1.3862784
1.386123
1.386193
1.385782
1.3858975
1.3860159
1.3860624
1.385953
1.385803
1.3858149
1.3859649
1.386079
1.385976
1.3859097
1.3857388
1.3858666
1.3860279
1.3859588
1.3858757
1.3860718
1.3862082
1.3858868
1.3860928
1.3859277
1.3859569
1.3860402
1.385906
1.3858916
1.386177
1.3860629
1.385955
1.3859454
1.3859243
1.3861694
1.3860033
1.386111
1.3862125
1.3861191
1.3860021
1.3862183
1.3858206
1.3858941
1.3860487
1.38596
1.3858856
1.3859704
1.3861274
1.3857484
1.3861355
1.3861355
1.3859375
1.3859541
1.3863268
1.386099
1.3859922
1.3861599
1.3861066
1.386002
1.3861891
1.3859009
1.3860753
1.3860909
1.3861356
1.3859795
1.3858016
1.386059
1.3862036
1.3858997
1.3859556
1.3861369
1.3860695
1.3860382
1.3857867
1.3858964
1.3860149
1.3859193
1.3859261
1.386037
1.3860241
1.3860048
1.3861164
1.3857595
1.3861868
1.3858461
1.3862041
1.385784
1.3860497
1.3858631
1.3860369
1.3860211
1.3859096
1.3862584
1.3859458
1.3858881
1.3860649
1.3859632
1.3858687
1.3858329
1.3862381
1.3859268
1.386268
1.386177
1.3859758
1.3859887
1.3860271
1.3862519
1.3861988
1.3858366
1.3861222
1.3859619
1.3859898
1.3861005
1.385794
1.386119
1.386024
1.3860873
1.3860068
1.3860153
1.3860059
1.3859422
1.3859566
1.3859504
1.3859352
1.3860687
1.3860754
1.3858163
1.3859485
1.3859555
1.3861952
1.3860291
1.3859435
1.386082
1.3858852
1.3858869
1.3857826
1.3859433
1.3858974
1.3862557
1.3860124
1.3859421
1.3860618
1.3859254
1.3860757
1.3860679
1.3861117
1.3859301
1.386135
1.3856511
1.386033
1.3859078
1.3860229
1.3858892
1.3860118
1.3860946
1.3859719
1.3859593
1.3859956
1.3858944
1.3861805
1.3858181
1.3862547
1.3857992
1.3859305
1.386096
1.3861672
1.3859352
1.3859515
1.3858674
1.3860605
1.386061
1.3857765
1.3862579
1.3861517
1.3858329
1.3860649
1.3861034
1.3860185
1.3860273
1.3859926
1.3860415
1.3861527
1.3860664
1.3859038
1.3860538
1.3860806
1.3859884
1.3861697
1.3859465
1.3859428
1.385936
1.3859116
1.3861063
1.3860554
1.3862112
1.3860176
1.3860905
1.3860323
1.3857993
1.3860903
1.3859302
1.3861034
1.3860853
1.3862385
1.3859411
1.3860788
1.3860698
1.3860661
1.385986
1.3860201
1.3862282
1.3859249
1.3861166
1.3860682
1.386064
1.3859084
1.3861399
1.3859125
1.3859166
1.3861617
1.3861481
1.3861806
1.3860341
1.3859328
1.386026
1.3858111
1.3859723
1.3861743
1.3860573
1.3859289
1.3862063
1.3862336
1.3861508
1.3860397
1.3862064
1.3862188
1.3862026
1.3863294
1.3861285
1.3861576
1.386161
1.3862138
1.386377
1.3861632
1.3862301
1.386376
1.3862976
1.38596
1.3860112
1.3860749
1.3861865
1.3863848
1.3860714
1.3860073
1.3861932
1.3862096
1.3862866
1.3861313
1.3861945
1.3864006
1.3864813
1.3861309
1.3859326
1.3862333
1.3862548
1.3861666
1.386187
1.3862152
1.3862473
1.3861362
1.386269
1.3863431
1.38646
1.3863152
1.3863777
1.3863977
1.3861204
1.3863031
1.3863202
1.3861673
1.3863182
1.3863783
1.3862981
1.3863282
1.3861351
1.3862274
1.3863605
1.3861285
1.3860974
1.3862501
1.3862467
1.3862119
1.3862089
1.3862789
1.3861839
1.3863959
1.3861828
1.386415
1.3862647
1.3862168
1.3861154
1.3862091
1.3859453
1.3862439
1.3862066
1.3860589
1.3860221
1.3863397
1.3863028
1.3864524
1.3861454
1.3861909
1.3862542
1.386229
1.3863075
1.3859943
1.3862797
1.3862798
1.3862791
1.3864754
1.3863744
1.3862379
1.3862655
1.3862585
1.3863757
1.3862762
1.3863802
1.3864105
1.3864392
1.3863679
1.3861923
1.3863297
1.386285
1.3862506
1.3863311
1.3862829
1.3861269
1.3863705
1.3863112
1.3863087
1.3863003
1.3862026
1.3860667
1.3863572
1.3860643
1.385987
1.3862574
1.3861119
1.3863966
1.386084
1.3863026
1.3864032
1.3863238
1.3864208
1.3861237
1.3861517
1.3861908
1.3861005
1.3861446
1.3861616
1.3862067
1.3860631
1.3864723
1.3861836
1.386182
1.3865302
1.3861887
1.3859742
1.3861455
1.3860917
1.3859968
1.3862584
1.3859414
1.3861521
1.3859903
1.385977
1.3863636
1.3861061
1.3862944
1.3861408
1.3863523
1.3859012
1.3863521
1.3861341
1.3859868
1.3862413
1.3861557
1.3862957
1.3861262
1.3861536
1.3862424
1.3862575
1.3860147
1.3862121
1.3859094
1.3859992
1.386047
1.3859651
1.386159
1.386035
1.3861102
1.3862379
1.3863525
1.3861964
1.3859259
1.3863019
1.3857311
1.3858968
1.3861507
1.3861197
1.3859096
1.3860769
1.386295
1.3856406
1.3860611
1.3859141
1.3859421
1.385975
1.3861996
1.3857838
1.3858515
1.3860736
1.3858753
1.3861958
1.3860178
1.3860614
1.3860347
1.3860873
1.3860279
1.385901
1.3860319
1.3861014
1.3860862
1.385961
1.385706
1.3860103
1.3859555
1.3857597
1.3858532
1.3859028
1.3860043
1.386075
1.3858467
1.3858393
1.385964
1.3860433
1.3859909
1.3862362
1.3858935
1.3859639
1.3857672
1.3858615
1.3859326
1.3861729
1.3859706
1.3858529
1.3858608
1.3858862
1.3860483
1.3861474
1.3860693
1.3860279
1.3860646
1.3857555
1.3858601
1.3859668
1.3861513
1.3857876
1.3860066
1.3859111
1.385853
1.385902
1.3857888
1.3858382
1.3859653
1.386027
1.385867
1.3857144
1.3860599
1.3858205
1.3859485
1.3860338
1.3859886
1.3859375
1.385912
1.3859266
1.386113
1.3857692
1.386191
1.3859848
1.3859246
1.3859674
1.386002
1.3860922
1.3859036
1.3857986
1.3859997
1.3857183
1.3860855
1.3859127
1.3859051
1.3858947
1.38591
1.3859338
1.385904
1.3859597
1.3860239
1.3860755
1.3858007
1.3859771
1.3861576
1.3857876
1.3859537
1.3858868
1.385781
1.3858778
1.3858519
1.3860004
1.3860855
1.3860565
1.3859907
1.3858013
1.385878
1.3861061
1.3860703
1.3859205
1.3858713
1.3860034
1.3860106
1.3858992
1.3858719
1.3860884
1.3859911
1.3860478
1.3859962
1.3859422
1.3861341
1.3859206
1.3858699
1.3859761
1.3859427
1.3858261
1.3859124
1.3858027
1.3860142
1.3858292
1.3858422
1.3859198
1.3859729
1.3859918
1.3858492
1.3858976
1.3860093
1.3860977
1.3858182
1.3857746
1.3858914
1.3860964
1.3859097
1.3859142
1.3859879
1.3858298
1.3857123
1.386017
1.3859333
1.3858274
1.3857018
1.3858798
1.3860302
1.3857534
1.3862318
1.3861448
1.3862025
1.3857034
1.3859549
1.3860606
1.3858794
1.3861319
1.3859991
1.3860476
1.3861518
1.385833
1.385901
1.3858137
1.3858588
1.385836
1.3860655
1.386083
1.3861086
1.3859783
1.3860412
1.3860729
1.3860364
1.3860099
1.3860337
1.3859171
1.3859649
1.3861424
1.3858641
1.385773
1.3859991
1.3858358
1.3859981
1.3857105
1.3859879
1.3861059
1.3858074
1.3861455
1.3862329
1.3859581
1.385866
1.3858742
1.3857248
1.3861855
1.3859309
1.3858898
1.3859894
1.3858917
1.3862118
1.3862854
1.3858064
1.3859173
1.3858842
1.3859701
1.3858863
1.3860593
1.3859445
1.385813
1.3858861
1.386063
1.3861406
1.3861269
1.3858199
1.3858455
1.3859047
1.385869
1.3861854
1.3860295
1.3859557
1.3860424
1.3861082
1.3860637
1.3860185
1.3859571
1.3859458
1.386013
1.3860048
1.385981
1.3861557
1.3860772
1.3861389
1.3860658
1.3859062
1.3859304
1.3860393
1.3861269
1.3859876
1.3861623
1.3860306
1.3860776
1.3858633
1.3860922
1.385893
1.3859493
1.3856354
1.3861073
1.386042
1.3859578
1.3859917
1.3859798
1.3860428
1.3860155
1.3863817
1.3859162
1.386002
1.3860908
1.385976
1.3859174
1.3860911
1.3859618
1.3859987
1.3857998
1.3859931
1.3859882
1.3862044
1.3858618
1.3860655
1.3859813
1.3860456
1.3861214
1.3862032
1.3858168
1.3859909
1.3859634
1.3859901
1.3860227
1.3859025
1.3860449
1.3859626
1.385926
1.3860366
1.3857692
1.3860465
1.3857976
1.3863032
1.3858165
1.3859676
1.3858768
1.386046
1.3860735
1.3861697
1.3860539
1.3860166
1.3859171
1.3860642
1.3859148
1.3860483
1.3861628
1.386026
1.3862761
1.3860196
1.385972
1.386152
1.3858876
1.3861966
1.3859679
1.3859191
1.3861345
1.3860917
1.3862852
1.3860157
1.3860093
1.385909
1.3858473
1.3860203
1.3861997
1.3861243
1.3863677
1.3860513
1.3860296
1.3861412
1.3859025
1.3860241
1.3861868
1.3860121
1.3859752
1.385942
1.3859925
1.3859628
1.3859974
1.3859249
1.3861933
1.3860606
1.3860312
1.3860451
1.3860761
1.3862886
1.385923
1.3862518
1.3859962
1.386239
1.3860213
1.38623
1.3860731
1.3859998
1.3858312
1.3862108
1.3859892
1.3863115
1.386288
1.3860567
1.3860403
1.3859777
1.385938
1.385895
1.3861983
1.3862003
1.3861095
1.3860748
1.385903
1.385774
1.3859656
1.3860884
1.3862773
1.3860013
1.3862524
1.3861955
1.3862462
1.3861699
1.3858595
1.3862104
1.3859944
1.386231
1.3859812
1.3861885
1.3859092
1.3857868
1.3858792
1.3859783
1.3862224
1.3859954
1.3858947
1.3860787
1.386055
1.3858603
1.3862287
1.3860211
1.3860778
1.3859943
1.3861415
1.3859353
1.3861283
1.3861164
1.3861088
1.3859599
1.3859524
1.3861525
1.3860254
1.3859336
1.3862399
1.3859477
1.3860081
1.3859451
1.385923
1.3858484
1.3858045
1.3860462
1.385922
1.3861669
1.3859859
1.3860584
1.3860142
1.3860534
1.3859876
1.3860335
1.385873
1.3860189
1.3860068
1.386015
1.3859189
1.3859864
1.3862197
1.3860964
1.3857932
1.3859608
1.3860633
1.3858413
1.3859227
1.3860565
1.3858551
1.3859218
1.3859016
1.3858669
1.3857785
1.3858564
1.3859124
1.3859577
1.3860828
1.3858722
1.3858907
1.3859415
1.3860931
1.3857006
1.3857819
1.3860606
1.3861138
1.3859464
1.3857685
1.3861157
1.3857484
1.3861047
1.3861918
1.3860033
1.3857626
1.3858857
1.3860312
1.3858411
1.3857894
1.3857889
1.3860731
1.3858923
1.3858399
1.3859593
1.3857137
1.3858219
1.385871
1.3859166
1.3858722
1.3858868
1.3859053
1.385834
1.386016
1.3858489
1.3860133
1.3857632
1.3858782
1.3859057
1.3859717
1.3860184
1.3857642
1.3857456
1.3859286
1.3858576
1.3856975
1.3861158
1.3859371
1.3857894
1.3859682
1.3857982
1.3857548
1.3859413
1.3857327
1.3857334
1.3858554
1.3856223
1.3860064
1.3857993
1.3860706
1.3860518
1.3859332
1.3858943
1.3856777
1.3860172
1.3858179
1.3860571
1.3858788
1.3857615
1.3857371
1.3858751
1.3857508
1.3858042
1.3858274
1.3859041
1.3858474
1.3859202
1.385944
1.385663
1.3858224
1.3857113
1.3856652
1.3861836
1.3857514
1.385707
1.3858721
1.3857002
1.3856963
1.3858421
1.3858408
1.3859271
1.3857584
1.386078
1.385962
1.3858849
1.3859556
1.3858663
1.3858747
1.3857342
1.3859172
1.3858634
1.3858727
1.3858232
1.3858875
1.385898
1.3859618
1.3860286
1.3858547
1.3857669
1.3858039
1.3856139
1.3857698
1.3859073
1.3857518
1.3857851
1.3859566
1.3859869
1.3858181
1.3856782
1.3859018
1.3857666
1.3859437
1.3859345
1.3860601
1.3858112
1.3858827
1.3858966
1.3856043
1.3858455
1.3859042
1.3859535
1.385938
1.3858118
1.385764
1.3859062
1.3859566
1.3858593
1.3860216
1.3857296
1.385685
1.3859566
1.3859892
1.3856806
1.3858321
1.3858252
1.3859378
1.3858144
1.3857394
1.3858514
1.3857151
1.3857439
1.3858118
1.3857427
1.3856782
1.3857317
1.3857073
1.3859167
1.3860031
1.3857179
1.3857896
1.3859185
1.3859218
1.3858769
1.3856223
1.3858715
1.3858407
1.3859043
1.3856686
1.3859009
1.3857943
1.3859019
1.386092
1.3857865
1.385719
1.385954
1.3857379
1.3858163
1.3857914
1.3859043
1.3859185
1.385917
1.3858907
1.3859769
1.3859199
1.386008
1.3858031
1.3859102
1.385792
1.3857595
1.3857616
1.3856485
1.3858459
1.385953
1.3858958
1.3859084
1.385846
1.3858246
1.3858126
1.3857521
1.3857596
1.3858529
1.3859842
1.3861066
1.3857552
1.3857838
1.3856592
1.3857449
1.385798
1.3855158
1.3857731
1.3858265
1.3857162
1.3856704
1.3857821
1.3858804
1.3858641
1.385837
1.3859936
1.385833
1.3858773
1.3858974
1.3858156
1.3858497
1.385708
1.3860574
1.3858583
1.385643
1.3857152
1.385755
1.3856201
1.3859477
1.385727
1.38596
1.3858498
1.3859271
1.3859117
1.3859109
1.3856071
1.385861
1.3857113
1.3857971
1.3857112
1.3857082
1.3858099
1.3855985
1.3859247
1.3857173
1.3860642
1.3857476
1.3859386
1.3857508
1.3858162
1.3858477
1.38566
1.3857716
1.3858564
1.3857301
1.3857832
1.3857522
1.3856592
1.385862
1.3856887
1.3856721
1.3855534
1.3857751
1.3857806
1.3855896
1.3857363
1.3858747
1.3859861
1.3857274
1.3856733
1.3857853
1.3856933
1.3857056
1.3855606
1.3854882
1.3857431
1.3857034
1.3859681
1.3857404
1.3857532
1.3859391
1.3857759
1.3857082
1.3855913
1.385628
1.3857365
1.3857919
1.3858162
1.3856229
1.3857995
1.3857373
1.3858781
1.3856552
1.3858773
1.3857014
1.3858694
1.3857436
1.3858671
1.385693
1.3854659
1.3857812
1.3856952
1.3857607
1.3857992
1.3855256
1.3857555
1.3858535
1.3857647
1.3856956
1.3858078
1.3858708
1.3856521
1.3858764
1.3855933
1.3856127
1.385766
1.3858116
1.385808
1.3857586
1.3857116
1.3857186
1.3856366
1.3859873
1.3858938
1.385758
1.3858916
1.3858916
1.3857964
1.3857583
1.3858502
1.3858728
1.385979
1.3858099
1.3858166
1.3856884
1.385979
1.3859499
1.3857552
1.3858223
1.3860396
1.3856344
1.3858911
1.3861061
1.3857892
1.3861154
1.3859495
1.3858277
1.3857709
1.3858938
1.3858868
1.38585
1.3858721
1.3859415
1.3858168
1.3859017
1.3859328
1.3860763
1.3860451
1.3859494
1.38606
1.3860662
1.3859142
1.3861915
1.385857
1.3857194
1.3856953
1.3859475
1.3858138
1.3859935
1.3858227
1.3859297
1.385962
1.3858491
1.3860426
1.3857533
1.3861507
1.385907
1.3862045
1.3858813
1.3857301
1.386062
1.3858582
1.3860213
1.3857881
1.3861072
1.3860453
1.3858443
1.3860607
1.3860552
1.3861755
1.3858963
1.3859668
1.3859084
1.3859437
1.3859981
1.38593
1.3856796
1.3858123
1.3858404
1.3857965
1.38584
1.3858742
1.3859676
1.3859224
1.3860999
1.3859986
1.3858496
1.3860317
1.3857902
1.3860338
1.3860463
1.3859962
1.3859959
1.3860401
1.3860418
1.3857088
1.3859609
1.3858618
1.3858907
1.3859026
1.385925
1.3860269
1.3857056
1.3859986
1.385705
1.3858112
1.3859116
1.3855933
1.3858597
1.3856865
1.3859074
1.3858576
1.3861303
1.3859524
1.3858718
1.3860649
1.3859159
1.385635
1.3857511
1.3859428
1.385751
1.3858571
1.3858669
1.3857683
1.3856987
1.3856896
1.3858179
1.3858507
1.3859155
1.3855946
1.3857515
1.385869
1.3858709
1.3856783
1.3856981
1.3855276
1.3857422
1.385962
1.3857412
1.3858112
1.3857311
1.385748
1.3856382
1.3856897
1.3857622
1.3858296
1.385787
1.3857944
1.3858247
1.385745
1.3858892
1.3862206
1.3856548
1.3857311
1.3856277
1.3858508
1.3856807
1.3857363
1.3857735
1.385564
1.3857287
1.3856988
1.385651
1.3857119
1.3859538
1.3856878
1.3859305
1.385584
1.3855718
1.3857481
1.3859209
1.385656
1.385826
1.3856767
1.3856628
1.3858571
1.3858275
1.3857533
1.3859991
1.3858508
1.3858877
1.3857925
1.3858091
1.3858061
1.3857241
1.3859854
1.3857323
1.3859378
1.3855562
1.3856789
1.385726
1.3857219
1.3860329
1.3857338
1.385902
1.3857201
1.3855308
1.3859502
1.385801
1.3858578
1.3859948
1.3857621
1.385852
1.3855692
1.3857006
1.3855456
1.3858169
1.3856467
1.3858836
1.3856925
1.3858925
1.3857788
1.385765
1.3857591
1.3859308
1.3855903
1.3858202
1.3859084
1.3856099
1.3858607
1.3854429
1.3856637
1.3856852
1.3858937
1.3855842
1.3858604
1.3854913
1.385882
1.3855511
1.385708
1.3857126
1.385514
1.3856466
1.3856764
1.3860734
1.3859297
1.3856463
1.3854678
1.3857238
1.385924
1.385857
1.3857082
1.3857182
1.3857378
1.3858299
1.3857764
1.3856173
1.3857638
1.385754
1.3858689
1.385824
1.385609
1.3856667
1.3857015
1.3856815
1.3859347
1.3856213
1.3857944
1.3856395
1.3855625
1.3858579
1.3855809
1.3857739
1.3856887
1.3856504
1.3856297
1.3857636
1.3855793
1.3855556
1.3856996
1.3856032
1.3855345
1.3856553
1.385616
1.385836
1.3856548
1.3853523
1.3857653
1.3853362
1.385747
1.3855778
1.3855373
1.3852192
1.3855506
1.3855752
1.3857527
1.3856713
1.3856485
1.3856564
1.3854783
1.3856878
1.385659
1.3855989
1.385659
1.3856674
1.3857033
1.3856218
1.38535
1.3857005
1.3855906
1.3858228
1.3855205
1.3856984
1.3854371
1.3854657
1.3855586
1.3853749
1.3856091
1.3855673
1.3855308
1.3856457
1.3855215
1.3856101
1.3856536
1.3857412
1.3853039
1.3854353
1.3856462
1.3857889
1.3856462
1.3853377
1.3856677
1.3854848
1.3854538
1.3857405
1.3855911
1.3857363
1.3857952
1.385553
1.3854809
1.385548
1.3855315
1.3857819
1.3856236
1.3856425
1.3854773
1.3857336
1.3854961
1.3854474
1.3855529
1.3853265
1.3856478
1.3856226
1.3857456
1.3857538
1.3855782
1.385393
1.3856852
1.3854097
1.3853692
1.3857183
1.3854405
1.3855195
1.385767
1.38552
1.3854514
1.3856319
1.3853796
1.3854957
1.3855969
1.3856281
1.3856382
1.3857102
1.3856163
1.3856726
1.385574
1.3856037
1.3857293
1.3854924
1.3855147
1.3853557
1.3855782
1.3855693
1.3857441
1.3856094
1.385616
1.3856137
1.385459
1.3855397
1.3855453
1.3856287
1.38587
1.3856204
1.385877
1.3857106
1.3857032
1.3859073
1.3857952
1.3855038
1.385682
1.3856066
1.3854451
1.3857704
1.3857483
1.3857875
1.3858813
1.3855972
1.3857876
1.3857653
1.3860389
1.3856946
1.3856875
1.3858831
1.3857758
1.3858029
1.3856465
1.3860155
1.3856567
1.3858153
1.3856711
1.3856157
1.3859537
1.3860701
1.3856725
1.3859988
1.3857521
1.3855513
1.3861412
1.3860357
1.3857403
1.3856186
1.385918
1.3857156
1.385985
1.3859272
1.3858938
1.3858515
1.3857962
1.3859514
1.385928
1.385775
1.3858943
1.3859236
1.3858163
1.3859583
1.3858969
1.3857957
1.3857026
1.3858048
1.3860044
1.3859173
1.3858888
1.3860706
1.3860174
1.3859321
1.3859924
1.3857769
1.3859249
1.3860599
1.3856905
1.3859309
1.386056
1.3859743
1.3858639
1.3860952
1.3859091
1.3860108
1.385814
1.3857279
1.3860464
1.3860598
1.3860185
1.3859974
1.3859186
1.3860567
1.3861206
1.3859001
1.3860246
1.3864036
1.3862439
1.386057
1.3862221
1.3859638
1.3862453
1.3860837
1.3860925
1.3860546
1.3859888
1.386068
1.3860872
1.385993
1.3859288
1.3859475
1.3860158
1.3861963
1.3860216
1.386005
1.3860878
1.3863074
1.3860153
1.3861107
1.3858293
1.3862053
1.386152
1.3861117
1.3860778
1.3860325
1.3861634
1.3860863
1.3863467
1.3860885
1.386237
1.3859724
1.3862168
1.3862622
1.3861347
1.3859309
1.3861665
1.3860483
1.3860441
1.3861653
1.38621
1.386106
1.386356
1.386005
1.3859485
1.386
1.3860394
1.3862319
1.3861094
1.3860713
1.3863184
1.3863211
1.3859551
1.3860182
1.3862133
1.3861297
1.3860233
1.3861321
1.3863395
1.3861824
1.3860039
1.3861445
1.3863316
1.3859582
1.3858945
1.38633
1.3861588
1.38615
1.3861055
1.386005
1.3858553
1.3861023
1.3861569
1.3862469
1.3859385
1.3861102
1.3860916
1.3862481
1.3861797
1.3861619
1.3859867
1.3861141
1.3860939
1.3860636
1.3858709
1.3859345
1.3858461
1.3859149
1.3862551
1.3861624
1.3861889
1.3861619
1.3861341
1.3862191
1.3859606
1.3859879
1.3859574
1.3860828
1.3859981
1.3860289
1.3858615
1.3858583
1.3859565
1.3861877
1.3859576
1.3859586
1.3860521
1.3858863
1.3860604
1.3859973
1.3861805
1.3856281
1.3859634
1.3860174
1.3857996
1.3859943
1.3857659
1.3858883
1.3858068
1.386068
1.3859531
1.3860393
1.3861711
1.3859761
1.3860991
1.3860941
1.3860013
1.3855982
1.3858696
1.3860825
1.3860193
1.3860264
1.3859743
1.3859179
1.3858423
1.3859462
1.3859419
1.3859485
1.3858677
1.3858169
1.3856832
1.3857833
1.385905
1.385907
1.3860805
1.3858345
1.3857307
1.3861451
1.3858964
1.3858216
1.3859938
1.3858298
1.3859168
1.3858118
1.3858206
1.3859034
1.3858066
1.3859133
1.385926
1.3855319
1.3858179
1.3859068
1.3859072
1.3857409
1.3859582
1.385743
1.3858252
1.3856579
1.386043
1.385938
1.3858677
1.3858218
1.3857431
1.385923
1.3858093
1.3857043
1.3859981
1.3860545
1.385923
1.385768
1.3857799
1.3856121
1.3858169
1.3856548
1.3858924
1.385874
1.3858309
1.3858435
1.3856215
1.3857532
1.385745
