1.3858554
1.3862834
1.3862476
1.386021
1.3861289
1.3862404
1.38608
1.386076
1.3859535
1.386011
1.3863063
1.3859748
1.3860306
1.3860735
1.3862188
1.3859341
1.3859199
1.3858881
1.3862224
1.3860778
1.3859535
1.3861176
1.3862691
1.3860235
1.3860972
1.3862311
1.3863189
1.3860904
1.3860276
1.3865036
1.3864803
1.3860688
1.3861868
1.3860918
1.3858904
1.3860054
1.3859199
1.38615
1.386268
1.3862053
1.3860469
1.386178
1.3861611
1.3859458
1.3861351
1.3861575
1.3860054
1.3862919
1.3860898
1.3861363
1.3861465
1.3861104
1.3860309
1.3859541
1.3859956
1.386199
1.3858105
1.3861151
1.3861345
1.3862879
1.385952
1.3859984
1.386055
1.3859018
1.3861092
1.3860939
1.3861833
1.3861386
1.3861947
1.386089
1.386171
1.3861946
1.3862097
1.3862182
1.3863007
1.3859571
1.3862352
1.3860699
1.3862711
1.386113
1.3860388
1.38593
1.38611
1.3860905
1.3862416
1.3861214
1.38619
1.3861524
1.3862957
1.3860133
1.3861061
1.3862236
1.386193
1.3861386
1.3862085
1.3863978
1.3862529
1.3861797
1.3861947
1.3859429
1.3863525
1.3860363
1.3861119
1.3861569
1.386037
1.3862511
1.3863368
1.386278
1.3859457
1.3862394
1.3861303
1.3861952
1.3861662
1.3859645
1.3860488
1.3862219
1.3862127
1.3860543
1.3861465
1.3861175
1.3861208
1.3862162
1.3862817
1.3858596
1.3861911
1.3860039
1.3861635
1.3861948
1.3862611
1.3861512
1.3863683
1.386145
1.3861631
1.3863207
1.3861966
1.3863431
1.3861995
1.3860462
1.3863941
1.3863058
1.3860788
1.3862343
1.386301
1.3863991
1.386233
1.3862928
1.3864985
1.3862377
1.3864375
1.3861734
1.3864125
1.3862307
1.386184
1.3864012
1.3860586
1.3863071
1.3863183
1.3863813
1.3862102
1.3864518
1.386133
1.3862505
1.3862652
1.3864113
1.3864102
1.3864925
1.3864467
1.3862513
1.3863851
1.3863539
1.386089
1.3862382
1.3865598
1.3861417
1.386427
1.3864031
1.3861305
1.3863224
1.3862442
1.3863358
1.386363
1.3862033
1.3861603
1.386398
1.3864546
1.386165
1.3863744
1.386383
1.3862585
1.3862077
1.3863711
1.3864156
1.3863348
1.3862346
1.3864068
1.3861126
1.3862674
1.386572
1.3863407
1.3860775
1.3863641
1.3862355
1.3863934
1.3863827
1.3864775
1.3863529
1.3862604
1.3861425
1.3863232
1.3864198
1.3861561
1.3862604
1.3863033
1.3862666
1.386378
1.3861146
1.3861141
1.3862863
1.3861972
1.3861786
1.3861336
1.3863006
1.3861815
1.3861107
1.3861567
1.3860613
1.3858782
1.3860986
1.3861727
1.3862435
1.3861628
1.3859693
1.3861349
1.3863299
1.3863196
1.3857554
1.3860716
1.3861704
1.3861551
1.3862861
1.3860838
1.3859553
1.3861592
1.3861785
1.3859545
1.3859576
1.3861561
1.3859842
1.386034
1.3860589
1.3861402
1.3860778
1.3859574
1.3861914
1.3860229
1.3861887
1.3859625
1.3859283
1.3859777
1.3860656
1.3859291
1.3859818
1.3859382
1.3858478
1.386069
1.3857808
1.385746
1.3858199
1.3859867
1.3858157
1.3861322
1.3859218
1.3858726
1.3858694
1.3859336
1.3857769
1.3858514
1.3857422
1.3858017
1.3857989
1.3857826
1.3856554
1.3859816
1.3857368
1.38587
1.3856401
1.3859669
1.3858334
1.3858938
1.3858962
1.385747
1.3857716
1.3859218
1.3858448
1.3857015
1.3858217
1.3859507
1.385901
1.3858078
1.3859906
1.3857641
1.3859134
1.3861474
1.3860474
1.3856976
1.3857801
1.3858004
1.385752
1.3857746
1.3860364
1.3857199
1.3856447
1.38582
1.3857621
1.3859307
1.3860197
1.3858904
1.38597
1.3859271
1.3857697
1.3859024
1.3858966
1.3859403
1.3859183
1.3860128
1.3860946
1.3857675
1.3860108
1.3859047
1.3858603
1.3857298
1.3860259
1.386062
1.3860888
1.3860999
1.3861303
1.3859537
1.3859868
1.3862848
1.3862579
1.3862252
1.386196
1.3863467
1.3861609
1.3862041
1.3861083
1.3860835
1.3861707
1.3863348
1.3861468
1.3861326
1.3861681
1.3860776
1.3864208
1.385953
1.386436
1.3861458
1.3860232
1.38609
1.3860892
1.3862588
1.3861711
1.3861603
1.3863511
1.3861068
1.386228
1.3862193
1.3862524
1.3862692
1.3864158
1.3862816
1.3863522
1.3862684
1.3864427
1.3863431
1.3865004
1.3862823
1.3863704
1.3862444
1.3861773
1.386219
1.3864388
1.3863344
1.3862339
1.3864963
1.3865329
1.386486
1.3866339
1.3863766
1.3866482
1.3863654
1.3862687
1.3863999
1.3864177
1.3863635
1.3864444
1.3861678
1.3862695
1.3862654
1.3867083
1.3865323
1.3863746
1.3863993
1.3866415
1.3863393
1.3864286
1.3865778
1.3863498
1.3864844
1.3862753
1.3863207
1.3861719
1.3864281
1.3864387
1.3866276
1.3865328
1.3862697
1.3865963
1.3863046
1.3863245
1.3866233
1.3866167
1.3862225
1.3865271
1.3864822
1.3864038
1.3864833
1.3864131
1.3861073
1.3864651
1.3865383
1.3866519
1.3864025
1.3864784
1.3864775
1.3864931
1.3862287
1.386484
1.3864722
1.3863741
1.3863969
1.3864651
1.386447
1.3863304
1.3864237
1.3863056
1.3864528
1.386149
1.386512
1.3863745
1.3861792
1.3862646
1.3864363
1.3863282
1.3860983
1.3865722
1.3865093
1.3863592
1.3861895
1.3863242
1.3864189
1.3862946
1.386669
1.3865573
1.386393
1.3864303
1.3862226
1.3862077
1.3864613
1.3865044
1.3859979
1.3863615
1.3861762
1.386059
1.3861498
1.3862371
1.3862176
1.3862175
1.3863499
1.3862469
1.386408
1.3863373
1.3860984
1.3863163
1.3862191
1.3859835
1.3859622
1.3863117
1.3860617
1.3862807
1.3861768
1.3860437
1.3859936
1.3860714
1.3859069
1.3859956
1.386012
1.3861691
1.3860307
1.3859115
1.3858958
1.385978
1.3859625
1.3860536
1.3861023
1.385766
1.3858325
1.385888
1.3860229
1.3859135
1.3859804
1.3860301
1.3860079
1.3859688
1.3861053
1.3859936
1.3860756
1.3858719
1.3859047
1.3859533
1.3859524
1.3860033
1.3858165
1.386047
1.3860017
1.3860539
1.3861139
1.3858352
1.3859409
1.3859398
1.3858118
1.3861426
1.3857807
1.3857768
1.3858385
1.3859237
1.3858367
1.3857629
1.3858557
1.3858734
1.3858163
1.3857666
1.3858079
1.3859904
1.3859494
1.3860011
1.3859466
1.3858175
1.386041
1.385801
1.3854941
1.3856888
1.3857951
1.3858677
1.3858439
1.3856217
1.3859428
1.385712
1.3857502
1.3859389
1.3859936
1.3856828
1.3859388
1.385984
1.3856094
1.3857528
1.3859962
1.3858652
1.3856697
1.3857118
1.3856895
1.3859205
1.3857096
1.3857994
1.3857199
1.3858999
1.385719
1.3860972
1.3858064
1.3860161
1.3857529
1.3859717
1.3859355
1.3858204
1.3857228
1.3859719
1.3857943
1.3859344
1.3857845
1.3859199
1.3858466
1.3859867
1.3858036
1.3857412
1.3858217
1.3858958
1.385795
1.3857164
1.3860341
1.38588
1.3858385
1.385867
1.3858491
1.3857293
1.3859494
1.3859313
1.3858796
1.3859587
1.3858787
1.3858402
1.3858364
1.3858455
1.3858488
1.3858168
1.3861617
1.3860358
1.3861679
1.3861524
1.3860345
1.3859062
1.3860902
1.3860208
1.3859001
1.3860394
1.3857718
1.3862063
1.38601
1.38596
1.3861268
1.386201
1.3861189
1.3861318
1.3858976
1.3859428
1.3861895
1.3862921
1.386035
1.3861874
1.3861939
1.3860598
1.3860054
1.3862085
1.3860756
1.3860854
1.386048
1.3860459
1.3861405
1.3862255
1.386212
1.3860031
1.386062
1.3859236
1.3860583
1.3861192
1.3860407
1.3861651
1.3860741
1.3859714
1.3861076
1.3860813
1.3863579
1.3862581
1.3860768
1.3862551
1.3862097
1.3860002
1.3859129
1.3860483
1.3859133
1.3859657
1.3860186
1.3861253
1.3860363
1.3859663
1.3859547
1.3861984
1.386186
1.38591
1.3860456
1.386329
1.385983
1.3860059
1.3860403
1.3859476
1.3859292
1.385858
1.386015
1.385943
1.385905
1.3862294
1.3861117
1.3856505
1.3857464
1.3859313
1.3858533
1.3858856
1.3859491
1.3858514
1.3859117
1.3858296
1.3857181
1.3858252
1.3861221
1.3861271
1.385846
1.3859015
1.3858137
1.3856627
1.3858575
1.3857424
1.3857772
1.3857718
1.3858196
1.3860382
1.3857815
1.3857629
1.3855655
1.3856412
1.3856113
1.3857461
1.3856517
1.3857526
1.3858333
1.3857565
1.385703
1.3855275
1.3857646
1.3857794
1.3857902
1.3854914
1.385716
1.3858008
1.3856497
1.3857777
1.3856273
1.3853626
1.3854647
1.3855535
1.3855171
1.3855126
1.3855789
1.3855553
1.38555
1.3855984
1.3858631
1.3855231
1.3854977
1.3853703
1.3855597
1.3854357
1.3851995
1.3853384
1.3853129
1.3851566
1.3852228
1.385236
1.3853745
1.3852578
1.3854157
1.3852401
1.3851851
1.3854378
1.3854038
1.3853083
1.3853387
1.3853723
1.3852531
1.3852581
1.3854767
1.385569
1.3853227
1.3851767
1.3853912
1.385405
1.3854015
1.3853627
1.3852829
1.3853538
1.385248
1.3850775
1.3854107
1.3852917
1.3852776
1.3852714
1.3854015
1.3852042
1.3853315
1.3852993
1.3851423
1.3851906
1.3849672
1.3851045
1.3856434
1.3851498
1.3849899
1.3853208
1.3852285
1.3852723
1.3853663
1.3852509
1.3851957
1.3855025
1.385181
1.3853064
1.3854023
1.3854458
1.385335
1.3854712
1.3851041
1.3852154
1.3852339
1.3853915
1.3853693
1.3852967
1.3853006
1.3853196
1.3852926
1.3852131
1.3853464
1.3854716
1.3852184
1.3855217
1.3855699
1.385378
1.3854584
1.3855267
1.3853201
1.3856764
1.385382
1.3854676
1.3855631
1.3854717
1.3854252
1.3854585
1.3854845
1.3855127
1.385651
1.3856596
1.385757
1.3857311
1.3856264
1.3857057
1.3856132
1.3856351
1.3856597
1.3858353
1.3855966
1.3857464
1.3856832
1.3855191
1.3858575
1.3858796
1.3858129
1.385799
1.3858303
1.3859458
1.3858235
1.3862617
1.3859533
1.3857268
1.38613
1.3859012
1.3858463
1.3858894
1.3859324
1.3861
1.3860611
1.3861691
1.3861704
1.3860166
1.3860012
1.3861052
1.386088
1.3861574
1.3859745
1.38621
1.3861387
1.3863084
1.3864919
1.3864158
1.3862587
1.3863697
1.3865513
1.3863927
1.386457
1.3863934
1.3865263
1.3863494
1.3864721
1.386298
1.3865215
1.3865256
1.386381
1.3863903
1.3862699
1.3865715
1.386195
1.3863815
1.3864716
1.3865811
1.3864934
1.386381
1.3865514
1.3864155
1.3864137
1.3865879
1.3863425
1.3864918
1.3862587
1.3862745
1.3865393
1.3861928
1.3863708
1.3863211
1.3862383
1.3864143
1.3865099
1.3864226
1.3866638
1.3863132
1.3863344
1.38631
1.3860275
1.3864043
1.386398
1.3863674
1.3862133
1.3863086
1.386123
1.3861032
1.3863702
1.386454
1.3863515
1.3864541
1.3862499
1.3863212
1.3863341
1.386125
1.3862737
1.3862753
1.3862283
1.3862774
1.3863302
1.3862219
1.3861051
1.3861755
1.3862581
1.3862579
1.3862126
1.385949
1.3861552
1.3861734
1.3859701
1.3861177
1.3861374
1.3861871
1.3860315
1.3859824
1.3860725
1.3861248
1.3858602
1.3861884
1.3860441
1.3861513
1.3861964
1.3859941
1.3861499
1.385994
1.385947
1.3858175
1.3858238
1.3861088
1.386117
1.3857267
1.3858469
1.3862327
1.3859279
1.3860083
1.385996
1.3858429
1.38578
1.3860693
1.3857737
1.3860649
1.3858293
1.3858149
1.3859097
1.3857596
1.3857856
1.386026
1.3858019
1.3858515
1.3859353
1.3859701
1.385874
1.385635
1.3858848
1.3858896
1.3858654
1.3858461
1.3858546
1.3859415
1.3857093
1.3857659
1.3857256
1.3858322
1.3859305
1.3855368
1.3857692
1.3858919
1.3858588
1.3860496
1.3858192
1.385801
1.3856611
1.3857865
1.3859072
1.3856213
1.3855157
1.3857723
1.3856413
1.3857902
1.3854136
1.385557
1.3857465
1.385589
1.3858773
1.3857322
1.3856579
1.3856845
1.3857726
1.3857028
1.3855183
1.3854238
1.3854666
1.3858116
1.3859307
1.3856789
1.3859116
1.3857735
1.385699
1.3858203
1.3858516
1.3859186
1.3856726
1.3858613
1.3856529
1.3856783
1.3856949
1.385677
1.3856035
1.3856325
1.3856567
1.3855728
1.3857384
1.3857977
1.3857598
1.385732
1.3857492
1.3857455
1.3857794
1.385625
1.3857803
1.3856117
1.3857456
1.385773
1.3856927
1.3856804
1.3857445
1.385719
1.3855429
1.3857038
1.3857408
1.3858085
1.3856559
1.3855586
1.385787
1.3857483
1.3858188
1.3855684
1.3855326
1.3857976
1.3856262
1.3857381
1.3859658
1.3858023
1.3858747
1.3858378
1.3858532
1.3856586
1.3857998
1.3857132
1.3858184
1.3857563
1.3859093
1.3857412
1.3857741
1.3857137
1.3856636
1.3860108
1.3858643
1.3858402
1.3858178
1.3857285
1.3858951
1.3859469
1.3859631
1.3856148
1.3858266
1.3855686
1.3858265
1.385781
1.3857571
1.3858868
1.3858143
1.3860004
1.3860731
1.3857758
1.386007
1.3858795
1.3859261
1.3858693
1.3860787
1.3861243
1.3860164
1.3861208
1.3859484
1.3858294
1.3860083
1.38595
1.3861046
1.3857204
1.3858892
1.3857915
1.3861052
1.3857796
1.3860726
1.3858933
1.3859854
1.3859059
1.3861603
1.3858511
1.3859459
1.3859597
1.3861575
1.3859841
1.3860757
1.3859588
1.3859636
1.3856653
1.386002
1.3861029
1.3858194
1.38611
1.3859228
1.3858582
1.3859975
1.3861483
1.3862361
1.3859329
1.3857908
1.3859806
1.3858185
1.3858951
1.386146
1.3861388
1.3860302
1.3861238
1.3861303
1.3859314
1.3858662
1.386221
1.3858519
1.3861579
1.3860337
1.3861097
1.3859949
1.3859094
1.3861213
1.385928
1.3861915
1.3858111
1.3859475
1.3860962
1.386087
1.3860312
1.386175
1.385949
1.3859745
1.3860319
1.3860172
1.3861996
1.3861752
1.3861189
1.3857698
1.3860955
1.3860549
1.386073
1.3858957
1.3861641
1.3860515
1.3861918
1.3858881
1.3860394
1.3859282
1.3859996
1.3858413
1.3862123
1.386007
1.3859104
1.3859289
1.3859881
1.3860976
1.386053
1.385972
1.3859683
1.3859344
1.3858399
1.3859736
1.385814
1.3860725
1.3860817
1.385501
1.3858663
1.3857868
1.3858824
1.3859836
1.386028
1.3860097
1.3859272
1.3860028
1.3856698
1.3858635
1.386065
1.3859125
1.3857536
1.3858593
1.3858
1.386091
1.3859925
1.3859141
1.3857301
1.3859547
1.385734
1.3859358
1.3856976
1.3856753
1.3859324
1.3859107
1.3856208
1.3856504
1.3859391
1.3857116
1.3856597
1.385765
1.3859332
1.3856528
1.3859808
1.3857368
1.3856696
1.3855716
1.3859603
1.3859224
1.3856465
1.385857
1.3859189
1.3857492
1.3856041
1.3855737
1.385623
1.3856827
1.3856198
1.3856767
1.3857032
1.3856919
1.3855228
1.3855938
1.3855059
1.3856491
1.3857956
1.3856922
1.3854561
1.3859544
1.3855482
1.3854771
1.3857613
1.3855104
1.3855258
1.3854349
1.3855921
1.3857042
1.3857987
1.3857152
1.385721
1.38552
1.3854862
1.3856112
1.3856804
1.3856719
1.3858391
1.3858614
1.3854936
1.385654
1.3856726
1.3856654
1.3855331
1.3854418
1.3856605
1.3856367
1.3857223
1.3856882
1.3855504
1.3855156
1.3858118
1.385768
1.3855715
1.3857131
1.3856791
1.3857197
1.3856696
1.3856503
1.385789
1.3856395
1.3857108
1.3855238
1.3855861
1.3857132
1.3855361
1.3855747
1.3855872
1.385654
1.3855704
1.3854893
1.3857412
1.3856755
1.3857194
1.3856107
1.3856304
1.3857985
1.3856087
1.3858259
1.3854722
1.3857704
1.3859826
1.3856717
1.3856583
1.3857622
1.3856694
1.3860664
1.3855141
1.3856164
1.3855944
1.3856679
1.3856703
1.3857003
1.385804
1.3855673
1.3856355
1.3856739
1.3857917
1.385758
1.3856244
1.3857775
1.3858573
1.385778
1.3858563
1.3857737
1.3857863
1.3859879
1.3859028
1.3860322
1.3859314
1.3857659
1.3858241
1.3859434
1.3859388
1.3858466
1.3856457
1.3857329
1.3859323
1.3857884
1.3860399
1.3859085
1.385688
1.3858179
1.3858863
1.3859023
1.3858646
1.3856868
1.3860303
1.3857468
1.385884
1.3861637
1.3858185
1.3860403
1.3858122
1.3860439
1.386089
1.385959
1.3860487
1.3861287
1.3858691
1.3859731
1.3858941
1.3859301
1.3860605
1.3859051
1.3860642
1.3861228
1.386009
1.385852
1.3858423
1.386072
1.3860706
1.3859099
1.3858899
1.3857657
1.3862468
1.3860403
1.3859423
1.3861912
1.3859636
1.3859267
1.3860093
1.3859613
1.3861678
1.3858558
1.3861271
1.3861477
1.3857507
1.385914
1.3859588
1.3859358
1.3860098
1.3861505
1.3861108
1.386245
1.3859233
1.3859657
1.3860928
1.3859359
1.3857733
1.3858402
1.3859957
1.3859876
1.3858827
1.3860494
1.3860601
1.385872
1.3860965
1.3859856
1.3861002
1.3860464
1.3860197
1.3861202
1.3861881
1.3859619
1.3862374
1.3862648
1.386117
1.3860188
1.3862858
1.3860424
1.3861349
1.385784
1.3858839
1.3858522
1.3858764
1.3859259
1.3858409
1.38611
1.3859767
1.3860794
1.3860154
1.3859591
1.3861042
1.3861656
1.3859869
1.3862207
1.3859471
1.3858742
1.3860173
1.3858162
1.3857644
1.385834
1.386071
1.3858833
1.3860546
1.3859774
1.3860217
1.3858279
1.3860068
1.3860321
1.3858743
1.3861172
1.3859591
1.3861122
1.3860418
1.3861755
1.3859525
1.3859626
1.385974
1.3858049
1.3859793
1.3857696
1.386019
1.385983
1.3857518
1.3859851
1.3861065
1.3860582
1.3859128
1.3860687
1.3861418
1.3861063
1.3856246
1.3860452
1.3862232
1.3860899
1.3859262
1.3858811
1.3856175
1.3858862
1.385816
1.3861227
1.3857971
1.3858838
1.3859726
1.3860359
1.3858176
1.3859777
1.3858353
1.3860543
1.3858689
1.3859471
1.3859241
1.3859942
1.3857902
1.3858129
1.3859426
1.3859109
1.3859131
1.3859451
1.3857434
1.3858781
1.3859918
1.3860927
1.3859475
1.3861128
1.3856586
1.3857485
1.3860157
1.3857456
1.3860009
1.3857896
1.3859233
1.3859009
1.3858944
1.3857094
1.3860016
1.3859599
1.3860698
1.3860211
1.3859102
1.3859967
1.3861114
1.385808
1.3859649
1.3859277
1.3860407
1.3861151
1.3863226
1.3859047
1.3859317
1.3860157
1.3860515
1.3859361
1.3857211
1.3859774
1.3859862
1.386329
1.3861799
1.3859942
1.386252
1.3860997
1.3863734
1.3859919
1.3863075
1.3861264
1.3860215
1.3859497
1.3861233
1.3861881
1.386017
1.386026
1.3860078
1.3861897
1.3861042
1.386187
1.3860492
1.3859835
1.3859358
1.3861898
1.3861271
1.3860495
1.3860115
1.3859028
1.3858714
1.3860476
1.3860582
1.385939
1.3861538
1.3860052
1.3861051
1.3859309
1.3863653
1.3861287
1.386124
1.3860737
1.3859793
1.3862396
1.3859283
1.3861601
1.3860565
1.3860166
1.3858887
1.3859127
1.3861779
1.3861303
1.3859426
1.3860849
1.3860952
1.3861914
1.3859693
1.3861164
1.386159
1.3858218
1.3860593
1.3860239
1.3859295
1.3860345
1.3860298
1.3860134
1.3862839
1.3860661
1.3860499
1.3858596
1.3858997
1.3859961
1.3858238
1.3859655
1.3858963
1.385705
1.3860012
1.3857044
1.3858676
1.3860221
1.3860182
1.3859464
1.3859446
1.3858165
1.3858421
1.3858445
1.3859541
1.3859905
1.3860431
1.3860109
1.385912
1.3858545
1.385901
1.3860854
1.3860527
1.3857763
1.3857317
1.3857573
1.3860918
1.3859867
1.3857424
1.3858004
1.3860189
1.3856057
1.3860011
1.3857245
1.3859314
1.3856205
1.3859707
1.3858546
1.3860074
1.3856856
1.3858904
1.3860562
1.385841
1.3857678
1.3857212
1.3859123
1.3857572
1.3860873
1.3858593
1.385795
1.3858753
1.3857753
1.385819
1.3856642
1.3858887
1.3859017
1.3859748
1.3858564
1.3860515
1.3857563
1.3858379
1.3856459
1.3856751
1.3859068
1.3860254
1.3859152
1.3858646
1.3858025
1.385761
1.385742
1.3856868
1.3857425
1.3857533
1.3858076
1.385975
1.3857096
1.3857023
1.3860408
1.3858545
1.3860606
1.3859937
1.3858624
1.3858036
1.3858461
1.3857372
1.3860022
1.3862962
1.3858149
1.3857851
1.3858198
1.3859904
1.3858854
1.3858871
1.3858718
1.385897
1.3858176
1.3858898
1.3860506
1.3860041
1.3857784
1.3858607
1.3858019
1.3859091
1.3859929
1.38583
1.3858469
1.3859502
1.3858514
1.3858051
1.3859138
1.3859327
1.3860079
1.3859346
1.3857653
1.3862739
1.3860624
1.3857595
1.3856701
1.386132
1.3859653
1.3859835
1.3859998
1.3860509
1.3861079
1.3859593
1.386017
1.3860871
1.3861372
1.3860508
1.3863505
1.3859843
1.3862138
1.3860182
1.3861036
1.3862516
1.3861736
1.3862808
1.3861202
1.3859928
1.385929
1.3858112
1.3860918
1.3860526
1.3860286
1.3859369
1.3858291
1.3860036
1.38592
1.386153
1.3860464
1.3861943
1.3860515
1.3861601
1.3862615
1.3860264
1.3858728
1.3861132
1.3859806
1.3861656
1.3861504
1.3862526
1.3861799
1.3862966
1.3861129
1.3860445
1.386237
1.3861766
1.3860317
1.3861327
1.3858433
1.3861172
1.3859521
1.386194
1.3858918
1.386055
1.3857876
1.3860409
1.3859469
1.3862423
1.3859315
1.3862132
1.3862056
1.3856679
1.3858093
1.385949
1.3859358
1.3860111
1.3861644
1.386041
1.3858477
1.3860626
1.3860159
1.3860933
1.3860165
1.3861456
1.3859447
1.386014
1.3860795
1.3858149
1.3859359
1.3859777
1.3859583
1.3861634
1.3859273
1.3860325
1.386167
1.3859137
1.3859434
1.3860769
1.3860292
1.3859586
1.3861318
1.3860967
1.3858442
1.3858786
1.3860931
1.3860153
1.3858023
1.3858787
1.3858832
1.3861319
1.386166
1.3859528
1.3861393
1.385841
1.3860039
1.3860577
1.3861029
1.3860544
1.3859777
1.3862134
1.3859376
1.3859053
1.3860636
1.3862317
1.3859279
1.3859819
1.3859572
1.3859245
1.3861946
1.3859681
1.3860693
1.3859444
1.3860939
1.3859504
1.3859913
1.3859003
1.3861035
1.3858541
1.3862251
1.3861718
1.3860191
1.3860012
1.3860115
1.3861927
1.3862661
1.3861083
1.3858856
1.3861526
1.3860066
1.3859687
1.3860146
1.3860649
1.3863443
1.3860586
1.3859936
1.38615
1.3860866
1.3860515
1.3860787
1.3862724
1.3862416
1.3858703
1.3861061
1.3860302
1.3859342
1.386172
1.3861023
1.3861794
1.3861036
1.3860195
1.3860875
1.3862591
1.3860979
1.3858738
1.3860201
1.3859679
1.3859268
1.3862047
1.386354
1.3859559
1.3861771
1.3860722
1.3859557
1.3860601
1.3861305
1.3863062
1.3861812
1.3860419
1.3861557
1.3862011
1.3861715
1.3861221
1.386216
1.3860459
1.3859535
1.3859867
1.386214
1.3859018
1.3860843
1.3859717
1.3861778
1.3861824
1.3860947
1.386033
1.3859402
1.3860021
1.3862131
1.3861668
1.3862511
1.3858768
1.3861694
1.3859288
1.3859379
1.3860099
1.3860157
1.3860451
1.3860703
1.3859582
1.3860229
1.3861278
1.3858196
1.3859463
1.386179
1.3859116
1.3860226
1.3860447
1.3860536
1.386004
1.386054
1.38582
1.3859673
1.3859237
1.3860658
1.3861393
1.3860716
1.3859504
1.386005
1.3858309
1.3860527
1.3857832
1.3858442
1.3860235
1.386005
1.3858278
1.3861052
1.3859452
1.3861184
1.3861084
1.3858643
1.3861513
1.3860124
1.3859311
1.3858697
1.3859371
1.3860862
1.3859842
1.3859171
1.3858875
1.3858804
1.3859516
1.3858471
1.3859977
1.3858557
1.3861262
1.385841
1.3858429
1.3861312
1.3858898
1.385863
1.3859943
1.3862756
1.3858613
1.3858287
1.3859401
1.385857
1.3859684
1.3859483
1.3860925
1.3858845
1.3861442
1.3860649
1.3860844
1.3858532
1.3861271
1.3858747
1.38615
1.38607
1.3857437
1.3858321
1.3859596
1.3858701
1.3858175
1.3859881
1.386103
1.3860196
1.3860637
1.3859951
1.3860198
1.3860153
1.3859493
1.3859696
1.3861111
1.385974
1.3862513
1.3860232
1.3858546
1.3860507
1.3860933
1.3859966
1.3859174
1.3860375
1.3859631
1.3857974
1.3860004
1.3860265
1.3859596
1.3860208
1.3860124
1.3859249
1.3857882
1.386014
1.3861132
1.3861346
1.3860351
1.3862835
1.3858916
1.38619
1.3855886
1.3861787
1.3860954
1.386105
1.38609
1.3861132
1.3858346
1.3860435
1.3859875
1.3861231
1.3859855
1.3861489
1.3860027
1.386036
1.3859187
1.385941
1.3858317
1.3861973
1.386007
1.3861699
1.3861846
1.3860468
1.3860658
1.3858843
1.3860574
1.3858856
1.3861004
1.3859104
1.3860339
1.3859903
1.3859518
1.3860438
1.385829
1.3859173
1.3856926
1.3860929
1.3858378
1.3861145
1.385985
1.3858364
1.3859731
1.3858318
1.3860712
1.3859518
1.3859322
1.386076
1.3859704
1.3862405
1.386066
1.3861859
1.3860084
1.3860937
1.3860983
1.386031
1.3862146
1.3861022
1.3861222
1.386
1.385996
1.3862829
1.3860992
1.3861221
1.3860515
1.3860203
1.3860892
1.3862695
1.3862652
1.3860868
1.3860718
1.3859518
1.3859491
1.3862543
1.3862009
1.3859117
1.3860667
1.3859292
1.3864138
1.3860852
1.3859823
1.385962
1.3862023
1.3861629
1.3858577
1.3861425
1.3862643
1.3859341
1.3859338
1.3861638
1.3860103
1.3858893
1.3861704
1.3860333
1.3859389
1.3858668
1.3861747
1.3861856
1.3860004
1.3861285
1.38606
1.3859733
1.3861452
1.3860646
1.38619
1.3860465
1.3860959
1.3861588
1.3859602
1.3861195
1.3861628
1.3859507
1.3860745
1.3860546
1.3864113
1.3861604
1.3859873
1.3861667
1.3860016
1.3860357
1.3859499
1.3860905
1.3862367
1.386066
1.386004
1.3859324
1.3862582
1.386198
1.3861778
1.3859266
1.3860425
1.3859924
1.3861939
1.3860414
1.3858778
1.3858422
1.3862295
1.3859775
1.3860894
1.3860141
1.3861133
1.3859482
1.3860419
1.3860583
1.3860673
1.3862532
1.3858371
1.3859508
1.385955
1.3859633
1.386042
1.3859218
1.3860992
1.3859813
1.3859466
1.3861259
1.3862381
1.3859137
1.3861428
1.3860584
1.3859274
1.3857543
1.3861314
1.3861208
1.3861042
1.3860714
1.385946
1.3858954
1.3858824
1.3858663
1.3859146
1.3860297
1.3860904
1.3859055
1.3858728
1.3860753
1.3860725
1.3858181
1.3858179
1.3860517
1.3860729
1.3862215
1.386096
1.3859336
1.3860497
1.3860426
1.3860914
1.3859422
1.385781
1.3859556
1.3858314
1.386013
1.385829
1.3858544
1.3860859
1.3858948
1.3857859
1.3860557
1.38592
1.3858505
1.3858955
1.3861024
1.3860649
1.3859261
1.385845
1.385961
1.3859414
1.3859522
1.3858731
1.385922
1.3858576
1.3860693
1.3859793
1.385838
1.3859767
1.3858839
1.3859054
1.38604
1.3858435
1.3858204
1.3859426
1.3859025
1.3857527
1.3858194
1.3855631
1.386014
1.3858552
1.3859005
1.3858799
1.3858896
1.3858684
1.385586
1.3858601
1.3859955
1.3858598
1.3859206
1.386063
1.3860165
1.38587
1.3859718
1.3861736
1.3861303
1.3859005
1.3857883
1.3859601
1.3858228
1.386122
1.3859288
1.3858385
1.3860755
1.3860577
1.3859415
1.3858478
1.3860517
1.3858057
1.3856987
1.3859154
1.3859524
1.385802
1.3858067
1.3859723
1.3859543
1.3859427
1.3860775
1.38583
1.3858534
1.3857799
1.3859589
1.3859986
1.386046
1.3861004
1.3859618
1.3858883
1.3860186
1.3858404
1.38589
1.385849
1.3858709
1.3859148
1.3859205
1.3860567
1.3857534
1.3859308
1.3858576
1.3860128
1.3856986
1.3859366
1.3858562
1.385978
1.3858875
1.3858632
1.3858398
1.3859326
1.386006
1.3859034
1.3858981
1.3859967
1.3858898
1.3858526
1.3858458
1.3858757
1.3860267
1.386063
1.3859229
1.385819
1.3858865
1.3861136
1.38602
1.3860309
1.3859185
1.385882
1.3858477
1.385925
1.3856312
1.3858325
1.386002
1.3859096
1.3857741
1.3856205
1.3857743
1.3861369
1.3856546
1.3859978
1.3859917
1.3858923
1.3857982
1.3859646
1.3857031
1.3860433
1.3858118
1.3861451
1.3860153
1.3861933
1.3859508
1.3861434
1.3858056
1.3858347
1.3856905
1.3859693
1.3858898
1.385874
1.3857081
1.3860241
1.3858508
1.3858532
1.3860575
1.3859155
1.3858654
1.3859851
1.3860977
1.3857229
1.3860407
1.38582
1.3860459
1.3858722
1.3858644
1.3860306
1.3858342
1.3858372
1.3859848
1.3857514
1.3858036
1.3859776
1.3861316
1.3858397
1.3860394
1.3858843
1.3860521
1.386189
1.3860179
1.385846
1.3860775
1.3861347
1.3858515
1.3857515
1.3859619
1.3857223
1.386005
1.3858773
1.3857597
1.3858064
1.3859367
1.3859268
1.3856909
1.3860238
1.3859955
1.3859725
1.3860567
1.3857889
1.3858485
1.3858832
1.3860375
1.3858067
1.3858299
1.3859345
1.3857744
1.3860328
1.3860017
1.3860805
1.3857412
1.3861886
1.3860857
1.3861705
1.3858992
1.3860579
1.3858206
1.3857322
1.385848
1.3857669
1.3859634
1.3858535
1.3858843
1.385876
1.3859268
1.385862
1.3859049
1.3858207
1.385846
1.3859342
1.3860451
1.3859255
1.3858601
1.3859797
1.3857863
1.3860034
1.3859485
1.3859518
1.3857651
1.3859059
1.3859392
1.3857423
1.3859534
1.3859098
1.385852
1.3859156
1.3857018
1.3859406
1.3859123
1.3858556
1.385796
1.3860228
1.3861445
1.3860044
1.3860518
1.3858376
1.3857921
1.3859185
1.3859724
1.3859822
1.3859898
1.3859781
1.3857198
1.3861164
1.3857206
1.3859255
1.3857527
1.385656
1.3860178
1.3858275
1.3860005
1.3860304
1.3861188
1.3858557
1.386096
1.385873
1.3859731
1.3859026
1.3861314
1.3859497
1.3859749
1.3858556
1.3857236
1.3859471
1.385829
1.3858104
1.3862268
1.385959
1.385829
1.3858862
1.3857088
1.3860897
1.3859674
1.385987
1.386099
1.3859124
1.3859388
1.3858427
1.3858175
1.3858788
1.3859497
1.3859749
1.3860452
1.3860078
1.385972
1.386005
1.3856344
1.3860906
1.38602
1.385954
1.3858634
1.3859625
1.3860655
1.3857304
1.3858321
1.3856033
1.3859409
1.3857081
1.3858776
1.3858606
1.3858712
1.3860075
1.3860279
1.3859788
1.3857607
1.386054
1.3857702
1.385838
1.3858417
1.3858204
1.3858323
1.3859078
1.3856701
1.385833
1.3856608
1.3856138
1.3858792
1.3858194
1.3858713
1.385623
1.3856933
1.385899
1.3859745
1.3857421
1.385848
1.3859893
1.3859073
1.3855251
1.3859224
1.385964
1.3859341
1.3860012
1.3856536
1.3859898
1.3859211
1.3859721
1.385945
1.3861747
1.3858594
1.3857028
1.3858317
1.385752
1.3857603
1.3856906
1.3858238
1.3858364
1.3857893
1.3858746
1.3857856
1.3858235
1.3857241
1.3857068
1.3858052
1.3859602
1.3856391
1.385798
1.3856192
1.3854576
1.385663
1.3858709
1.3856866
1.3857768
1.3856299
1.3855743
1.3856064
1.3858445
1.385774
1.3857852
1.3858284
1.3857514
1.3857163
1.3857399
1.385579
1.3856648
1.3855013
1.385684
1.3857603
1.3858547
1.3858064
1.3857458
1.3856782
1.3856907
1.3856052
1.3856267
1.3857118
1.3856039
1.3856707
1.3858085
1.3858162
1.385782
1.3854355
1.3855219
1.3857431
1.3855634
1.3857
1.3854353
1.3857752
1.3854951
1.3856466
1.3854483
1.3855245
1.3856554
1.3857056
1.3855065
1.3858082
1.3855705
1.3857301
1.3856556
1.3854083
1.3855028
1.3854667
1.3856535
1.3855729
1.3855928
1.3855503
1.3853861
1.3854895
1.3856364
1.3854927
1.3854854
1.3855686
1.3853761
1.3854355
1.3856384
1.3856694
1.385431
1.3855703
1.385293
1.3857553
1.3857653
1.3855183
1.3856883
1.3855047
1.3854336
1.3857806
1.3856432
1.3854406
1.385693
1.3854245
1.385659
1.3852434
1.3856326
1.3853981
1.3856665
1.3856208
1.3854567
1.3856493
1.3854545
1.3856812
1.3857235
1.3858606
1.385853
1.3854423
1.3856395
1.3853511
1.3854535
1.3854934
1.3854597
1.3854424
1.3856152
1.3857038
1.3855017
1.3853595
1.3854467
1.3855985
1.3855542
1.3855222
1.3854786
1.3855162
1.3854344
1.3856708
1.3855239
1.3856547
1.3857653
1.3855559
1.3855416
1.3854982
1.3854545
1.3856045
1.3854849
1.3857775
1.3854903
1.3857569
1.3855854
1.3855397
1.3856694
1.3856773
1.3853924
1.3855882
1.3855269
1.385431
1.385612
1.3857269
1.3856823
1.3854994
1.3855543
1.3856195
1.385757
1.3856815
1.3855772
1.3858256
1.385696
1.3855121
1.385737
1.3853492
1.3855963
1.3858072
1.3853946
1.3857254
1.385666
1.3855093
1.3858289
1.3857422
1.3856676
1.3853909
1.3855041
1.3857177
1.3856968
1.3855376
1.385424
1.3857203
1.3854914
1.3854258
1.3856959
1.3856835
1.3857003
1.3856859
1.3858443
1.3856351
1.3857876
1.3855605
1.385492
1.3855606
1.3857845
1.385446
1.3857988
1.3858461
1.3855269
1.3857406
1.3856553
1.3858334
1.3857721
1.3856336
1.385655
1.3858103
1.3855573
1.3856905
1.3856084
1.38582
1.3857875
1.3857522
1.3856148
1.3858032
1.3858074
1.3855704
1.3855886
1.3855166
1.3858166
1.3856785
1.3857167
1.3857169
1.3859042
1.3857061
1.3856337
1.3859813
1.3857907
1.3856491
1.3858193
1.385712
1.3857285
1.3856734
1.3856188
1.3854665
1.3856474
1.3856648
1.3856255
1.385752
1.3857042
1.3856299
1.3859669
1.3856916
1.3855537
1.3857815
1.3857852
1.3860099
1.3858025
1.385759
1.3857771
1.385596
1.385734
1.3857517
1.3859288
1.385879
1.385705
1.3857244
1.3858074
1.3856324
1.3859111
1.3857197
1.3856908
1.3858085
1.3859363
1.3858134
1.3859773
1.3858736
1.3860083
1.3857595
1.3858255
1.3858317
1.3858054
1.3859618
1.38593
1.3858118
1.385936
1.3858212
1.3857524
1.3856416
1.3857757
1.3855891
1.3857902
1.3857845
1.3858408
1.3860875
1.3859009
1.3857672
1.3857344
1.3858718
1.3859307
1.3857926
1.3860759
1.3861233
1.3861092
1.3857317
1.3859576
1.3859544
1.3861344
1.3859001
1.385786
1.3858651
1.3859153
1.3860456
1.3858522
1.386072
1.3860291
1.3858331
1.3858894
1.3859097
1.3859535
1.3858505
1.3858194
1.3859872
1.3859371
1.3859482
1.3859679
1.3861723
1.3861622
1.3861792
1.3858906
1.3857617
1.3861711
1.3859305
1.3859307
1.3859922
1.3859496
1.3859217
1.3859744
1.3859262
1.3858436
1.3858782
1.3863205
1.3860945
1.3859041
1.3858749
1.3860317
1.3858602
1.3856769
1.3860312
1.3858687
1.3859574
1.3860518
1.3858707
1.3857542
1.3859117
1.3859115
1.3861418
1.3860233
1.3858263
1.3859527
1.3862085
1.3860089
1.3858008
1.3860977
1.3860747
1.3859246
1.3859886
1.3861151
1.3860376
1.3857985
1.3861036
1.3860004
1.3859097
1.3862884
1.3859992
1.3859739
1.386094
1.386125
1.3860222
1.3857878
1.3858088
1.3858614
1.3859078
1.3860387
1.38589
1.386129
1.3859301
1.3859792
1.3859638
1.386201
1.3858117
1.3860965
1.3859571
1.3859468
1.3856673
1.3861048
1.38611
1.3860887
1.3860447
1.3858354
1.3861164
1.3861942
1.3861269
1.3857663
1.3860477
1.3861406
1.3860584
1.3860482
1.3863678
1.3859416
1.3858405
1.3861971
1.3860111
1.3859162
1.3859375
1.3858925
1.3859015
1.3860444
1.3858227
1.3858411
1.3858738
1.3859383
1.3859001
1.3859615
1.3860412
1.3857951
1.3859644
1.3858944
1.3859383
1.3861488
1.3859465
1.3859122
1.3858399
1.3859072
1.3860023
1.3860737
1.3860215
1.3857876
1.3860263
1.3860805
1.3860748
1.386
1.3860836
1.3858775
1.3857393
1.3858229
1.3859851
1.3860856
1.3859621
1.3858733
1.3861026
1.385814
1.3860025
1.3858299
1.3859137
1.385672
1.385967
1.3859502
1.3860718
1.3857608
1.3857882
1.3856714
1.3858678
1.3858219
1.3857745
1.3857911
1.3861601
1.3858395
1.3860579
1.3858718
1.3859669
1.3859761
1.3859571
1.3858622
1.3857273
1.3858724
1.3858683
1.3858919
1.385993
1.3857172
1.3858212
1.3858484
1.3855935
1.3859311
1.385829
1.3858858
1.3860222
1.3859885
1.3857942
1.3857632
1.3858278
1.385785
1.3857487
1.3856372
1.3858625
1.3856776
1.3856097
1.385783
1.3857942
1.3854511
1.3857743
1.3856664
1.3857496
1.3857769
1.3858082
1.385777
1.3858567
1.3854331
1.3855623
1.3856615
1.3856683
1.385396
1.3857666
1.3856419
1.3856491
1.3856542
1.3857515
1.3856541
1.3858213
1.3857299
1.3860254
1.3859072
1.3858056
1.385575
1.3858737
1.3856694
1.3858445
1.3855354
1.385642
1.3855513
1.385587
1.3854028
1.3859061
1.3858037
1.3858066
1.3856897
1.3857086
1.3856369
1.3854922
1.3856382
1.3858188
1.3859384
1.3856903
1.3855289
1.3856181
1.3857003
1.3856381
1.3855022
1.3855579
1.3854591
1.3856502
1.3857666
1.3857985
1.3857836
1.3855668
1.3858383
1.3855224
1.3855193
1.3853705
1.3859162
1.3858536
1.3856562
1.385759
1.3856919
1.3856543
1.38588
1.3856688
1.3856236
1.3856537
1.3856484
1.3855405
1.3854917
1.3856751
1.3856075
1.3855511
1.3855618
1.3853801
1.3855516
1.3857163
1.3856477
1.3856676
1.3857037
1.3855609
1.3856454
1.3854804
1.3855872
1.385626
1.3856876
1.3856236
1.3856269
1.3856955
1.3855653
1.3857965
1.3855096
1.3856827
1.3853768
1.385694
1.3857205
1.3855971
1.3856817
1.3855251
1.3856211
1.3853108
1.3855174
1.3855783
1.3855667
1.3855495
1.385671
1.3854408
1.3856229
1.3855525
1.3854923
1.385584
1.3855652
1.3854622
1.3856694
1.3853458
1.3856689
1.3856975
1.3854114
1.3858867
1.3856623
1.3855143
1.385574
1.3855535
1.3855065
1.3855907
1.3858825
1.385528
1.385656
1.3857839
1.3856474
1.3854023
1.3854516
1.3853801
1.385378
1.3855025
1.3854705
1.3856589
1.3854626
1.3855824
1.3856634
1.3856385
1.3855301
1.3854284
1.3856722
1.3856363
1.3856304
1.3854952
1.3856151
1.3854744
1.3855797
1.385595
1.3854017
1.3854316
1.3856056
1.3854182
1.3856157
1.3855292
1.3852433
1.3858271
1.3855162
1.3856395
1.3857515
1.3854805
1.3852518
1.3855184
1.3858571
1.3854423
1.3856294
1.38551
1.3854499
1.3855352
1.3855165
1.3856133
1.385469
1.3853985
1.385371
1.3858887
1.385592
1.3858477
1.3855653
1.3855671
1.3855113
1.3853364
1.3854475
1.3857231
1.3856335
1.385475
1.3856074
1.3856393
1.3854743
1.3854586
1.3854424
1.3855962
1.3855004
1.3854444
1.385427
1.3855327
1.3855169
1.3857343
1.3856078
1.3854498
1.3855605
1.385636
1.3856595
1.3855594
1.3857023
1.3854861
1.3856581
1.3855628
1.3855549
1.385484
1.3854816
1.3855249
1.3854884
1.385532
1.385506
1.3854272
1.3856872
1.3856794
1.3858005
1.3854438
1.3857718
1.3857012
1.385878
1.3855115
1.385613
1.3857499
1.3855581
1.3856046
1.3855823
1.3857895
1.385782
1.3856697
1.385865
1.3854517
1.3856363
1.3856484
1.3857855
1.3856709
1.3856925
1.3857241
1.3855371
1.385696
1.385644
1.3855933
1.3855363
1.3853426
1.3856388
1.3856673
1.3856877
1.385991
1.3855268
1.3855727
1.385782
1.3855101
1.3855567
1.3858063
1.3854831
1.385706
1.3854381
1.38564
1.3857653
1.3857595
1.3856096
1.3856657
1.3856663
1.3857887
1.3855517
1.3857775
1.3857743
1.386007
1.3856063
1.3857088
1.3856351
1.3857375
1.385796
1.385575
1.3856083
1.3853747
1.3856966
1.3857107
1.3856752
1.3856578
1.3855637
1.3855187
1.3858018
1.3856294
1.3856554
1.3858482
1.3857615
1.385758
1.3857085
1.385789
1.3855289
1.3856337
1.3857752
1.3856666
1.3858476
1.3856728
1.3856404
1.3858131
1.3857925
1.3857795
1.3857757
1.3854641
1.3857644
1.3859514
1.385574
1.3857554
1.3856248
1.3856807
1.3858461
1.3856182
1.3856732
1.3855562
1.3855432
1.3858767
1.3856617
1.3856194
1.3856415
1.3858533
1.3858159
1.3856401
1.3856236
1.3856474
1.3860153
1.3857222
1.385594
1.3857732
1.3858703
1.3858578
1.3855993
1.3856575
1.385612
1.3860703
1.3858894
1.3857044
1.3856181
1.3857337
1.3856498
1.3856453
1.3857509
1.3856946
1.3858099
1.3857601
1.3857504
1.3860414
1.3856922
1.3858169
1.3858604
1.3856939
1.3858216
1.3857958
1.3857172
1.3856676
1.3859316
1.3856497
1.3856717
1.3859384
1.3856997
1.3858875
1.385934
1.3858247
1.3856993
1.3858052
1.3857327
1.3859797
1.3857238
1.3860406
1.3856283
1.3858219
1.3857132
1.3858817
1.385776
1.3856918
1.3859912
1.3858328
1.3857616
1.3858511
1.3856465
1.3857163
1.3859048
1.3857454
1.3859624
1.3855141
1.3859851
1.3857765
1.3857751
1.3855596
1.385775
1.3857322
1.3858505
1.3857468
1.3858486
1.3856853
1.3854729
1.3854619
1.3856779
1.3858199
1.3856628
1.3857058
1.3856158
1.3856468
1.3857061
1.3858674
1.3858451
1.3858131
1.3857043
1.3859034
1.3859818
1.3858029
1.3857217
1.385773
1.3859365
1.3858013
1.3859797
1.3858256
1.3858567
1.3857685
1.3857889
1.3857133
1.3859425
1.3858633
1.3857647
1.3858075
1.3859936
1.3856142
1.3856918
1.3855605
1.3857074
1.3857013
1.3858098
1.3855473
1.3857554
1.385834
1.3858356
1.3857329
1.3856843
1.3859802
1.3857356
1.385907
1.3857967
1.3857868
1.3860892
1.385748
1.385908
1.3860009
1.3858297
1.3858209
1.3858862
1.3860993
1.3860593
1.3859042
1.3857921
1.385897
1.3857914
1.3860595
1.3859025
1.3861233
1.3859704
1.3858712
1.3860275
1.3859073
1.3860136
1.3858149
1.3860474
1.3860546
1.3860298
1.385951
1.3858342
1.3859314
1.3861321
1.3857625
1.3859519
1.3860984
1.386101
1.3861223
1.3859589
1.3862187
1.386005
1.3861748
1.3859863
1.3861383
1.3860635
1.3861036
1.38642
1.3858716
1.386058
1.3862051
1.3861955
1.3862312
1.3859485
1.385988
1.3862401
1.3861064
1.3860145
1.3863996
1.3861214
1.3862742
1.3863707
1.3862033
1.3863457
1.386151
1.3861883
1.3861138
1.3862401
1.3862604
1.386473
1.3863109
1.3862062
1.3861517
1.3862327
1.3862989
1.3861943
1.3860763
1.3862976
1.3859733
1.3861533
1.3860881
1.3861675
1.3862269
1.3862499
1.38609
1.3859593
1.3860546
1.3859769
1.3860828
1.3860737
1.3859813
1.3862118
1.386145
1.3861299
1.3859318
1.3859733
1.3859614
1.3862028
1.3859938
1.3859596
1.3857056
1.3859571
1.3860008
1.3861423
1.3858137
1.3859957
1.3857707
1.3860233
1.3858818
1.3857929
1.3860296
1.3857815
1.3858228
1.3856455
1.3856822
1.385921
1.385741
1.3858308
1.3859694
1.3858356
1.385784
1.3858498
1.3857857
1.3856659
1.3855083
1.3856465
1.385833
1.385969
1.3857199
1.3857428
1.385736
1.3856955
1.385824
1.3856854
1.3857995
1.3857752
1.385495
1.3857565
1.3858614
1.3856568
1.3854705
1.3855035
1.385652
1.3855098
1.385263
1.3855591
1.3855814
1.3856407
1.3857195
1.38559
1.3857121
1.3855606
1.3854966
1.3854814
1.3856268
1.3854073
1.3855832
1.3853719
1.3854203
1.3856778
1.3855802
1.3857056
1.3855028
1.3855997
1.3855143
1.3853872
1.3854026
1.3853432
1.3853642
1.3853728
1.3852985
1.3854712
1.3856173
1.3853979
1.3852682
1.3853737
1.3856586
1.3855482
1.3855065
1.3855098
1.385588
1.3855137
1.3856279
1.3852648
1.3854741
1.385419
1.3856224
1.3853035
1.3853948
1.3856319
1.3855016
1.3853513
1.385779
1.3853803
1.3853604
1.3853037
1.3856562
1.3855486
1.3854944
1.3857154
1.385654
1.3853525
1.3856115
1.3855728
1.38555
1.3855549
1.3856057
1.3854537
1.385665
1.3853208
1.3854471
1.3854959
1.385532
1.3853527
1.3854592
1.3853769
1.3856019
1.3854517
1.3854077
1.3852787
1.3853871
1.3854474
1.3854474
1.3855027
1.3854752
1.3854793
1.3854157
1.3856064
1.3855062
1.3854339
1.3854389
1.3853021
1.3857051
1.3855823
1.3852712
1.3853527
1.3855321
1.3856431
1.3857288
1.3853592
1.3853719
1.3854631
1.3852924
1.3854718
1.3853968
1.3855437
1.3857641
1.3853123
1.3855668
1.385547
1.3854581
1.3856369
1.3853818
1.3855493
1.3855798
1.3854039
1.3854572
1.3854954
1.3853052
1.3854828
1.3855581
1.385323
1.3855017
1.3853524
1.3854336
1.3855019
1.3853958
1.3854991
1.3854259
1.3853433
1.3853866
1.3853037
1.3855011
1.3853788
1.3854091
1.3855065
1.3853304
1.3851012
1.3855948
1.3854735
1.3855993
1.3853455
1.3855053
1.3855906
1.3855628
1.3852084
1.3855021
1.3854164
1.3854549
1.3853902
1.3854265
1.3855001
1.3854227
1.3854718
1.3854243
1.385169
1.3854353
1.385185
1.3852983
1.3852489
1.3853775
1.3853499
1.3851596
1.3850399
1.3853023
1.3852469
1.3852959
1.3852043
1.3853369
1.3850908
1.385255
1.3853089
1.3852686
1.3851722
1.3850265
1.3854685
1.3852097
1.3851767
1.3851666
1.385307
1.3850015
1.3853238
1.3853661
1.3852794
1.3852015
1.385192
1.3852587
1.3852943
1.3852359
1.3852472
1.3852057
1.3853248
1.3853483
1.385302
1.3851669
1.3854415
1.3853277
1.3852713
1.3854266
1.3853986
1.3852364
1.3851877
1.3853527
1.3849524
1.3853631
1.385073
1.3851947
1.3853264
1.3851022
1.3852516
1.3853356
1.3850031
1.3855205
1.3851296
1.3849783
1.385303
1.3852863
1.3851959
1.3854957
1.385186
1.3851485
1.3853178
1.3850728
1.3852082
1.3852459
1.3852808
1.3852545
1.38552
1.3855581
1.3852694
1.3854886
1.3855668
1.3855966
1.3853214
1.3855315
1.3853796
1.3851892
1.3855275
1.3853428
1.3854486
1.3855238
1.3855127
1.3854651
1.3854309
1.385113
1.3856136
1.3856338
1.3856199
1.3852692
1.3855034
1.3853986
1.3855573
1.38545
1.3856398
1.3854792
1.3856792
1.3854995
1.385557
1.385551
1.3854116
1.3855772
1.385438
1.3856055
1.3855966
1.385705
1.3856107
1.3855633
1.385538
1.3858072
1.3856503
1.385624
1.385648
1.3857385
1.385554
1.3855644
1.3856086
1.3858308
1.3856725
1.3857203
1.3855598
1.3857863
1.3859487
1.3857126
1.3857242
1.3858486
1.3858982
1.3855246
1.3856246
1.3859363
1.3860174
1.3856609
1.3858377
1.3859186
1.3856972
1.3857864
1.3861129
1.3857012
1.3858367
1.3858941
1.3858347
1.3859966
1.38583
1.3858556
1.385812
1.3855712
1.3859794
1.3856856
1.3857595
1.3857801
1.3857812
1.3859549
1.3859563
1.3861077
1.3859135
1.3857819
1.3859292
1.3861643
1.3859508
1.3859411
1.3858651
1.3858392
1.3860092
1.3860273
1.3859932
1.3860127
1.3857751
1.386136
1.3858439
1.3858377
1.3857951
1.386116
1.3861223
1.3858218
1.3860899
1.3858106
1.3859018
1.3859693
1.3858886
1.3860979
1.3858789
1.3859892
1.3859916
1.3860021
1.3860347
1.3861071
1.3858361
1.3860446
1.3860939
1.3862227
1.3861504
1.386103
1.3857807
1.3860298
1.3858541
1.3859582
1.38615
1.3861731
1.3860668
1.3860432
1.3860418
1.3860728
1.3860468
1.3860704
1.3860894
1.3862219
1.3860068
1.3861586
1.3860767
1.3860472
1.3860642
1.3858525
1.3860624
1.3862066
1.3861715
1.3861794
1.3859456
1.3862829
1.3861347
1.3861406
1.3861846
1.3860292
1.3860663
1.3861281
1.3862134
1.3860477
1.3860427
1.386014
1.3862437
1.3862734
1.3859813
1.3860115
1.3859751
1.3858733
1.3861827
1.3859695
1.3863243
1.3861765
1.3860912
1.3863115
1.3861811
1.3860221
1.3862311
1.3860286
1.3861179
1.3862461
1.3860209
1.3859255
1.3860265
1.3861893
1.3861046
1.3860153
1.38601
1.3859414
1.3860801
1.3860453
1.3862923
1.3862109
1.385948
1.3859649
1.3861735
1.3861691
1.3862033
1.3859848
1.3860382
1.3858832
1.3858869
1.3857446
1.385973
1.3859344
1.3859752
1.3863336
1.3858339
1.386104
1.3860912
1.386014
1.3859553
1.3862321
1.3860649
1.3861035
1.3859401
1.38619
1.3860421
1.3858042
1.385806
1.3859307
1.3859223
1.3859539
1.3860848
1.3858885
1.3860233
1.3860655
1.3861939
1.3859813
1.3859129
1.3859237
1.3860832
1.3860636
1.386082
1.3861502
1.3860594
1.3858261
1.3859278
1.3858513
1.3859148
1.3857999
1.3859116
1.3860533
1.3859243
1.3859917
1.3860575
1.386126
1.3859997
1.3859096
1.3857507
1.3859028
1.3859504
1.3858047
1.3859425
1.3859749
1.3859206
1.3858836
1.3858463
1.3858657
1.3859365
1.3858182
1.3858258
1.3857788
1.3859442
1.3856853
1.3857094
1.3857552
1.3857296
1.3859549
1.3857673
1.3858504
1.3858117
1.385671
1.3857825
1.3857621
1.385863
1.3857085
1.385661
1.3857892
1.3856635
1.3859731
1.3859537
1.3858931
1.3857399
1.3858538
1.3857704
1.385696
1.3858216
1.3857098
1.3857372
1.3856531
1.3856295
1.3855187
1.3856859
1.3856674
1.3855696
1.3858252
1.3857883
1.3856071
1.3858007
1.3857855
1.3858092
1.3857317
1.3857985
1.3857144
1.385883
1.3856206
1.3855699
1.3856128
1.3854451
1.3857397
1.3855268
1.3855295
1.3855174
1.3854998
1.3856192
1.3856682
1.3857768
1.3855861
1.3853625
1.3856945
1.3856725
1.3854817
1.3855892
1.3856437
1.3858275
1.385648
1.3855835
1.3856401
1.3857049
1.3857224
1.3854297
1.3857187
1.385662
1.3856617
1.3854103
1.3854939
1.3857325
1.3854386
1.3857563
1.3854347
1.3856198
1.3856944
1.3855149
1.3858484
1.3857859
1.3858213
1.3854637
1.3855063
1.385712
1.3853519
1.3857744
1.3855743
1.3854717
1.3853045
1.3855873
1.3853554
1.3853947
1.3854493
1.3855112
1.3854129
1.3855188
1.3853344
1.385374
1.385485
1.3856777
1.3853865
1.3853625
1.38563
1.3855422
1.3854719
1.3854278
1.3856007
1.3852336
1.3856305
1.385638
1.3853388
1.3854305
1.3855189
1.385459
1.3854595
1.3855181
1.3855888
1.385599
1.3857433
1.3852402
1.3854942
1.3854687
1.3853129
1.3854604
1.3855666
1.3854628
1.3853804
1.3855251
1.3856739
1.385513
1.3853661
1.3854622
1.3853916
1.385595
1.3854139
1.3856064
1.3854374
1.3856051
1.3854742
1.3853239
1.3855758
1.3855811
1.3854755
1.3854877
1.3854069
1.3854952
1.3855442
1.3855548
1.3854431
1.3854744
1.3855016
1.385511
1.3854607
1.3854437
1.3854718
1.3855041
1.3856968
1.3854489
1.3854418
1.3854326
1.3853159
1.3858827
1.3854653
1.3854716
1.3853788
1.3854411
1.3855133
1.3855406
1.3853707
1.3855855
1.3854723
1.3854227
1.385414
1.3855046
1.3857523
1.385693
1.385464
1.385595
1.3855363
1.3856573
1.3858298
1.3856531
1.3855019
1.3854793
1.3856794
1.385639
1.3854336
1.3857199
1.3855101
1.3856426
1.3853729
1.3856974
1.3856
1.3853089
1.3856275
1.3855141
1.3857801
1.3855028
1.3858411
1.385603
1.3854868
1.3857827
1.3857025
1.3853611
1.3856034
1.3855672
1.385686
1.3856971
1.3855962
1.3855692
1.3855904
1.385552
1.385584
1.3857003
1.3855036
1.3855766
1.3856775
1.3854407
1.3857868
1.3857566
1.3856853
1.3857608
1.3857011
1.3856977
1.3857785
1.385535
1.3856908
1.3855032
1.3857063
1.3857582
1.3856878
1.3857101
1.38577
1.3855886
1.3854454
1.3857046
1.3857535
1.3858658
1.3854506
1.3855517
1.3855206
1.385618
1.3854761
1.3854367
1.3855894
1.3853761
1.3856307
1.3855906
1.3857847
1.3857279
1.3856786
1.3857062
1.3857234
1.3858747
1.3857632
1.3857737
1.385699
1.3855613
1.385749
1.3856701
1.3855238
1.3856312
1.3856755
1.3854651
1.3857228
1.3858709
1.3855847
1.3857176
1.3855623
1.385683
1.385815
1.3856066
1.3856416
1.3856735
1.3858858
1.3857806
1.3854467
1.3859371
1.385782
1.3857208
1.3857565
1.385679
1.3855944
1.3856524
1.3856201
1.385635
1.385595
1.3857441
1.3858123
1.3858728
1.385845
1.3856357
1.3856956
1.3857155
1.3858751
1.3856584
1.3857819
1.385282
1.3856649
1.3859844
1.3857889
1.3856804
1.3857372
1.385521
1.385782
1.3857865
1.3855909
1.3856096
1.3858683
1.3857205
1.3855174
1.385773
1.3857043
1.3855168
1.3858118
1.3857163
1.3855412
1.3857834
1.3857955
1.3859591
1.3858654
1.3857751
1.3857718
1.3857977
1.3857112
1.3854368
1.3856395
1.3854585
1.385676
1.3857614
1.3856419
1.3858439
1.3857814
1.3857692
1.3855643
1.3855445
1.38574
1.3858118
1.3857745
1.3857719
1.3855587
1.385714
1.3858528
1.3856543
1.3855622
1.3855826
1.3857725
1.3856058
1.3855842
1.3855227
1.3853636
1.3858644
1.3856978
1.3855969
1.3858448
1.385798
1.385506
1.3855901
1.3857651
1.3857145
1.385741
1.3855206
1.3856528
1.3853695
1.3855166
1.3854028
1.3856452
1.3855969
1.3856617
1.3855442
1.3857284
1.3854289
1.385611
1.3855617
1.3853861
1.3854128
1.3855441
1.385437
1.3854523
1.3859313
1.3855851
1.3856735
1.3856171
1.3857
1.3857574
1.3856105
1.3855813
1.3856715
1.3855988
1.3854418
1.3855835
1.3856877
1.3856575
1.3854753
1.3856146
1.385851
1.3855978
1.3855709
1.3855935
1.3858883
1.3855364
1.385543
1.3854102
1.3856126
1.3855656
1.3857467
1.3853126
1.3855344
1.3856325
1.3855767
1.3855457
1.3854326
1.3857023
1.3855257
1.3854419
1.3858346
1.3857576
1.3855926
1.3857372
1.3856784
1.3853498
1.3854554
1.3855498
1.3857641
1.3854021
1.3856512
1.3854759
1.3856144
1.3855649
1.3855046
1.3854958
1.3856559
1.3856287
1.3852823
1.38548
1.3856659
1.385717
1.3853798
1.3855995
1.385591
1.3856422
1.3855742
1.385745
1.3853874
1.3855975
1.3857304
1.3855797
1.3855307
1.3856633
1.3858539
1.3855249
1.3856202
1.3856709
1.3855675
1.385688
1.3855666
1.3854846
1.3855896
1.3853177
1.3855709
1.385541
1.3855996
1.3853731
1.3855613
1.3856124
1.3855927
1.3855048
1.3855402
1.3855304
1.3856071
1.3853505
1.3855836
1.3854653
1.3854598
1.3854985
1.3855345
1.3855488
1.3855683
1.3855684
1.3855146
1.385211
1.3856479
1.3855183
1.3854868
1.3854482
1.3855958
1.3854862
1.3855958
1.38549
1.3853855
1.385662
1.3853521
1.3854879
1.3853384
1.3855219
1.3854055
1.3855823
1.3855292
1.385479
1.3856205
1.3854499
1.3855581
1.385559
1.3852979
1.3854059
1.3855094
1.3852619
1.3854231
1.3854542
1.3855268
1.3855013
1.3855258
1.3854542
1.3853706
1.3854399
1.3855776
1.3854555
1.3855803
1.3854287
1.3855507
1.3855739
1.3855938
1.3854178
1.3855711
1.3854119
1.385383
1.385531
1.3852828
1.3856336
1.3857151
1.3853884
1.3856512
1.3854003
1.3854716
1.3855735
1.3856393
1.3853718
1.3854918
1.3855429
1.3856363
1.3853574
1.3855473
1.3854901
1.3855582
1.3854033
1.385417
1.3855362
1.3856497
1.3855797
1.3855828
1.3853763
1.3854905
1.3852377
1.3856785
1.3853024
1.3855275
1.3854393
1.3852983
1.3854127
1.3855172
1.3854384
1.3855113
1.3853104
1.3855617
1.3853986
1.3857063
1.3855603
1.3855176
1.3851894
1.3855143
1.38554
1.3855253
1.3852828
1.3853167
1.3856187
1.3855969
1.3856289
1.3856039
1.3855231
1.3853852
1.3853807
1.3855741
1.3853579
1.3854933
1.3855821
1.3853493
1.3855966
1.3854506
1.3854169
1.3855828
1.3853521
1.3854325
1.3853565
1.385196
1.3854198
1.3854318
1.3856347
1.3853805
1.3857181
1.3853788
1.3854965
1.3853139
1.3854265
1.3853173
1.385538
1.3854566
1.3854244
1.3853496
1.3854332
1.3852707
1.3853828
1.3853784
1.3854136
1.38563
1.3854923
1.3851742
1.3850641
1.3852876
1.3853734
1.3854308
1.3855416
1.3855265
1.3852634
1.3854786
1.3852786
1.3852736
1.3855196
1.385361
1.3853121
1.3854389
1.385277
1.3853732
1.385312
1.3855314
1.3855491
1.3856047
1.3855219
1.3856133
1.3854579
1.3854138
1.3855597
1.3851553
1.3852935
1.3852764
1.3852693
1.3853502
1.3855107
1.3853407
1.3854786
1.385467
1.3854164
1.3855801
1.3854642
1.3854088
1.385548
1.3852772
1.3853515
1.3853886
1.3854547
1.3851886
1.3852286
1.3853643
1.3853037
1.3852036
1.3854235
1.3852266
1.385594
1.3854667
1.3852203
1.3856022
1.385383
1.385474
1.3855287
1.3854347
1.3853267
1.3854231
1.3852952
1.3853937
1.3854399
1.3856974
1.3854972
1.3854736
1.385364
1.3855476
1.3855861
1.385615
1.3852521
1.3854964
1.3857864
1.3857037
1.3855562
1.3856497
1.3853449
1.3856205
1.3855082
1.3855555
1.3852396
1.3856593
1.3857542
1.3855872
1.385512
1.3855823
1.3855869
1.3854557
1.3855767
1.3855562
1.3856083
1.3854969
1.3856835
1.385569
1.3854655
1.3855536
1.3856547
1.3855672
1.3859059
1.3856121
1.3855004
1.3856277
1.3857474
1.3859757
1.3859677
1.3858992
1.3857303
1.3856999
1.3857001
1.3857694
1.385691
1.385706
1.3856384
1.3858178
1.3856549
1.3856919
1.3857417
1.3858919
1.3859249
1.385883
1.38561
1.3858359
1.385885
1.3857796
1.3859379
1.3859265
1.3857212
1.3859843
1.3857509
1.3861516
1.385889
1.3856395
1.3858687
1.3860817
1.38593
1.3858145
1.3857012
1.3857815
1.3859345
1.3857208
1.386015
1.3860294
1.3860844
1.386138
1.3860445
1.3855565
1.3858538
1.3861032
1.385765
1.3861268
1.385796
1.3861418
1.385908
1.3860598
1.385869
1.3858889
1.3856782
1.3862638
1.3862314
1.386096
1.3855482
1.386007
1.3860738
1.3857626
1.3859845
1.3862009
1.3860729
1.3860246
1.3858573
1.3857992
1.3860617
1.3859988
1.3860693
1.3858685
1.3858044
1.3860089
1.3860127
1.385993
1.385804
1.3856274
1.3860562
1.3859199
1.3858538
1.3858198
1.38594
1.385901
1.3860546
1.386067
1.3857698
1.3859006
1.3860414
1.3857622
1.3860458
1.3860089
1.385798
1.3858805
1.3857741
1.3858333
1.3859284
1.385731
1.3858669
1.3858641
1.3859652
1.3858143
1.3859023
1.3859061
1.385762
1.3860071
1.3860387
1.385813
1.3857499
1.3861352
1.3856875
1.3859221
1.3859059
1.3855762
1.3860229
1.3857696
1.38582
1.3858918
1.3857406
1.3857075
1.3859684
1.3857962
1.3858742
1.3859129
1.3856736
1.3859863
1.3857058
1.3857749
1.3857188
1.3859557
1.3859615
1.3857254
1.3858795
1.3857794
1.3859504
1.3858023
1.3855493
1.3860939
1.3859152
1.385941
1.385891
1.3856556
1.3858789
1.3858023
1.3857654
1.3858601
1.3857383
1.385987
1.3861006
1.3859987
1.385719
1.3857703
1.3857306
1.3860948
1.3858254
1.385759
1.3859485
1.3856207
1.3857136
1.3858695
1.3856069
1.3857887
1.3858923
1.3857783
1.385789
1.3857262
1.3858016
1.3859538
1.3858207
1.3859842
1.38568
1.3859327
1.3858162
1.38599
1.3858706
1.3857838
1.3858252
1.3857492
1.3857408
1.3857181
1.3857483
1.3859751
1.3859749
1.3859226
1.3859262
1.3859016
1.3858967
1.3860035
1.3856643
1.3859687
1.3859546
1.3858194
1.3860134
1.3856621
1.3857728
1.3859212
1.3859023
1.3859513
1.385965
1.3858786
1.3858246
1.3860301
1.3856878
1.385717
1.385774
1.3858876
1.3857142
1.3859135
1.3856788
1.3859873
1.3856503
1.385841
1.3858033
1.3856721
1.3856267
1.385796
1.3855829
1.385651
1.3856131
1.3857299
1.3857011
1.3859553
1.3860096
1.3855692
1.3858664
1.3858566
1.385762
1.3855667
1.3859152
1.3857911
1.385501
1.385673
1.3855213
1.3856308
1.3856243
1.385588
1.385597
1.3857243
1.3858081
1.3854795
1.385671
1.3857505
1.3856653
1.3858789
1.3856196
1.3854815
1.3857242
1.3856481
1.3855224
1.3856694
1.3855095
1.3855643
1.3856088
1.3855604
1.3855007
1.3854488
1.3857677
1.3856403
1.3855244
1.3855554
1.385689
1.385592
1.3854736
1.38562
1.3856639
1.3855283
1.3855797
1.3855983
1.3856171
1.3855705
1.3855454
1.3855296
1.3855736
1.3856636
1.3857622
1.3854028
1.3854246
1.3852427
1.3856015
1.3854909
1.385581
1.3855343
1.3855596
1.3853285
1.3855066
1.3855441
1.3854249
1.3853252
1.385591
1.3855826
1.3855996
1.3854313
1.3855628
1.3855535
1.3855106
1.3853489
1.3857523
1.3856782
1.3855641
1.3853952
1.3854814
1.3855364
1.3855461
1.3855064
1.3855853
1.3854136
1.385524
1.3854569
1.3853106
1.3853561
1.3856169
1.3853867
1.3855194
1.3855522
1.3852191
1.3855288
1.3853707
1.3853344
1.3855251
1.3854858
1.3854228
1.3854405
1.3853604
1.385641
1.3855231
1.3857332
1.3854505
1.3854173
1.3855472
1.3853554
1.3855208
1.3854424
1.3856268
1.3854645
1.3856069
1.3855243
1.3854971
1.3855311
1.3854002
1.3852208
1.3856415
1.3857256
1.3855013
1.3854382
1.3855041
1.385455
1.3854704
1.3856349
1.3853687
1.3855038
1.38533
1.3855556
1.385487
1.3857807
1.3856171
1.3854804
1.3854041
1.3856109
1.3854412
1.385487
1.3856434
1.3855084
1.3854892
1.3852777
1.3855745
1.3855003
1.3851875
1.3855622
1.3855062
1.3856332
1.3854282
1.3854115
1.3856325
1.3855407
1.3854278
1.3854432
1.3854686
1.3855715
1.3854777
1.3853272
1.38553
1.3856547
1.3853486
1.3855567
1.3854272
1.3858987
1.3852868
1.385239
1.3855829
1.3855611
1.3855497
1.385446
1.3855119
1.3854278
1.3855697
1.38543
1.3854064
1.3853636
1.3853514
1.3853154
1.3853501
1.3854047
1.3854585
1.3855225
1.3855904
1.385402
1.385692
1.385419
1.3853579
1.3856035
1.3854623
1.3855196
1.3854402
1.3853121
1.3854328
1.3853731
1.3852913
1.3853143
1.3856179
1.3853642
1.3853083
1.3853523
1.3854575
1.3855405
1.3853292
1.385452
1.385556
1.3855647
1.3852978
1.3852367
1.3854014
1.3855982
1.3856456
1.3853909
1.3854691
1.3854232
1.3855648
1.385434
1.3854122
1.3853927
1.3855833
1.3854704
1.385485
1.3855295
1.3856043
1.3852409
1.3853607
1.3853482
1.3852091
1.3854364
1.3853599
1.3856002
1.3852572
1.3853589
1.3852286
1.3855551
1.3853891
1.3853308
1.3854342
1.3854214
1.3853744
1.3854809
1.385517
1.3855225
1.3853487
1.3852639
1.3854218
1.3855517
1.385316
1.385459
1.3854165
1.3854316
1.3853154
1.3853246
1.3854723
1.3857418
1.3853225
1.3854352
1.3855212
1.3854347
1.3855875
1.3854862
1.3854717
1.3855968
1.3855015
1.3854924
1.3854488
1.3855829
1.3855757
1.3855759
1.3856074
1.3854741
1.3854182
1.3854036
1.3854765
1.3857647
1.3852596
1.385584
1.3856448
1.3855071
1.3856512
1.3855163
1.385609
1.3857995
1.3854619
1.3856317
1.3855575
1.3858601
1.38555
1.3854761
1.3856288
1.3857657
1.3855288
1.3855593
1.3857405
1.3855591
1.3855684
1.3855333
1.3857304
1.3855747
1.3856897
1.3855352
1.3857914
1.3855149
1.3858446
1.3856626
1.3857969
1.385857
1.3854593
1.3856995
1.3859218
1.3856738
1.3855244
1.3854824
1.3858429
1.3856306
1.385676
1.3855448
1.3857483
1.3854522
1.3854907
1.3857353
1.3860152
1.3857771
1.385849
1.3858247
1.3858137
1.3858825
1.3857845
1.3855935
1.3857313
1.3856528
1.3855186
1.3858378
1.3857414
1.3859124
1.3856776
1.3859375
1.3855821
1.3858023
1.3857938
1.3855647
1.3855275
1.385977
1.3857969
1.3855671
1.3857355
1.385931
1.3855683
1.3856509
1.3858509
1.3858982
1.3858606
1.3858234
1.385903
1.3857785
1.3858408
1.38585
1.3856254
1.3858848
1.3857569
1.3856332
1.3858582
1.385691
1.3859142
1.3858544
1.3859763
1.3857182
1.3858434
1.3859395
1.3857534
1.3859249
1.3857135
1.3858002
1.385916
1.3858727
1.3858598
1.38596
1.3857456
1.3858395
1.3858093
1.3860099
1.3859133
1.3856211
1.3857881
1.3858018
1.3858563
1.385738
1.3857667
1.3856512
1.3858498
1.3857856
1.3857368
1.3858768
1.3858315
1.3855095
1.3857236
1.3858912
1.3857706
1.3858451
1.3854768
1.3857707
1.3857402
1.385869
1.3858507
1.3857071
1.3858901
1.3856871
1.3858188
1.3858658
1.3855978
1.3857273
1.3857083
1.3860017
1.385635
1.3855511
1.3858196
1.385874
1.3858421
1.3859793
1.3857716
1.3856877
1.3857573
1.3857672
1.3859288
1.385759
1.3857263
1.3858913
1.3855778
1.3859606
1.3858353
1.385622
1.385859
1.3856288
1.3856323
1.3858659
1.3856642
1.3858551
1.385686
1.3856175
1.3857529
1.3856606
1.385779
1.3855621
1.385822
1.3858006
1.3858663
1.385966
1.3858167
1.3858246
1.3855324
1.3856043
1.3858567
1.3854469
1.385459
1.3859543
1.3856831
1.3856386
1.3856529
1.385609
1.3857272
1.3856825
1.3858632
1.385736
1.3857282
1.385684
1.3855342
1.3857789
1.3857983
1.3855588
1.3855461
1.385685
1.3856943
1.3857635
1.3854847
1.3855203
1.3856839
1.3857952
1.385614
1.38585
1.385589
1.385429
1.3855577
1.3855574
1.3857132
1.3855482
1.3857254
1.3854625
1.3856618
1.3857408
1.3856457
1.3856281
1.3854929
1.3856996
1.3856978
1.3857489
1.3856212
1.3855737
1.3856293
1.385514
1.3855344
1.3855852
1.3857145
1.3858461
1.3856465
1.3855186
1.385727
1.3856288
1.3855728
1.3854731
1.3852822
1.3856535
1.3854996
1.3854351
1.3857208
1.3855425
1.3857443
1.3857362
1.3855
1.3855087
1.3856472
1.3856698
1.3855671
1.3854886
1.3859844
1.3855194
1.3856497
1.3855835
1.385409
1.3855177
1.385595
1.3857719
1.3855217
1.3855492
1.3857619
1.3856494
1.3858278
1.3857746
1.3856434
1.3855644
1.385677
1.3856045
1.3854825
1.3855258
1.3857139
1.3854715
1.385438
1.3856845
1.3855175
1.3855976
1.3856586
1.3856897
1.3855702
1.3855972
1.3854731
1.385609
1.385853
1.3857442
1.3854594
1.3854094
1.3856235
1.3857065
1.3855882
1.3855053
1.3856558
1.3857962
1.3856195
1.3855398
1.385617
1.3858393
1.3854768
1.3855147
1.3856823
1.3858013
1.3855503
1.385625
1.3855815
1.3855525
1.3855069
1.3854431
1.3856968
1.3856567
1.3854476
1.385405
1.3855898
1.3857113
1.3856611
1.3857853
1.3854538
1.3856858
1.3856968
1.3856305
1.3855715
1.3856058
1.3854896
1.3856654
1.3856279
1.385836
1.3855401
1.3855647
1.3854965
1.3856859
1.3854744
1.3856971
1.3856463
1.385527
1.3856739
1.3856792
1.3855587
1.3856326
1.3854195
1.3856298
1.3853934
1.3856151
1.3853807
1.3855358
1.385641
1.3854787
1.3855183
1.385548
1.3855406
1.3853458
1.3855393
1.3855073
1.3855938
1.3856732
1.3855095
1.3855625
1.3855419
1.3855727
1.3859468
1.3855302
1.3854837
1.3854691
1.3854984
1.3854413
1.3855753
1.3856639
1.3856554
1.3855187
1.3855139
1.3856802
1.3854779
1.3854333
1.3854557
1.3856926
1.3855733
1.38533
1.385453
1.3857349
1.3852917
1.3855237
1.3855188
1.3856192
1.3855411
1.3855963
1.3854595
1.3854438
1.3854145
1.3855908
1.3854452
1.3855023
1.3855187
1.3854473
1.3855232
1.3854979
1.385457
1.385635
1.3855217
1.3852065
1.3853984
1.3854514
1.3855767
1.3856217
1.3854305
1.3856012
1.3855416
1.3852696
1.3853375
1.3854531
1.3857932
1.3854889
1.3855033
1.3856199
1.3854901
1.3855206
1.3854574
1.3855162
1.3854725
1.3853695
1.3854388
1.3854305
1.385498
1.3855081
1.3856192
1.385529
1.3852353
1.3853598
1.3853471
1.3854755
1.3854244
1.3852789
1.3856106
1.3855721
1.3854842
1.3853605
1.3854948
1.3853848
1.38557
1.3855281
1.3854351
1.3856429
1.3854867
1.385457
1.385408
1.3852041
1.3853397
1.3855615
1.385389
1.3853731
1.3856344
1.3854707
1.3853134
1.3854809
1.3852915
1.3855225
1.3852566
1.3851805
1.3854622
1.3853277
1.3853642
1.3852156
1.3854091
1.3854038
1.3854619
1.385379
1.385307
1.3854328
1.3854442
1.3853887
1.3853469
1.3855381
1.3853968
1.3855933
1.3854233
1.3855977
1.3855767
1.3854015
1.385259
1.3854347
1.385496
1.3853809
1.3854212
1.3852835
1.385487
1.385558
1.3854071
1.3854074
1.3852587
1.3853127
1.3854178
1.3853415
1.3853883
1.3853
1.3854189
1.3852886
