1.3817968
1.3754861
1.3774831
1.3793167
1.3791862
1.3790914
1.3794432
1.3795884
1.3793399
1.3798912
1.3795258
1.3799562
1.3796523
1.3790777
1.3787705
1.3784474
1.3780826
1.378562
1.3787965
1.3786042
1.3791523
1.3791641
1.3789978
1.3792653
1.3794613
1.3790932
1.3794417
1.3796794
1.3795197
1.3792076
1.3794107
1.3795059
1.379773
1.3797431
1.3796148
1.3798399
1.3796394
1.3798037
1.3795284
1.379947
1.3795735
1.3794597
1.3798242
1.3799466
1.3798513
1.3798742
1.380083
1.3801234
1.3797444
1.3798983
1.3803257
1.3802567
1.3804824
1.3799049
1.3799918
1.3800821
1.3799767
1.3804411
1.3805029
1.3799039
1.3801426
1.380483
1.3803693
1.3805348
1.380046
1.3801285
1.3808447
1.3806664
1.3807434
1.380446
1.3802654
1.3806064
1.3805283
1.3802679
1.38051
1.3806454
1.3804814
1.380531
1.3805904
1.3808382
1.380842
1.3808334
1.3806669
1.3803769
1.3806083
1.380659
1.3805977
1.3807516
1.3804476
1.3811553
1.3810469
1.3806502
1.3804
1.380714
1.3806928
1.3809413
1.3810813
1.3808562
1.3809307
1.3812711
1.3811113
1.380861
1.3810872
1.3809563
1.3809756
1.3809825
1.3808327
1.3809892
1.3807033
1.3808036
1.3808552
1.3810887
1.3808374
1.380784
1.3807921
1.3814907
1.3812805
1.3811103
1.3810657
1.3804651
1.3812492
1.3810751
1.3812037
1.3813715
1.3810569
1.3811096
1.3811419
1.3810917
1.3811682
1.3813899
1.380918
1.3810172
1.3810743
1.3810664
1.3816004
1.3813305
1.3808025
1.3814065
1.3812976
1.3813804
1.3812921
1.3810459
1.3813398
1.3811969
1.3813314
1.381168
1.3813972
1.381163
1.3812503
1.3812193
1.3811649
1.3810924
1.3812132
1.3811972
1.3815203
1.381308
1.381621
1.3812844
1.3811312
1.3812494
1.3812261
1.3811463
1.3813002
1.3808337
1.381065
1.381452
1.3810775
1.3810928
1.3815163
1.3811573
1.3812534
1.3815502
1.3812516
1.381354
1.3813537
1.3817577
1.3814753
1.3813957
1.3814422
1.3810714
1.3812904
1.3813629
1.381505
1.3815871
1.3812438
1.3813574
1.3815647
1.3812739
1.3813196
1.3813719
1.3811612
1.3814155
1.3812393
1.3811424
1.381373
1.3817238
1.3814424
1.3812482
1.3812854
1.381171
1.3810968
1.3812716
1.3815649
1.3813435
1.3811356
1.381629
1.3815533
1.381687
1.3815818
1.3813686
1.3815256
1.3813541
1.3812561
1.3813105
1.3812112
1.3814535
1.3813015
1.3813076
1.381193
1.3814819
1.3815143
1.381394
1.3816773
1.3814199
1.3816009
1.3816903
1.38148
1.381526
1.38176
1.3814889
1.3816211
1.3815743
1.3815608
1.3815845
1.3814415
1.3811946
1.38151
1.38157
1.3815023
1.3814273
1.381628
1.3814452
1.3814197
1.3814057
1.3813299
1.3813151
1.3814931
1.3811797
1.3815701
1.3816887
1.3815297
1.3813854
1.3816917
1.3817573
1.3815342
1.381741
1.3812755
1.3817418
1.3818802
1.3813838
1.3811737
1.3812662
1.3815954
1.3815355
1.3812928
1.3818486
1.381341
1.3812319
1.3811903
1.3815471
1.3810639
1.3814535
1.3811874
1.3815751
1.3813399
1.3817499
1.3813273
1.3812972
1.3816181
1.3817549
1.3811978
1.381597
1.3816566
1.3816029
1.3813635
1.3814617
1.3814334
1.3814586
1.3815159
1.381521
1.3815869
1.3812841
1.381656
1.381169
1.3813132
1.3811636
1.3814491
1.3811592
1.3816142
1.3812342
1.3816619
1.3814479
1.3812793
1.3814474
1.3811011
1.3812898
1.3811647
1.3814142
1.3813322
1.3813668
1.3812441
1.3812866
1.3818523
1.3812425
1.38106
1.3813206
1.3812816
1.3812505
1.3810734
1.381144
1.3813396
1.3813816
1.3814415
1.3813069
1.3814906
1.3817377
1.3815397
1.3814043
1.3815049
1.3812662
1.3813435
1.3815339
1.3812349
1.3811884
1.3811736
1.3814
1.3813181
1.3812851
1.3811954
1.3810837
1.381173
1.3815292
1.381448
1.3814086
1.3814893
1.3813386
1.3813484
1.381738
1.38108
1.3814319
1.3811756
1.3812083
1.3811389
1.3814669
1.3811347
1.3814077
1.3814356
1.3813463
1.3812047
1.3812629
1.381818
1.381329
1.38169
1.3812679
1.3815722
1.3813452
1.3813232
1.3816675
1.3813928
1.3816595
1.3814224
1.3811185
1.3813932
1.3812633
1.3812629
1.381203
1.3812445
1.3815817
1.3808856
1.381041
1.3812075
1.3813556
1.3813475
1.3814609
1.3812934
1.3811725
1.3813294
1.381161
1.3814617
1.3815347
1.381222
1.381346
1.3812575
1.3813889
1.381077
1.3814344
1.3811882
1.3815303
1.3810467
1.3812157
1.3814942
1.3812925
1.3814497
1.3813194
1.3811935
1.3813434
1.3814902
1.3814325
1.3814648
1.3814439
1.3812529
1.3814074
1.3812811
1.3811766
1.3811718
1.3811928
1.3812592
1.3815149
1.3813897
1.381292
1.3813303
1.3811622
1.3815688
1.3814765
1.3811717
1.3813457
1.3813047
1.3814124
1.3813484
1.3811874
1.3812398
1.3812258
1.3812473
1.3813843
1.3810223
1.3814077
1.3812948
1.3807915
1.3812883
1.3811951
1.3811365
1.3812984
1.3815216
1.3812101
1.3813833
1.3813215
1.3815343
1.3813068
1.3812039
1.381402
1.3810428
1.3811527
1.3809817
1.3817804
1.3812128
1.3815502
1.38136
1.3813494
1.3816123
1.3813927
1.3811109
1.3810657
1.3810972
1.381137
1.3812064
1.3814386
1.3812896
1.3812681
1.3813931
1.3813312
1.3809638
1.3815895
1.3813019
1.3810627
1.3810416
1.3813626
1.3813349
1.3810551
1.3813785
1.3813789
1.3811774
1.3812984
1.3812487
1.3813478
1.3815649
1.3812546
1.3814379
1.3811573
1.3810848
1.3809208
1.3814019
1.3812668
1.3812484
1.3815383
1.3811992
1.3813392
1.3814511
1.3813155
1.3813086
1.3809862
1.3812323
1.3813504
1.3812468
1.3810853
1.3813522
1.3812828
1.3812586
1.3813707
1.381023
1.3809029
1.3812623
1.3814931
1.3813728
1.3813683
1.3809941
1.3809677
1.3811706
1.3810577
1.3812011
1.3812201
1.3812975
1.3810344
1.3809662
1.3813463
1.3811597
1.3811843
1.381147
1.3811153
1.3811703
1.3811852
1.3808485
1.3815659
1.3811945
1.3810487
1.3810202
1.3816041
1.3810993
1.3810648
1.3811613
1.381263
1.3814052
1.3811535
1.3809463
1.3811481
1.3811958
1.3812573
1.381122
1.3813015
1.3809878
1.3810753
1.3812498
1.3814194
1.3808451
1.381027
1.3811363
1.3815929
1.3813586
1.3813177
1.3811932
1.3815514
1.381605
1.3814107
1.3811488
1.3811876
1.3809254
1.3812401
1.3812283
1.3813863
1.3811153
1.3812294
1.3809849
1.3811897
1.3813612
1.3813035
1.3816444
1.3811573
1.3809915
1.380854
1.3810015
1.3810703
1.3811634
1.380958
1.3808781
1.3813559
1.3809538
1.3810383
1.3811611
1.3809836
1.3810253
1.3809458
1.3806767
1.3809063
1.3810043
1.3811725
1.3809862
1.3810583
1.381294
1.381012
1.381344
1.3807126
1.3806145
1.3811487
1.3811222
1.3810165
1.3809322
1.3811727
1.3809901
1.3810288
1.381214
1.3811151
1.3808888
1.3810604
1.3809137
1.3807868
1.3811513
1.3813295
1.3808285
1.3809078
1.380804
1.3808328
1.3808212
1.3812081
1.3812236
1.3812157
1.3812549
1.3808285
1.3809271
1.3809099
1.3808321
1.3809295
1.3809177
1.3808677
1.3811865
1.381202
1.380965
1.3811792
1.3810838
1.3811718
1.3809593
1.3810434
1.3809866
1.381185
1.3811443
1.3813157
1.381386
1.3808385
1.3811625
1.3809661
1.381473
1.3811198
1.3808699
1.3813392
1.3809344
1.3809499
1.3810158
1.3813598
1.3808396
1.3810829
1.3809595
1.3811543
1.3807608
1.3807135
1.3812169
1.3809824
1.3808548
1.3811269
1.3812832
1.3811723
1.3814503
1.3811135
1.3809042
1.3808588
1.3814111
1.3811728
1.3809963
1.3813721
1.3809191
1.38098
1.3807588
1.3813101
1.3810161
1.3813665
1.3811674
1.3811783
1.381237
1.3811985
1.3815196
1.3812379
1.381106
1.3808827
1.3814392
1.381015
1.3815347
1.3809607
1.3807783
1.3812022
1.380711
1.3807412
1.3810898
1.381023
1.3809421
1.3810428
1.3811226
1.3809615
1.3809798
1.3809128
1.3810894
1.3814094
1.3812507
1.3808603
1.3809627
1.381377
1.3813125
1.3811587
1.3809507
1.3808826
1.3808858
1.381175
1.3812009
1.3810431
1.3808674
1.3809556
1.3810492
1.3812782
1.3810973
1.3813956
1.381259
1.3813925
1.3810467
1.3811141
1.3810593
1.3812279
1.3807938
1.3809828
1.3809497
1.3807003
1.3809474
1.3810536
1.3811496
1.3812361
1.3809384
1.3814108
1.3810759
1.3809104
1.3809208
1.380998
1.3812298
1.3811656
1.3809361
1.3811578
1.3811092
1.3813854
1.3811212
1.3812195
1.3808429
1.3809216
1.3805801
1.3812246
1.3814466
1.3816329
1.381115
1.3810402
1.3808521
1.3807784
1.3812056
1.3807364
1.3813106
1.3808587
1.3812438
1.380978
1.3809676
1.381334
1.3810738
1.3808672
1.3812859
1.3810978
1.3809786
1.3810335
1.3812889
1.3811094
1.3813573
1.3811156
1.3811287
1.3811636
1.3810155
1.3811747
1.3809493
1.381522
1.3810974
1.3812972
1.3809804
1.3811727
1.3813082
1.3809701
1.3808619
1.3810511
1.3811425
1.3809975
1.3810982
1.3810842
1.3812097
1.3812897
1.3813409
1.3813676
1.3809229
1.3812473
1.3815902
1.3809557
1.3809115
1.3809465
1.3810594
1.3811303
1.3810272
1.3814093
1.3810148
1.3808697
1.3812319
1.3814878
1.3809214
1.3812971
1.381028
1.3810743
1.3811038
1.3807364
1.3817581
1.3811667
1.3811407
1.3810316
1.3813256
1.3814389
1.381226
1.3809246
1.3809707
1.381499
1.3811744
1.3811744
1.3813149
1.3811417
1.3812118
1.3810749
1.3811063
1.3812515
1.38084
1.381088
1.3811994
1.3811793
1.3812784
1.381226
1.3811731
1.3815432
1.3807963
1.3812836
1.3812834
1.3813218
1.381051
1.3810533
1.3812729
1.3813034
1.3806679
1.3810712
1.3809088
1.3809834
1.3809309
1.3810284
1.3809499
1.3809485
1.3810195
1.3811705
1.3809444
1.3811451
1.3810335
1.3811914
1.380942
1.3811165
1.3809783
1.381204
1.3811964
1.3808857
1.3812563
1.3810371
1.3811394
1.3814148
1.3809139
1.3813511
1.3808184
1.3807642
1.3809174
1.3811382
1.3808933
1.3811314
1.3807825
1.381032
1.3808366
1.3809661
1.3809497
1.3812159
1.3812454
1.3813797
1.3810688
1.3814721
1.380868
1.381166
1.3809397
1.3813722
1.3812735
1.3808532
1.3812666
1.3810778
1.3812319
1.380985
1.3814441
1.3807536
1.3814331
1.3812449
1.380928
1.3807998
1.3811793
1.3811496
1.3810668
1.3808335
1.3810015
1.3812443
1.3811738
1.3812084
1.3810215
1.3809605
1.3809286
1.3811358
1.3811864
1.381151
1.381395
1.3809843
1.3812101
1.3812603
1.3809023
1.3811858
1.3811481
1.3812462
1.3810129
1.3809918
1.3811764
1.3813192
1.3812214
1.381343
1.3811811
1.381052
1.3809656
1.3811257
1.3812785
1.3813308
1.3809899
1.3809456
1.3809361
1.3818303
1.3809189
1.38088
1.3811857
1.3805513
1.3813487
1.3808688
1.3809805
1.3809767
1.3808931
1.3811426
1.3807706
1.3813206
1.3812808
1.3811063
1.3808173
1.3810865
1.3811649
1.3808624
1.3812011
1.3811636
1.3811748
1.3810192
1.380847
1.3815256
1.3811074
1.3813244
1.3812709
1.3813136
1.3811232
1.3807547
1.3806462
1.381081
1.3813902
1.3816663
1.3812703
1.3808755
1.3809586
1.3812064
1.380822
1.3813049
1.3807997
1.3812065
1.3806067
1.3813647
1.3806655
1.381027
1.3807676
1.3813634
1.3814319
1.3811464
1.3811407
1.3810819
1.3809506
1.3810903
1.3806865
1.3812147
1.3810291
1.3809286
1.3808093
1.3812469
1.3808789
1.3808573
1.3813647
1.3809849
1.3808864
1.3807129
1.3814088
1.3810304
1.3809712
1.3808664
1.3811915
1.3807677
1.3805056
1.3807755
1.3811659
1.3811414
1.3810811
1.381044
1.3808414
1.380842
1.3809704
1.3812715
1.3809072
1.3806549
1.3810272
1.3810384
1.3815459
1.3808347
1.3811837
1.380922
1.3815428
1.3809491
1.3807983
1.3809891
1.3811034
1.3810539
1.3808917
1.3809183
1.3807989
1.3809303
1.3808991
1.3805895
1.3815542
1.3811331
1.3809769
1.38096
1.3807787
1.3813357
1.3809215
1.3807476
1.3810987
1.3808703
1.3813543
1.3806877
1.3811822
1.3810358
1.380458
1.3809724
1.3806279
1.3810579
1.3807888
1.3812095
1.3810312
1.3814137
1.3806995
1.381427
1.3808752
1.380828
1.3809912
1.3806721
1.3808707
1.3810772
1.3808196
1.3807911
1.3806695
1.380716
1.380778
1.3813831
1.3810605
1.3806915
1.3807951
1.3808805
1.380942
1.3811777
1.3807993
1.3807926
1.3807015
1.3809576
1.38107
1.3806163
1.3805548
1.3808489
1.3810185
1.3807956
1.3812443
1.3808569
1.3809319
1.3809578
1.3812624
1.3809537
1.3807586
1.3809423
1.3805318
1.3811711
1.3808773
1.3811728
1.3810148
1.3809901
1.3808877
1.3806767
1.3810072
1.3810867
1.3810244
1.3811249
1.3804032
1.3807186
1.3808947
1.3809966
1.3807464
1.3807626
1.3806835
1.3810962
1.3813312
1.3809848
1.3808026
1.3810891
1.3810283
1.3808178
1.3809643
1.3811255
1.380905
1.3806417
1.3808047
1.380713
1.3808355
1.38109
1.3808254
1.3810225
1.381074
1.3810935
1.3808898
1.3811167
1.3810258
1.3809404
1.381259
1.3809154
1.381534
1.3810215
1.3806663
1.3806745
1.3807403
1.3805785
1.381082
1.3806989
1.3812633
1.3808583
1.380602
1.3808705
1.3812127
1.3806844
1.3806045
1.3808613
1.3808804
1.3811108
1.3811979
1.3809357
1.3812168
1.3808063
1.3811243
1.3806559
1.3810723
1.3811499
1.381032
1.3808311
1.380913
1.3811475
1.3808057
1.3805063
1.3811331
1.3807956
1.3810678
1.3811029
1.381022
1.3808402
1.3812487
1.3810716
1.3807458
1.3808687
1.3811587
1.3807387
1.3811402
1.381032
1.3809729
1.381292
1.3806275
1.380944
1.3809382
1.3809036
1.3806739
1.3809775
1.3809257
1.3807597
1.3808914
1.3814119
1.3806148
1.381216
1.381219
1.3812565
1.3808
1.3812633
1.3806167
1.3807095
1.3808273
1.3808963
1.3808913
1.3808209
1.3807878
1.3806715
1.3807229
1.3806645
1.3808708
1.3809791
1.3807207
1.3808533
1.380739
1.3812565
1.3810107
1.380979
1.3810256
1.3811642
1.3811505
1.3806821
1.380753
1.3814126
1.3811764
1.3811924
1.3807249
1.3809445
1.3808235
1.3809187
1.3809626
1.3807833
1.381554
1.3813232
1.3809028
1.3808815
1.3806415
1.3808264
1.3808457
1.3811342
1.380879
1.3808047
1.3807693
1.3810395
1.3807194
1.3809115
1.380991
1.3808677
1.3808184
1.3813063
1.3809959
1.3808099
1.3808311
1.3805903
1.3807678
1.3807421
1.380845
1.381017
1.3807744
1.3809509
1.3809118
1.3803825
1.381314
1.3808311
1.3811474
1.3811979
1.3807639
1.3806009
1.3807191
1.3806648
1.3814285
1.3810688
1.3811069
1.3810178
1.3805172
1.3807421
1.3808613
1.3806059
1.3809029
1.3808689
1.3809339
1.3810661
1.3812984
1.3808177
1.3809909
1.3808522
1.3805398
1.3808876
1.3809726
1.3810447
1.3806329
1.3809277
1.3811674
1.381196
1.3808775
1.3807958
1.3811713
1.3808931
1.3811412
1.3808261
1.38092
1.3811711
1.380817
1.3810874
1.381032
1.3811426
1.3809179
1.3808165
1.3813378
1.3810865
1.3810786
1.3808168
1.3807907
1.3807997
1.3809366
1.3809553
1.3808618
1.3808028
1.3805277
1.3809047
1.380766
1.380943
1.3809617
1.3808931
1.3812802
1.381301
1.3810021
1.3810527
1.3807756
1.3810675
1.3809135
1.3813034
1.3809628
1.3813431
1.3807796
1.380953
1.3806945
1.3810103
1.3811147
1.3811566
1.3811622
1.3805794
1.3809109
1.3805906
1.3808188
1.3803037
1.3809166
1.3809638
1.3806705
1.3808731
1.380657
1.3808978
1.3808427
1.3809011
1.3808126
1.381102
1.3808825
1.3807071
1.3813429
1.380679
1.3812236
1.3815448
1.381
1.3812399
1.3806548
1.3808584
1.3810092
1.3806425
1.3811833
1.3803574
1.380985
1.3803135
1.3807393
1.3811824
1.3812748
1.3814179
1.3810023
1.3809291
1.3806643
1.3810989
1.381314
1.3809929
1.3805748
1.3807013
1.3811796
1.3804928
1.3807968
1.3806607
1.3808317
1.3808618
1.3808731
1.3809398
1.3806071
1.3809264
1.3806704
1.3807261
1.3804235
1.3807184
1.3811772
1.3810103
1.3809782
1.3810148
1.3809217
1.380428
1.3808248
1.3810076
1.3806448
1.3814064
1.3809328
1.3804991
1.3808336
1.3806432
1.3806711
1.3805615
1.3814042
1.3801838
1.380689
1.3812609
1.3814508
1.3811245
1.380947
1.3808649
1.3807064
1.3806516
1.3808473
1.3806145
1.3807955
1.3809114
1.3806058
1.3808374
1.3811629
1.3808479
1.381035
1.3806691
1.3810083
1.3810405
1.3809849
1.3811982
1.3808714
1.3809146
1.3810244
1.3807949
1.3811883
1.3807821
1.3806956
1.3808624
1.38097
1.3805147
1.3808948
1.3807206
1.3806871
1.3806499
1.3806429
1.3810029
1.3807034
1.3809142
1.3805679
1.3811039
1.3806925
1.3810985
1.380845
1.3812542
1.3811215
1.3807584
1.3811232
1.3811775
1.3810453
1.3810464
1.3805888
1.3807732
1.3803035
1.3809754
1.3808497
1.3803765
1.381276
1.3805897
1.3807735
1.3804089
1.3807606
1.3805137
1.3810847
1.3810498
1.3807813
1.380875
1.3807464
1.380481
1.3804905
1.3805249
1.3808835
1.3804793
1.3804688
1.3806926
1.3808838
1.3809474
1.380374
1.3808597
1.3805549
1.3807712
1.381276
1.3813112
1.3807892
1.3805547
1.3808432
1.381025
1.3809248
1.3808208
1.380784
1.3806634
1.3809721
1.3804628
1.3806771
1.3804251
1.3808955
1.3804746
1.3810364
1.3807042
1.380988
1.3811932
1.3810493
1.3806984
1.381338
1.3803623
1.3805549
1.3812919
1.3809122
1.3809582
1.3807888
1.3808408
1.3809955
1.3808049
1.3804245
1.3807348
1.3804578
1.3809612
1.3809484
1.38086
1.380669
1.3810829
1.3810204
1.3809547
1.3807877
1.3807346
1.3809566
1.3811918
1.381093
1.380874
1.3805549
1.3810079
1.3807346
1.3810076
1.3810449
1.3809385
1.3809078
1.3808722
1.380511
1.3808708
1.3810211
1.3808903
1.38058
1.3807576
1.380359
1.3807443
1.3807942
1.3808483
1.3807288
1.3806819
1.3808472
1.3808756
1.3804213
1.3810325
1.3805664
1.3813248
1.3809787
1.3802906
1.3807291
1.3808228
1.3809575
1.3809887
1.3807434
1.3808024
1.380365
1.3805454
1.3811129
1.3807536
1.3806384
1.3809197
1.3812027
1.3812052
1.3807634
1.3809959
1.3807989
1.3808832
1.3806808
1.380826
1.3809508
1.3810853
1.3807721
1.3806844
1.3807646
1.3806827
1.3808233
1.3805568
1.38067
1.3808016
1.381257
1.3807662
1.3808095
1.3807836
1.3809172
1.3805556
1.3806101
1.3806572
1.3806231
1.380999
1.3804474
1.3804754
1.3814521
1.3804454
1.3812034
1.3810898
1.3810413
1.3806851
1.3806499
1.3805813
1.3807012
1.380541
1.3811377
1.3806715
1.3805673
1.380732
1.3812455
1.3808309
1.3811064
1.3810663
1.3808043
1.3811107
1.3808622
1.3806702
1.3809965
1.3807662
1.3805394
1.3807646
1.3808807
1.380401
1.3806447
1.3810323
1.3807758
1.38075
1.3807968
1.3806087
1.3808991
1.3808308
1.3809147
1.3811692
1.3810511
1.3809392
1.380964
1.3806163
1.3807945
1.3808314
1.3804433
1.380615
1.3805271
1.3806939
1.3805791
1.3805631
1.381101
1.3811437
1.380786
1.3804933
1.3804785
1.3808097
1.3810508
1.380504
1.3809421
1.381086
1.380525
1.3807657
1.3814201
1.380816
1.3807132
1.3805944
1.3807153
1.381193
1.3808767
1.3810056
1.3809249
1.3805618
1.3806255
1.3811588
1.3808813
1.380635
1.3806523
1.3806863
1.3807459
1.3810529
1.3806993
1.3807594
1.3811191
1.3807235
1.3805789
1.3808293
1.3805865
1.3805342
1.3808018
1.3811483
1.3809814
1.380634
1.3804108
1.3808731
1.3807684
1.381092
1.3808405
1.3810349
1.380658
1.380462
1.3811246
1.3808033
1.3806236
1.3808898
1.3807298
1.3809445
1.3808633
1.3807694
1.3809664
1.380735
1.3806281
1.3806933
1.3809153
1.3809538
1.3809414
1.3808911
1.3803638
1.381068
1.3806945
1.3806548
1.3810112
1.3811852
1.3805125
1.380456
1.3802294
1.3812951
1.3809028
1.3805033
1.3807907
1.3803041
1.3808366
1.3805845
1.3808581
1.3809373
1.3805114
1.3807579
1.3809384
1.3807955
1.3804842
1.3804146
1.3806076
1.380455
1.3808819
1.3807276
1.3805047
1.3808415
1.3802804
1.3808218
1.3806486
1.3804308
1.380883
1.3811449
1.3808317
1.3803755
1.3809502
1.3807276
1.38069
1.3809674
1.3807561
1.3805009
1.3806385
1.3807358
1.3806818
1.3806698
1.3815665
1.380711
1.3811932
1.3806618
1.3806276
1.3811316
1.3809006
1.380131
1.3803731
1.3811451
1.3806466
1.3810414
1.3810707
1.380538
1.3809447
1.3808182
1.380906
1.3807129
1.380901
1.3803936
1.3811632
1.3811301
1.3807989
1.3808132
1.3807592
1.3804041
1.3809954
1.3804141
1.3804026
1.3805587
1.3808514
1.3808151
1.3807783
1.3804827
1.3810023
1.3806481
1.3807381
1.3805605
1.3808752
1.3804278
1.3807217
1.380428
1.3804388
1.3805798
1.3809838
1.3807068
1.3804954
1.3807793
1.3804082
1.3806444
1.3807241
1.3806177
1.380401
1.3811537
1.380903
1.3808976
1.3806052
1.3806118
1.3804567
1.3807772
1.3807936
1.3804753
1.3809158
1.3801578
1.3807054
1.3809248
1.3810439
1.3807772
1.3806468
1.3804615
1.3807075
1.3806295
1.380763
1.3803672
1.3809885
1.3809977
1.3808006
1.3806223
1.3803056
1.381175
1.3806292
1.3807616
1.380369
1.3809044
1.3807049
1.3805552
1.3812984
1.380012
1.3805466
1.3808688
1.3805517
1.3803911
1.3806628
1.3808546
1.3807544
1.3808253
1.3806373
1.3803042
1.3805103
1.3805977
1.3811424
1.3808589
1.3805367
1.3804018
1.3806386
1.3809127
1.3807045
1.3804023
1.3809144
1.3806685
1.380543
1.3807415
1.3809862
1.3807378
1.3806537
1.3806635
1.3807093
1.3808556
1.3809333
1.3805358
1.3806187
1.3804737
1.3807968
1.3802793
1.3806032
1.380631
1.380446
1.3806127
1.380765
1.3808074
1.3807085
1.3805621
1.3807732
1.3804084
1.3811166
1.3808012
1.3802845
1.3805265
1.3805019
1.3800339
1.381104
1.3808349
1.3804528
1.3807927
1.3806952
1.3810527
1.3810726
1.3803695
1.3809172
1.3810958
1.380902
1.3801877
1.3805882
1.3805976
1.3806654
1.380652
1.3808104
1.3804126
1.3805997
1.380471
1.3804047
1.3807169
1.3810955
1.3805705
1.3804344
1.381011
1.3801765
1.3810244
1.3805369
1.3808225
1.3811878
1.3806229
1.3812109
1.3806684
1.3804691
1.3809204
1.3807726
1.3808727
1.3804159
1.380528
1.380381
1.380568
1.3806129
1.3806367
1.3809737
1.3810681
1.380742
1.38045
1.3807198
1.3806685
1.380678
1.3808197
1.3804998
1.3803173
1.3810972
1.3805374
1.3804476
1.3806571
1.3807287
1.3806269
1.3808601
1.380357
1.3810761
1.3806721
1.3803825
1.3803295
1.3803688
1.3804953
1.3807389
1.3806952
1.3806909
1.3801895
1.3805789
1.3807837
1.3809978
1.3805697
1.3814042
1.3805449
1.3805063
1.3810062
1.3805679
1.380579
1.3808804
1.3806189
1.3801829
1.3806739
1.3807789
1.3806162
1.3806672
1.3807107
1.3807753
1.3805984
1.3805374
1.3812399
1.3805368
1.3811646
1.3805531
1.3807791
1.380964
1.3807492
1.3808544
1.3805864
1.380559
1.3808271
1.3804276
1.3806157
1.3805249
1.3805248
1.3810288
1.3804889
1.3807366
1.3805128
1.380821
1.380308
1.3811924
1.3811309
1.3807092
1.3806381
1.3810651
1.3807682
1.380147
1.3806047
1.3808002
1.3807544
1.3806069
1.3799431
1.3808044
1.3802787
1.3807658
1.3806142
1.3806945
1.3806486
1.380948
1.3808242
1.3804442
1.380816
1.3807566
1.3807938
1.3805164
1.3810067
1.3809817
1.3807299
1.3803691
1.3807364
1.3804483
1.3808172
1.3809592
1.3804554
1.3805971
1.3809035
1.3808697
1.3805317
1.3807663
1.3808434
1.38095
1.3801891
1.3808135
1.3807777
1.3808486
1.3809568
1.3810172
1.3803924
1.3807014
1.3807827
1.3810105
1.3807212
1.3812089
1.3808535
1.3811216
1.3810135
1.3803535
1.3804083
1.3808359
1.380675
1.3805882
1.3805195
1.3808511
1.3810112
1.380397
1.380529
1.3811518
1.3811237
1.3808879
1.3807237
1.3802862
1.3802625
1.3802819
1.3805189
1.3805826
1.3808916
1.380608
1.38048
1.3805991
1.3804554
1.3805288
1.3811581
1.3808979
1.3808928
1.3803122
1.3813403
1.3805121
1.3812668
1.3806643
1.3809816
1.380245
1.3802558
1.3806772
1.3815413
1.3809037
1.3808185
1.3806934
1.380455
1.3808907
1.3806324
1.3802693
1.3808215
1.3808769
1.3805801
1.3804312
1.3802956
1.3809191
1.3803738
1.3803852
1.3805819
1.3806607
1.3806019
1.3811284
1.3808826
1.3805485
1.3806975
1.3807627
1.380166
1.3805648
1.3808262
1.3807763
1.380792
1.3810731
1.3807303
1.3813362
1.3805102
1.3804878
1.3804859
1.3806014
1.3810581
1.3805262
1.3807052
1.3808184
1.3809507
1.3804966
1.3805505
1.3809087
1.38025
1.3807831
1.381021
1.3806638
1.3808031
1.3805007
1.3807487
1.3807074
1.3805366
1.3806651
1.381091
1.3808546
1.3800185
1.3806962
1.3806851
1.3811132
1.3807596
1.3802752
1.380907
1.3809749
1.3808628
1.3807157
1.3808938
1.3803728
1.3803928
1.3804588
1.3806636
1.380621
1.3810444
1.3806331
1.38038
1.3808764
1.3807731
1.381223
1.3802353
1.3812858
1.3806187
1.3807155
1.3806295
1.3805741
1.3809195
1.3806025
1.3807175
1.380924
1.3807018
1.3807744
1.3805376
1.3804687
1.3808247
1.380477
1.3808402
1.3805875
1.3806318
1.3812927
1.3805361
1.3810921
1.3806936
1.3810031
1.3804077
1.3806332
1.3807878
1.3808035
1.3807113
1.3803095
1.3805721
1.3803802
1.3808703
1.3810142
1.3804891
1.3799937
1.3809986
1.3806542
1.380579
1.3808509
1.3807566
1.3802764
1.3803555
1.3808206
1.3806201
1.3807037
1.3812346
1.3809122
1.3811094
1.381415
1.3810363
1.3808444
1.3810176
1.3807051
1.380491
1.3803887
1.3805825
1.3807847
1.3805515
1.3816404
1.3805813
1.3803848
1.3805453
1.3808521
1.3807878
1.3808019
1.3807359
1.3810805
1.3802317
1.3808624
1.3804213
1.3803899
1.3810223
1.3804201
1.3808149
1.3805048
1.3810433
1.380664
1.3803844
1.3806099
1.3807319
1.3806111
1.381018
1.3812659
1.3809739
1.380919
1.3803632
1.3809583
1.380661
1.3807936
1.3803695
1.3805412
1.3808632
1.3805854
1.3804804
1.3806274
1.3806707
1.3807632
1.3805103
1.3805519
1.3810183
1.3801789
1.3808434
1.3808724
1.3810072
1.3807327
1.3809594
1.3806099
1.3808308
1.380727
1.3807961
1.3808266
1.3807904
1.3807327
1.3806967
1.3810285
1.3805113
1.3809363
1.3808799
1.3808155
1.3803333
1.3810326
1.3803476
1.3807334
1.3810079
1.3803848
1.3806862
1.3805408
1.3811343
1.3801823
1.3804216
1.3807821
1.3808584
1.380718
1.3808874
1.3806226
1.3811544
1.3809887
1.380965
1.380761
1.3803303
1.3810638
1.3806088
1.3811276
1.3808457
1.3813144
1.3813767
1.3802933
1.3806721
1.3810629
1.3808477
1.380815
1.381211
1.3805804
1.3810759
1.3810039
1.3811758
1.3813062
1.3808662
1.3808016
1.3807431
1.38046
1.381139
1.3805456
1.3808832
1.3807886
1.3806792
1.3808261
1.3803532
1.3810779
1.3806573
1.3807689
1.3806772
1.3805785
1.3805794
1.3807719
1.3806593
1.3800684
1.3810327
1.3803318
1.3805128
1.3805553
1.3806801
1.3806032
1.3812017
1.3807944
1.3811239
1.3809487
1.3811094
1.3806093
1.3809755
1.3809948
1.3804877
1.3806031
1.3807046
1.3802031
1.3804871
1.3806552
1.3806715
1.3803562
1.3803985
1.3808857
1.3811811
1.3808452
1.380865
1.3806343
1.3806489
1.3813559
1.381057
1.3808655
1.3807167
1.3806514
1.3805029
1.3806944
1.3810347
1.3812449
1.3804133
1.3806945
1.3810732
1.3810538
1.3807898
1.3811425
1.3807409
1.3807784
1.3809887
1.3808311
1.3805704
1.3807184
1.3813723
1.3811132
1.3808639
1.3804967
1.3807505
1.3812402
1.3807731
1.3808099
1.3806567
1.3804744
1.3809053
1.3806379
1.3806584
1.3804176
1.3808849
1.3806772
1.3805819
1.3808162
1.3807062
1.3807555
1.3807869
1.3808216
1.3807273
1.3808336
1.3810472
1.3809092
1.3808422
1.3805858
1.3810247
1.3805994
1.3806956
1.3813703
1.3806252
1.3808876
1.3809372
1.3816546
1.3808004
1.3809377
1.3809513
1.3807809
1.3806915
1.3810695
1.3806111
1.3809538
1.3806739
1.3808113
1.3807588
1.3810681
1.3812573
1.3809614
1.3806331
1.380981
1.3809671
1.3807187
1.3803576
1.3804847
1.3810405
1.3808826
1.3806696
1.3810898
1.3804812
1.3810612
1.3808992
1.3810875
1.3812758
1.3805876
1.3806438
1.3803586
1.3808082
1.3807617
1.380435
1.3810424
1.3807619
1.3807944
1.3808304
1.3808885
1.380646
1.3811123
1.3810741
1.381035
1.3809706
1.3802282
1.3806161
1.3812209
1.381058
1.3811674
1.3806477
1.3803245
1.3809341
1.3808559
1.3815037
1.3806555
1.3805361
1.3810673
1.3807089
1.380528
1.3811668
1.3803464
1.381122
1.3805236
1.3808495
1.380683
1.3805599
1.380868
1.3808211
1.3807731
1.3807777
1.3805037
1.3810724
1.38084
1.3809735
1.3802675
1.3810784
1.3807887
1.3806276
1.3805166
1.3808652
1.3809398
1.3813673
1.3804361
1.3809729
1.380995
1.3809913
1.3804914
1.3812234
1.3805982
1.3807384
1.3804736
1.3808368
1.3806813
1.3805861
1.3805926
1.3804646
1.3805537
1.3803988
1.3810833
1.3811384
1.3802916
1.3804637
1.3814234
1.3807302
1.3811233
1.380884
1.380739
1.3804035
1.3806229
1.3809588
1.3808979
1.3804598
1.3815506
1.3808796
1.3808265
1.3811066
1.3810942
1.3806804
1.3807979
1.3806206
1.3807579
1.3805921
1.3804135
1.3807243
1.3806304
1.3809099
1.3811247
1.3807755
1.3809133
1.3810858
1.3806943
1.3809496
1.3812996
1.3805851
1.3806819
1.3808562
1.381002
1.3807554
1.3812045
1.3809114
1.3807418
1.3804405
1.3811455
1.3810109
1.3807101
1.38073
1.3805494
1.381297
1.3808719
1.3806866
1.3804691
1.3811089
1.3807081
1.3802283
1.3808894
1.3804882
1.3806125
1.3808874
1.3807122
1.3806505
1.3806086
1.380796
1.3806223
1.3808832
1.3806468
1.3809967
1.3806063
1.3808935
1.3809012
1.3811783
1.3804648
1.3808852
1.3809308
1.3809711
1.3809178
1.380714
1.3812284
1.3809468
1.3805637
1.3810792
1.380926
1.3808639
1.3808228
1.3807763
1.381058
1.3811688
1.3803159
1.3807417
1.3803849
1.3809104
1.3807645
1.3810946
1.3809711
1.380843
1.3809749
1.3804771
1.3809309
1.380753
1.3801819
1.3811541
1.3804377
1.3808924
1.3808423
1.3805382
1.380866
1.3806558
1.3806933
1.3809234
1.3808986
1.3812666
1.3807482
1.3807031
1.38089
1.3805774
1.3805839
1.3808216
1.3807757
1.3810644
1.3805722
1.3810875
1.3810234
1.3811046
1.3810225
1.3811266
1.3807987
1.3813314
1.3814317
1.3808917
1.381091
1.3813843
1.380511
1.3807058
1.3806648
1.3805628
1.3809947
1.3806494
1.3804802
1.3811008
1.3807645
1.3809868
1.3806808
1.3807052
1.3805634
1.3808489
1.3809407
1.3806423
1.3806397
1.3805723
1.3810631
1.380814
1.380982
1.3806974
1.3810654
1.3814062
1.3807284
1.3806444
1.3806118
1.3808923
1.3807547
1.3805647
1.3818134
1.3811721
1.3810158
1.3808414
1.3809402
1.3801352
1.3806208
1.3808846
1.3809823
1.3809235
1.3809322
1.3806468
1.3811196
1.3810152
1.3813797
1.3804594
1.3812284
1.3806864
1.3805915
1.3808388
1.3807395
1.3807397
1.3808545
1.3806973
1.380817
1.3803506
1.3812375
1.381065
1.3809469
1.380757
1.3808476
1.3809536
1.3809133
1.3802767
1.3806872
1.3806813
1.3811973
1.3808895
1.3812094
1.3807728
1.3815848
1.3805561
1.3807609
1.3810859
1.3809956
1.3806458
1.3811373
1.3805813
1.3811312
1.3809478
1.3810085
1.3809205
1.3806447
1.3807172
1.3809016
1.3808132
1.380615
1.3805791
1.3809612
1.3810985
1.3812366
1.3807452
1.3809011
1.3809128
1.3801273
1.3807443
1.3808771
1.3813592
1.3812374
1.3810439
1.3806088
1.3806576
1.3807405
1.3808016
1.3808093
1.3801656
1.3809977
1.3806782
1.3811522
1.3815035
1.3807731
1.3813196
1.3810607
1.3807726
1.3807281
1.3811737
1.3812039
1.3806084
1.3812042
1.3812152
1.380571
1.3805519
1.380713
1.3806696
1.3804013
1.3812408
1.3808672
1.3808998
1.381285
1.3808826
1.3811845
1.3809004
1.3810471
1.3810759
1.3814366
1.3809216
1.3808408
1.3808602
1.3808339
1.3805948
1.3802131
1.3807181
1.3807197
1.3811605
1.3810465
1.3807333
1.3810477
1.3806497
1.380333
1.3808671
1.3809898
1.3807484
1.3807154
1.3804729
1.3804436
1.3807508
1.3809254
1.3814737
1.3806001
1.3807338
1.3808861
1.381316
1.3808216
1.3805039
1.3810544
1.3809086
1.3811164
1.380978
1.3808781
1.3811313
1.381065
1.380978
1.3809711
1.38028
1.3807205
1.380641
1.380971
1.3811572
1.380808
1.3809686
1.3805007
1.3809103
1.3808191
1.3808526
1.3807287
1.3802557
1.380982
1.3809292
1.380435
1.3812546
1.3808516
1.3810132
1.3810625
1.3805119
1.3811996
1.3809985
1.3811938
1.3813432
1.3811148
1.3806118
1.3809811
1.3811463
1.3807554
1.3807995
1.3814193
1.380563
1.3806071
1.3807943
1.3810666
1.380703
1.3811725
1.3805882
1.3809323
1.3808045
1.380656
1.3810784
1.3808001
1.3809652
1.3810807
1.3807745
1.3811859
1.3809857
1.3809721
1.3812491
1.3810539
1.3808296
1.3807353
1.3811951
1.3806506
1.3808621
1.3807017
1.3811493
1.3805944
1.3808548
1.3805932
1.3804485
1.3809236
1.3808541
1.3811318
1.3807989
1.3810396
1.3807355
1.3807974
1.3803166
1.3806036
1.3811455
1.3811015
1.3807327
1.3813496
1.3810427
1.381501
1.3807509
1.3808405
1.3804814
1.3807567
1.381018
1.3807662
1.3805846
1.3809419
1.3809747
1.3807527
1.3808842
1.3807154
1.3807935
1.3808177
1.3810023
1.3807185
1.3805884
1.3807971
1.3807516
1.3806303
1.3808146
1.3807858
1.380889
1.3808846
1.3812609
1.3812641
1.3805298
1.3809013
1.3805691
1.3808903
1.3806726
1.3809073
1.3809481
1.3805345
1.3807721
1.3809868
1.3813704
1.381003
1.3806067
1.381398
1.380818
1.3809671
1.3808204
1.3810798
1.3809396
1.3805463
1.3812296
1.3808349
1.3806665
1.380523
1.3802422
1.3808402
1.3808928
1.3810306
1.3808126
1.3808141
1.3806423
1.3811973
1.3809712
1.3809727
1.3805335
1.3809506
1.380798
1.3808383
1.3812176
1.3813487
1.3804471
1.380804
1.3807713
1.380484
1.3808782
1.380505
1.3811642
1.3808155
1.3805641
1.380727
1.3806084
1.3805227
1.3807578
1.3809192
1.3809121
1.3810043
1.3806802
1.3808686
1.3812252
1.3805944
1.3811647
1.3807038
1.3808275
1.3807694
1.3802158
1.381137
1.3808379
1.3814147
1.380854
1.3806213
1.3806376
1.3806143
1.3813785
1.380987
1.38129
1.3806639
1.3806548
1.3806375
1.3808061
1.3812927
1.3804512
1.3806232
1.3810035
1.3813757
1.3805714
1.3808254
1.3808998
1.3809468
1.3807501
1.3807431
1.3810352
1.3808506
1.3811156
1.3804662
1.3808573
1.3814498
1.3811533
1.3806655
1.3809764
1.3809855
1.3812515
1.3801277
1.381157
1.3806869
1.3803756
1.3810043
1.3811262
1.3809178
1.3812364
1.3806028
1.3809526
1.3813018
1.3807483
1.3812733
1.3810161
1.3813971
1.381077
1.3812114
1.380814
1.3810706
1.3806324
1.3810447
1.3809062
1.3807484
1.3809862
1.380401
1.381097
1.3811206
1.3804975
1.3805636
1.3809533
1.3809427
1.3810878
1.3807396
1.3803562
1.3805869
1.380724
1.3807508
1.3805362
1.3807644
1.3807682
1.3807209
1.3810842
1.3807627
1.3807768
1.3810003
1.3809484
1.3812075
1.3806874
1.3812164
1.3807881
1.3810353
1.3810546
1.3805231
1.3811998
1.3812366
1.3806516
1.3808485
1.3808187
1.38093
1.3807203
1.3812366
1.381226
1.3806595
1.3804028
1.3809553
1.3803822
1.3814827
1.3807142
1.3805877
1.3808016
1.3808147
1.3806479
1.3808523
1.3808489
1.3816532
1.3805841
1.3810955
1.3811202
1.3805348
1.3810824
1.381148
1.3809662
1.3808964
1.3807132
1.3809602
1.380641
1.3811367
1.3814529
1.380317
1.3807738
1.3811655
1.3808545
1.3806835
1.3806657
1.3812147
1.3805972
1.3808075
1.3808998
1.3808407
1.3805289
1.3807524
1.3805165
1.3807162
1.3809289
1.3810928
1.3806318
1.3808253
1.3814979
1.3807104
1.3813084
1.3807261
1.3807328
1.3806206
1.3808298
1.380702
1.3810868
1.3808966
1.3809333
1.3812318
1.3805348
1.3810704
1.3806899
1.3807329
1.3806822
1.3808453
1.3806161
1.3810347
1.3807768
1.3806636
1.3811686
1.3813156
1.3807404
1.380441
1.3807636
1.3809284
1.380783
1.38059
1.3809948
1.3806115
1.380896
1.380566
1.3807676
1.3806735
1.3810011
1.3811641
1.3807621
1.3808126
1.3807774
1.3812233
1.380587
1.3807007
1.3807675
1.3808436
1.3805777
1.380521
1.3808107
1.3810344
1.3807685
1.3810905
1.3809966
1.3805171
1.3805832
1.3809541
1.380722
1.3808384
1.3806721
1.3805281
1.3804328
1.3806748
1.3812059
1.3806968
1.3810754
1.3810112
1.3811322
1.3812926
1.3808209
1.3803254
1.3806877
1.3806988
1.380941
1.3806977
1.3804566
1.3808813
1.3803256
1.3811578
1.3804585
1.3805944
1.3804622
1.3808386
1.3804517
1.3806041
1.3804115
1.3810258
1.3810105
1.3810178
1.3809249
1.3811827
1.380887
1.3814437
1.3808143
1.3800963
1.3814762
1.3810892
1.3806133
1.3809589
1.3808002
1.3808011
1.3801435
1.3806515
1.3811067
1.381092
1.3803743
1.3806612
1.3809608
1.3807285
1.3808426
1.3808737
1.3802359
1.3810146
1.3804414
1.3809435
1.3807048
1.3807329
1.38075
1.3806034
1.381039
1.3811089
1.3807449
1.3808004
1.3813982
1.3809452
1.3808386
1.3809106
1.3812107
1.380855
1.3812896
1.380795
1.3803157
1.3808938
1.3801802
1.3804023
1.3808151
1.3812373
1.3809888
1.3805147
1.380664
1.380876
1.3805064
1.3802576
1.3808024
1.3813041
1.3804306
1.3805838
1.380662
1.3805034
1.3810208
1.380521
1.3807516
1.3805724
1.3813022
1.3803765
1.3809136
1.3807209
1.3806856
1.3808031
1.3808373
1.3807622
1.3806784
1.3811564
1.3810257
1.3810743
1.381292
1.3805043
1.380689
1.3805192
1.3811288
1.3811513
1.3809164
1.3806505
1.3809799
1.3808628
1.3811451
1.3804517
1.38103
1.3811469
1.3811502
1.3809081
1.3810221
1.3807225
1.3808619
1.3808165
1.3804408
1.380417
1.3805087
1.3808292
1.380931
1.3812315
1.3807567
1.3808887
1.3807576
1.3809555
1.3809038
1.3806765
1.3806529
1.3807613
1.3808496
1.3809576
1.3802189
1.380564
1.3810326
1.3811327
1.3806646
1.3805672
1.3807015
1.3805892
1.3805246
1.3806589
1.380404
1.3811531
1.380928
1.3807443
1.3804579
1.3813523
1.3808832
1.3803599
1.3807391
1.3808018
1.3810432
1.3813976
1.3814639
1.3807646
1.3808882
1.3809265
1.3803535
1.3809243
1.3806677
1.3805552
1.3806511
1.3805972
1.3806208
1.3805646
1.381026
1.3807734
1.3804189
1.3806262
1.3806492
1.3803238
1.3808033
1.3804765
1.3810929
1.3807225
1.3806827
1.3805417
1.3810815
1.3808131
1.3806787
1.3812604
1.3811868
1.380846
1.3808914
1.3808508
1.381149
1.3808614
1.3809712
1.3808262
1.3807307
1.3806797
1.3807693
1.3807415
1.3813533
1.3807486
1.3808768
1.380544
1.380918
1.380428
1.3808167
1.3803691
1.3809863
1.3803322
1.3807566
1.3809421
1.3804984
1.381076
1.3808788
1.3812604
1.380806
1.3807176
1.3813416
1.3808784
1.3804835
1.3810712
1.3807614
1.380991
1.3807855
1.381083
1.3815527
1.3811718
1.3808728
1.380593
1.3807732
1.3808271
1.3806648
1.3809978
1.3809283
1.3804322
1.3806788
1.3808697
1.3807377
1.3807667
1.3810331
1.380542
1.3805302
1.3811197
1.380884
1.380851
1.3810493
1.380753
1.3808442
1.3806003
1.380755
1.3803105
1.380656
1.3804651
1.3809017
1.3808594
1.3808812
1.3807533
1.3805977
1.3808434
1.3798236
1.3808649
1.3811796
1.3810126
1.3806192
1.3805963
1.380873
1.3808306
1.3807071
1.3810936
1.3809876
1.3808981
1.3805151
1.3802767
1.3809066
1.3808893
1.3808044
1.3809786
1.3810272
1.3804783
1.3799803
1.3803992
1.3809551
1.3812935
1.3808941
1.3811072
1.3811133
1.3802425
1.3806127
1.380502
1.3806149
1.3808082
1.3807876
1.3808548
1.3807988
1.381292
1.3810825
1.3807397
1.3806044
1.3815625
1.3810545
1.3805906
1.3808447
1.3809294
1.3804978
1.380642
1.3807368
1.3804076
1.3808863
1.3807174
1.3805369
1.3805988
1.3810369
1.3810353
1.380729
1.380473
1.3810296
1.3803988
1.3811176
1.3807166
1.3812934
1.3810887
1.3806124
1.3808426
1.3809438
1.3807105
1.3808817
1.3809019
1.381017
1.38042
1.3812355
1.3808206
1.3801432
1.3809938
1.3812207
1.3804767
1.3808824
1.3812056
1.3810856
1.3811634
1.3807644
1.3808088
1.3806188
1.3815752
1.3806995
1.3809704
1.3806928
1.3808163
1.3808553
1.380896
1.3806009
1.3809153
1.3808066
1.3807303
1.3805953
1.380666
1.3811306
