1.3714453
1.3506714
1.3559618
1.3581973
1.3578159
1.3583475
1.3606268
1.3603785
1.3635029
1.3630543
1.3651358
1.3654217
1.3659096
1.3678608
1.3689021
1.369348
1.370635
1.3706893
1.3739482
1.3720711
1.3738573
1.3745565
1.3775984
1.3773025
1.3795497
1.3786447
1.3815473
1.3814847
1.3808863
1.3826207
1.381938
1.3809004
1.3796575
1.3795946
1.3794355
1.3793472
1.3790573
1.3791686
1.3794135
1.3793226
1.3791074
1.3793621
1.37918
1.379502
1.3793949
1.379431
1.379344
1.3796772
1.3799291
1.3795863
1.3800116
1.3802028
1.3797644
1.3799912
1.37999
1.3799121
1.3805604
1.3802377
1.380313
1.3803486
1.3800052
1.3803202
1.3800733
1.3800304
1.380348
1.3798848
1.3805827
1.3801767
1.3798405
1.3812301
1.3814962
1.3808566
1.3808922
1.3805808
1.3804789
1.3805624
1.3809427
1.38058
1.3811203
1.3806612
1.3810251
1.3809601
1.3810167
1.3812697
1.3812386
1.3812757
1.3812574
1.3813953
1.3812965
1.381501
1.3816155
1.3814788
1.3814936
1.3817911
1.3819762
1.3819892
1.3819398
1.3818127
1.3817987
1.3823037
1.3819419
1.3825052
1.3820642
1.3822895
1.3826284
1.3825163
1.3823262
1.3823204
1.3823216
1.382313
1.3829688
1.3829303
1.3834661
1.3831885
1.3828791
1.383087
1.3828601
1.382914
1.3830004
1.383256
1.383418
1.3835697
1.3830792
1.3835546
1.3835481
1.3839366
1.3835135
1.383855
1.3838283
1.3839165
1.3838472
1.3837154
1.3839065
1.384272
1.3839241
1.3840449
1.3840363
1.3838221
1.3840572
1.3844104
1.3842267
1.384782
1.3842446
1.384534
1.3847247
1.3848363
1.3844571
1.3843651
1.3846718
1.3847939
1.3844925
1.3846489
1.3841246
1.384764
1.3843132
1.3850037
1.3844854
1.3850603
1.3848143
1.3847003
1.3846642
1.3844863
1.384408
1.3843488
1.3848709
1.3847812
1.3849503
1.3851657
1.3845958
1.3847558
1.3845625
1.3847138
1.384902
1.3850799
1.3850006
1.3847315
1.3850116
1.3848047
1.3849425
1.3848225
1.3849787
1.3848234
1.3849882
1.3851198
1.385076
1.3846085
1.3844131
1.3849521
1.3849585
1.3848581
1.384348
1.3849941
1.3847777
1.3849182
1.3846979
1.3847176
1.3847669
1.384959
1.3845298
1.3847755
1.3849335
1.3845131
1.3849478
1.3847274
1.3844544
1.3843573
1.3847015
1.3843619
1.3845253
1.3846177
1.3848053
1.3843969
1.3845953
1.3845302
1.3844513
1.3840642
1.3842734
1.3844986
1.384182
1.3843417
1.3843101
1.3845816
1.3842793
1.3841128
1.3840874
1.3842336
1.3842707
1.3839344
1.3842145
1.3842082
1.3839928
1.3840834
1.3837858
1.3838677
1.3839406
1.3840114
1.3834859
1.383663
1.3837335
1.3836706
1.3839786
1.383764
1.3837
1.3836502
1.3837194
1.383773
1.3835675
1.3835614
1.3834978
1.3834883
1.3835272
1.3834919
1.3831547
1.3836883
1.3834815
1.383431
1.3832318
1.3831716
1.3831004
1.3829203
1.3833262
1.3829812
1.3826119
1.38324
1.3830101
1.3830441
1.3829958
1.3827876
1.3829278
1.3825564
1.38277
1.3828118
1.38265
1.3822532
1.3825909
1.3829328
1.3825663
1.3825499
1.3823699
1.382434
1.3826162
1.3823749
1.3824414
1.3825738
1.3826426
1.3825858
1.3822438
1.3824948
1.3824434
1.3824947
1.3825586
1.382465
1.3826265
1.3826946
1.382567
1.3826667
1.3824687
1.3826663
1.3825604
1.3824548
1.3821186
1.3827914
1.3825512
1.3828628
1.382625
1.382773
1.3828917
1.3827447
1.3826809
1.3826202
1.3829939
1.3829457
1.3830152
1.3827331
1.3828412
1.38311
1.3828897
1.3830006
1.3828663
1.3827227
1.3827405
1.3830435
1.3827871
1.3831522
1.3830876
1.3831753
1.3829405
1.38298
1.3829718
1.3829806
1.3829527
1.3835697
1.3833148
1.3833386
1.3828453
1.3829464
1.3835062
1.3836216
1.3832737
1.3831489
1.3836162
1.3837483
1.3836331
1.3834084
1.383573
1.3835338
1.3833838
1.3835232
1.3833193
1.3835505
1.383606
1.3836387
1.383947
1.3838009
1.3835217
1.3840792
1.3833055
1.3840759
1.3838545
1.3839201
1.3839202
1.383737
1.3840475
1.3838165
1.3837607
1.3838305
1.3840774
1.3842497
1.3839612
1.3842591
1.3841206
1.3840117
1.3839113
1.3842856
1.3839737
1.3842442
1.3840852
1.3841698
1.3841548
1.3840331
1.3840127
1.3843944
1.3840616
1.3840848
1.3840413
1.3843898
1.3843731
1.3843417
1.3840929
1.3842632
1.3845747
1.3846911
1.384394
1.3843557
1.3842275
1.3845754
1.3842462
1.3842312
1.3844726
1.3842973
1.3840688
1.3848721
1.3844849
1.3843502
1.3839865
1.3838081
1.38447
1.3842394
1.3845562
1.3844732
1.3848519
1.3844738
1.3846049
1.3839604
1.3839916
1.3843452
1.384544
1.3846382
1.3851113
1.384475
1.3840812
1.3843755
1.3840317
1.3845726
1.3842459
1.3844848
1.3848811
1.3845375
1.3846478
1.3843381
1.384372
1.3839508
1.384417
1.3846376
1.3846532
1.3844837
1.3847011
1.3845369
1.3842014
1.3839817
1.3845886
1.3841192
1.3844188
1.3847002
1.3848963
1.3844254
1.3848103
1.3842206
1.3840209
1.3842216
1.3846558
1.3848404
1.384789
1.3849864
1.3847632
1.3849847
1.3841754
1.3840015
1.3832654
1.3842112
1.3847405
1.3848327
1.3846985
1.3849785
1.384813
1.3847469
1.3846518
1.3843082
1.383908
1.3843868
1.38444
1.3848325
1.3848512
1.3850908
1.3854269
1.3850361
1.3842688
1.384462
1.3842872
1.3848565
1.3843408
1.384416
1.38526
1.3846676
1.3852154
1.3852228
1.3848821
1.3848643
1.384636
1.3841891
1.3841562
1.3846339
1.3846803
1.3848253
1.3853165
1.3855299
1.3851033
1.3850794
1.3850902
1.3849348
1.384005
1.3840654
1.38454
1.3839312
1.384682
1.3855124
1.385482
1.3853037
1.385136
1.3851755
1.3847885
1.3844885
1.3843338
1.3847634
1.3849534
1.3851353
1.3853025
1.3852428
1.3851794
1.3851745
1.3851367
1.3850915
1.3844528
1.3848426
1.3852644
1.3850731
1.3848034
1.3851353
1.385371
1.3850954
1.3852293
1.3853502
1.3848165
1.3849092
1.3846617
1.3848212
1.3847299
1.3848367
1.385031
1.3848873
1.3854307
1.3852981
1.3851417
1.3852072
1.38503
1.3850398
1.3847268
1.3844326
1.3847288
1.3848922
1.3851513
1.3847023
1.385505
1.3853288
1.3852655
1.3851115
1.3850826
1.3855304
1.3852009
1.3849627
1.3849188
1.3849416
1.3848369
1.3847164
1.3851397
1.3858794
1.3855212
1.3858703
1.3854786
1.3848263
1.384601
1.3847706
1.3843106
1.3845859
1.3851707
1.3857695
1.3851639
1.3857977
1.3862654
1.3856419
1.3851892
1.3849983
1.3840507
1.3844792
1.3847622
1.3848844
1.3851055
1.3849859
1.3852643
1.3852763
1.3862447
1.3859444
1.385466
1.3849894
1.3849044
1.3848267
1.384853
1.3852295
1.3851327
1.3853292
1.3855639
1.3855909
1.3858242
1.3855321
1.3855344
1.3853388
1.385124
1.3848314
1.3849527
1.384759
1.3848492
1.3851532
1.3847377
1.3853437
1.3855314
1.3852932
1.3851956
1.3850971
1.3853502
1.3850863
1.3847767
1.3847545
1.3854711
1.3853055
1.3853197
1.3852097
1.3854475
1.3853732
1.3851036
1.3852167
1.3855573
1.3851501
1.3849345
1.3851886
1.3850063
1.3851256
1.3849205
1.3850373
1.384982
1.3853222
1.3853189
1.3855456
1.3849579
1.3850317
1.3855181
1.3853142
1.3854235
1.3854297
1.3853377
1.3853
1.385271
1.385307
1.3854
1.3853302
1.3854347
1.3853556
1.3853457
1.38512
1.3852315
1.3852472
1.3848876
1.3854444
1.3851913
1.3852181
1.3854401
1.3853625
1.3851576
1.3855242
1.3855138
1.385279
1.3851913
1.3853544
1.3851588
1.3851565
1.385223
1.3853242
1.385552
1.3857177
1.3853
1.3851924
1.3853073
1.3855501
1.3855165
1.3854781
1.3852751
1.3855405
1.3855232
1.3856848
1.3852359
1.3851988
1.3853859
1.3855045
1.3850502
1.3853862
1.385062
1.385424
1.3853191
1.3852704
1.3856208
1.3853248
1.3852888
1.3856071
1.3856055
1.3854259
1.3854723
1.3853327
1.3852162
1.3851941
1.3852848
1.3855757
1.3858165
1.3856764
1.385429
1.3854735
1.3854184
1.3856335
1.3856093
1.3855232
1.3853526
1.3854643
1.3852687
1.3856337
1.3855963
1.3853232
1.3852292
1.3855693
1.3851099
1.3855295
1.3854704
1.3852663
1.3852242
1.385657
1.3856865
1.3853325
1.3853273
1.385512
1.3856158
1.3854349
1.3854922
1.3856182
1.3857442
1.3854086
1.3853381
1.3853675
1.3855356
1.3855412
1.3852413
1.3856224
1.3855337
1.3859104
1.3853929
1.3859899
1.385539
1.385593
1.3854867
1.3853976
1.3851662
1.3855004
1.385375
1.3856447
1.385092
1.3854371
1.3854594
1.3857061
1.3857421
1.3856447
1.3855776
1.3851678
1.3852223
1.3855301
1.3854114
1.3852935
1.3854852
1.3854941
1.385445
1.3855077
1.3856487
1.3856272
1.3854266
1.3854716
1.3856424
1.3856146
1.3854952
1.3856081
1.3855149
1.385624
1.3856026
1.3854374
1.3856591
1.385488
1.3857781
1.3857113
1.3855442
1.3858114
1.3854208
1.3856019
1.3854767
1.3854876
1.3855083
1.3854119
1.3855025
1.3857158
1.3857139
1.3854725
1.3853656
1.3858823
1.3854297
1.3856586
1.3857037
1.3854039
1.3858544
1.3857921
1.385562
1.385533
1.3857824
1.3855823
1.3857921
1.3858572
1.3857021
1.3855209
1.3855702
1.3856921
1.3855147
1.3855394
1.3854998
1.3854707
1.3857846
1.3856262
1.3857591
1.3855779
1.3856262
1.3856477
1.3857464
1.3854382
1.3856357
1.3857044
1.385495
1.3854827
1.3856843
1.3855675
1.3854901
1.3854208
1.3856797
1.3856864
1.3857698
1.3856832
1.3857137
1.3855631
1.385719
1.3855003
1.38581
1.3856133
1.3856426
1.385684
1.385609
1.385646
1.3858129
1.3856128
1.3857323
1.3855542
1.3855034
1.3858454
1.3855766
1.3855162
1.3854394
1.385747
1.3858532
1.3854783
1.385562
1.3854752
1.3856586
1.3855017
1.3856431
1.3854231
1.3856379
1.3858951
1.3855753
1.385642
1.3856999
1.3854731
1.3856959
1.3855795
1.3854895
1.3855555
1.3855138
1.3855325
1.385162
1.385513
1.3856035
1.3855983
1.3856666
1.3856106
1.3855282
1.3854212
1.3856623
1.3854818
1.3858284
1.3855524
1.385573
1.3857085
1.3853091
1.3857751
1.3857906
1.3855612
1.3856276
1.385588
1.3856606
1.3857818
1.3857421
1.385798
1.3857563
1.3856226
1.3855711
1.385475
1.385588
1.3856117
1.3856918
1.3856388
1.3855188
1.385245
1.3856807
1.3858052
1.3856778
1.3856156
1.3858322
1.3856742
1.3854934
1.3856548
1.3858569
1.3854991
1.385642
1.3857437
1.3854969
1.3857572
1.3855381
1.3858093
1.3857348
1.3855639
1.385671
1.3854897
1.3854175
1.3857296
1.3856863
1.3854792
1.3856246
1.3853656
1.3855623
1.385597
1.3855331
1.3853278
1.385757
1.3858424
1.3854829
1.3857496
1.385667
1.3856878
1.3855593
1.3855557
1.3856219
1.3854672
1.3855115
1.3857608
1.3857039
1.3857436
1.3854603
1.3857183
1.3855225
1.3856663
1.3854233
1.3853378
1.3858242
1.3857731
1.3854822
1.3852847
1.3857175
1.3859208
1.3858145
1.3857528
1.3854661
1.3854976
1.3855593
1.3857445
1.3854545
1.3854063
1.385643
1.3863742
1.3859198
1.3856399
1.3853928
1.3855041
1.3853625
1.3856231
1.3854277
1.3855771
1.3856974
1.3857913
1.3858113
1.3856586
1.3859141
1.3859441
1.3858131
1.3858658
1.3857096
1.3858668
1.3855404
1.3857285
1.3856869
1.3856071
1.3854073
1.3858691
1.3855746
1.3856313
1.3856907
1.3857155
1.3858334
1.3855373
1.3855507
1.3855561
1.3856442
1.3856629
1.3857248
1.3858742
1.3856826
1.3857135
1.3859268
1.385584
1.3855901
1.3854817
1.3856871
1.3857625
1.385726
1.3857468
1.3856028
1.3854898
1.3858078
1.385737
1.3854254
1.3856688
1.3854437
1.3857578
1.3856548
1.3856109
1.385836
1.3858631
1.385573
1.3857331
1.3857114
1.3855242
1.3853744
1.3857619
1.3855717
1.3855866
1.385574
1.3855253
1.3853261
1.3856844
1.38588
1.3857235
1.3856512
1.3854846
1.3859593
1.3854772
1.3854355
1.3857137
1.3856378
1.3857979
1.3853656
1.385765
1.3857034
1.3856028
1.385719
1.3859133
1.385709
1.3856081
1.3858017
1.385478
1.3856486
1.3855942
1.3855989
1.3858012
1.3858925
1.3857315
1.3857082
1.3857005
1.3857217
1.3857056
1.3857197
1.3855247
1.3858585
1.3855996
1.3855448
1.3856769
1.3857107
1.3856983
1.3856616
1.3857021
1.3854103
1.3859445
1.3856862
1.3856508
1.3857449
1.3856456
1.3856395
1.385503
1.3855009
1.3858677
1.3857584
1.3858277
1.3858223
1.3855505
1.385556
1.3857979
1.3854368
1.3856485
1.3856459
1.3856138
1.3857119
1.3853827
1.3854582
1.3858223
1.3857093
1.3856751
1.3856536
1.3857892
1.385583
1.3856937
1.3857688
1.3855648
1.3857093
1.3857373
1.3855324
1.3858815
1.3854892
1.3854544
1.3856096
1.3857639
1.3857057
1.3857635
1.3858042
1.3855993
1.385872
1.3857222
1.3857001
1.385713
1.3857068
1.3856289
1.3853416
1.3857588
1.3859379
1.3858124
1.3856139
1.3858918
1.3854635
1.3858566
1.3860483
1.3856907
1.385649
1.385587
1.3857086
1.3857311
1.385808
1.3856338
1.3856707
1.3858157
1.3858218
1.3858424
1.3855485
1.3855265
1.3856058
1.3856442
1.3853565
1.3857683
1.3855596
1.3856301
1.3854284
1.3858991
1.3856416
1.3853655
1.3857865
1.3855429
1.3857151
1.385511
1.385528
1.3857307
1.3855361
1.3855714
1.3859497
1.3856872
1.385512
1.3856428
1.3855386
1.3856177
1.3855408
1.385508
1.3854411
1.3857625
1.3857254
1.385371
1.385604
1.3861094
1.3853366
1.3854946
1.3856566
1.3857883
1.3855041
1.385707
1.3856293
1.3857768
1.3856139
1.3855169
1.3856224
1.3858023
1.3854625
1.3858359
1.3858303
1.3854903
1.3857695
1.3858255
1.3855281
1.385755
1.3856745
1.3855673
1.3856397
1.3858134
1.3855402
1.3857368
1.3855056
1.3855188
1.3854723
1.385596
1.3858818
1.3855224
1.3854543
1.3857368
1.3857633
1.38578
1.3858615
1.3857731
1.3856223
1.3858113
1.3854867
1.3857203
1.3853294
1.3856016
1.3855294
1.3856251
1.3855159
1.3856453
1.3858955
1.3857781
1.3856286
1.3858
1.385739
1.385741
1.3853933
1.3854362
1.3855327
1.385591
1.3857201
1.3856901
1.3856927
1.3856319
1.3855175
1.3856364
1.385404
1.3856456
1.385457
1.3854246
1.3856224
1.3856968
1.3859587
1.3857152
1.3857474
1.3856751
1.3854432
1.385806
1.3856436
1.3857346
1.3855611
1.3855363
1.3857621
1.385447
1.385641
1.3857167
1.385822
1.3856226
1.3856589
1.3855957
1.3856868
1.3860512
1.3857716
1.3855635
1.3858734
1.385797
1.3856496
1.3855497
1.3855156
1.3857214
1.3856401
1.3856299
1.3855804
1.3854202
1.3856384
1.3858023
1.3855517
1.3855898
1.3855027
1.385521
1.3858244
1.3855219
1.3854551
1.3856468
1.3855283
1.3856188
1.385755
1.3856419
1.3856446
1.385766
1.3857067
1.3857018
1.3858243
1.3854707
1.3855644
1.3858898
1.3857218
1.385602
1.385692
1.3857319
1.3856778
1.38566
1.3858415
1.3858498
1.3856066
1.3855456
1.38588
1.3858668
1.3857441
1.3856274
1.3857634
1.385484
1.3856257
1.3855728
1.3858839
1.3855553
1.38563
1.385761
1.3857384
1.3857343
1.3856926
1.3856058
1.385649
1.3857944
1.3856065
1.3857263
1.3857529
1.3856599
1.3855377
1.3857206
1.3856027
1.3855941
1.385665
1.3855569
1.3855984
1.3856392
1.3858994
1.3856103
1.3858155
1.3856723
1.385787
1.3855883
1.3856132
1.3856642
1.385621
1.3859459
1.3856745
1.3857125
1.3855175
1.3855475
1.3857056
1.3857585
1.3856308
1.3855697
1.38539
1.385742
1.3858654
1.385694
1.3858982
1.3856716
1.3854992
1.3856384
1.3859084
1.3856511
1.385823
1.3854301
1.3855696
1.3857869
1.3856966
1.3855183
1.3855938
1.3855627
1.3855373
1.3856214
1.3856522
1.385704
1.3856791
1.3856831
1.3856407
1.3859315
1.3856584
1.3855132
1.3856937
1.3855809
1.3858056
1.3855686
1.3857918
1.3856814
1.3855463
1.3854107
1.3856628
1.3856075
1.385677
1.3856199
1.3856949
1.3855028
1.3855085
1.3857192
1.3858974
1.3857871
1.3856137
1.3857464
1.3859591
1.3854027
1.3856624
1.3856136
1.3858126
1.3856843
1.3858715
1.3857427
1.385744
1.3858017
1.385691
1.3857585
1.3858069
1.3856899
1.3857454
1.3856921
1.3855281
1.385741
1.385688
1.385564
1.3854561
1.385586
1.3856993
1.3855518
1.385375
1.3853554
1.3855513
1.3856374
1.3855524
1.3857956
1.3854711
1.3858175
1.3857348
1.3856544
1.3857107
1.3855008
1.3855809
1.3856629
1.3858402
1.3856404
1.3855225
1.3856609
1.3856586
1.3857199
1.385809
1.38557
1.3857028
1.3855423
1.3854903
1.3857813
1.3857223
1.3856888
1.3855085
1.3854265
1.3856498
1.3855507
1.3857201
1.385799
1.3856132
1.3856435
1.3856751
1.3856506
1.3856374
1.3856795
1.385647
1.3855891
1.3857752
1.3856149
1.3857044
1.3855864
1.3855207
1.385802
1.3859055
1.385499
1.3854982
1.3855846
1.3857521
1.3858919
1.385597
1.3855854
1.3855618
1.3857225
1.3855435
1.3857244
1.3857893
1.3859402
1.385506
1.3855457
1.3856885
1.3856676
1.3857777
1.3859549
1.3855613
1.3857892
1.385532
1.3856426
1.3856089
1.385876
1.3855302
1.3858398
1.3854896
1.3855577
1.3857036
1.3856353
1.3855816
1.3856735
1.3857937
1.3855906
1.3855494
1.3857985
1.3857988
1.3861316
1.3857952
1.3855897
1.3853996
1.3857778
1.3858601
1.3856057
1.3857377
1.3856682
1.3856726
1.3857669
1.3858856
1.3856273
1.3855345
1.3856618
1.3857208
1.3857112
1.3858409
1.3857666
1.3855816
1.3856534
1.3856378
1.3857601
1.3855497
1.3856974
1.3857559
1.385624
1.3855859
1.3857385
1.3861431
1.3859068
1.3858715
1.3856481
1.3855544
1.3856753
1.3857208
1.3857489
1.385704
1.3854429
1.3856993
1.3855178
1.3857217
1.3859137
1.3857918
1.385762
1.3856018
1.3857243
1.3857561
1.3855182
1.3856773
1.3857454
1.3857614
1.3857819
1.3857385
1.385638
1.3856562
1.3858328
1.3858087
1.385776
1.385798
1.3854985
1.385571
1.385636
1.3856761
1.3858029
1.3858999
1.38585
1.3856301
1.385542
1.3856045
1.3857647
1.3856115
1.385553
1.3856266
1.3857197
1.3856343
1.3858635
1.3857901
1.3857446
1.3856986
1.3857794
1.3857037
1.3855956
1.3856626
1.3858709
1.3857769
1.3858793
1.3856652
1.3856554
1.3855795
1.3856465
1.3854653
1.3859195
1.3857228
1.3856658
1.3860083
1.3856763
1.3859358
1.3857687
1.3856643
1.3855404
1.385735
1.3857247
1.3858705
1.3855668
1.3860241
1.3857497
1.3860407
1.3858138
1.3858453
1.385698
1.3858185
1.3855538
1.3854322
1.3856847
1.3856659
1.385647
1.3856776
1.3856977
1.3856459
1.3857456
1.3858213
1.3859931
1.3858998
1.3857747
1.385948
1.386009
1.385909
1.3856643
1.3856484
1.3857296
1.3858658
1.385595
1.3858429
1.38599
1.3859361
1.3860356
1.3858148
1.3856281
1.3855499
1.3857374
1.3855442
1.3857082
1.3857123
1.3857824
1.3858173
1.3857325
1.3856322
1.3857899
1.3858284
1.3858862
1.3858194
1.385731
1.3854777
1.3856684
1.3857521
1.3856257
1.3858141
1.3858734
1.3858576
1.3860121
1.3857341
1.3856705
1.3857428
1.3856748
1.3857008
1.385851
1.385672
1.3857985
1.3857223
1.3859494
1.3857203
1.3857094
1.3857623
1.385955
1.3855315
1.3857718
1.385972
1.3857775
1.385775
1.3858218
1.3857365
1.385693
1.3856682
1.385729
1.3858544
1.3855938
1.38579
1.3856522
1.3856452
1.3856372
1.3858595
1.3857539
1.3859599
1.3855132
1.3856899
1.3861245
1.3856932
1.3858842
1.3857311
1.3858721
1.3858548
1.385696
1.3857946
1.3859867
1.3856765
1.385648
1.3858119
1.3858055
1.3856798
1.3857185
1.3857975
1.3857335
1.3858275
1.3858747
1.3857046
1.3857532
1.3860729
1.3856391
1.385786
1.3859553
1.3857349
1.3858737
1.3858184
1.3859909
1.3855482
1.3856937
1.3855963
1.3859351
1.385789
1.3857492
1.3858918
1.3858557
1.3856295
1.3857418
1.3857836
1.3861777
1.3859434
1.3857945
1.3856828
1.3857962
1.386171
1.3857436
1.3858554
1.3859429
1.3858372
1.3856897
1.3858048
1.3859562
1.3858631
1.3858851
1.3858294
1.3858684
1.3859186
1.3857896
1.3857762
1.3858258
1.3857737
1.3858342
1.3860949
1.3858705
1.3856047
1.3858242
1.3858838
1.3858742
1.3857346
1.3857466
1.3858249
1.3858682
1.385856
1.3860712
1.3859024
1.386095
1.3857802
1.3859099
1.3859869
1.3860831
1.3859024
1.385854
1.3859383
1.3857285
1.3858141
1.385697
1.3857342
1.3859236
1.3857785
1.3858266
1.3858742
1.3858947
1.3857952
1.3859078
1.3859441
1.3856239
1.3858701
1.3858081
1.3860313
1.3859543
1.3860079
1.3858098
1.3858626
1.385936
1.3858528
1.3857796
1.3859074
1.3860133
1.3859602
1.385757
1.3857769
1.3858355
1.3861217
1.3858757
1.3856654
1.385759
1.3858808
1.386063
1.3859946
1.3858231
1.3858359
1.3858821
1.3859173
1.385746
1.3859898
1.3860861
1.3857025
1.3859493
1.3859189
1.3857241
1.3858259
1.3858645
1.3858099
1.3859547
1.3857998
1.3860108
1.3857521
1.3857876
1.3860215
1.3858904
1.3858249
1.3859211
1.3859326
1.3858799
1.385985
1.3857856
1.3857703
1.3859547
1.3861233
1.3859288
1.3859787
1.3859382
1.3858994
1.3861412
1.3855143
1.3860432
1.386131
1.3857323
1.3857793
1.3859727
1.3858001
1.3860859
1.3860661
1.3858037
1.3858308
1.3858578
1.3857908
1.38582
1.3858737
1.3860303
1.3857582
1.3858944
1.3860031
1.3858497
1.3859802
1.3859488
1.3858391
1.3861717
1.3856663
1.3859954
1.3861088
1.3858529
1.385872
1.3860795
1.385941
1.3859911
1.3860333
1.3857666
1.385901
1.3857232
1.3857673
1.3857322
1.3860269
1.3858595
1.3859822
1.3858271
1.3855941
1.3857197
1.3858156
1.3859688
1.3856465
1.385872
1.3859849
1.3858163
1.3860575
1.3856974
1.3859336
1.3858616
1.3858318
1.3857607
1.385853
1.3858551
1.3857399
1.3859082
1.3858755
1.3861736
1.3859392
1.3859249
1.3861259
1.385899
1.3858577
1.3858159
1.3856745
1.3858671
1.3858036
1.3860459
1.385951
1.3858106
1.3860798
1.385817
1.3857744
1.3858639
1.3857132
1.3858155
1.3859951
1.3857942
1.3858378
1.3860606
1.3860115
1.3857007
1.3860598
1.3857998
1.3859981
1.3860664
1.3860139
1.3859009
1.3859013
1.3858436
1.3859059
1.3859993
1.3859819
1.3857267
1.3860197
1.3859085
1.3859121
1.386108
1.3857884
1.3858436
1.3858566
1.3860968
1.3859407
1.3859057
1.3858246
1.385933
1.3857971
1.3858395
1.3857704
1.386002
1.3860372
1.3858302
1.386074
1.3859187
1.386007
1.3857425
1.3858372
1.3859258
1.3857474
1.3860668
1.3859324
1.3857416
1.3858205
1.3859125
1.3861252
1.3857812
1.3858677
1.3858755
1.3858113
1.3857845
1.3858877
1.3860726
1.3859398
1.386031
1.3857361
1.3857837
1.3856369
1.3858445
1.385972
1.3858476
1.3859192
1.3859316
1.3859361
1.3858505
1.3859034
1.3860322
1.3858986
1.3857639
1.3857713
1.3859267
1.3861259
1.3859141
1.3862098
1.385655
1.3857813
1.3858863
1.3855623
1.3859012
1.3861237
1.3859377
1.3862199
1.3857495
1.3859516
1.3857304
1.3857753
1.386044
1.3859535
1.3859574
1.3858291
1.3858706
1.3860112
1.385886
1.3859129
1.3858731
1.3859773
1.3858526
1.3859447
1.3858811
1.3858478
1.3860022
1.3859426
1.3859184
1.3858451
1.3860699
1.3857666
1.3858272
1.3859564
1.3859345
1.3858192
1.3858627
1.3858232
1.3860801
1.3858473
1.3860042
1.3858117
1.3860618
1.3857939
1.3858645
1.386126
1.3859389
1.3859763
1.3857559
1.3859136
1.3858927
1.385743
1.385876
1.3859285
1.3858957
1.3858385
1.3859438
1.385654
1.3859419
1.3859073
1.3859309
1.3858732
1.3856322
1.3858184
1.3859409
1.3858315
1.3858879
1.3857749
1.3860373
1.3857478
1.3858107
1.3859068
1.3857781
1.3856407
1.3859407
1.385992
1.3859581
1.3858877
1.3859096
1.3856946
1.3858942
1.3859442
1.3856868
1.3859613
1.3858206
1.3857461
1.3859885
1.3859979
1.3857845
1.3858395
1.3858438
1.3857632
1.3859056
1.3856598
1.3859359
1.385673
1.3858472
1.3858039
1.3858064
1.3856739
1.3858076
1.3859091
1.3858024
1.3859247
1.3856993
1.3857194
1.3859297
1.3858386
1.3859007
1.3857553
1.3858747
1.385787
1.3855644
1.3860223
1.3858273
1.3857573
1.3857763
1.3859886
1.3859643
1.3857552
1.3860298
1.3858713
1.3856982
1.3862454
1.3859185
1.3857758
1.3856632
1.3860878
1.385737
1.3859237
1.3860339
1.3861355
1.3858337
1.3858505
1.3857161
1.3859282
1.3861442
1.3858979
1.385781
1.3859216
1.385771
1.3861108
1.3859415
1.3858835
1.3859731
1.3857869
1.3858771
1.3858839
1.3859212
1.3859967
1.3858654
1.3859731
1.3860004
1.3861085
1.3857925
1.3859245
1.3860765
1.3859432
1.3859214
1.3860027
1.3859513
1.3859992
1.3856565
1.385904
1.3860694
1.3858728
1.3858309
1.3858794
1.3859562
1.3859221
1.3861257
1.3859485
1.3860445
1.3859192
1.3859771
1.3857366
1.3858869
1.385727
1.3858175
1.3856679
1.3858987
1.3857454
1.3859259
1.3858143
1.3858091
1.3857106
1.3859164
1.3860431
1.3859186
1.3859972
1.3859508
1.3860292
1.3858483
1.3861438
1.3856816
1.3857762
1.3860286
1.3857126
1.3859593
1.386018
1.385856
1.3859247
1.3859323
1.38584
1.3861376
1.385889
1.3857328
1.385936
1.3859813
1.3858963
1.3860998
1.385923
1.3858033
1.385921
1.3857903
1.3859549
1.386012
1.3861293
1.3859192
1.3860477
1.3860753
1.3857472
1.3859562
1.3862087
1.3859415
1.3860414
1.3858255
1.38582
1.3860322
1.3860106
1.3860657
1.3860852
1.3859117
1.3859644
1.3857384
1.385961
1.3858693
1.3858742
1.3856779
1.38573
1.3856697
1.3857871
1.3858156
1.3858309
1.3861601
1.3859625
1.3861365
1.3860127
1.3861731
1.3859763
1.3858329
1.3859904
1.385764
1.3859812
1.3857545
1.3860296
1.3857626
1.3861305
1.3859317
1.3857759
1.3861593
1.3858953
1.3861681
1.3857951
1.3858141
1.3859447
1.3858899
1.3859375
1.3859509
1.3859664
1.3859606
1.3858751
1.3859116
1.38603
1.3858061
1.3859543
1.3858782
1.3859714
1.3855436
1.3860348
1.3859396
1.3857954
1.3858461
1.3859895
1.3860618
1.3858799
1.3861225
1.3860848
1.3858123
1.3858017
1.3858049
1.3857331
1.3861835
1.3860279
1.385876
1.3859121
1.3858756
1.3857261
1.3859395
1.3860773
1.3857877
1.3860954
1.3860625
1.3859268
1.3859295
1.3859197
1.3859564
1.3861876
1.385835
1.385738
1.3859464
1.3858777
1.3859199
1.3859228
1.3860695
1.3860543
1.3861431
1.3859797
1.3857963
1.3859605
1.3860149
1.3859121
1.3860041
1.3859977
1.3857461
1.3861637
1.3860704
1.3860058
1.3860931
1.3860227
1.3858577
1.3860352
1.386009
1.3860582
1.3858188
1.3858304
1.3859141
1.3858899
1.3860611
1.3858019
1.385808
1.385824
1.3860865
1.3858454
1.3859564
1.3861724
1.3859572
1.3858925
1.3856761
1.3860358
1.3858206
1.3858232
1.3858709
1.3858156
1.3859956
1.385781
1.3861399
1.3859415
1.385962
1.3860947
1.3859236
1.3857971
1.3861018
1.3859627
1.3859516
1.3858184
1.3859398
1.3856472
1.3857679
1.3859543
1.3860306
1.3859608
1.3859416
1.3860095
1.3860842
1.3858222
1.3860005
1.385803
1.3860024
1.3857765
1.3858358
1.3857174
1.3860054
1.3859446
1.3857961
1.385996
1.3861741
1.3860267
1.3861853
1.3859911
1.3860148
1.3860136
1.3858873
1.385913
1.3859551
1.3859233
1.3858541
1.3862479
1.3859212
1.3858804
1.385919
1.3859949
1.3861892
1.3859402
1.3860447
1.3858334
1.3858238
1.3858669
1.3858691
1.3858701
1.385895
1.3862247
1.3860408
1.3859957
1.3858646
1.385849
1.3858067
1.3858355
1.3859172
1.3859078
1.3858112
1.3858709
1.3859657
1.3860102
1.3859768
1.3861456
1.3858415
1.3860333
1.3860242
1.3857354
1.3859249
1.3859035
1.3857809
1.3858881
1.386025
1.3859383
1.3859501
1.3858322
1.3860408
1.3859336
1.3861
1.3858684
1.3856802
1.3861209
1.3858181
1.3859471
1.386013
1.3859254
1.3860941
1.3859326
1.3859332
1.3857751
1.3859009
1.3858242
1.3859438
1.3859673
1.3860297
1.3859313
1.3860267
1.3859066
1.3858889
1.3859832
1.3858849
1.3859503
1.3859007
1.3858747
1.3858372
1.3860961
1.385951
1.385844
1.3860422
1.3858203
1.3859832
1.3858305
1.3861333
1.3858399
1.3860992
1.3857723
1.3858111
1.3859568
1.3858932
1.3857088
1.3860108
1.3857712
1.3857852
1.3858773
1.3859587
1.3859249
1.3859208
1.3861126
1.3859856
1.3860035
1.3861723
1.3861129
1.3859366
1.3860699
1.3857902
1.3860987
1.3858807
1.3862308
1.3861907
1.386009
1.3860782
1.3859664
1.3859218
1.3860399
1.3859212
1.3859301
1.3858353
1.385862
1.385954
1.3858767
1.385999
1.3858082
1.3858619
1.3858976
1.3858588
1.3857846
1.3860396
1.3858399
1.3857847
1.3858775
1.3858297
1.3858907
1.3859946
1.386
1.3859872
1.3857903
1.3860039
1.385849
1.3860061
1.3859904
1.3858684
1.38603
1.3860592
1.3858794
1.3858128
1.3858752
1.3860186
1.3858309
1.3860008
1.3859323
1.3859473
1.3860804
1.3861572
1.3858875
1.3861078
1.3857358
1.3860209
1.38597
1.3860048
1.3858202
1.386133
1.3859009
1.3859743
1.3859359
1.3859438
1.3860846
1.3858699
1.3858482
1.3859209
1.3859138
1.3859268
1.3859189
1.3859729
1.385716
1.3859617
1.3860058
1.3858725
1.3859558
1.3858107
1.3858443
1.3860439
1.3857503
1.3858519
1.3858335
1.3861526
1.3859164
1.386004
1.3858837
1.3858507
1.3861091
1.3860093
1.3856401
1.386032
1.3859295
1.3858311
1.385883
1.3859187
1.3859261
1.3858486
1.3858058
1.3861235
1.3857727
1.3859085
1.3858936
1.3859127
1.385781
1.3858743
1.3859258
1.3858155
1.38604
1.3857614
1.3859547
1.3859338
1.3860565
1.3858889
1.3858762
1.3860223
1.3857635
1.3858384
1.3861732
1.3859974
1.3861369
1.3861016
1.3858601
1.3858123
1.3858584
1.3860418
1.3858318
1.3856258
1.3859954
1.3856854
1.3857971
1.3858705
1.3858398
1.3858371
1.3857807
1.3860055
1.3859589
1.385692
1.3857433
1.3859394
1.3859754
1.385932
1.3858694
1.3858961
1.3859255
1.3859262
1.3859239
1.3858224
1.3857571
1.3859226
1.3860813
1.3857265
1.3858904
1.3858136
1.3857595
1.386055
1.3857437
1.3859215
1.3859004
1.3858885
1.3857313
1.3859352
1.385828
1.3857597
1.3857405
1.3860998
1.3859745
1.3858044
1.3857679
1.385842
1.3857682
1.3857992
1.3858111
1.385788
1.3858699
1.3862089
1.386054
1.3859148
1.3859288
1.3860179
1.3861003
1.3857425
1.3859227
1.385853
1.3860573
1.3858403
1.3859249
1.3858166
1.3859425
1.3859583
1.3860121
1.385974
1.3861139
1.3857821
1.3859031
1.3858837
1.3858715
1.3859192
1.3857737
1.3857108
1.3859264
1.385883
1.3858651
1.3858769
1.3858315
1.385972
1.3859822
1.3857521
1.3861916
1.3859717
1.3860121
1.3857917
1.3857318
1.3860825
1.3858423
1.3859409
1.3858325
1.385993
1.3859906
1.3860766
1.3859091
1.3858947
1.3859254
1.3858362
1.3858436
1.3857769
1.3857418
1.3858219
1.3859034
1.3859692
1.3859738
1.3860259
1.3860501
1.3862612
1.3860859
1.3859032
1.3858874
1.3858863
1.38588
1.3859448
1.3860502
1.3860706
1.3859737
1.3860204
1.3860933
1.3857797
1.3858658
1.385921
1.3859425
1.385935
1.3857143
1.3859688
1.386021
1.3856952
1.3859146
1.3859371
1.3858429
1.3859687
1.3859267
1.3858719
1.3856268
1.3861462
1.386076
1.3857783
1.3858094
1.3859581
1.3859385
1.3859669
1.3857723
1.3857436
1.3860068
1.3859844
1.3857155
1.3858004
1.3857892
1.3859049
1.3858925
1.3858112
1.385817
1.3860413
1.3856944
1.3858753
1.3857911
1.3859562
1.385732
1.3857845
1.3857628
1.3857743
1.3857956
1.386069
1.3860197
1.3857771
1.3857208
1.3860214
1.3858879
1.385972
1.3857161
1.3858719
1.3858294
1.3856487
1.3858986
1.385842
1.386
1.3859416
1.3857286
1.386089
1.3859276
1.3859435
1.3857716
1.3860626
1.3860509
1.385773
1.3859358
1.3858722
1.3859737
1.3858156
1.385911
1.3861161
1.3859111
1.3861135
1.3858767
1.385774
1.3859651
1.3862435
1.3860579
1.3859768
1.385953
1.3858788
1.3860402
1.3860414
1.385902
1.3856047
1.3858639
1.3856161
1.3860736
1.3855637
1.3858144
1.3858079
1.385897
1.3859049
1.3859471
1.3859302
1.3858707
1.3858116
1.3858235
1.385801
1.3858654
1.385756
1.3860782
1.3860735
1.3856517
1.3861557
1.3861344
1.3859893
1.3860172
1.3857943
1.3858657
1.3857373
1.3858787
1.3857785
1.3856679
1.3859891
1.3857743
1.3861066
1.3860253
1.3858656
1.3860713
1.386091
1.3859135
1.3860244
1.3858683
1.3859568
1.3858865
1.3857567
1.3856643
1.3858557
1.385979
1.3858566
1.3859969
1.3858519
1.3859531
1.3857105
1.3858964
1.3858565
1.3857074
1.3858937
1.3861271
1.3858464
1.3859644
1.3857193
1.3859211
1.3857547
1.3858953
1.3859328
1.385883
1.3857464
1.3861698
1.3860288
1.3859624
1.3860325
1.3857381
1.3857808
1.386105
1.3856822
1.3859426
1.3857145
1.38585
1.3858795
1.3857476
1.3861189
1.3860043
1.3859545
1.3860971
1.3859981
1.3860437
1.3858829
1.3859221
1.3860693
1.3857218
1.3857974
1.3856679
1.3858382
1.3856814
1.3858582
1.3860463
1.3859794
1.3858894
1.3857454
1.3857228
1.3858577
1.386008
1.3858026
1.3860326
1.385973
1.3859538
1.3860673
1.3858734
1.3859789
1.3859321
1.3859597
1.3857594
1.385818
1.3857789
1.3857573
1.3857439
1.385815
1.385894
1.385773
1.3858144
1.3858521
1.3860129
1.3859339
1.3861485
1.3858763
1.3858588
1.3857025
1.3859665
1.3860574
1.3858073
1.3857394
1.3856046
1.385935
1.3858477
1.385878
1.3860852
1.3861679
1.3858824
1.3859391
1.3858683
1.386057
1.385908
1.3860166
1.3858207
1.3858879
1.3858831
1.3857263
1.3858702
1.3859979
1.38581
1.3861307
1.3857692
1.3858442
1.385827
1.385808
1.3860059
1.3860368
1.3857714
1.3859745
1.3857982
1.385796
1.3857613
1.3859428
1.3856846
1.3862367
1.3857671
1.385911
1.3859797
1.3858007
1.3857872
1.3857763
1.385865
1.385936
1.3856567
1.3860385
1.3856934
1.3860203
1.3860213
1.3861889
1.3860794
1.3860265
1.3857386
1.385918
1.3857399
1.3859726
1.385644
1.3857548
1.3858758
1.3860153
1.3858141
1.3857832
1.3859032
1.3862166
1.3857706
1.3861145
1.3858769
1.3858639
1.3858391
1.386047
1.3856381
1.3860136
1.3858633
1.3859197
1.3859365
1.3856341
1.3859869
1.3860667
1.3858371
1.3858256
1.38596
1.3857965
1.3858061
1.3859619
1.3857707
1.3858476
1.3858267
1.3858722
1.3859448
1.385736
1.3858894
1.3858624
1.3860066
1.3859972
1.3860946
1.385904
1.3859352
1.3857597
1.3860155
1.385977
1.3859599
1.3860962
1.3858665
1.3859783
1.3857113
1.3860182
1.3858213
1.3859154
1.3859544
1.3858203
1.3858075
1.3856602
1.385912
1.3860078
1.3857718
1.3859148
1.3860091
1.3858926
1.3860321
1.3860222
1.3859782
1.3859116
1.3859701
1.3858273
1.3860555
1.3859301
1.3856319
1.3857962
1.3860885
1.3859842
1.3858123
1.3857365
1.3858838
1.3860488
1.3858864
1.3860831
1.3859707
1.3857337
1.3860154
1.3858665
1.3858166
1.3858038
1.3858576
1.3860867
1.3861026
1.3858663
1.3859733
1.3857832
1.3857685
1.3857228
1.3857138
1.3857085
1.386054
1.3857026
1.3857696
1.3858589
1.3860723
1.3858594
1.3860015
1.3859433
1.3858504
1.3861603
1.3857678
1.3858567
1.3857985
1.385964
1.3859695
1.3860792
1.3859452
1.3858037
1.3858787
1.38573
1.3858643
1.3857002
1.3857845
1.3859466
1.3856262
1.3857946
1.385803
1.3858168
1.3859851
1.3859868
1.3859748
1.3859677
1.3859776
1.3862098
1.3859447
1.3856205
1.3860941
1.3857459
1.3861761
1.3860296
1.3862264
1.3860718
1.3858526
1.3858232
1.385863
1.3856984
1.3855884
1.3859257
1.3858794
1.3858783
1.3856474
1.3859642
1.3859394
1.385908
1.385986
1.3860066
1.3860164
1.3858819
1.3859146
1.3859688
1.3861217
1.3858638
1.3855877
1.3855265
1.385584
1.3858382
1.3865415
1.3862656
1.3866467
1.3861272
1.3860903
1.3858474
1.38555
1.385812
1.385792
1.3856173
1.3856348
1.3859314
1.3857932
1.3859234
1.3858498
1.385642
1.3858696
1.3860497
1.3861591
1.386121
1.385965
1.3862492
1.386013
1.3860832
1.3862078
1.3859513
1.3856614
1.3853501
1.3852746
1.385639
1.3857876
1.3862259
1.3865703
1.386776
1.3868316
1.3860948
1.3857341
1.3858328
1.3857571
1.3855056
1.3856264
1.3855948
1.3857008
1.3854369
1.3855337
1.3856045
1.3860502
1.3858556
1.3857516
1.3861305
1.3857533
1.3860329
1.3860959
1.3859348
1.3862312
1.386272
1.3864152
1.3859898
1.3859009
1.3858435
1.3851334
1.385696
1.3854368
1.3855381
1.3865054
1.3860388
1.3868504
1.3867226
1.3862164
1.3858448
1.3856755
1.3856175
1.3856612
1.3857493
1.3854831
1.3855729
1.3858169
1.3855758
1.3859262
1.3856878
1.3860312
1.3860884
1.3861558
1.3861277
1.3861299
1.3861723
1.386248
1.386113
1.3861626
1.3859314
1.3856629
1.3854809
1.385733
1.3852562
1.3857466
1.3862723
1.3861874
1.386392
1.3861794
1.3864015
1.3859886
1.3856694
1.3858609
1.3855307
1.3857143
1.3855759
1.3857286
1.3858128
1.3857077
1.386089
1.385801
1.3859771
1.3859829
1.3859392
1.3863025
1.386258
1.3861129
1.3863379
1.3861283
1.3859076
1.3858278
1.3855606
1.3857272
1.3857235
1.3861458
1.3857421
1.3858482
1.3863144
1.3862962
1.3861828
1.3861145
1.3859645
1.3857703
1.3859932
1.38578
1.3858227
1.3858651
1.3859425
1.3857324
1.3858105
1.3856889
1.3859658
1.3859975
1.3859735
1.3859783
1.386108
1.3860743
1.3858342
1.3859073
1.3858397
1.3857075
1.3856779
1.3860188
1.3859643
1.3858274
1.3860656
1.386127
1.3862083
1.3860465
1.3859574
1.3858329
1.3857884
1.385773
1.3859098
1.386083
1.3860682
1.3857304
1.3856593
1.3859605
1.3858392
1.3861672
1.38577
1.3860395
1.3861738
1.3861035
1.3863212
1.3861449
1.3862468
1.3858103
1.3861207
1.385287
1.3852786
1.3856207
1.3858504
1.3862246
1.3858317
1.3861183
1.3862156
1.3863872
1.3857262
1.385698
1.3857598
1.3858178
1.3857456
1.3856813
1.3858184
1.3857877
1.3858227
1.3856704
1.3857405
1.3858918
1.3857945
1.3859347
1.3860775
1.3860737
1.386054
1.386062
1.3861525
1.3858448
1.3855886
1.3854088
1.3854971
1.3859545
1.3858771
1.385899
1.3862659
1.3861852
1.3858684
1.3859787
1.385907
1.3856916
1.3856808
1.3856157
1.3858113
1.3860767
1.3858848
1.3858296
1.385832
1.3858106
1.3860373
1.3859559
1.3858064
1.3859924
1.3859301
1.3859626
1.3860894
1.386026
1.3859974
1.3859036
1.3854936
1.3856802
1.3859155
1.3859851
1.3859998
1.3862396
1.3863052
1.3867081
1.3859589
1.3856826
1.3857478
1.3856423
1.385635
1.3855628
1.3855904
1.3858118
1.3858619
1.3858572
1.3856496
1.3860306
1.3861716
1.3860428
1.3860871
1.3860474
1.3862431
1.3859817
1.385836
1.3858624
1.3856213
1.3859485
1.3853489
1.385842
1.3862289
1.3862431
1.3863744
1.3861004
1.3859669
1.3859242
1.3857654
1.3856484
1.3859172
1.385744
1.3856746
1.385497
1.3857999
1.3859158
1.3858987
1.3860166
1.3858114
1.3860234
1.3859732
1.3862112
1.3859962
1.3860013
1.3860573
1.3857566
1.3855965
1.3857657
1.3857405
1.3859268
1.3862706
1.3859506
1.3868576
1.3859516
1.3859715
1.3855897
1.3856322
1.3855448
1.3858906
1.3858651
1.3860352
1.3859466
1.3855404
1.3859305
1.3860068
1.386033
1.3859475
1.3860909
1.3859222
1.3861216
1.3857896
1.3857361
1.3856089
1.385846
1.3855777
1.3856792
1.3860162
1.3865227
1.3865062
1.3860567
1.3862388
1.3859893
1.3859922
1.3856672
1.3860337
1.385822
1.3856586
1.3859153
1.3858854
1.3858395
1.3859911
1.3859037
1.3860085
1.3859246
1.3859878
1.3860826
1.3860143
1.3860323
1.3861293
1.3857274
1.385302
1.3856827
1.3855282
1.3858734
1.3863084
1.386201
1.3863924
1.3863581
1.3865554
1.3864545
1.385946
1.3854653
1.3857782
1.3856199
1.3856355
1.3852323
1.3856223
1.3858778
1.3857936
1.385843
1.3858078
1.3857622
1.386252
1.3860745
1.3860945
1.386058
1.3859104
1.3861767
1.386296
1.3861401
1.3856431
1.3853041
1.3855423
1.3853077
1.3855902
1.3856033
1.3860534
1.386647
1.3866282
1.3866638
1.3863091
1.38596
1.3857423
1.3855423
1.3856791
1.3855307
1.3855059
1.3856846
1.3857237
1.3857918
1.3864223
1.3858566
1.3860401
1.3862227
1.3862898
1.3861586
1.3862844
1.3858715
1.3862416
1.3853389
1.3855554
1.3857647
1.3854027
1.3857278
1.3864588
1.3865273
1.3865234
1.3859751
1.386111
1.3855282
1.3855431
1.385756
1.3857912
1.3854016
1.3854493
1.3860203
1.3860884
1.3858824
1.3857943
1.3862331
1.3860246
1.3862543
1.3864012
