1.3637533
1.3326007
1.3258353
1.3212105
1.3184791
1.316378
1.3163408
1.3170586
1.3162509
1.3180304
1.3180444
1.3182192
1.3190672
1.3187551
1.319157
1.3188629
1.3190628
1.3191642
1.3187976
1.3187114
1.3206129
1.3200457
1.3210813
1.3218266
1.3215338
1.3209194
1.321786
1.321256
1.3224026
1.3229712
1.3219281
1.3231354
1.3241395
1.3232497
1.3246759
1.3241036
1.324396
1.3244241
1.3264983
1.3259218
1.3263934
1.3256545
1.3266165
1.3269118
1.3272098
1.3276205
1.3273234
1.3280134
1.3294021
1.3287268
1.3297687
1.3301798
1.330811
1.3301772
1.3313779
1.3320539
1.3329264
1.3327279
1.3318677
1.3337129
1.3352654
1.334334
1.33596
1.335003
1.3374856
1.3354397
1.3369589
1.3369986
1.3379896
1.339671
1.3405647
1.3412795
1.340437
1.3418869
1.3426348
1.3434298
1.3439268
1.3455215
1.3447931
1.346034
1.3469214
1.3465831
1.3487115
1.3497111
1.3506941
1.349604
1.3519751
1.3522924
1.3535713
1.353383
1.3551735
1.355286
1.3567959
1.3573164
1.3571786
1.3593321
1.3595415
1.3613265
1.3628575
1.3621866
1.3655292
1.3667495
1.3656152
1.3658355
1.3682067
1.3688706
1.3698933
1.369695
1.3706213
1.371483
1.3752495
1.3739609
1.3761197
1.3756984
1.3756242
1.3796089
1.3789625
1.3803685
1.3826065
1.3827268
1.3840603
1.3850007
1.3863071
1.3870748
1.3878602
1.3875939
1.3884673
1.3897486
1.3900214
1.3910358
1.388884
1.3892025
1.3890047
1.3886025
1.3871747
1.386515
1.3865385
1.3862433
1.3860393
1.3856196
1.3854705
1.3854507
1.3855362
1.3852534
1.3850812
1.3852491
1.3848109
1.3850229
1.3850218
1.3851221
1.3850428
1.3847448
1.3849176
1.3846267
1.3847505
1.3846086
1.3846036
1.3847125
1.384667
1.3843826
1.3845558
1.3845135
1.3844451
1.3846259
1.3844728
1.3842473
1.383952
1.3841648
1.3841766
1.3840803
1.3840855
1.3842891
1.3838638
1.3841443
1.3840271
1.3840775
1.3841472
1.3840921
1.3840227
1.3843114
1.3840702
1.3840234
1.384045
1.3837453
1.3840154
1.3838205
1.3841108
1.3841028
1.3839158
1.3839821
1.384008
1.3842024
1.3840734
1.384294
1.3844897
1.384082
1.3841747
1.384304
1.3843173
1.384519
1.3843786
1.3842838
1.384593
1.3844582
1.3844371
1.384702
1.3845268
1.3846047
1.384729
1.3852211
1.3849959
1.3848213
1.3851503
1.3849207
1.3851153
1.3852513
1.3851551
1.385303
1.3853614
1.3854138
1.3853011
1.3857995
1.3857716
1.3854405
1.3854907
1.3855463
1.3856663
1.3855625
1.3859633
1.3858305
1.3857929
1.3857391
1.385759
1.3856579
1.3858132
1.385759
1.3854104
1.3858691
1.3853916
1.385166
1.3840063
1.3841491
1.3843393
1.3845112
1.3849794
1.385185
1.3851385
1.3856872
1.3859968
1.3859484
1.3862263
1.3861382
1.3862447
1.3862698
1.3862181
1.3854864
1.3852904
1.3854933
1.385335
1.3854429
1.3853059
1.385279
1.3855405
1.3856016
1.3854971
1.3854736
1.3855579
1.3856543
1.3855988
1.3854767
1.3857691
1.3858997
1.3859717
1.3859925
1.3858083
1.3857845
1.3858005
1.3859141
1.3859396
1.3856901
1.3858119
1.3860649
1.3855026
1.3855981
1.385729
1.385766
1.3858716
1.385886
1.3859758
1.38585
1.3859969
1.3856412
1.3857323
1.3855356
1.385738
1.3854247
1.3856952
1.3855145
1.3858993
1.3858227
1.3857425
1.3859168
1.3859236
1.3859223
1.3861716
1.3859588
1.3858746
1.3861762
1.385885
1.3858904
1.3859719
1.3857255
1.3852448
1.3853178
1.3853704
1.3858638
1.3860056
1.3861929
1.3859069
1.3858403
1.3856199
1.3857712
1.3856823
1.3857954
1.3856158
1.3856324
1.3860046
1.3857757
1.3856797
1.3856503
1.38588
1.3859416
1.3857524
1.3855984
1.3856354
1.3857577
1.3855575
1.3857496
1.3858207
1.3859159
1.3855705
1.3857454
1.3855585
1.3857818
1.3856869
1.3857685
1.3856422
1.3856326
1.3856953
1.3859873
1.3854733
1.3853817
1.3854632
1.38557
1.3858075
1.3856391
1.3854992
1.3856616
1.386071
1.3858246
1.3855712
1.3857982
1.3856007
1.3855668
1.3856542
1.3857414
1.3854991
1.3855867
1.3856293
1.385719
1.3857436
1.38545
1.3854815
1.3855338
1.3857535
1.3854176
1.3856032
1.3853679
1.3855511
1.3857895
1.3857394
1.385642
1.3857126
1.3855436
1.3857415
1.3856866
1.3854141
1.385669
1.385683
1.3855383
1.3857718
1.3857547
1.3858436
1.3858985
1.3858249
1.3856852
1.3857915
1.3857574
1.3858094
1.3857801
1.3858367
1.3858184
1.3860515
1.3858773
1.3854221
1.3858202
1.3858835
1.3858624
1.3855816
1.3857961
1.3857521
1.386175
1.3857877
1.3860663
1.3858901
1.3859428
1.3857348
1.3861876
1.3859771
1.3858141
1.3859172
1.3858668
1.38561
1.3859354
1.3860527
1.3859695
1.3860825
1.3862118
1.386054
1.385914
1.385897
1.385739
1.3858186
1.3862004
1.38593
1.3860629
1.3859943
1.3860191
1.3861637
1.3860487
1.3860515
1.3859588
1.3862263
1.3862627
1.386001
1.3861924
1.3862543
1.3858314
1.3857877
1.3858495
1.3860193
1.3861058
1.3859594
1.386016
1.385841
1.385991
1.3861861
1.3858217
1.3861316
1.3861663
1.3860788
1.3859625
1.385954
1.3861048
1.385862
1.3861048
1.3858856
1.3858372
1.3859731
1.3862917
1.3860701
1.385918
1.3858591
1.3861234
1.3858752
1.3860687
1.3858705
1.3861405
1.3861506
1.3858255
1.3857378
1.3860734
1.3857081
1.3858352
1.3856158
1.3861955
1.3857771
1.3861327
1.3856411
1.3859237
1.3858856
1.3858644
1.3857542
1.385868
1.3859516
1.3857657
1.3862137
1.3858314
1.3857336
1.3858429
1.385534
1.3857205
1.3856274
1.3855232
1.3855673
1.3856828
1.3853607
1.3852117
1.3860623
1.3857461
1.3855159
1.3855156
1.3857758
1.3853487
1.3855959
1.385356
1.385253
1.38559
1.3854629
1.3854301
1.3852175
1.3854622
1.3851271
1.3853282
1.3852506
1.3849041
1.3852148
1.3854738
1.3858349
1.3852648
1.3851787
1.3851802
1.3850511
1.3851479
1.3855145
1.3849782
1.38518
1.3850712
1.3849821
1.3848941
1.3848194
1.385071
1.385023
1.3851448
1.3849691
1.3852671
1.3848219
1.3848464
1.3851417
1.3851664
1.3849764
1.3851097
1.3851415
1.3852328
1.3851529
1.3852277
1.3849624
1.385403
1.3851669
1.3851017
1.3850713
1.385211
1.3852535
1.3852826
1.3850238
1.3850055
1.3853601
1.3852566
1.3849815
1.3853209
1.3852187
1.385158
1.3850781
1.3851565
1.3852082
1.3852954
1.3852928
1.3851876
1.3853521
1.3852228
1.3852345
1.385083
1.3851616
1.3854461
1.3854865
1.3850673
1.3852135
1.3852237
1.3852129
1.3852092
1.3851099
1.3852307
1.3851212
1.3852097
1.3853816
1.3852372
1.3852596
1.3853896
1.3853443
1.3850471
1.3853573
1.3852257
1.3851334
1.385174
1.3853254
1.3853222
1.3851995
1.3852715
1.3851275
1.3851417
1.3853458
1.3852459
1.385283
1.3854305
1.3851862
1.3853278
1.3851671
1.3854439
1.3852421
1.3854164
1.3853738
1.3850884
1.3854176
1.3855447
1.3853168
1.3852084
1.3854995
1.3853573
1.3854171
1.3852562
1.3852992
1.3854858
1.3853408
1.3853908
1.3854862
1.385445
1.3851616
1.3856381
1.3851515
1.3856348
1.3852288
1.3851036
1.3855214
1.3853121
1.385271
1.3853422
1.3853983
1.3856019
1.385347
1.3853004
1.3854065
1.3853235
1.3854173
1.3851919
1.3853412
1.3854215
1.38543
1.3853396
1.3850912
1.3852276
1.385227
1.385269
1.3853725
1.3855311
1.3851411
1.3854927
1.3852296
1.3852408
1.3852072
1.3850849
1.3854039
1.3851262
1.3851414
1.3852545
1.3852824
1.3853247
1.3853096
1.3851354
1.3853598
1.3852375
1.3852307
1.3852917
1.3854593
1.3851246
1.3852057
1.3853762
1.3852369
1.3852521
1.385239
1.3851137
1.3851459
1.3853389
1.3853172
1.3854063
1.3850428
1.3853366
1.38527
1.3851832
1.3851526
1.3852339
1.3851099
1.3851162
1.385329
1.3852007
1.3851517
1.3855137
1.3853344
1.3852249
1.3851509
1.3853836
1.3850571
1.3850352
1.3852727
1.3851751
1.3854555
1.3851455
1.385109
1.3851134
1.385308
1.3851445
1.3852892
1.3853234
1.3852012
1.3850094
1.385138
1.3850845
1.385234
1.3851018
1.3855356
1.385239
1.3851753
1.385336
1.3850672
1.3851608
1.3849932
1.3852147
1.3853104
1.3852371
1.3849536
1.385121
1.3852276
1.385106
1.3851932
1.3850932
1.3851339
1.3851743
1.3852963
1.3850853
1.385057
1.3852035
1.3854233
1.3849744
1.3851894
1.3852259
1.3849878
1.3850843
1.3850383
1.3853636
1.3851339
1.3852569
1.3850701
1.3849436
1.3853852
1.3851731
1.3850728
1.3850908
1.3851564
1.3852123
1.3851649
1.3851532
1.3850965
1.385215
1.3853043
1.385272
1.385271
1.3850317
1.3849448
1.3851125
1.3849049
1.3851433
1.3852047
1.3850013
1.3852595
1.3850125
1.3851413
1.3851004
1.3851932
1.3852905
1.3850651
1.3850836
1.3851277
1.3852569
1.3852605
1.3851626
1.3850445
1.385139
1.3850818
1.385246
1.3851672
1.3851341
1.3850615
1.3850604
1.3854519
1.3850999
1.3849796
1.3851767
1.3850495
1.3852488
1.3850466
1.3852395
1.3851429
1.3850003
1.3851687
1.385027
1.3851379
1.3849031
1.385036
1.3852401
1.3851955
1.3855281
1.3852221
1.3853958
1.3852837
1.3853302
1.3852441
1.3850691
1.385073
1.3851277
1.3849643
1.3852559
1.385268
1.3849368
1.3852806
1.3850075
1.3852991
1.3851678
1.3852202
1.3851045
1.385248
1.3851885
1.3852434
1.3852059
1.3852524
1.3848581
1.3851753
1.3852795
1.3850514
1.385185
1.3850502
1.3853416
1.3849586
1.3852652
1.3852919
1.3853936
1.3851497
1.3853873
1.3853152
1.3852731
1.3850179
1.3850437
1.3850228
1.3851477
1.3851258
1.385321
1.3851693
1.385044
1.3850693
1.3854754
1.3851917
1.3850646
1.3849456
1.3853173
1.3851143
1.3853916
1.3851848
1.3851529
1.3852543
1.3850037
1.3853047
1.3850269
1.3853244
1.3850746
1.3852751
1.3851846
1.3851594
1.3850218
1.3854221
1.3852015
1.3851513
1.3850746
1.385293
1.3850121
1.3853179
1.385202
1.385199
1.3852383
1.3849938
1.3854512
1.385015
1.3850433
1.3852512
1.3852581
1.3851053
1.385253
1.3850628
1.3851838
1.3853678
1.385368
1.3853737
1.3854628
1.3851701
1.3848821
1.3853467
1.3850158
1.3851267
1.3852792
1.3852949
1.3852893
1.3852143
1.385064
1.385095
1.3849941
1.3851484
1.3852408
1.3851931
1.3853413
1.3850535
1.385219
1.3850996
1.3852847
1.3851418
1.3851857
1.3851042
1.3850588
1.3852026
1.3850979
1.3850298
1.385198
1.3851041
1.3851978
1.3850712
1.3853161
1.3852874
1.3852371
1.3853488
1.385275
1.38508
1.3851075
1.3850944
1.3850238
1.3853532
1.3853167
1.3852506
1.3851101
1.3851179
1.3852733
1.3853083
1.3852481
1.385012
1.3854312
1.3851811
1.3850584
1.3853325
1.3852282
1.3850216
1.3852977
1.3850647
1.3851875
1.3852031
1.3853306
1.385157
1.3851061
1.3851447
1.385084
1.3854437
1.3852758
1.3853574
1.3851371
1.3856227
1.3851928
1.3851455
1.3850704
1.385159
1.3853401
1.3852419
1.3851389
1.3852528
1.3853328
1.3850042
1.385437
1.3851916
1.385199
1.3851038
1.3850247
1.3852311
1.3853985
1.3852724
1.3851259
1.3852314
1.3853093
1.384906
1.3851137
1.3852414
1.3853155
1.3852737
1.3853016
1.3851715
1.3853127
1.3853313
1.385231
1.3852203
1.38519
1.385199
1.3852504
1.3851962
1.3850844
1.3851185
1.3852365
1.3852291
1.3851429
1.3850666
1.385257
1.3851814
1.3853928
1.3851402
1.3851724
1.3850917
1.3852524
1.3850954
1.3850015
1.385342
1.3852304
1.3852241
1.385158
1.385204
1.3851548
1.384987
1.3850876
1.385314
1.3855013
1.3853399
1.3850143
1.3852221
1.3853114
1.3853083
1.3849659
1.3853863
1.3854371
1.3851236
1.3853284
1.3849648
1.3852456
1.3851154
1.3852752
1.3851409
1.3853079
1.3851402
1.3851403
1.3852003
1.3853478
1.3851961
1.3852494
1.3850249
1.3852981
1.3850788
1.3851274
1.3853077
1.3852977
1.3850387
1.3850843
1.3850163
1.3852876
1.3853362
1.3851385
1.3852823
1.3855486
1.3852822
1.3854256
1.3853047
1.3852435
1.3848782
1.3854576
1.3852726
1.385142
1.3850449
1.385129
1.3851118
1.3852199
1.3851787
1.3851957
1.3852125
1.3851172
1.3853828
1.3851353
1.3852675
1.3851392
1.385308
1.385313
1.3854326
1.385184
1.3851529
1.3851441
1.3851461
1.3851414
1.3851511
1.3850732
1.3851408
1.3849821
1.3850362
1.3850031
1.3855083
1.3851105
1.3851722
1.3853037
1.3853004
1.3852425
1.3853635
1.3853556
1.3849952
1.3852689
1.3850502
1.3851174
1.3851362
1.3851334
1.3851639
1.3854043
1.3851315
1.3851986
1.385123
1.3851464
1.3852137
1.3852319
1.3852075
1.3852192
1.3852355
1.3850389
1.3851087
1.3852668
1.3850273
1.3850826
1.3851137
1.3855073
1.3851793
1.3850682
1.3852564
1.385143
1.3852171
1.3850911
1.3851775
1.385204
1.3851262
1.3852707
1.3850895
1.3854189
1.3849794
1.3852841
1.3851932
1.3852557
1.3852726
1.385182
1.3850456
1.3854455
1.385218
1.3851991
1.3849348
1.3851216
1.3853928
1.3851922
1.3850517
1.3851659
1.3851516
1.3853061
1.3850849
1.3851678
1.3852096
1.385266
1.3853008
1.3850582
1.3852814
1.3852296
1.3854082
1.3851056
1.3851959
1.3854843
1.3851063
1.3853701
1.385035
1.3851832
1.3853651
1.3851885
1.385192
1.385467
1.3853122
1.385238
1.3853124
1.3851315
1.3850212
1.3854744
1.3848947
1.3852842
1.3851742
1.3853241
1.3854464
1.3852931
1.3851755
1.3849992
1.3853146
1.38512
1.385187
1.3854247
1.3852643
1.3853604
1.3851892
1.3855566
1.3850144
1.3851441
1.3851833
1.3850794
1.3849939
1.38504
1.384947
1.3853059
1.3854581
1.3851668
1.3853339
1.385104
1.3852421
1.3852631
1.3855362
1.3853313
1.3852409
1.3853059
1.3852589
1.3851888
1.3849567
1.38526
1.3854063
1.3854529
1.3853074
1.3852224
1.3851712
1.385168
1.385379
1.3852516
1.3853244
1.3851856
1.3852181
1.3851916
1.3848433
1.384967
1.3851359
1.3852292
1.3850483
1.3851277
1.3853922
1.3852688
1.3855891
1.3855174
1.3851169
1.3849993
1.3852186
1.385125
1.3852631
1.3851992
1.3851348
1.385146
1.3856091
1.3853699
1.3852658
1.385243
1.3854241
1.3854402
1.3852667
1.3850826
1.3850718
1.3851368
1.385186
1.385203
1.3850874
1.3850306
1.3853129
1.3854529
1.3850929
1.3854034
1.3852936
1.3852193
1.3850826
1.3851923
1.3852171
1.3851072
1.3853484
1.385174
1.3849529
1.3855312
1.3853738
1.3852999
1.3851761
1.3852055
1.3849807
1.3851894
1.3849733
1.3850406
1.385063
1.3850924
1.3852804
1.3853054
1.3852938
1.3852508
1.3852944
1.3853645
1.3853964
1.3852507
1.3849198
1.3850148
1.3849205
1.3851827
1.3854069
1.3851802
1.3852723
1.3852059
1.3853847
1.3852295
1.385239
1.385222
1.3852066
1.385187
1.3851944
1.3852719
1.3854635
1.3851358
1.3852321
1.3849969
1.3850794
1.3850967
1.3853135
1.385473
1.3850933
1.3851771
1.3853137
1.385499
1.3853301
1.3850659
1.384853
1.3852102
1.3851006
1.3852649
1.385172
1.3850856
1.3850164
1.3852984
1.3851241
1.3853095
1.3854885
1.385314
1.3852167
1.3853424
1.3851576
1.3854321
1.3850179
1.3853492
1.3852037
1.3851913
1.3851488
1.3851658
1.3851612
1.385156
1.3850073
1.385149
1.3851856
1.3853555
1.3851136
1.385215
1.3851962
1.3854692
1.3852267
1.3851078
1.3853253
1.3850185
1.3850242
1.3850644
1.3851482
1.3851684
1.3849839
1.3854018
1.3853027
1.3853605
1.3853501
1.3852764
1.3852906
1.3850894
1.3855127
1.3854496
1.3854479
1.3852518
1.3849899
1.3852814
1.3852577
1.3851156
1.3852142
1.3851652
1.3853112
1.3851507
1.385156
1.3851467
1.3852205
1.3854005
1.3852878
1.3851837
1.3852115
1.3854417
1.385062
1.3853484
1.3853182
1.3855206
1.38521
1.385141
1.385067
1.3851258
1.3853023
1.385202
1.3851639
1.3851327
1.3852351
1.3852767
1.3854678
1.3851947
1.3853468
1.3852788
1.385261
1.385104
1.38501
1.385138
1.3851608
1.3855885
1.3852968
1.3854278
1.3853287
1.3854024
1.3857933
1.3851378
1.3854468
1.3852062
1.3850952
1.3850039
1.3850386
1.3854412
1.3853781
1.3851913
1.3853077
1.3855053
1.385222
1.3851099
1.3856599
1.3854618
1.3852608
1.3849936
1.3850377
1.3850769
1.3852191
1.3852689
1.3853693
1.385127
1.3851254
1.3850795
1.3850709
1.3854333
1.3850765
1.3851997
1.3852677
1.3849697
1.3850578
1.3851001
1.3852246
1.3851868
1.3853872
1.3851326
1.3853532
1.3853744
1.3853266
1.385007
1.3851655
1.3852177
1.3850508
1.3849274
1.3850193
1.3852509
1.3853232
1.3851951
1.3849615
1.3852696
1.3854238
1.3851861
1.3853216
1.3851928
1.3851125
1.3852193
1.385306
1.3851497
1.3851782
1.3853403
1.3852257
1.3848566
1.3853191
1.385137
1.38526
1.3855767
1.3851423
1.3852222
1.385238
1.3852274
1.3852091
1.3850927
1.3854239
1.3853601
1.385098
1.3852063
1.3851545
1.3852006
1.3858058
1.3852625
1.385589
1.385052
1.3850869
1.3851192
1.3851975
1.3848221
1.3851749
1.3851467
1.38521
1.3850375
1.3852692
1.3851614
1.3851063
1.3854996
1.3852172
1.3852224
1.3850653
1.3850913
1.3852142
1.3853401
1.3854132
1.3853629
1.385061
1.3854176
1.3852674
1.3851696
1.3850291
1.3851254
1.3854933
1.3850617
1.38523
1.3852491
1.3849708
1.385293
1.3851663
1.3851002
1.3850807
1.3852412
1.3852161
1.3850783
1.3849732
1.3852949
1.3852663
1.3851753
1.3849283
1.3849727
1.3852153
1.385198
1.3852733
1.3852087
1.3852634
1.3850048
1.3853983
1.3851665
1.3851017
1.385226
1.3850148
1.385375
1.3850158
1.3854462
1.3851814
1.3852439
1.3851703
1.3853667
1.3855838
1.3851904
1.3854138
1.385101
1.3851843
1.3850592
1.385184
1.3853483
1.3851023
1.3854696
1.3854145
1.3851497
1.3853387
1.3855511
1.385121
1.385047
1.3850857
1.3851188
1.3853097
1.3850793
1.3853134
1.3852422
1.3852473
1.3851255
1.3850858
1.3850429
1.3851551
1.3852637
1.385348
1.3853115
1.3851696
1.3852978
1.385167
1.3854573
1.385211
1.3851672
1.3853163
1.385137
1.3850478
1.3854606
1.3852398
1.3852304
1.3849742
1.3851213
1.3849804
1.3850532
1.3850507
1.3851428
1.3851589
1.3851246
1.3853371
1.3850935
1.3850368
1.3851969
1.3852389
1.3852047
1.3854805
1.3850362
1.3852341
1.3851447
1.3850435
1.3850665
1.3855573
1.3854871
1.3850727
1.3849266
1.3851837
1.3851522
1.3852627
1.3854163
1.3851712
1.3853058
1.3852046
1.3855256
1.3850652
1.3852785
1.3852296
1.3851849
1.3853546
1.3851781
1.3851682
1.3853539
1.3851444
1.3849771
1.3851362
1.3851058
1.385243
1.3852869
1.3851796
1.3851957
1.3851414
1.3851347
1.3850305
1.3852333
1.3854775
1.3851616
1.3851883
1.38538
1.3852943
1.3852774
1.3853222
1.3851582
1.3850224
1.385677
1.385059
1.3851306
1.3852627
1.385197
1.3853458
1.3852148
1.3850483
1.3851564
1.3850037
1.3856295
1.3852848
1.3852322
1.3851099
1.385306
1.385211
1.3852024
1.3851402
1.3853459
1.385137
1.3852292
1.3851956
1.3852103
1.3853412
1.3852134
1.3853594
1.3851686
1.3852905
1.3853931
1.385105
1.3853683
1.3853552
1.3855109
1.3851464
1.3851589
1.3851061
1.3852292
1.385212
1.3851116
1.385096
1.3849956
1.3853027
1.3850938
1.3855581
1.3850359
1.3851919
1.3851534
1.3853626
1.3854
1.3852447
1.3851936
1.385199
1.3850818
1.3850955
1.3853358
1.3852645
1.3853177
1.3850287
1.3853705
1.385268
1.3851577
1.3855009
1.3853021
1.3854752
1.385375
1.3849447
1.3849249
1.3856611
1.3852291
1.3851401
1.3853662
1.3851522
1.3851354
1.3851632
1.3855971
1.3851442
1.3852773
1.3853287
1.385071
1.3849916
1.3849154
1.3852383
1.3849976
1.3851284
1.3852273
1.3852471
1.3855227
1.385082
1.3855098
1.3851026
1.3851278
1.3852446
1.3853222
1.3852603
1.3852555
1.3852522
1.3850123
1.3852593
1.3853885
1.385157
1.3852168
1.3851919
1.3850771
1.3850636
1.3851666
1.3852322
1.385335
1.3850584
1.3852559
1.3851528
1.3850936
1.3851472
1.3852055
1.3853946
1.3851831
1.3851284
1.3852203
1.384985
1.3853145
1.3848834
1.385114
1.3850952
1.3852593
1.3852675
1.3852525
1.3851262
1.3853365
1.3852761
1.3850595
1.3849688
1.3850279
1.385145
1.3852016
1.3852702
1.3851794
1.385373
1.384965
1.3849444
1.3852042
1.3853158
1.3850914
1.385384
1.3850591
1.3851212
1.3849355
1.3851811
1.3853643
1.3851975
1.3850673
1.3851538
1.3851907
1.3851074
1.3851545
1.3853956
1.3849862
1.3852209
1.3850582
1.3850923
1.3852324
1.3852555
1.3850845
1.3851619
1.3851541
1.3850304
1.3850704
1.3850093
1.3852452
1.3852587
1.3852905
1.385136
1.3853345
1.3852193
1.3852104
1.3853401
1.3853337
1.3854369
1.3853047
1.3849617
1.3851784
1.3851202
1.3850307
1.3850648
1.3852292
1.3849324
1.385211
1.3852384
1.3853701
1.3851312
1.3852141
1.3852566
1.3851297
1.3854294
1.3851166
1.3852375
1.38529
1.3852932
1.3854539
1.3851932
1.3852831
1.38504
1.385259
1.3851105
1.3849807
1.3853972
1.3852805
1.3853979
1.3853207
1.3851975
1.3851029
1.3848618
1.3853014
1.3849044
1.3853031
1.3850931
1.385235
1.385008
1.3852509
1.3854332
1.3852682
1.38507
1.3848546
1.3850193
1.3852738
1.3851277
1.3851511
1.3852016
1.3852192
1.385082
1.3852655
1.3852801
1.3851272
1.385384
1.3851727
1.3851156
1.3850342
1.3851081
1.3852239
1.3853868
1.3854408
1.3851137
1.3850664
1.3852249
1.385096
1.3851737
1.385138
1.3850927
1.3852026
1.3851991
1.385141
1.3852503
1.3849525
1.3853014
1.3853459
1.3850662
1.3849912
1.3852236
1.3850965
1.3854527
1.3852625
1.3849708
1.3850385
1.385309
1.3854955
1.3851258
1.3851671
1.3852834
1.3851786
1.3853784
1.3855546
1.385062
1.3852891
1.3848658
1.3853592
1.3852206
1.3850036
1.3849914
1.3853142
1.385237
1.3850441
1.3851197
1.3854189
1.3854412
1.3853071
1.385184
1.3851728
1.385283
1.3853706
1.3850074
1.3851506
1.3855035
1.3855073
1.3851343
1.3852725
1.3851018
1.3849503
1.3852376
1.3852261
1.3852597
1.3854288
1.385295
1.3849703
1.3853115
1.3854305
1.3851945
1.3852184
1.3850338
1.3853134
1.3851985
1.3852305
1.3849727
1.3851287
1.385266
1.3850378
1.385228
1.3851908
1.3852128
1.385005
1.3852667
1.3851558
1.3852617
1.3850797
1.3849587
1.3850904
1.3852273
1.3850362
1.3852564
1.3851833
1.3851241
1.3852693
1.3851751
1.3852047
1.3851162
1.3853419
1.3853146
1.3851486
1.3851447
1.3850327
1.3851293
1.3854614
1.3851352
1.3851689
1.3855181
1.3851951
1.3853623
1.3853238
1.3852371
1.385524
1.3852428
1.3851486
1.3852704
1.3852415
1.3851709
1.3851148
1.385078
1.3850616
1.3851515
1.3850104
1.3857173
1.3852339
1.3850368
1.3853654
1.3849943
1.385215
1.3852472
1.3852905
1.3851906
1.3851262
1.3850745
1.3851438
1.3849357
1.3850646
1.3850403
1.385408
1.3852069
1.3850509
1.3854135
1.3852904
1.3852168
1.3852555
1.3851607
1.3850013
1.3851205
1.3852514
1.3851274
1.385382
1.3851123
1.3853123
1.3850846
1.38519
1.3851639
1.385335
1.3853576
1.385166
1.3850101
1.3850893
1.3851246
1.38531
1.385318
1.3853831
1.3852894
1.3851556
1.3851767
1.3850424
1.3850821
1.3850856
1.3849646
1.385044
1.3851184
1.3850759
1.3851209
1.38512
1.3850772
1.3849701
1.3851303
1.3852015
1.3851839
1.3853554
1.3852774
1.3850679
1.3852152
1.3852766
1.3853449
1.3854389
1.384976
1.3849128
1.3851368
1.385085
1.3850608
1.3852376
1.3852745
1.3851439
1.3849598
1.3849794
1.385085
1.385288
1.385293
1.3848783
1.3851576
1.3850905
1.3852851
1.3856262
1.38493
1.3852774
1.3852712
1.385218
1.3851058
1.3850876
1.3853191
1.3852099
1.3852596
1.3852034
1.3852534
1.3852409
1.385458
1.3854126
1.385408
1.3852897
1.3854152
1.3851115
1.385244
1.3849874
1.3851726
1.3850906
1.384984
1.3852863
1.3850781
1.3852627
1.3852347
1.3853045
1.3851808
1.38519
1.385261
1.3851436
1.3851213
1.3852324
1.3853333
1.3854061
1.3854127
1.3850584
1.3852264
1.3854458
1.3851368
1.3853608
1.3853856
1.3849914
1.3850095
1.3850863
1.3850453
1.385163
1.3850958
1.3850181
1.3853496
1.3854278
1.3852905
1.3853718
1.3850746
1.3851676
1.3851392
1.385555
1.3850939
1.3850305
1.3851011
1.3850528
1.3851149
1.3849356
1.3851985
1.3853028
1.3853872
1.3851911
1.3851115
1.3853565
1.3848859
1.3852401
1.3854312
1.3852817
1.3852156
1.3852676
1.385172
1.385025
1.3851202
1.3853325
1.3852708
1.3851334
1.3850889
1.3852388
1.384972
1.3850157
1.3856477
1.3852932
1.3850756
1.3851761
1.3850914
1.3851037
1.3853133
1.385254
1.3850604
1.3850933
1.3850492
1.3854421
1.3852836
1.3852029
1.3854055
1.3850616
1.3853478
1.3852365
1.3853174
1.3852357
1.3853922
1.3850411
1.3853309
1.3853178
1.3853008
1.3851944
1.3854022
1.3851649
1.3852419
1.3853976
1.3852438
1.3853538
1.3848947
1.385342
1.3851639
1.3850178
1.3851427
1.385485
1.3853977
1.385202
1.3852081
1.3854325
1.3852608
1.3850231
1.3849752
1.3850238
1.3848912
1.3850955
1.3854774
1.3852632
1.3850311
1.3852326
1.385548
1.3852593
1.3852165
1.3854476
1.3852679
1.3850272
1.3850954
1.3854066
1.3851459
1.3850563
1.3850838
1.3854692
1.3852094
1.3854259
1.3856431
1.385137
1.385382
1.3852546
1.3853172
1.3853306
1.3849705
1.3849003
1.3849193
1.3849946
1.3852193
1.3850403
1.3848795
1.3848633
1.3849916
1.3851776
1.3856043
1.3851761
1.3851106
1.385627
1.3852512
1.3852421
1.38515
1.3848794
1.3849354
1.3852059
1.3851501
1.3849281
1.385268
1.3851205
1.38552
1.3852445
1.3851875
1.3848982
1.3853362
1.3852662
1.3852451
1.3854746
1.3852175
1.3852162
1.3852944
1.3851978
1.3851185
1.3851298
1.385033
1.3850292
1.385258
1.3851478
1.3851901
1.3852779
1.3853015
1.3852483
1.3850383
1.3852344
1.3851434
1.3852726
1.3852593
1.3851563
1.3851998
1.3851066
1.3851874
1.3853862
1.3850038
1.3851589
1.3852212
1.3853716
1.3852448
1.3851565
1.3850654
1.3850819
1.3851444
1.3848563
1.384824
1.3848975
1.3848912
1.3853788
1.3854297
1.385061
1.3851442
1.3850634
1.3853099
1.3853813
1.3851748
1.3853326
1.3850975
1.3855001
1.3849404
1.385267
1.3851557
1.3847777
1.3850965
1.385075
1.385216
1.3850178
1.3851042
1.3853197
1.3851858
1.3851416
1.3854483
1.385234
1.3851583
1.3850704
1.3852167
1.3850029
1.3853929
1.3853394
1.385101
1.3849363
1.3852211
1.3849754
1.3853987
1.3852451
1.3853489
1.3852167
1.385068
1.3852084
1.3849702
1.3848858
1.3850487
1.3849036
1.3851069
1.3852075
1.3850359
1.3851435
1.384894
1.3853872
1.3850323
1.3851217
1.3851805
1.3849751
1.3850971
1.3853304
1.3854544
1.3851238
1.3851786
1.3852154
1.3850237
1.3854793
1.3850965
1.3851703
1.3850559
1.3851439
1.3852699
1.3851514
1.3851621
1.3852805
1.3850756
1.3853918
1.3854406
1.385133
1.3852739
1.3848667
1.3849458
1.3851174
1.3849661
1.3850913
1.3851423
1.3850172
1.3849802
1.3852841
1.3850538
1.385126
1.3852329
1.3852993
1.3852478
1.3852307
1.3852631
1.3852226
1.3853197
1.3850697
1.3851793
1.385525
1.3853731
1.3854051
1.3852987
1.3850666
1.3849837
1.3852009
1.3852655
1.3851058
1.385314
1.3851523
1.3852704
1.3852851
1.3851352
1.3849452
1.3853947
1.3849777
1.385013
1.3854158
1.3850493
1.3851779
1.3849488
1.3851181
1.3849746
1.3850641
1.3852905
1.3851012
1.38486
1.3849013
1.3848572
1.385157
1.3850297
1.3849795
1.3850133
1.3849262
1.3853375
1.3852729
1.3854901
1.3850429
1.3851887
1.3849921
1.3850219
1.385113
1.3851701
1.3851882
1.3853047
1.3850421
1.3851699
1.3852681
1.3852665
1.3853226
1.3853003
1.3851715
1.3851608
1.3852973
1.3852878
1.3855176
1.3853205
1.3849144
1.3850931
1.3851213
1.3850621
1.3849744
1.3850356
1.3848578
1.3853097
1.385162
1.385045
1.3850731
1.3851207
1.3850893
1.385526
1.3849953
1.3851694
1.3853788
1.385478
1.3850394
1.3851465
1.3848735
1.3850377
1.3850852
1.3849043
1.3852473
1.3853407
1.385195
1.385165
1.3855122
1.3854108
1.3852755
1.3856106
1.385497
1.3852607
1.3851236
1.385101
1.385276
1.3851147
1.3849211
1.3850083
1.3849944
1.3850545
1.3852056
1.385101
1.3849765
1.3852808
1.3851515
1.3850718
1.3851532
1.3850051
1.3853852
1.3853258
1.3849969
1.3851771
1.3848001
1.3851
1.3850671
1.3851539
1.385061
1.3851894
1.3849754
1.3849845
1.3851206
1.3852246
1.3854108
1.3853871
1.3851663
1.3851792
1.3853636
1.3850818
1.3853317
1.3850338
1.3850859
1.3849382
1.3847429
1.3850454
1.3848964
1.385036
1.3846875
1.3854092
1.385025
1.3850297
1.3856537
1.3855177
1.3852799
1.3852562
1.3852808
1.3853177
1.3850251
1.3858478
1.3854077
1.3849348
1.3847303
1.384982
1.3850679
1.385047
1.3849636
1.3852377
1.3848778
1.385075
1.3851659
1.385383
1.3854401
1.3852758
1.3850667
1.3854729
1.3854598
1.3851185
1.3852526
1.385304
1.3851767
1.3850956
1.3853025
1.3851868
1.3851388
1.3853966
1.3850875
1.3848675
1.3850101
1.3850387
1.3853786
1.3851435
1.38512
1.3850069
1.3851281
1.3852202
1.3854862
1.3852389
1.3853025
1.3852955
1.3852519
1.3852211
1.3851849
1.3851401
1.3852084
1.3852824
1.3850435
1.3852032
1.3847711
1.3850384
1.3851
1.38489
1.3852001
1.3854238
1.3853214
1.3849365
1.3854088
1.3849666
1.3849949
1.3854859
1.3853644
1.3852884
1.3853642
1.3852165
1.3850832
1.3851103
1.3853611
1.3852346
1.3849678
1.3851514
1.3850404
1.3851329
1.3851906
1.3850089
1.3849683
1.3850205
1.3851385
1.3852689
1.3851175
1.3850973
1.3850132
1.3852255
1.3853115
1.3849045
1.3851852
1.3851969
1.3851359
1.3853928
1.3851202
1.3850521
1.3851198
1.3852555
1.3850117
1.3854761
1.3853214
1.3850583
1.3852096
1.3849288
1.3850931
1.3852794
1.3849823
1.384942
1.3848854
1.3851578
1.3852887
1.3849593
1.3854703
1.3851305
1.3849273
1.3851188
1.3852532
1.3851582
1.3856832
1.3851554
1.3849603
1.3851137
1.385004
1.385229
1.3852925
1.3850987
1.385301
1.3850083
1.3851587
1.3850346
1.3850465
1.3851682
1.3851503
1.3851156
1.3854138
1.3851112
1.3853137
1.3849293
1.3854358
1.3850752
1.3850391
1.3852394
1.3849827
1.3851857
1.3852311
1.3851855
1.3850361
1.3853667
1.3849677
1.3851311
1.3851986
1.3851944
1.3851105
1.385304
1.3852539
1.3850611
1.3852122
1.3850801
1.3853543
1.3851751
1.3851829
1.385368
1.3850979
1.3848985
1.3851631
1.3851855
1.3849533
1.3851238
1.385196
1.3849815
1.3849748
1.3852642
1.3849429
1.385165
1.3851993
1.3852341
1.3848971
1.3853025
1.3850213
1.3852276
1.3851482
1.384844
1.3851601
1.3854632
1.3852023
1.3852909
1.3852246
1.3850353
1.3850802
1.3854858
1.3850235
1.3851974
1.384984
1.3850893
1.3851824
1.3849585
1.3850647
1.3848873
1.3853602
1.385192
1.3852311
1.3849858
1.3852124
1.3854328
1.3852257
1.3851615
1.385181
1.3857737
1.3851908
1.3849102
1.3849919
1.3851448
1.3849026
1.3851582
1.3849005
1.3850805
1.3852131
1.3852785
1.3852088
1.3852
1.3854462
1.3854723
1.3851482
1.3850191
1.3850546
1.3849283
1.385071
1.3853998
1.3850341
1.3849573
1.385122
1.3848535
1.3852825
1.3850559
1.3854569
1.3851435
1.3852355
1.3854527
1.3852881
1.3851117
1.3852849
1.3852568
1.3849493
1.3850914
1.3851428
1.3850746
1.3850877
1.3853484
1.3851887
1.3851081
1.3856162
1.3851155
1.3852898
1.3852202
1.3851581
1.3850983
1.385354
1.3851448
1.3847996
1.3853598
1.3856333
1.3852367
1.3851225
1.385232
1.3852024
1.3850397
1.3850969
1.3853962
1.3849347
1.3851413
1.3851804
1.3849792
1.3851887
1.3852959
1.3849136
1.3855195
1.385265
1.3851188
1.3848507
1.3851243
1.385185
1.3848156
1.3855996
1.3851109
1.384907
1.3850188
1.385051
1.384885
1.3853658
1.3852845
1.3851184
1.3851538
1.3849132
1.3852174
1.3849342
1.3852255
1.3851277
1.3853782
1.3853483
1.3850828
1.3849003
1.3850684
1.3852034
1.3851746
1.3852624
1.3852016
1.3851489
1.3851529
1.3853558
1.38498
1.3851259
1.3855143
1.3852934
1.3854778
1.3850794
1.3852391
1.385077
1.3851457
1.3850324
1.3852426
1.3850719
1.3850495
1.3851782
1.3849072
1.3852255
1.3850967
1.3851814
1.3855478
1.3851728
1.3852198
1.3853464
1.385101
1.3850006
1.3848889
1.3851213
1.3850845
1.3848472
1.3853306
1.3851358
1.3850724
1.3851383
1.3852776
1.385412
1.3851883
1.3850775
1.3849474
1.3850846
1.3847849
1.3850893
1.384928
1.3854156
1.3852237
1.3849516
1.3851128
1.384983
1.3853173
1.3854891
1.3853251
1.3850034
1.3850843
1.3849269
1.3853073
1.3851292
1.3854235
1.3855224
1.3853141
1.385066
1.3851166
1.385199
1.3855212
1.3850435
1.3850585
1.385026
1.3851385
1.38489
1.385135
1.3853961
1.3850543
1.3851273
1.3851615
1.3850791
1.385425
1.3851388
1.3855251
1.3850588
1.38521
1.384799
1.385216
1.3850857
1.3853924
1.3847829
1.3849163
1.3852525
1.3852004
1.385178
1.3852341
1.3852857
1.3851875
1.3852088
1.385033
1.3849092
1.384862
1.3850917
1.3849096
1.3850962
1.3849807
1.3853985
1.3851532
1.3850917
1.3851811
1.3853227
1.3848786
1.3849655
1.384979
1.3853904
1.3851783
1.3850838
1.384905
1.3850396
1.3851842
1.3848612
1.3850489
1.3851748
1.3849558
1.3851932
1.3848488
1.3850399
1.3854666
1.3855873
1.3853356
1.3849859
1.3850309
1.3852739
1.3852074
1.3849388
1.3849247
1.3851542
1.3852626
1.3852756
1.3849186
1.385077
1.385522
1.384874
1.3852307
1.384959
1.385232
1.3855772
1.3850757
1.3852223
1.3851541
1.3851616
1.3849884
1.3850391
1.3854328
1.3851982
1.3850145
1.3849581
1.3855454
1.3850735
1.3848075
1.3852441
1.3851544
1.3849368
1.3855394
1.3852606
1.3853308
1.3851907
1.385239
1.385525
1.3849438
1.3848191
1.3849059
1.3850232
1.3848658
1.3852249
1.3850241
1.3849324
1.3850881
1.3851318
1.3850691
1.3852987
1.3853483
1.385516
1.3851591
1.3849357
1.3850945
1.3852124
1.3846358
1.3851467
1.3851181
1.3849355
1.3854264
1.3852159
1.3848608
1.3855873
1.3851966
1.3851113
1.3850783
1.3853765
1.3850948
1.3854736
1.384951
1.384917
1.3848965
1.3850491
1.3848367
1.385265
1.384912
1.3849748
1.3852699
1.3850614
1.3850948
1.3850646
1.3852464
1.3851265
1.385199
1.38557
1.3852563
1.3851161
1.3850682
1.3851721
1.3849183
1.3848228
1.3847066
1.3849944
1.3853314
1.3851963
1.3851056
1.3852571
1.3854909
1.385293
1.3852526
1.3852121
1.3851724
1.3854194
1.3851266
1.3854535
1.3850222
1.3848908
1.3851635
1.385133
1.3849247
1.3851238
1.3852303
1.3851074
1.385019
1.3854125
1.3851057
1.3850398
1.3849472
1.3850521
1.3852152
1.3853315
1.3852737
1.3851528
1.3850869
1.3853736
1.3851007
1.3854252
1.3849711
1.3853378
1.3851906
1.3848041
1.3853508
1.3852812
1.3851643
1.3852739
1.3851624
1.3852613
1.3849734
1.3852103
1.3850297
1.3852537
1.38532
1.3851103
1.3850968
1.3851413
1.384994
1.3850368
1.3850406
1.384911
1.3851194
1.3850476
1.3849458
1.3851938
1.3852288
1.3851274
1.3853319
1.3855778
1.3853712
1.3851221
1.385274
1.3853122
1.3849785
1.385248
1.3846521
1.3850642
1.3850677
1.3853493
1.3851025
1.3850304
1.3849688
1.3847504
1.3854033
1.3848064
1.3851377
1.3850942
1.3852602
1.3850735
1.3849174
1.3855994
1.3849291
1.3850694
1.3847327
1.3851491
1.3851707
1.3852478
1.3851433
1.3849196
1.3853449
1.3849956
1.3848773
1.3850553
1.3850374
1.3849821
1.3850509
1.385397
1.3850094
1.3851452
1.3849857
1.3853105
1.3848512
1.3852894
1.3849478
1.3854889
1.3848687
1.3853915
1.3853527
1.3851762
1.3850269
1.3852724
1.3852704
1.3851571
1.3853701
1.3852285
1.3849859
1.3851923
1.3850218
1.3849939
1.3853935
1.3850162
1.3853976
1.3852077
1.3851212
1.3855355
1.3852917
1.3849906
1.3852873
1.3851703
1.3851074
1.3852224
1.3851793
1.3852015
1.3851829
1.385018
1.3851961
1.3853422
1.38532
1.3850424
1.3849014
1.3851261
1.3851658
1.3850403
1.3849822
1.3853675
1.3853358
1.3849714
1.3851757
1.3850679
1.3848974
1.384879
1.3852271
1.3851163
1.3851558
1.3853302
1.3854252
1.3849915
1.3850707
1.3852148
1.3853294
1.3851131
1.3853241
1.3851836
1.3852589
1.3852516
1.3848804
1.3849657
1.3851644
1.3851867
1.385045
1.385398
1.3851573
1.3852068
1.385308
1.3851017
1.3850986
1.3855538
1.3851583
1.3848773
1.3852886
1.3850132
1.3851309
1.3850957
1.3849866
1.3851478
1.3850353
1.3849425
1.3854392
1.3849456
1.3849602
1.3851639
1.3851229
1.3852428
1.3849325
1.3851163
1.3851371
1.3851166
1.3850526
1.3852562
1.3851615
1.3850571
1.3851655
1.3850845
1.3852726
1.3850908
1.3850445
1.3851436
1.3850822
1.3848971
1.3852605
1.3852799
1.3854741
1.3851117
1.3851311
1.3850536
1.3848803
1.3851398
1.3850421
1.3854702
1.3855078
1.3854094
1.3850273
1.3850065
1.385155
1.3852339
1.3848716
1.3849083
1.3850499
1.3851136
1.3853663
1.3854363
1.3853312
1.3849598
1.3849919
1.3851745
1.3851088
1.3851959
1.3848202
1.3851125
1.385428
1.3851482
1.3851235
1.3854338
1.3850268
1.385063
1.3852841
1.3850944
1.384972
1.3853383
1.3850527
1.3851682
1.3853185
1.3850025
1.3852721
1.3856388
1.3849907
1.3855913
1.3851467
1.3856722
1.3852457
1.3853225
1.3852996
1.3852984
1.3849695
1.3849746
1.3851353
1.38524
1.3851295
1.3850151
1.3853884
1.3849446
1.3852097
1.3851937
1.3853859
1.3851799
1.3853096
1.3851858
1.3848206
1.3849394
1.3850212
1.3848954
1.3850578
1.3849422
1.3851423
1.3849628
1.3853054
1.3854048
1.385134
1.3850579
1.3851728
1.3850069
1.3853347
1.3850479
1.385052
1.3849264
1.3851006
1.3850427
1.3852886
1.3855332
1.3850883
1.3849171
1.3852206
1.3849351
1.3853115
1.3854593
1.3851197
1.3850021
1.3852919
1.3852317
1.384945
1.384982
1.3849928
1.3851583
1.3849224
1.3851701
1.3849355
1.384907
1.3851197
1.3854091
1.3852208
1.3853234
1.3851597
1.3856341
1.3850807
1.3853425
1.3854505
1.3851708
1.384744
1.3849472
1.3852254
1.384863
1.3847846
1.3848339
1.3850148
1.385065
1.3847805
1.385485
1.3849653
1.3853828
1.3850939
1.3852125
1.3852034
1.3851955
1.384808
1.384973
1.3850332
1.3851029
1.3847048
1.3851296
1.3847528
1.384974
1.384708
1.3851095
1.3854854
1.3853816
1.3853921
1.3850656
1.3850772
1.3853517
1.3850778
1.3851067
1.3853328
1.3852549
1.3851427
1.3850039
1.3849207
1.3846375
1.3847755
1.3848156
1.3848505
1.3847921
1.3849506
1.3852025
1.3852341
1.3854727
1.3850818
1.3853859
1.3852503
1.385421
1.38532
1.384984
1.384992
1.3850107
1.3849267
1.3847747
1.3848014
1.3846529
1.3848594
1.3851818
1.385136
1.3851329
1.3855816
1.3855332
1.3853645
1.3853775
1.3853353
1.3852565
1.3857296
1.3852553
1.3850143
1.3851823
1.3853184
1.3852777
1.3852869
1.3849529
1.3847876
1.384792
1.3846331
1.3850193
1.3848075
1.3847824
1.3849362
1.3850739
1.3851587
1.3855461
1.3852996
1.3849784
1.3854493
1.3851589
1.3852307
1.3854494
1.385593
1.3852255
1.3850158
1.3850162
1.3852075
1.3850812
1.3850107
1.3848642
1.3850821
1.3848267
1.385276
1.3851175
1.385269
1.3850747
1.3852888
1.3850775
1.3851074
1.3853102
1.3854989
1.3854886
1.3851715
1.3850201
1.3851242
1.3852056
1.3850449
1.3851427
1.3850175
1.3848522
1.3850155
1.3851101
1.3849874
1.3849185
1.3850517
1.3846943
1.3851951
1.3850564
1.3852651
1.3851511
1.385059
1.3851478
1.3853265
1.3853579
1.3851795
1.3851299
1.3854176
1.3850373
1.3851993
1.3854481
1.3850765
1.3851941
1.3850332
1.3850572
1.3848944
1.3848206
1.3850455
1.3853983
1.3851773
1.385219
1.384996
1.3853388
1.3850033
1.3853717
1.3850527
1.3854204
1.3854144
1.3850636
1.3852735
1.3851703
1.3848838
1.3852154
1.3848548
1.3848791
1.3854748
1.3851122
1.3848759
1.3851571
1.3851093
1.3849385
1.3851835
1.3849787
1.385397
1.3851113
1.3852866
1.3853918
1.38543
1.3851979
1.3850502
1.3850933
1.3847755
1.3850137
1.3847824
1.3850746
1.3852352
1.3850762
1.3850018
1.3853176
1.3848835
1.3854825
1.3848152
1.3850483
1.3849797
1.3853267
1.3851383
1.3852268
1.3851342
1.3850243
1.3852403
1.3852565
1.3851415
1.3851446
1.3850118
1.3853062
1.3850439
1.3851432
1.3852756
1.3852242
1.3852134
1.3850844
1.3851166
1.3849611
1.3855753
1.3852342
1.3850663
1.3853042
1.3851213
1.3852371
1.3853444
1.384892
1.3849894
1.3850389
1.3850155
1.3849542
1.3851675
1.3851317
1.3851353
1.3856101
1.3851649
1.3852409
1.3849714
1.3852665
1.3851509
1.3852166
1.3852953
1.3851804
1.3852516
1.3853246
1.385218
1.3849005
1.3849487
1.3848709
1.3854971
1.3850965
1.3851461
1.38537
1.3851746
1.3853985
1.3848807
1.3849455
1.385182
1.3852814
1.3850511
1.3849083
1.3851546
1.3852483
1.3850446
1.3850342
1.3849643
1.3851987
1.3849782
1.3851957
1.3850912
1.385204
1.3851885
1.3851022
1.3853599
1.385272
1.3851322
1.3850508
1.3849266
1.3848984
1.3850406
1.3854129
1.3852879
1.3851061
1.3852371
1.3852925
1.3852503
1.3851168
1.3854265
1.3852222
1.3849797
1.385467
1.3850998
1.3850771
1.3849956
1.3849643
1.384973
1.3851426
1.3851241
1.3850657
1.3852658
1.3850554
1.3851172
1.3853201
1.3849324
1.385505
1.3854654
1.3848866
1.3849602
1.3848999
1.3852464
1.3849274
1.384991
1.3851581
1.3852332
1.3849974
1.3848156
1.3850949
1.3854041
1.3853134
1.3851029
1.3855095
1.385039
1.3852879
1.3852626
1.3851544
1.3849912
1.385094
1.3850214
1.3851606
1.3848554
1.3849565
1.3849345
1.3849797
1.3851904
1.3848231
1.3849473
1.3852047
1.385297
1.3853459
1.3856848
1.3852446
1.3851614
1.3849312
1.3849993
1.3851079
1.385179
1.3848289
1.3849452
1.3850694
1.3850101
1.3855351
1.3852365
1.385311
1.3850558
1.3853091
1.3854923
1.3851191
1.3850303
1.3851168
1.3851671
1.3852727
1.3849906
1.3850478
1.3848892
1.3848009
1.384745
1.3851565
1.3852009
1.3848442
1.3851763
1.3855499
1.3854048
1.3853315
1.3851684
1.3849936
1.3855256
1.3852371
1.3852457
1.3851174
1.3848599
1.3846527
1.3850266
1.3846298
1.3848816
1.3849591
1.384925
1.3849862
1.3849128
1.3850007
1.3853836
1.38551
1.3857483
1.3855808
1.3853997
1.3855416
1.3852205
1.3854425
1.3849481
1.385076
1.3844196
1.3846864
1.3846002
1.3846853
1.3849667
1.385197
1.3850548
1.3852109
1.3850797
1.3851978
1.3856243
1.3855817
1.3857762
1.3858339
1.3854796
1.385404
1.385242
1.3852346
1.3851428
1.3851527
1.3849183
1.3851906
1.3850473
1.3844894
1.3848596
1.3848493
1.3848716
1.3847275
1.3851185
1.3850203
1.3851743
1.3852406
1.3852478
1.3851871
1.3854305
1.38521
1.3854923
1.3852385
1.3852311
1.3851583
1.3852631
1.3850973
1.384861
1.3849065
1.3848209
1.3847911
1.3848184
1.3843105
1.3844758
1.3850352
1.3856276
1.385453
1.3853959
1.3856295
1.3858309
1.3858696
1.3859695
1.38598
1.3860112
1.3858652
1.3855611
1.3858893
1.3852605
1.3849992
1.3846264
1.3841149
1.383883
1.3839686
1.3843962
1.3842621
1.3842733
1.3843261
1.384958
1.3848263
1.3851278
1.3855528
1.3857986
1.3857465
1.3857722
1.3858105
1.3851513
1.384846
1.384409
1.384662
1.3848358
1.3846127
1.3857676
1.3853781
1.385265
1.3851837
1.385677
1.3849341
1.3847227
1.3848317
1.3851486
1.3854212
1.3853106
1.3853515
1.3850231
1.3851882
1.3854349
1.3850642
1.3848766
1.3849624
1.3850468
1.3854048
1.3850908
1.3852414
1.3855715
1.3854786
1.3851806
1.3851014
1.3853312
1.3848623
1.3852922
1.3851761
1.3853297
1.3852485
1.3852932
1.3852751
1.3854284
1.3854952
1.3851734
1.3854684
1.3849872
1.3851382
1.3849701
1.3854126
1.3852035
1.3850228
1.3858469
1.3852404
1.3854493
1.3852072
1.3853521
1.3855382
1.3848349
1.3851004
1.3852428
1.3852017
1.385295
1.3850529
1.3850826
1.3854007
1.3853818
1.3850958
1.3852654
1.3851187
1.3854543
1.3851677
1.3854755
1.384993
1.3855184
1.3851051
1.3851085
1.3850793
1.3846551
1.3849287
1.385248
1.3855678
1.3851771
1.3848919
1.3848429
1.3853453
1.3852034
1.3851494
1.3851682
1.385072
1.3853419
1.3853166
1.3851589
1.3856175
1.38523
1.3851566
1.3852303
1.3853949
1.3850728
1.3848931
1.384961
1.3853284
1.3851793
1.3852813
1.3850276
1.3851666
1.3850216
1.3851331
1.3852684
1.3853796
1.3854456
1.3850615
1.3853781
1.3850045
1.3849512
1.3850696
1.3851485
1.3848557
1.3852078
1.3851266
1.3852577
1.3849652
1.3849963
1.3849281
1.3850509
1.385026
1.3853477
1.3853134
1.3848507
1.3848349
1.3849815
1.385488
1.3848143
1.3848504
1.3852108
1.3849959
1.385181
1.3851521
1.3848025
1.3852624
1.385384
1.385075
1.3852224
1.3849963
1.3851634
1.3853015
1.3853561
1.3851082
1.3847032
1.385164
1.3851519
1.3850113
1.3852841
1.3853707
1.3847425
1.3858341
1.3853173
1.3852042
1.3853087
1.3854603
1.3852674
1.3853421
1.3850055
1.3849757
1.3850796
1.3852917
1.3849462
1.3851857
1.384938
1.3848068
1.3849994
1.3850721
1.3852537
1.3851756
1.3849121
1.3854537
1.385094
1.3852439
1.3851169
1.3850788
1.3849723
1.3851045
1.3850404
1.385372
1.384927
1.3851074
1.3849472
1.3848914
1.3849473
1.3850491
1.3849283
1.3855458
1.3850857
1.3854773
1.3855598
1.3851931
1.3853621
1.3854055
1.3850645
1.3849999
1.3848648
1.384731
1.385272
1.3851186
1.3849968
1.3850023
1.3849959
1.3852855
1.3851086
1.3853102
1.3852838
1.3854754
1.385032
1.3851852
1.3851316
1.3848912
1.385051
1.3855143
1.3849074
1.3852407
1.3851238
1.3850914
1.3852143
1.3855429
1.384758
1.3852898
1.385303
1.385152
1.3850235
1.3847625
1.3847885
1.3852578
1.3853478
1.3852181
1.3855933
1.385112
1.385519
1.3854322
1.3851017
1.3849465
1.3844754
1.3845267
1.3848753
1.3846027
1.385056
1.3850476
1.3852953
1.3852199
1.3856065
1.385431
1.3854965
1.385237
1.3848099
1.3846006
1.3845582
1.3846412
1.3856201
1.3849428
1.3853682
1.3856878
1.3856952
1.3847784
1.3850037
1.3851167
1.384881
1.3850455
1.3847922
1.3850288
1.3851526
1.3851836
1.3848066
1.3853908
1.3848028
1.3850514
1.3856914
1.3855957
1.385157
1.3849789
1.3845173
1.3855416
1.3852955
1.3845901
1.3853064
1.3852015
1.3854477
1.385094
1.3850826
1.3846647
1.384993
1.3849827
1.3848004
1.3848501
1.3851618
1.3849343
1.3851591
1.3849968
1.3856522
1.3853432
1.3851871
1.3851688
1.3849382
1.3850142
1.3850442
1.384723
1.3851886
1.385609
1.3853506
1.3850434
1.3858832
1.3851558
1.3848286
1.3849423
1.3851286
1.385109
1.3849508
1.3850882
1.3848499
1.3853196
1.3852051
1.3855938
1.3851197
1.3855042
1.3855
1.3852098
1.3851664
1.3854294
1.3850679
1.3845413
1.3848983
1.3851347
1.3849242
1.3855257
1.385397
1.3848007
1.385102
1.385443
1.3847432
1.3848928
1.384806
1.3848958
1.3848214
1.3853838
1.3848848
1.3848186
1.3850172
1.3851024
1.3854688
1.3852924
1.3855293
1.3852583
1.385299
1.3850498
1.3849745
1.3848928
1.3850373
1.3847257
1.3851941
1.3851647
1.3846076
1.3849521
1.3849745
1.38518
1.385123
1.3849497
1.3847538
1.3851931
1.3850796
1.3853266
1.384938
1.3852154
1.3851699
1.3850564
1.3851353
1.3850139
1.3850056
1.3851709
1.3851252
1.3849144
1.3856653
1.3849344
1.3851748
1.3850342
1.3849497
1.3852316
1.3851799
1.3851854
1.3856131
1.3851178
1.3851572
1.3850007
1.384862
1.3851162
1.3853229
1.3851297
1.3854294
1.3850425
1.3848976
1.3852885
1.3852249
1.3854164
1.3850278
1.3849459
1.3849086
1.3854294
1.3848152
1.3851417
1.3851454
1.3849092
1.385168
1.3849391
1.385048
1.3850423
1.3847843
1.384977
1.3850813
1.385171
1.3853135
1.3851563
1.3848987
1.385331
1.3847883
1.3850974
1.3852582
1.3849635
1.3854262
1.3854088
1.3851006
1.3848034
1.385369
1.3848143
1.385356
1.3851194
1.3849676
1.385232
1.3849661
1.3846952
1.3853098
1.3851085
1.3854327
1.3849136
1.3850576
1.385351
1.385523
1.3852923
1.3852009
1.3849134
1.385205
1.3850111
1.3849262
1.3853406
1.3849773
1.385089
1.3851576
1.3851074
1.384797
1.3852768
1.3851521
1.3853478
1.3848982
1.3853939
1.3852111
1.3852046
1.3849161
1.3852649
1.3852063
1.3850752
1.3850617
1.3851211
1.3851393
1.3848733
1.3855997
1.385052
1.3851111
1.3851624
1.384989
1.3851373
1.3848157
1.384984
1.385261
1.3852441
1.3850657
1.385357
1.3853748
1.3848051
1.3851953
1.3852317
1.3854748
1.3852549
1.38499
1.3847355
1.3848531
1.3848737
1.3848567
1.3850418
1.3853166
1.384751
1.3849026
1.3850137
1.3851525
1.3850967
1.3851898
1.3847253
1.3851748
1.3849267
1.3849262
1.3851067
1.3852276
1.3849674
1.3847767
1.3848249
1.3848443
1.3849244
1.384957
1.3850741
1.3852222
1.3848313
1.3850756
1.3850883
1.3849756
1.3853394
1.3850148
1.3850415
1.3850859
1.3850797
1.3853421
1.3850336
1.3848945
1.3851013
1.38498
1.3849586
1.3849889
1.3852473
1.3852005
1.3849134
1.3849274
1.3853551
1.3849696
1.3848835
1.3853061
1.3850788
1.3849535
1.3850857
1.3849465
1.3849884
1.3848437
1.384819
1.3848505
1.3845421
1.3851385
1.3848208
1.3850248
1.3855889
1.3849441
1.3850914
1.3849293
1.3850999
1.3849213
1.3848594
1.3852308
1.385101
1.3849585
1.385303
1.3851955
1.385051
1.3849065
1.3855346
1.3851398
1.3850882
1.385041
1.3848276
1.3850119
1.3848871
1.3850607
1.3851286
1.3846924
1.385044
1.3848382
1.385112
1.3855865
1.3848995
1.3847194
1.3851061
1.3850197
1.3850491
1.3850584
1.3851839
1.3852516
1.3850254
1.3849092
1.3850995
1.3849556
1.3849231
1.3847431
1.3851184
1.3850902
1.385096
1.3847463
1.3850099
1.3849521
1.3852282
1.3853643
1.3851761
1.3848995
1.3852925
1.3850253
1.3848429
1.3852421
1.3847799
1.3854933
1.3851311
1.384878
1.384971
1.3849764
1.3853223
1.3852822
1.3850824
1.3852181
1.3850086
1.3853401
1.3854715
1.3852586
1.3853427
1.3849845
1.3850968
1.3848867
1.3853041
1.3856248
1.3851944
1.3851665
1.3850213
1.3850057
1.3852615
1.3853971
1.3849336
1.3849244
1.3853287
1.385071
1.3850706
1.3850528
1.3852135
1.3850718
1.3854128
1.3851151
1.3847033
1.3848944
1.3851479
1.3851153
1.3849695
1.3848695
1.3851283
1.3853935
1.3849467
1.3847342
1.3853258
1.3847653
1.3853096
1.385228
1.385338
1.385354
1.3856524
1.3854564
1.3842378
1.3846064
1.385298
1.3856051
1.3857552
1.3857131
1.3853071
1.3853269
1.3854128
1.3850596
1.3849798
1.3846515
1.3846605
1.3843018
1.3847938
1.3852398
1.3851471
1.3854226
1.3857403
1.3858491
1.3852965
1.3853656
1.3853308
1.3851174
1.3846465
1.384524
1.3844385
1.3846375
1.3850971
1.3856287
1.385549
1.3854812
1.3856255
1.3852848
1.3847631
1.3848915
1.3847958
1.3843489
1.3848091
1.3847538
1.3846489
1.3847578
1.3852967
1.3856071
1.3852742
1.3854069
1.3854502
1.3855014
1.3851165
1.384905
1.3847897
1.3848839
1.3849204
1.3849515
1.3854214
1.3851169
1.3851168
1.3852096
1.3855639
1.3848864
1.3849602
1.3847952
1.3844306
1.3845408
1.384729
1.384711
1.3847712
1.385487
1.3852593
1.3852019
1.3851293
1.3856099
1.3851309
1.384896
1.3849014
1.384908
1.3852232
1.385141
1.385341
1.3852154
1.3855884
1.3852885
1.3850456
1.3850609
1.3854088
1.3853607
1.3850132
1.3848923
1.3852457
1.3850516
1.3850219
1.3847889
1.384912
1.3853122
1.3853343
1.3851682
1.3854516
1.3854326
1.3848461
1.3851334
1.3851893
1.3850465
1.3853067
1.3852905
1.3850235
1.385244
1.3848686
1.3847078
1.3847674
1.385079
1.3847564
1.3850693
1.3850025
1.3852268
1.3852205
1.3852435
1.3853805
1.3848057
1.3849331
1.3848848
1.384946
1.3849632
1.384942
1.3850214
1.3855596
1.3849341
1.385
1.3847668
1.3848283
1.3852084
1.3854177
1.3853693
1.385258
1.3851169
1.3853109
1.3850164
1.3850499
1.3850701
1.38524
1.3849617
1.3853116
1.3846425
1.385018
1.3851504
1.3849978
1.3848078
1.3851844
1.3848251
1.3846762
1.3851782
1.3852698
1.3848681
1.3851353
1.3853892
1.3853196
1.3852682
1.385294
1.3853574
1.3848842
1.3848363
1.3848325
1.3845477
1.3850973
1.3852165
1.3855351
1.3854887
1.3853182
1.3852915
1.3849531
1.3849285
1.3847386
1.3852777
1.3847955
1.385101
1.3854294
1.3853099
1.3851076
1.3853979
1.3853316
1.384375
1.384881
1.384495
1.3852488
1.3850229
1.3852822
1.385076
1.3851795
1.3848798
1.3850363
1.3853879
1.3845322
1.3849877
1.3851538
1.384857
1.3852013
1.3852856
1.385223
1.3851668
1.385116
1.3850588
1.3850815
1.3851442
1.3850001
1.3851944
1.3850003
1.3852344
1.385244
1.3852057
1.3853419
1.3852801
1.3850826
1.3849846
1.3849338
1.3848567
1.3849034
1.38526
1.3852551
1.3849579
1.3852763
1.3852103
1.3857112
1.3850664
1.3850473
1.3852136
1.3845525
1.3848152
1.3846643
1.3854157
1.3850145
1.3853878
1.3856686
1.3851645
1.3848498
1.3849196
1.3846643
1.3851053
1.3848569
1.3851086
1.3850479
1.3854859
1.3856981
1.3850274
1.3853636
1.3850522
1.3849418
1.3852453
1.3852602
1.384851
1.3850025
1.3853254
1.3849375
1.3853654
1.3853493
1.3849308
1.3854488
1.3852332
1.3852777
1.3852094
1.385131
1.3854808
1.3852848
1.3850553
1.3852253
1.385202
1.3852415
1.3848408
1.385014
1.3850688
1.3849264
1.3851216
1.3847554
1.3847061
1.3849473
1.3851537
1.38516
1.3853863
1.3851513
1.3848914
1.3848867
1.3850684
1.384905
1.3851122
1.3848757
1.3848842
1.3852884
1.3851444
1.3851093
1.3848286
1.3852271
1.3852621
1.3851337
1.3853816
1.3850425
1.385417
1.3851776
1.3850018
1.3850819
1.3850852
1.385641
1.384759
1.3848636
1.3846661
1.3849503
1.3850552
1.3851768
1.3850672
1.3852549
1.3850228
1.3850169
1.3851537
1.3853749
1.3847735
1.3845237
1.384965
1.3851149
1.3850782
1.3851805
1.3852293
1.3850509
1.3847288
1.3850963
1.3850487
1.3848817
1.3849211
1.385116
1.3849493
1.3853135
1.3852459
1.3852797
1.3851156
1.3849077
1.3854396
1.3850696
1.3851446
1.384768
1.3850693
1.3854223
1.3853337
1.3849818
1.3849179
1.3849889
1.3852543
1.3850527
1.3855855
1.385303
1.385332
1.3851128
1.3851109
1.3848163
1.3848771
1.3849785
1.3848194
1.3854283
1.3849998
1.3850999
1.3849579
1.3851154
1.3848653
1.384726
1.3847649
1.3846184
1.3850173
1.385148
1.3855191
1.3851246
1.3852327
1.3857297
1.3854752
1.385423
1.3847909
1.3851223
1.3851793
1.3847108
1.3849019
1.3851844
1.3849134
1.3853626
1.3858707
1.3852453
1.3850272
1.3850552
1.3849561
1.3845931
1.3846662
1.3851664
1.3848894
1.3854134
1.385075
1.3853081
1.3857453
1.385137
1.385307
1.3850626
1.3851802
1.3852762
1.3849962
1.3850497
1.3848115
1.3851295
1.3849865
1.3849574
1.3852429
1.3851447
1.3850003
1.3849858
1.3852897
1.3850456
1.3850135
1.3853118
1.3852234
1.3852087
1.3856776
1.38521
1.385484
1.3851148
1.3852335
1.3849458
1.3850415
1.3852422
1.3847677
1.3851815
1.3853321
1.3848623
1.3853785
1.3851017
1.3849344
1.3851125
1.3850623
1.3851764
1.3852195
1.3849008
1.3850522
1.3852888
1.3855066
1.3851172
1.3851664
1.3851451
1.3846133
1.3851023
1.3848622
1.385213
1.3852508
1.3853195
1.3849359
1.3849658
1.3846388
1.3853523
1.3849875
1.3849205
1.3855044
1.385066
1.3853668
1.3848181
1.3854187
1.3849674
1.3849939
1.3847762
1.3851515
1.3854597
1.3851976
1.3851267
1.3849769
1.3851815
1.3853174
1.3853421
1.3852205
1.3853528
1.384967
1.384895
1.3854784
1.3848479
1.3848171
1.385106
1.3848541
1.3849883
1.3848696
1.3847941
1.3851645
1.3857425
1.3853389
1.3848989
1.3851881
1.3849068
1.3851355
1.3852508
1.385149
1.385321
1.3849554
1.3850796
1.3847853
1.3853303
1.38527
1.3849711
1.3849648
1.384796
1.3850654
1.3856163
1.3849819
1.3849713
1.384927
1.3853451
1.3852246
1.384875
1.3850256
1.385529
1.3848573
1.3850728
1.3848789
1.3851359
1.3849391
1.3850942
1.3853416
1.3850422
1.385486
1.3850647
1.3851792
1.3849736
1.3849678
1.3851236
1.3850719
1.3852282
1.3853208
1.3849928
1.3848617
1.385066
1.3851346
1.3853643
1.3853008
1.3850749
1.3849705
1.3851986
1.3850151
1.3850546
1.3852371
1.3848991
1.3850034
1.384792
1.3847791
1.3847786
1.3852142
1.3847042
1.385004
1.3853344
1.3850011
1.3852053
1.3848734
1.3850904
1.3851669
1.3851923
1.384988
1.3849553
1.3851585
1.3851614
1.3850715
1.3849955
1.3851297
1.3852382
1.3847109
1.3847902
1.3851589
1.3849764
1.3851074
1.3853486
1.3848671
1.3848977
1.3852123
1.3853686
1.3851554
1.3850625
1.3850775
1.3848934
1.3848871
1.3851256
1.3852246
1.3850503
1.3849792
1.3851429
1.3848962
1.3846769
1.3851436
1.3848473
1.385192
1.3849758
1.3852373
1.3852564
1.3851281
1.3851132
1.3850428
1.3852179
1.3849117
1.3852142
1.3850533
1.3850437
1.3849121
1.3848765
1.3849099
1.3849113
1.3851906
1.3848243
1.3852695
1.3850495
1.3851694
1.3847952
1.3851506
1.384905
1.3852574
1.3852398
1.3849014
1.3852681
1.3850536
1.3852807
1.3852575
1.3849231
1.3852644
1.3848485
1.3849862
1.3849806
1.3854659
1.384851
1.3848892
1.3853112
1.3854246
1.3851594
1.3851976
1.3849814
1.3849392
1.3846703
1.3851715
1.3851687
1.3851639
1.3851126
1.3852154
1.3856974
1.3848968
1.385462
1.3853517
1.3847995
1.3849404
1.3851254
1.3849711
1.3852514
1.3850639
1.3850945
1.384792
1.385125
1.3850375
1.3851982
1.3850476
1.3852379
1.3849447
1.3848002
1.3847564
1.3848963
1.3850946
1.3849713
1.3848344
1.3852984
1.3849967
1.3852776
1.3848557
1.3850412
1.3848829
1.3851423
1.3855767
1.3851132
1.3850937
1.3849907
1.384983
1.3847688
1.3846691
1.3849596
1.3850644
1.3849853
1.3851357
1.3851678
1.3849593
1.3852941
1.3847365
1.3847691
1.3853546
1.3848361
1.3849586
1.38497
1.3850356
1.3848469
1.3846846
1.3850806
1.3851837
1.3850241
1.3849859
1.3850083
1.3849945
1.3849968
1.3850343
1.3851445
1.385287
1.3852714
1.3846979
1.3850131
1.3849409
1.3846444
1.3850795
1.3849692
1.3848255
1.3852466
1.385232
1.385117
1.3849909
1.3848754
1.3851391
1.3849791
1.3851042
1.3853241
1.3850646
1.3848747
1.3846407
1.384913
1.385226
1.3852352
1.3848927
1.3848686
1.3850319
1.384658
1.3851472
1.3851538
1.3852646
1.384809
1.3852262
1.3851875
1.3848498
1.3851002
1.3848919
1.3851206
1.3851265
1.3849859
1.3853127
1.3848073
1.3851459
1.3850302
1.384631
1.3851974
1.3848757
1.3853686
1.3851875
1.3854009
1.3852556
1.385214
1.3851532
1.385122
1.3850514
1.3848114
1.3851786
1.3850001
1.384957
1.3856679
1.3850965
1.385126
1.3850182
1.3846871
1.3852665
1.3850344
1.3849033
1.3847317
1.3847815
1.3847421
1.3851519
1.385109
1.3854389
1.385074
1.3850044
1.3852992
1.3851767
1.3851498
1.3852595
1.384942
1.3852843
1.3848729
1.3852388
1.384955
1.3850857
1.3849157
1.3851023
1.384909
1.384964
1.3848857
1.3849716
1.3851937
1.3851887
1.3846875
1.3849539
1.3852017
1.3853035
1.3853103
1.3854449
1.3851663
1.3849647
1.3854002
1.3851259
1.3851198
1.3850216
1.3849534
1.3852646
1.3849783
1.3851182
1.3849888
1.3851149
1.3848265
1.3849939
1.3852208
1.3850795
1.3849382
1.3847214
1.385156
1.3852835
1.3851504
1.3849632
1.38493
1.3852081
1.3848611
1.3852841
1.3850837
1.3849844
1.3851619
1.3850172
1.3847176
1.385275
1.3847028
1.3854632
