0.76518995
0.7595423
0.75340086
0.7471646
0.74126554
0.7424409
0.74286526
0.73951566
0.73895043
0.7375668
0.73840237
0.73793536
0.7348712
0.7345635
0.7345272
0.7359559
0.7342201
0.7342327
0.73445684
0.73216355
0.7299928
0.7284491
0.7301393
0.72868615
0.72503555
0.727248
0.7242213
0.7250556
0.726708
0.723056
0.7237236
0.721915
0.7206506
0.7209416
0.7219534
0.7187167
0.7191696
0.71579444
0.7182763
0.71580774
0.7139745
0.7133534
0.7120881
0.71493244
0.71387726
0.7110541
0.7112814
0.710313
0.70991266
0.70769423
0.7047731
0.7061481
0.70534873
0.70599055
0.70508325
0.7053039
0.7040696
0.7035987
0.70301163
0.70360726
0.70382357
0.70415074
0.70437646
0.70404834
0.7036621
0.7034308
0.7029474
0.70249426
0.701807
0.7011976
0.70004445
0.6994501
0.6992911
0.69904935
0.69893223
0.6987115
0.69859934
0.69825023
0.6984172
0.6979548
0.6983388
0.69854915
0.6978151
0.6972221
0.6965914
0.69668144
0.69610167
0.6962765
0.6961914
0.69638777
0.6960508
0.69597894
0.69561905
0.6963845
0.69636244
0.6966087
0.6959899
0.6961414
0.6964624
0.6967622
0.69654113
0.6967266
0.6968309
0.6970664
0.697184
0.69739044
0.6980588
0.6973585
0.69775563
0.6982854
0.69844204
0.69888484
0.6999193
0.69968915
0.69966316
0.7001383
0.7007185
0.7008651
0.70118177
0.7015951
0.70225275
0.7033815
0.7035149
0.7039765
0.70526624
0.7065064
0.7069084
0.70756483
0.7078886
0.70854276
0.7086958
0.7091512
0.710334
0.71156377
0.71116817
0.7109879
0.710542
0.7112227
0.71053714
0.7100975
0.7096869
0.7086235
0.70963985
0.708237
0.7084232
0.70755965
0.7070157
0.7064449
0.7048069
0.70405525
0.7035192
0.70333403
0.70301074
0.7020468
0.7018912
0.7009225
0.7003384
0.70077735
0.7005173
0.70023984
0.69997865
0.699518
0.69873506
0.6978418
0.6975608
0.6967718
0.6959672
0.69493574
0.6940301
0.69414115
0.6944208
0.6939976
0.6940907
0.6935191
0.6929654
0.69293606
0.6930912
0.69249
0.6920161
0.69169205
0.6914958
0.69276917
0.692413
0.69254583
0.69314826
0.6942946
0.6943949
0.6959469
0.6963749
0.69821525
0.70043194
0.70178914
0.70283526
0.7042143
0.7045955
0.704747
0.70481545
0.7044571
0.70447993
0.7040742
0.70410347
0.7034748
0.70230585
0.70192164
0.70144945
0.70063704
0.6998623
0.69850814
0.6976573
0.6959091
0.6952506
0.6943311
0.69377303
0.6936184
0.6937781
0.69396716
0.6934193
0.6932928
0.6929715
0.69297934
0.6929137
0.6924528
0.6928813
0.6927384
0.6928236
0.69271713
0.6931415
0.6935756
0.693885
0.6939851
0.6943592
0.6945603
0.6949389
0.69538325
0.69562185
0.69617003
0.69660777
0.69685835
0.6969078
0.69631016
0.6964847
0.69617254
0.6955673
0.6949275
0.6946064
0.6943848
0.6937456
0.69356775
0.693211
0.6929312
0.69280285
0.6927292
0.6927004
0.6924511
0.6925388
0.69244593
0.69263643
0.6929159
0.6928694
0.6929325
0.69316787
0.6933735
0.69370264
0.69353884
0.69380695
0.6938484
0.6936126
0.6935921
0.6933155
0.6930712
0.6928471
0.6922747
0.69214517
0.6919681
0.6919561
0.6918983
0.6917408
0.69137055
0.6916944
0.6911311
0.6910978
0.6912705
0.6915493
0.6917
0.6918356
0.6917766
0.6918015
0.6918376
0.6921579
0.6921934
0.69246817
0.6920603
0.6921966
0.6919751
0.69163746
0.6913989
0.69120866
0.691174
0.6909336
0.69059473
0.69050723
0.6903536
0.6902267
0.68985623
0.6899622
0.6900362
0.68963474
0.6896064
0.6898595
0.68999034
0.6899028
0.69011337
0.69016075
0.69004613
0.68999517
0.6901652
0.69034725
0.6901059
0.68989956
0.68989784
0.6900124
0.6898856
0.68976086
0.68981427
0.68997055
0.6901417
0.69006336
0.6899333
0.68977535
0.6899702
0.6899056
0.69000465
0.6904419
0.6904062
0.69055444
0.6907656
0.6908764
0.69048774
0.6904133
0.6906555
0.69055104
0.6908395
0.6907542
0.6907363
0.69074553
0.69074756
0.69076174
0.6910018
0.691168
0.6909864
0.6907509
0.6910881
0.690928
0.69103676
0.6907961
0.6908572
0.69090027
0.6910358
0.69143695
0.6914209
0.69144857
0.69123
0.6913509
0.6915914
0.691716
0.69167227
0.69166094
0.69161886
0.69136095
0.69114107
0.6909273
0.6908388
0.69082624
0.69100875
0.6907657
0.69075
0.69049776
0.6904457
0.69047874
0.6901469
0.6901479
0.6899709
0.6898422
0.6899391
0.6900311
0.6900678
0.69042933
0.6904954
0.690333
0.69000876
0.6902432
0.69038355
0.69049394
0.69042087
0.6900583
0.69012076
0.68988967
0.6895078
0.6894633
0.68937325
0.6893845
0.68908674
0.68906546
0.68909127
0.6891183
0.6890374
0.6890774
0.6892502
0.6892846
0.68890935
0.6887464
0.68866366
0.6886055
0.6885436
0.6883886
0.68828726
0.6878299
0.68798506
0.6878922
0.6878434
0.687579
0.6872578
0.687319
0.6872567
0.687147
0.6869273
0.6870379
0.6869197
0.6869071
0.68730164
0.68729717
0.6873028
0.6872807
0.6870361
0.68729633
0.6871009
0.6870591
0.6870574
0.6869762
0.6870144
0.6870984
0.68658125
0.6868546
0.6867712
0.6868776
0.68698776
0.68701696
0.68693835
0.6869476
0.686824
0.68692267
0.6871652
0.68696153
0.6870364
0.68701255
0.6868226
0.6865093
0.6865914
0.6866005
0.6864875
0.6866142
0.68668395
0.68669504
0.6867672
0.6867859
0.68668354
0.6866881
0.6868025
0.68696034
0.6868297
0.6868205
0.6868042
0.6869152
0.6869766
0.6869361
0.68665373
0.6868721
0.6867885
0.6868722
0.68680245
0.6869449
0.6869426
0.6866679
0.6868822
0.687302
0.6873673
0.6873715
0.6873003
0.6874156
0.68732965
0.68732315
0.68726104
0.6873106
0.6872751
0.6875155
0.68750733
0.6875043
0.68749994
0.68751544
0.68748176
0.6876108
0.6873857
0.687366
0.68732005
0.68737215
0.6874461
0.6873795
0.68735933
0.68734515
0.68747914
0.6875497
0.6876347
0.68767405
0.6877418
0.6880307
0.68797976
0.6876349
0.68776745
0.6877624
0.6878655
0.6879655
0.6880717
0.688213
0.6880453
0.6880465
0.68810844
0.6880072
0.68802583
0.68805236
0.68809754
0.6881299
0.68828124
0.6882731
0.6883833
0.6884581
0.6885763
0.6884478
0.68848366
0.6885257
0.68877834
0.6887923
0.6887371
0.6887472
0.68873256
0.6887335
0.6889577
0.68908405
0.6890617
0.6891566
0.6891366
0.68924004
0.6891878
0.6891513
0.6894962
0.68942785
0.6893862
0.6894558
0.6895933
0.689678
0.68967324
0.6898093
0.68995273
0.6900625
0.6901843
0.6902803
0.690201
0.6902678
0.69010633
0.69005936
0.6901442
0.6902206
0.69004667
0.690257
0.69050515
0.6903999
0.69040096
0.69045174
0.69055134
0.69053847
0.69054765
0.6904995
0.6903639
0.6903383
0.6904529
0.6905155
0.69069874
0.6907783
0.6908097
0.69102454
0.69096804
0.6909219
0.69094443
0.6909631
0.69071305
0.6908014
0.69103175
0.6908803
0.69078684
0.69092613
0.69107354
0.6910288
0.691038
0.69122237
0.69121546
0.69128543
0.6911535
0.691187
0.6912965
0.6913537
0.6913849
0.69138694
0.69132596
0.6913354
0.6913183
0.69134253
0.69141513
0.69128126
0.69149745
0.691281
0.6912649
0.69142216
0.69158477
0.6916157
0.6916766
0.69157165
0.69159013
0.6915867
0.6916544
0.6917042
0.6917421
0.6918563
0.69156766
0.69151866
0.6916021
0.6916089
0.69152683
0.6916507
0.6916743
0.6914187
0.69157076
0.6918337
0.6916949
0.6919244
0.6918734
0.691936
0.691968
0.6917639
0.69167346
0.69175833
0.6917529
0.6917043
0.69176215
0.6918627
0.69199115
0.6920717
0.6921973
0.69214195
0.69208217
0.6921194
0.6921191
0.6921959
0.69234246
0.69225484
0.6924874
0.69248146
0.69232893
0.69232047
0.69227815
0.69231606
0.69226134
0.6921158
0.69229746
0.69223005
0.6922883
0.69222397
0.6922901
0.6924841
0.6926129
0.6925565
0.69255716
0.69243157
0.6924699
0.69241923
0.69239527
0.69250697
0.6926361
0.69268346
0.692491
0.6923866
0.6923922
0.69237256
0.69260454
0.692913
0.6929319
0.6928503
0.69279385
0.6926392
0.69244313
0.6923414
0.6922287
0.69212806
0.6919236
0.69189334
0.69189894
0.6920924
0.6922744
0.69229174
0.692378
0.69212484
0.69224215
0.6922593
0.69233173
0.69234324
0.6925165
0.6925559
0.6926173
0.69282925
0.6928296
0.6929491
0.693055
0.6931357
0.69314355
0.6930391
0.6931319
0.69311255
0.69317937
0.69299453
0.69301605
0.6929538
0.6929154
0.6928717
0.692931
0.69306207
0.69320315
0.69292474
0.693006
0.6929337
0.6929982
0.69287497
0.69292814
0.6932724
0.69355357
0.69368505
0.69364184
0.6935042
0.6932991
0.6932092
0.693119
0.6927272
0.69251966
0.69246954
0.69242084
0.6924571
0.69239545
0.6923505
0.69241977
0.69246554
0.69246686
0.6926274
0.6926663
0.69267035
0.6925278
0.69277567
0.69289553
0.6929437
0.6929145
0.6930591
0.6931588
0.6931212
0.69301933
0.6930906
0.6930885
0.69303846
0.6929166
0.69291174
0.6931624
0.6929733
0.6925784
0.6925456
0.6925788
0.6924524
0.6924688
0.6926114
0.6929084
0.6929203
0.6930198
0.69305
0.69295675
0.6928804
0.6929306
0.6927671
0.69273484
0.6927943
0.6927411
0.6926858
0.6929056
0.6930344
0.6931716
0.69288194
0.693006
0.6929581
0.6929605
0.6930228
0.69294244
0.6928962
0.69281524
0.69299775
0.6931072
0.693286
0.69319135
0.6931651
0.69318247
0.6929715
0.6928494
0.69282144
0.6930782
0.6932495
0.69324183
0.6928856
0.6931448
0.69323003
0.69316316
0.6933235
0.6934578
0.6933872
0.69350874
0.69355744
0.6936912
0.69367933
0.6936552
0.6933195
0.6931002
0.6927264
0.69256157
0.69249827
0.6923937
0.6924478
0.6925693
0.69264454
0.6924726
0.69221395
0.69185394
0.69245076
0.6928161
0.6932925
0.6936938
0.6940526
0.6940629
0.69442546
0.69400525
0.6936072
0.69321394
0.69303274
0.69285774
0.6925668
0.69239515
0.69219637
0.6917217
0.6914951
0.6909763
0.6910744
0.69104165
0.69131494
0.6909732
0.6914539
0.6920839
0.6925575
0.69282466
0.6930795
0.69341165
0.6934832
0.6935121
0.6934375
0.6934864
0.69371223
0.6934809
0.69332194
0.69325036
0.6929994
0.6930645
0.6930925
0.6930162
0.6928948
0.6927845
0.69244766
0.6924173
0.69243765
0.69248176
0.69228107
0.6923543
0.69227874
0.6922177
0.6924476
0.69260013
0.6928241
0.6929408
0.69300574
0.69291484
0.69296396
0.6930164
0.6929621
0.6930947
0.6932537
0.69327337
0.6931853
0.69316995
0.69323814
0.6932631
0.69312197
0.69310516
0.6932251
0.6931246
0.6930706
0.69298416
0.69302076
0.6932995
0.69313544
0.6931099
0.69316536
0.692898
0.69307554
0.69300604
0.69322544
0.69324476
0.6933423
0.69333804
0.6934288
0.69345236
0.6936065
0.6935604
0.69371325
0.6937146
0.6936729
0.69366026
0.69351995
0.69354266
0.69356775
0.69360447
0.69353575
0.6934374
0.6933818
0.693342
0.6934524
0.6934841
0.69338554
0.6933245
0.6931864
0.69328237
0.6933886
0.6934288
0.69339436
0.69342834
0.693456
0.69344217
0.69338644
0.69301176
0.6931151
0.6932004
0.69331664
0.69339764
0.6933283
0.69342184
0.69343203
0.69318694
0.69312704
0.6929528
0.692841
0.69257784
0.6923577
0.6922777
0.692325
0.6921655
0.69205725
0.6917859
0.69162273
0.69134116
0.69156164
0.69180185
0.6920162
0.69220346
0.6923359
0.6924192
0.6925194
0.69288844
0.6930299
0.69320154
0.69334775
0.693386
0.69342905
0.6935546
0.69347763
0.69346637
0.6931492
0.69306374
0.6929411
0.6928226
0.6927256
0.6926451
0.6925288
0.6923365
0.692217
0.6921119
0.6923652
0.6925509
0.69252586
0.69266015
0.6928045
0.6929459
0.69286174
0.69276476
0.6928682
0.6931083
0.6930344
0.69312537
0.69320154
0.6933955
0.6933252
0.6932359
0.69317865
0.69331247
0.69340736
0.6934148
0.6932702
0.6932235
0.6932239
0.69311255
0.6929658
0.6929408
0.6930717
0.69310045
0.6933578
0.6933182
0.6932368
0.69319445
0.6933036
0.6932728
0.69328886
0.6932826
0.69335395
0.69338363
0.69346315
0.6933554
0.6934488
0.6934964
0.6936517
0.69360125
0.6934452
0.69348735
0.6935385
0.693549
0.6936086
0.69372034
0.693727
0.6936787
0.6934444
0.6934336
0.69337124
0.69339544
0.6934196
0.69344306
0.69343317
0.69336003
0.69331187
0.69346285
0.69354707
0.6937698
0.69377947
0.6938036
0.6936291
0.6933467
0.69341534
0.6932804
0.69325286
0.69323033
0.6930709
0.6927694
0.69285303
0.6927069
0.69284606
0.6923521
0.69201905
0.69219863
0.69298345
0.6935367
0.6942432
0.6945093
0.6945427
0.69475204
0.6942287
0.69430953
0.6936924
0.69315946
0.6928628
0.6925962
0.69221574
0.69195175
0.6917539
0.6914862
0.69098973
0.69139177
0.69121206
0.6910151
0.6913169
0.6904511
0.6909798
0.6919521
0.69291276
0.69354296
0.6937042
0.6937639
0.69372773
0.6936911
0.69381505
0.6938583
0.69375974
0.6936857
0.6936513
0.6935072
0.6933289
0.69302016
0.6928648
0.6926695
0.69252807
0.69210345
0.69201964
0.69192964
0.69202816
0.69176435
0.6919093
0.6918366
0.69220465
0.6924921
0.6929394
0.6930348
0.692952
0.69321847
0.6933468
0.6933345
0.6935565
0.6936012
0.69364125
0.69375217
0.6937404
0.69383013
0.69379187
0.6937031
0.69346774
0.6932759
0.6932494
0.6933296
0.6932743
0.69324255
0.6932381
0.6934402
0.69341385
0.69310087
0.6928957
0.69293636
0.6929485
0.6928543
0.69283164
0.69290596
0.69285345
0.692858
0.6930444
0.6930616
0.6932168
0.69333696
0.6934556
0.6933694
0.69365305
0.69355917
0.69345915
0.6933643
0.6934073
0.6934685
0.6936034
0.6935032
0.6934301
0.6936252
0.69359505
0.69360363
0.6935192
0.69346756
0.6933828
0.693488
0.6937149
0.69362956
0.693484
0.69361526
0.693631
0.69360286
0.69359416
0.6935582
0.6934643
0.69331855
0.69332427
0.69324887
0.6933173
0.6932564
0.693389
0.69341
0.6934006
0.6932796
0.693538
0.6934748
0.6935516
0.6935951
0.6936579
0.69362974
0.6937822
0.6936927
0.6938222
0.693959
0.6939178
0.6938257
0.6937882
0.6937458
0.69363695
0.6937265
0.69355774
0.6935605
0.6935012
0.6934044
0.69349986
0.6935566
0.6935489
0.69325566
0.69294006
0.69237334
0.6929325
0.69360036
0.6942468
0.69441015
0.6945728
0.69487655
0.6949412
0.69445294
0.6942324
0.69387865
0.69382936
0.6934928
0.6932269
0.69287777
0.6926911
0.6925422
0.6923912
0.69232446
0.692026
0.6919497
0.69144744
0.69119817
0.69136554
0.69144297
0.69202596
0.69227153
0.69258213
0.6927965
0.6929932
0.6932177
0.6933659
0.6935404
0.6935963
0.6938374
0.6939683
0.69401973
0.6938488
0.693807
0.69388056
0.6939763
0.6938848
0.69372064
0.6935881
0.69359756
0.69359994
0.69351137
0.6935722
0.6934567
0.69342273
0.69337106
0.693449
0.69327664
0.6930556
0.69306713
0.6931108
0.69319105
0.6932851
0.6932636
0.69334775
0.69343907
0.6935195
0.69350755
0.6937782
0.69381696
0.6938035
0.6937329
0.6938136
0.69373673
0.6936367
0.6936492
0.69368505
0.6936177
0.693653
0.69374144
0.6936551
0.6936337
0.6934763
0.6936579
0.693672
0.6936231
0.69354445
0.693609
0.6935292
0.69354814
0.69371986
0.6936849
0.69377106
0.6936581
0.6935059
0.6935227
0.69351983
0.6936335
0.6936238
0.69354963
0.6936285
0.6936197
0.693576
0.69368166
0.69368005
0.6937759
0.6937507
0.69369566
0.6937623
0.69379973
0.69393194
0.693923
0.6939148
0.6939416
0.6939135
0.69404197
0.6939505
0.69379854
0.69387126
0.6937989
0.6936115
0.6937416
0.6937627
0.69367206
0.69372755
0.6938678
0.69395244
0.69398373
0.69416755
0.6941478
0.69408125
0.6940007
0.6940825
0.69387454
0.6938205
0.69391966
0.6936943
0.6934927
0.69329846
0.6929753
0.6928983
0.6933255
0.6940017
0.6944861
0.6949294
0.69514006
0.69564146
0.695415
0.69528073
0.6943081
0.6941719
0.6937091
0.69334465
0.69298947
0.69277334
0.69238716
0.6920647
0.69180334
0.69174606
0.69146997
0.691417
0.6912818
0.6910684
0.6908401
0.69092375
0.69168884
0.69252545
0.6932524
0.6934573
0.6936983
0.6937786
0.6937156
0.69398
0.6939329
0.6938493
0.6937765
0.6938155
0.6938159
0.69381
0.69362354
0.693652
0.6935953
0.69338095
0.6932359
0.6933911
0.6932298
0.69292814
0.69285655
0.6929734
0.69303495
0.692898
0.6930492
0.6931176
0.6932531
0.6932563
0.6935885
0.6938059
0.6939164
0.6937646
0.6939187
0.6941822
0.69420964
0.6942089
0.69411993
0.6942046
0.6942686
0.69437975
0.6943603
0.6944159
0.6942348
0.6939813
0.69404703
0.6940616
0.6940459
0.6940371
0.6940432
0.69374686
0.6935919
0.6938061
0.6939523
0.6937938
0.6937621
0.69381446
0.6939171
0.6938624
0.6939624
0.6939509
0.6940047
0.6939967
0.69405353
0.69398886
0.69393796
0.69411176
0.69424856
0.6941897
0.6940729
0.6939545
0.69405836
0.69409144
0.69400346
0.69407165
0.69405055
0.6940048
0.69395787
0.6937941
0.69376653
0.6936965
0.6936878
0.69388485
0.69382054
0.69387656
0.69394314
0.6940739
0.69401467
0.69405454
0.69397193
0.6939134
0.6939066
0.69398886
0.6938702
0.69395727
0.6937784
0.6936507
0.6935247
0.69362277
0.6936005
0.69327855
0.69326144
0.6933714
0.6932163
0.6930453
0.6927272
0.6928619
0.69311744
0.69339955
0.6936327
0.694037
0.6942865
0.694436
0.69426155
0.6942636
0.6940811
0.69394916
0.6938532
0.6936323
0.69329023
0.6930248
0.6926601
0.69238555
0.69208074
0.692287
0.69182605
0.6917872
0.69111973
0.6915332
0.69113666
0.69167376
0.6926253
0.6931433
0.69340175
0.6935214
0.69381475
0.69402426
0.6941653
0.69427586
0.6942831
0.69422823
0.69412756
0.69410366
0.6942167
0.6939557
0.69381285
0.6937652
0.693633
0.6934718
0.69335717
0.69325197
0.69314516
0.69276005
0.6927814
0.6928078
0.692758
0.6928165
0.69299364
0.69271
0.69290406
0.69298315
0.69315094
0.6932499
0.6933931
0.6932454
0.6934211
0.693584
0.6937194
0.69386494
0.6936841
0.6935503
0.6936853
0.6937978
0.6937941
0.6938521
0.6939222
0.69399863
0.6938992
0.69384766
0.6939878
0.6940057
0.6939002
0.6939324
0.6937727
0.69356155
0.6936307
0.6938504
0.69391286
0.6938805
0.6938845
0.693713
0.69378996
0.6938842
0.69392174
0.6939464
0.6939991
0.69402295
0.69416636
0.69420534
0.6941263
0.69410795
0.6941224
0.69410646
0.6940406
0.69391644
0.69371086
0.69350916
0.6933573
0.6933453
0.69332904
0.6934368
0.69347095
0.6932634
0.69318897
0.6929338
0.6930267
0.6932454
0.69375366
0.6941137
0.6942161
0.69446474
0.6944413
0.6944416
0.69421464
0.6941025
0.6938493
0.69366854
0.6933843
0.69324934
0.6930937
0.69289523
0.6925907
0.69272166
0.6925153
0.6923661
0.6922113
0.6919048
0.6923685
0.69225836
0.69255555
0.6924281
0.692806
0.69301623
0.6932041
0.6932277
0.6931923
0.6932066
0.69331914
0.6934121
0.69353366
0.6936154
0.69376737
0.6939225
0.69398046
0.6939132
0.6939862
0.69400007
0.69394326
0.6938793
0.6937585
0.69369763
0.69360995
0.6933641
0.6931399
0.69303674
0.69296604
0.69301647
0.69314456
0.69310534
0.69339466
0.69343096
0.6933837
0.69360113
0.6934498
0.6934683
0.69348747
0.6933819
0.6933689
0.69371605
0.6938335
0.6938994
0.69406277
0.6941832
0.6943445
0.6942304
0.6941671
0.69399995
0.69394827
0.69386655
0.6937317
0.6935885
0.6936143
0.6934733
0.6934973
0.6935232
0.6934353
0.6933438
0.6933688
0.6934564
0.6934088
0.6934549
0.69345784
0.6934861
0.6934683
0.69387317
0.6939381
0.69394815
0.69396555
0.6940346
0.6939772
0.69377285
0.69367695
0.69369435
0.69361097
0.6934572
0.6935427
0.6935777
0.69366944
0.6935974
0.69340473
0.6933701
0.693603
0.6934076
0.6933287
0.69328684
0.69343895
0.693643
0.69371825
0.6938057
0.69390583
0.6939315
0.69402784
0.69409525
0.694046
0.69404113
0.6940429
0.6939953
0.6938002
0.6938355
0.69376326
0.6937277
0.6934081
0.6934698
0.6935998
0.6940403
0.6941754
0.69421005
0.6942029
0.6942364
0.6941457
0.6940897
0.69391656
0.69364876
0.6934593
0.69326705
0.6930966
0.6930967
0.69323593
0.6930073
0.6929377
0.6932498
0.6931496
0.6929223
0.69299155
0.6925829
0.69296694
0.69318694
0.69359523
0.6940935
0.69460607
0.6950209
0.6951373
0.69493574
0.6948306
0.6946915
0.6944196
0.6939434
0.6935509
0.693412
0.69326085
0.69293153
0.69264185
0.69224614
0.69201696
0.69177765
0.6914944
0.69152147
0.69149834
0.69158703
0.6915262
0.6913889
0.691652
0.6921644
0.6924418
0.6925734
0.6927
0.69301224
0.69295794
0.69307005
0.693163
0.69340765
0.6935894
0.6936828
0.6936823
0.69382685
0.6939203
0.69398063
0.69390225
0.69388765
0.6939958
0.69402343
0.69396645
0.6938665
0.69381887
0.69381315
0.69373167
0.6936391
0.69361275
0.69360864
0.69357336
0.69354635
0.6933162
0.6933036
0.69346064
0.693548
0.6934102
0.6935037
0.6934574
0.69343394
0.69337076
0.693544
0.69345427
0.6935989
0.69371223
0.6938716
0.693724
0.693725
0.69377697
0.69376177
0.69364667
0.6936304
0.69382364
0.6938757
0.6939133
0.69388914
0.6938657
0.6939164
0.6940021
0.6940614
0.69409025
0.69402456
0.69394255
0.69386625
0.69391215
0.69388074
0.6939384
0.693776
0.693742
0.69354755
0.69370556
0.6938709
0.6939653
0.69415206
0.69416076
0.69415855
0.6942541
0.6942697
0.69409925
0.6939547
0.6937548
0.693594
0.6934736
0.6932521
0.6930638
0.6928721
0.6930166
0.6931712
0.6934202
0.6936059
0.69356704
0.6936226
0.69351447
0.69341236
0.6935461
0.6937826
0.6939991
0.69424754
0.6944725
0.6945608
0.6944008
0.6944269
0.69429195
0.6939204
0.6938494
0.6937056
0.69350505
0.6933089
0.6932364
0.69307965
0.692869
0.6927384
0.69271487
0.69256455
0.6925037
0.69267637
0.6927949
0.6927734
0.69288427
0.6931067
0.69316465
0.69304025
0.69317746
0.693338
0.6933989
0.69369084
0.69401693
0.6941311
0.69432646
0.69439524
0.6944347
0.6944223
0.69427854
0.69423914
0.69393486
0.69362634
0.69341964
0.6933201
0.693248
0.69321126
0.6931578
0.6930926
0.69301707
0.69297343
0.69307363
0.6930387
0.693045
0.69313604
0.6932151
0.69320196
0.69334906
0.69340944
0.69356614
0.6937226
0.69398427
0.6941145
0.6942268
0.69413745
0.6941227
0.6942809
0.69437677
0.69429827
0.69430816
0.69443166
0.6944439
0.69419146
0.6940412
0.6938687
0.69373715
0.69379264
0.6936507
0.69364464
0.6935712
0.69355536
0.69366145
0.6934746
0.6935529
0.6935769
0.69357765
0.6936308
0.69380814
0.693958
0.6942199
0.69404906
0.6941263
0.6940849
0.6939632
0.6938349
0.6936298
0.693613
0.69351125
0.6933086
0.6931394
0.69290864
0.6930095
0.6928947
0.6930764
0.6931176
0.69308454
0.6930707
0.69313276
0.6931115
0.6933052
0.69332683
0.693486
0.6934307
0.69351554
0.6935811
0.6937384
0.6936914
0.6937124
0.69388354
0.69403404
0.6941303
0.69409174
0.6940228
0.6938586
0.6939065
0.69371486
0.693577
0.69342244
0.6932791
0.6933885
0.693588
0.693481
0.6936208
0.6935604
0.6934165
0.6933784
0.6934443
0.6936882
0.69371444
0.693757
0.6938053
0.69400233
0.6940726
0.6939792
0.69401336
0.69401246
0.6941057
0.6941202
0.69388247
0.6937715
0.69371176
0.693818
0.6940103
0.6941487
0.69406956
0.6940156
0.69410384
0.69413614
0.6941023
0.69407123
0.6940481
0.69410807
0.6940173
0.6938833
0.69395715
0.6938899
0.6938326
0.6938587
0.6937826
0.6937836
0.6937569
0.69371134
0.6935488
0.6935439
0.69351465
0.6936445
0.6938717
0.6942668
0.6945768
0.6946425
0.69460917
0.69450456
0.6941677
0.6940176
0.6935717
0.69328856
0.69309056
0.6930181
0.6926743
0.6925572
0.6924961
0.6923774
0.6922151
0.6921557
0.6923278
0.692508
0.6925079
0.69251204
0.6926478
0.69280255
0.69291353
0.6931199
0.6933822
0.6938101
0.6940854
0.69417906
0.6944232
0.6944703
0.6944141
0.6943731
0.6941403
0.69376594
0.6936079
0.6934617
0.6934143
0.6933386
0.6931375
0.6930699
0.6930294
0.69301397
0.69272697
0.6927332
0.69260955
0.6927543
0.69315135
0.69321734
0.6931246
0.6930411
0.692983
0.693123
0.69340867
0.69361037
0.6936615
0.6937332
0.6939524
0.6942179
0.69413257
0.6939123
0.6940805
0.69403976
0.694083
0.6941764
0.6939423
0.69351315
0.69344807
0.69348335
0.6933225
0.69339675
0.69351435
0.6935568
0.6935277
0.69352335
0.69342947
0.6934355
0.6934994
0.693609
0.69361836
0.693632
0.6935089
0.6935318
0.69372374
0.6938132
0.69390154
0.6938127
0.6935579
0.6936317
0.69370955
0.6937712
0.69376844
0.6936981
0.6936879
0.6936667
0.6937489
0.69385636
0.69409746
0.6939743
0.6938837
0.69388753
0.69381016
0.6937201
0.69375145
0.69374734
0.6938683
0.6939416
0.69399524
0.69419765
0.69424456
0.6942572
0.69410783
0.69419223
0.69393283
0.69386154
0.6937374
0.69375366
0.69385064
0.69383293
0.69388884
0.6937132
0.69364166
0.6937251
0.6938146
0.6939196
0.6941225
0.6940695
0.6941106
0.69418895
0.69418776
0.6938765
0.693668
0.6933871
0.6933098
0.69322395
0.693157
0.69332427
0.69338495
0.6932896
0.69332105
0.6932341
0.6931998
0.69336176
0.69342184
0.6933556
0.6934117
0.6936117
0.69373894
0.6938707
0.6940219
0.69402
0.6937504
0.6938408
0.69376755
0.6937248
0.6935675
0.69321966
0.69308776
0.6931255
0.6931128
0.6929739
0.6929037
0.6928706
0.69271636
0.69258046
0.6925076
0.69243574
0.6925634
0.6926968
0.69287866
0.6928515
0.6930894
0.6930539
0.69321454
0.69343054
0.6938449
0.69405717
0.69411606
0.69413394
0.6941871
0.69416827
0.69426644
0.69416285
0.6940377
0.69390553
0.6937234
0.6935729
0.69338083
0.6930869
0.69294053
0.6929513
0.69277596
0.6928037
0.6926943
0.6928986
0.6928453
0.6928595
0.6930681
0.6930363
0.69298345
0.69321936
0.6936215
0.6936361
0.6938141
0.6939261
0.69411993
0.69424045
0.6944024
0.69441694
0.6943943
0.6942132
0.69429564
0.6941549
0.6940042
0.69398135
0.6939382
0.6940807
0.69404024
0.69398683
0.69387877
0.6940705
0.69416606
0.69417155
0.6941938
0.69427985
0.6943717
0.69451183
0.6942351
0.69422793
0.6941983
0.6940447
0.6938936
0.6938509
0.69379014
0.6937569
0.6936884
0.69368786
0.6935104
0.69354075
0.69372386
0.69354236
0.69349587
0.6936757
0.6936818
0.6939386
0.6942067
0.69443494
0.6943814
0.69444144
0.6943793
0.69437784
0.6942556
0.6940273
0.6938727
0.69353515
0.6933255
0.693076
0.6929201
0.6928585
0.69283134
0.6923883
0.6922233
0.6923828
0.6923817
0.692335
0.6927878
0.6927109
0.69284374
0.6930068
0.6930957
0.69329786
0.69346666
0.6936224
0.6936995
0.6937455
0.6936636
0.69371206
0.69388
0.6938616
0.6938611
0.69390893
0.69380707
0.6938529
0.6937756
0.69368
0.6934435
0.6934015
0.69339323
0.6933713
0.6933666
0.6933732
0.6935795
0.69362295
0.6938078
0.69387484
0.6939223
0.69382644
0.693825
0.6937324
0.6938498
0.69391805
0.6940363
0.6941834
0.69419754
0.6941197
0.6939733
0.6942002
0.6942385
0.6941763
0.69414103
0.69417953
0.69420415
0.6942261
0.6941906
0.6939418
0.69395274
0.6939416
0.6938146
0.6937239
0.693974
0.6938652
0.6937892
0.6938745
0.6938901
0.6938991
0.69382304
0.69397193
0.6941889
0.6940955
0.69412607
0.6941946
0.6939934
0.693908
0.6936716
0.69364226
0.69354075
0.693578
0.69360477
0.6934934
0.6933102
0.6934776
0.693308
0.6932382
0.6930904
0.69295216
0.6933024
0.6936079
0.6940334
0.69446194
0.6947036
0.6950009
0.6951
0.6948495
0.69471884
0.6943886
0.6939901
0.6938061
0.69329816
0.69329244
0.69326246
0.69299614
0.69262743
0.69232607
0.6922191
0.692272
0.69209594
0.69221133
0.692101
0.6920853
0.69207984
0.69217557
0.6923299
0.69260293
0.69264245
0.69264716
0.6928195
0.69276696
0.6929744
0.6932749
0.69350666
0.693727
0.6939047
0.6939656
0.6941774
0.69439244
0.6942548
0.69420403
0.6943469
0.6942563
0.69432
0.6943106
0.6942617
0.6941004
0.69364524
0.69360375
0.6936244
0.6936071
0.6935035
0.69342965
0.69325805
0.6933643
0.69349325
0.6935096
0.69342685
0.6936559
0.69366866
0.69362336
0.69341946
0.6934263
0.6933023
0.6934425
0.6935744
0.69379854
0.6937988
0.6936781
0.69357705
0.6935536
0.693741
0.6937402
0.6937819
0.6938184
0.69380146
0.6937909
0.69389445
0.69403917
0.69410855
0.69397146
0.69395006
0.69389105
0.69376737
0.69366145
0.6938441
0.6940168
0.6939776
0.6939919
0.69412357
0.6941545
0.6941088
0.69405574
0.6940861
0.694059
0.6940217
0.6939683
0.6939419
0.6938321
0.69375503
0.6938062
0.6937995
0.6938375
0.69376487
0.6937763
0.69384736
0.6939249
0.69402754
0.6939654
0.69396216
0.69380826
0.6938255
0.69373226
0.69363326
0.69348234
0.69355536
0.6933484
0.6932922
0.69333005
0.6933358
0.69322145
0.6931078
0.6931737
0.6931777
0.6932749
0.6932087
0.6934979
0.69387645
0.69401026
0.69412374
0.694195
0.6943689
0.6944116
0.69406587
0.6938816
0.6935645
0.6933152
0.693178
0.6928964
0.6928198
0.6926415
0.69234926
0.6925084
0.6926656
0.69253933
0.69233084
0.6926105
0.6926088
0.6927834
0.6928312
0.692899
0.69295454
0.69314337
0.6930885
0.69338644
0.69369346
0.6937831
0.69393903
0.6940382
0.6942369
0.69425464
0.6943624
0.694385
0.6944391
0.69430333
0.6941905
0.6940588
0.69376785
0.6936338
0.69371176
0.6936349
0.69349176
0.6934709
0.69349307
0.6935115
0.69346863
0.6932742
0.6931707
0.69339573
0.69339204
0.6933697
0.6935869
0.6937289
0.69371223
0.69377357
0.6939546
0.69415903
0.6942072
0.6941098
0.6941593
0.69421303
0.6941231
0.69415975
0.6941974
0.6942496
0.69418377
0.6942837
0.69433933
0.69434786
0.6942497
0.6942897
0.69412565
0.6940457
0.6940419
0.6940497
0.6939578
0.6939795
0.69394606
0.6939827
0.6940923
0.6942542
0.69428533
0.6944717
0.69457084
0.6944214
0.69441676
0.6943343
0.6941063
0.6940093
0.693791
0.6936292
0.6936116
0.6935004
0.6934817
0.6936286
0.6935687
0.6934794
0.6934476
0.69349176
0.6934679
0.69358397
0.693982
0.6941574
0.6943122
0.69433963
0.694361
0.6943282
0.6943728
0.6942536
0.69408226
0.69402856
0.69392884
0.69367915
0.69333243
0.6930324
0.69290423
0.69265836
0.69248194
0.69252825
0.69252354
0.6924062
0.69265825
0.6927972
0.69274646
0.6930375
0.69313663
0.6932012
0.6932828
0.69366413
0.6939033
0.69402295
0.6940925
0.69425184
0.694124
0.6943211
0.6941727
0.6941165
0.6939432
0.6938124
0.6937144
0.6936237
0.6935591
0.693403
0.6932171
0.69306356
0.69295734
0.69306046
0.69316816
0.69324315
0.69316566
0.69323736
0.6933935
0.69342107
0.6933881
0.6934358
0.6933887
0.6936055
0.69368607
0.6937196
0.6940363
0.6941853
0.6942419
0.6941652
0.6942229
0.6941462
0.6940155
0.69392115
0.69386095
0.6935629
0.6934931
0.6936745
0.6936993
0.6934679
0.6933808
0.6934968
0.6933443
0.69341
0.6934099
0.69345695
0.6934562
0.6935544
0.69357896
0.6936421
0.6939464
0.6942916
0.6942026
0.6942614
0.69432104
0.69427407
0.6939766
0.6938118
0.6938466
0.69370604
0.69373286
0.6936449
0.69361615
0.6934826
0.69343215
0.69360846
0.6934764
0.6934743
0.693631
0.6936061
0.6935671
0.693548
0.69340533
0.69371206
0.6937443
0.6937945
0.69382936
0.69389707
0.6941949
0.69424385
0.6941786
0.6939872
0.6940033
0.6939347
0.6939
0.69383574
0.6938671
0.6937786
0.69383484
0.6936925
0.69363004
0.6934379
0.69319344
0.6932619
0.6931315
0.6932101
0.693113
0.6933192
0.69363624
0.69355315
0.6934616
0.6935799
0.6937188
0.69391304
0.69395334
0.69411355
0.69432974
0.694458
0.69456756
0.69450045
0.6942353
0.69419074
0.6940852
0.69387513
0.6938396
0.6937882
0.693816
0.69382983
0.6939232
0.6939123
0.6937405
0.69383794
0.69390666
0.69379795
0.6937146
0.69368505
0.69372797
0.6938501
0.69414824
0.69430906
0.69428974
0.6943894
0.6944228
0.69450796
0.6943251
0.6942245
0.6937207
0.6935484
0.69333345
0.6933365
0.69337827
0.69321144
0.6930395
0.69302446
0.69303477
0.69307005
0.693067
0.6931726
0.69327426
0.6932645
0.69338447
0.6935739
0.69361264
0.69361037
0.69371027
0.6937439
0.69410557
0.6941566
0.6942251
0.69430083
0.69411325
0.69395155
0.69405305
0.69398856
0.6938806
0.6938475
0.6938098
0.69374406
0.69367254
0.6937073
0.69385916
0.69376975
0.6938538
0.6939224
0.6937758
0.6938342
0.6938302
0.6939668
0.69381696
0.6938539
0.69392854
0.693916
0.69375116
0.69389015
0.6939825
0.69403446
0.6940047
0.6939372
0.6937851
0.6937871
0.6938534
0.6938097
0.69366056
0.69380814
0.69342977
0.6936394
0.6935
0.69337493
0.69372493
0.69378245
0.6939636
0.6943326
0.694339
0.6943312
0.6943046
0.694077
0.6940133
0.6937534
0.6935554
0.6934648
0.69317514
0.693061
0.693049
0.6929051
0.69261634
0.69259304
0.69260746
0.6926829
0.6924844
0.6924831
0.69264305
0.6928328
0.6930728
0.69306517
0.69303715
0.6932273
0.6934931
0.69357514
0.69366825
0.69392306
0.6942016
0.69428676
0.694309
0.6943813
0.69445413
0.6943858
0.694268
0.6940662
0.69382155
0.69366837
0.69359416
0.69350004
0.69341356
0.693342
0.6932272
0.69309527
0.6928773
0.69287866
0.6928092
0.6927448
0.6928746
0.69298416
0.6931308
0.6932784
0.69336426
0.69329244
0.6934983
0.693495
0.69359314
0.6937176
0.6938554
0.69390815
0.6939834
0.69410527
0.6942238
0.69408274
0.6941924
0.69418734
0.6940714
0.69414514
0.6941247
0.6938483
0.69375205
0.6935147
0.69330764
0.6931705
0.693151
0.693029
0.6930547
0.693113
0.69325906
0.6931871
0.693316
0.6933801
0.693371
0.69333965
0.6934931
0.693525
0.69353294
0.69353545
0.69373655
0.6938082
0.6937868
0.69365466
0.6937024
0.6937787
0.6936576
0.69366324
0.69359756
0.69354016
0.6934402
0.6933227
0.6933367
0.69338465
0.6932326
0.69329756
0.6932031
0.69336563
0.6933443
0.6933655
0.6930996
0.6930573
0.69315875
0.69335824
0.693627
0.6939884
0.69385535
0.694092
0.6943523
0.6943497
0.69420975
0.6939582
0.6938525
0.6937757
0.6935503
0.6933178
0.6932114
0.6930155
0.6929996
0.6928629
0.69290984
0.69279784
0.69264954
0.69246197
0.69250125
0.69266963
0.6924701
0.6924577
0.69275296
0.6930354
0.69321394
0.69350755
0.69355
0.693843
0.6939901
0.6941002
0.69413406
0.6941606
0.69433373
0.6943061
0.6942007
0.69410056
0.6940445
0.69387007
0.6937957
0.6936127
0.69361323
0.69342375
0.6932069
0.69322556
0.69332755
0.6932295
0.69334924
0.6933935
0.6934621
0.69342166
0.69325507
0.6935693
0.6936676
0.6937076
0.6938113
0.6940675
0.69421643
0.6941759
0.6941471
0.69415355
0.694195
0.6942757
0.69405586
0.6938988
0.69387496
0.6937846
0.6937037
0.69372225
0.69377863
0.6936568
0.6935971
0.6936303
0.6937516
0.69379455
0.693931
0.69385594
0.6939825
0.69380844
0.69356805
0.6937149
0.69375885
0.6938439
0.6940072
0.69410014
0.69403285
0.69411665
0.6940457
0.69383794
0.69373846
0.69380003
0.69367677
0.6936097
0.6935729
0.69357485
0.69355893
0.69361925
0.69368345
0.69361764
0.69376236
0.6937425
0.69374645
0.69386846
0.69380265
0.6938243
0.69384503
0.69393003
0.6941252
0.6940262
0.69407904
0.69399816
0.69393194
0.693995
0.69399816
0.6939035
0.69358325
0.6933391
0.6933547
0.69352514
0.6936429
0.69352454
0.693494
0.6936405
0.6935922
0.6934316
0.6935869
0.6934943
0.69367474
0.6939932
0.6941781
0.6942484
0.69427127
0.69425875
0.6941164
0.69414103
0.694156
0.6939222
0.6936683
0.69364053
0.69347364
0.6933982
0.69338775
0.6932259
0.6932032
0.6932758
0.6935811
0.6935451
0.69359815
0.69351465
0.6935155
0.6936449
0.69384176
0.6938189
0.69393307
0.6941464
0.694278
0.6942946
0.69430417
0.6942261
0.69425946
0.6939935
0.69389623
0.69381475
0.69385964
0.6936718
0.69351214
0.6933465
0.6933031
0.6933153
0.6932876
0.69316757
0.69339514
0.69378555
0.69377923
0.6938055
0.69368225
0.69368887
0.69353783
0.6936581
0.6937103
0.6938866
0.6939011
0.6940535
0.6941445
0.6942195
0.6943357
0.69444203
0.6944721
0.6942027
0.6941633
0.6940573
0.6938198
0.69364977
0.6935051
0.69348156
0.6933871
0.6934159
0.6933567
0.693368
0.69335866
0.6933036
0.6933697
0.69340914
0.69333035
0.6934451
0.6936039
0.69354516
0.6937566
0.6939456
0.6939416
0.69398224
0.6941826
0.6943392
0.694475
0.69449025
0.69458026
0.69448996
0.6942671
0.6940663
0.69391584
0.6937965
0.6935307
0.6934425
0.6933607
0.69333476
0.69316024
0.6929142
0.69282883
0.6929972
0.6930634
0.6929757
0.6930578
0.6930978
0.6930843
0.6933845
0.69339794
0.6934157
0.69362086
0.69381595
0.69406664
0.6942778
0.6942712
0.69452655
0.69471604
0.69460887
0.69444495
0.69429415
0.69414026
0.6939614
0.69379604
0.69363874
0.69365233
0.69359165
0.69339496
0.6933376
0.69329226
0.6931126
0.6930928
0.6929417
0.69303757
0.6932689
0.6931755
0.6932257
0.69324243
0.6933521
0.6934451
0.69362104
0.6935914
0.69388163
0.6940344
0.69381857
0.69387066
0.69384974
0.6939745
0.69425756
0.6940691
0.6940895
0.6940255
0.6939245
0.6939382
0.694001
0.6939495
0.694044
0.6939055
0.6937228
0.693703
0.6936402
0.69360226
0.6935069
0.69350445
0.69337356
0.69323367
0.69333977
0.693198
0.69323665
0.69330406
0.69345456
0.69363755
0.6938811
0.6941076
0.6942912
0.6941578
0.6941715
0.69414556
0.6940774
0.6939197
0.6937766
0.693552
0.69338685
0.6931198
0.6929251
0.69270986
0.6925622
0.6928429
0.69290274
0.6929668
0.69289106
0.6925884
0.6928591
0.69301707
0.69294816
0.6931334
0.6932192
0.69340086
0.69353217
0.6935482
0.6937463
0.69418544
0.6943466
0.694338
0.6944001
0.6943679
0.6941368
0.69403964
0.6940724
0.69392127
0.6938361
0.6937222
0.69358337
0.6934727
0.6934433
0.6932536
0.69318354
0.6931705
0.69318527
0.6931469
0.69317484
0.6931732
0.6933582
0.6933605
0.6935509
0.6935676
0.69365513
0.6936087
0.69353944
0.69364154
0.6937341
0.69390637
0.69410187
0.6940055
0.6939012
0.6938675
0.69386077
0.6940745
0.69406915
0.69401854
0.6940187
0.69374985
0.69366693
0.6936533
0.69357413
0.6935974
0.6935633
0.69350183
0.69358987
0.69370157
0.69376963
0.6938121
0.6938857
0.6938448
0.6936977
0.6937828
0.69389904
0.6940097
0.6939907
0.6940014
0.69404244
0.6941411
0.69405556
0.69397736
0.69380075
0.69374204
0.69373757
0.69369286
0.69384533
0.69386613
0.693686
0.69354707
0.69337004
0.6935537
0.6935336
0.69351596
0.6935882
0.69386595
0.6938649
0.69408995
0.694089
0.6942152
0.69406587
0.6939967
0.69379056
0.6937347
0.69342273
0.6932761
0.6931561
0.69305843
0.6929784
0.69282216
0.69278073
0.69284016
0.692807
0.69297934
0.6930009
0.6930914
0.6930534
0.693196
0.6931846
0.6931777
0.6933602
0.6935824
0.69357544
0.6936752
0.6938427
0.69385993
0.693794
0.6937311
0.6937465
0.69368124
0.6934968
0.6936914
0.6937637
0.6936117
0.6933028
0.6931243
0.69312495
0.6929209
0.6928574
0.6930965
0.6931752
0.6932161
0.6930289
0.693095
0.69327456
0.6933906
0.6934784
0.69351876
0.69340056
0.69362307
0.693828
0.6940739
0.69400394
0.6940718
0.69423074
0.6942835
0.6942793
0.694288
0.693909
0.6937439
0.6936656
0.6935799
0.69358814
0.69354516
0.69347364
0.69330394
0.6932932
0.6931777
0.6930609
0.69313496
0.69330114
0.69329315
0.6933741
0.69332486
0.6932085
0.69327533
0.69316167
0.69337195
0.6937391
0.693969
0.6941387
0.69430125
0.69442165
0.69437045
0.694354
0.6940954
0.6940008
0.69398004
0.69389266
0.6937483
0.6935856
0.6934333
0.69333756
0.6930477
0.693122
0.6930862
0.69297445
0.6930669
0.69322824
0.69318295
0.6932306
0.6933017
0.6933526
0.6934512
0.6933745
0.69324476
0.69343007
0.69354296
0.6935875
0.6938319
0.6940507
0.6942198
0.6942796
0.69422555
0.6942291
0.69411963
0.69399476
0.6939895
0.69388855
0.69366324
0.6936107
0.69354326
0.69343674
0.69343275
0.6933504
0.69335806
0.6933014
0.69333875
0.6933793
0.693344
0.6932557
0.69332296
0.6933917
0.6934734
0.69343
0.6935185
0.6935672
0.69361335
0.69370145
0.693701
0.6937236
0.69387007
0.69398177
0.694119
0.6943189
0.6942726
0.69434005
0.69415545
0.69392705
0.69400173
0.6939974
0.6938704
0.69388694
0.69407076
0.69416714
0.6940151
0.6940163
0.6939307
0.6940458
0.6940198
0.694108
0.6941441
0.69421226
0.69410765
0.69411445
0.6941392
0.6941133
0.6940624
0.69406176
0.6941352
0.6940576
0.6940727
0.6939457
0.6938233
0.6937395
0.6935763
0.69359505
0.6936837
0.6935656
0.6933332
0.69342905
0.69345057
0.6936252
0.693887
0.693863
0.69403666
0.69422704
0.69436693
0.69431895
0.694078
0.6940808
0.6938909
0.6937378
0.69338936
0.6931284
0.6928221
0.6926541
0.6926579
0.6925841
0.6923045
0.69228536
0.69227034
0.6922231
0.69235975
0.69226223
0.6925044
0.6925872
0.6928037
0.6928156
0.6931869
0.69324845
0.69341666
0.6937372
0.6936888
0.69397146
0.6940513
0.69423133
0.6941948
0.6940548
0.6943364
0.69430274
0.69428366
0.69424003
0.6941622
0.69389087
0.6937611
0.6937598
0.6937443
0.6936235
0.69344395
0.6933863
0.6934168
0.6933738
0.69344556
0.69332993
0.69337064
0.6936341
0.69362646
0.69346094
0.6937137
0.69366956
0.6936072
0.69376105
0.69384116
0.69372314
0.69382524
0.69374424
0.6937574
0.6940449
0.69422764
0.694377
0.6942676
0.6944363
0.6944802
0.69446373
0.6945378
0.6944376
0.6944097
0.6943104
0.69434625
0.69424516
0.6942195
0.69415873
0.69415045
0.69405735
0.6941589
0.6941958
0.694374
0.69429034
0.69430083
0.6943201
0.69434184
0.6943031
0.6942646
0.69426733
0.69409305
0.6941526
0.69396955
0.6938463
0.6938477
0.69382393
0.6939423
0.69388026
0.6938485
0.693702
0.6937059
0.6937944
0.6938265
0.69386286
0.6940356
0.6943801
0.69430196
0.6940554
0.69396544
0.6937297
0.6938367
0.69375265
0.6937596
0.69368106
0.69360363
0.6933412
0.6932743
0.6932032
0.693241
0.69337976
0.69346154
0.6932909
0.6930665
0.69312024
0.6930032
0.69337845
0.69359785
0.6939659
0.6942096
0.6944513
0.6948101
0.6945952
0.6948571
0.6948191
0.6945114
0.69441587
0.6944048
0.6940048
0.69362944
0.69321537
0.6931091
0.69308925
0.6929843
0.692702
0.69247675
0.69260824
0.69245166
0.6923012
0.6923683
0.6922123
0.69243073
0.6922085
0.69224495
0.6924352
0.69246626
0.69260514
0.6928287
0.6928094
0.6931006
0.69323087
0.693366
0.69351184
0.69372195
0.69400775
0.6941931
0.69422895
0.69423556
0.69420004
0.69428384
0.6944179
0.69437957
0.6944092
0.694311
0.6942316
0.6941959
0.6941705
0.6941694
0.69391596
0.69386536
0.6938202
0.6937241
0.69362235
0.6935242
0.693583
0.69353205
0.6934814
0.69367117
0.6937559
0.6936941
0.6938944
0.6938075
0.69375736
0.69378173
0.69386053
0.69395316
0.6941149
0.69422954
0.6942599
0.69418675
0.6941956
0.6942947
0.6941659
0.69408613
0.69407034
0.69403416
0.6941479
0.6943218
0.69435966
0.69421494
0.69406974
0.69397753
0.6939336
0.69401014
0.6941005
0.69421834
0.69401217
0.69401187
0.6941942
0.69427234
0.6942103
0.69430757
0.6942065
0.69431627
0.6942452
0.6943906
0.6944663
0.6944305
0.6945366
0.6944382
0.694345
0.6940686
0.69402105
0.6939033
0.6938044
0.69385743
0.6938864
0.6938908
0.6939309
0.69400305
0.69407755
0.6940426
0.6941153
0.69408864
0.6942941
0.69450724
0.694636
0.69460875
0.694633
0.6946127
0.6943878
0.69429505
0.694323
0.69415104
0.6939987
0.69388914
0.6936958
0.6936296
0.6935153
0.6934581
0.6934812
0.6934247
0.69342774
0.6933934
0.6936352
0.69353545
0.69355685
0.6935837
0.6936565
0.6935213
0.6936198
0.6938607
0.69412184
0.6944286
0.6945687
0.69469875
0.69466484
0.6947578
0.69479257
0.6945532
0.69443196
0.6942569
0.69417745
0.69386464
0.69357437
0.6933356
0.69308805
0.6930102
0.69280833
0.6928163
0.69255775
0.6925345
0.6925757
0.6925808
0.6927288
0.6928695
0.6929876
0.6931154
0.6931281
0.6932923
0.6935722
0.69355667
0.6936173
0.69339335
0.69346946
0.6936248
0.69370806
0.6936841
0.69374406
0.6939146
0.69400096
0.6940287
0.69399184
0.69414556
0.6942714
0.6942871
0.69434226
0.69423914
0.6943024
0.69435424
0.6942436
0.6940544
0.6940638
0.6941413
0.6940969
0.69391376
0.69396955
0.6939016
0.69389385
0.6939573
0.6938436
0.6939055
0.69397473
0.6941082
0.6941949
0.6942522
0.6940675
0.69430953
0.69432294
0.6942921
0.6942354
0.6942727
0.694263
0.69413555
0.6939465
0.69393176
0.6940489
0.69393843
0.6939875
0.69392866
0.69402957
0.6939612
0.693919
0.69394743
0.6935728
0.69365704
0.6938369
0.6938828
0.6941335
0.69416666
0.69412947
0.69432825
0.6942651
0.6942225
0.69419324
0.6940881
0.6939029
0.69377595
0.6938382
0.69363004
0.69353926
0.6934095
0.6932669
0.69305587
0.6929222
0.69277304
0.6926569
0.6926631
0.69281405
0.6928919
0.69302225
0.6931462
0.6932185
0.6932689
0.6933254
0.69329345
0.6933109
0.6935215
0.69357765
0.69373286
0.69408476
0.69427395
0.6944374
0.6945808
0.6946915
0.6945763
0.6944039
0.69394547
0.6938004
0.69382364
0.6936295
0.6933535
0.69308215
0.69298154
0.6929731
0.6928235
0.69286174
0.69289494
0.6928935
0.69288003
0.6928342
0.6929728
0.69334584
0.69342107
0.69332844
0.69318897
0.6933024
0.693492
0.6936828
0.6936438
0.69380015
0.69392747
0.6939611
0.6938729
0.6938712
0.6940188
0.69410664
0.6938408
0.6936695
0.6935452
0.6934091
0.6932661
0.6928829
0.69269705
0.6926272
0.69244814
0.69240403
0.6923224
0.69240266
0.69261515
0.69262356
0.69278336
0.6926673
0.69282246
0.69323623
0.6932738
0.69335014
0.6933966
0.6935965
0.69377184
0.6938725
0.69392353
0.6939879
0.6939116
0.69377035
0.69375694
0.69378966
0.6938573
0.6936114
0.69357896
0.6936378
0.69356304
0.6935642
0.69352865
0.6936143
0.69357514
0.69350386
0.6935152
0.69356763
0.6935104
0.6934984
0.69366217
0.6936187
0.69356567
0.6936151
0.69359547
0.6936682
0.6935963
0.69370526
0.6938162
0.69381154
0.6937758
0.6937309
0.6935487
0.6935114
0.69367075
0.6936774
0.693532
0.6935583
0.6935722
0.6937153
0.6936815
0.6937708
0.6936217
0.6934726
0.6933935
0.6935839
0.69362825
0.69363034
0.693576
0.69361186
0.69358927
0.6934406
0.6934724
0.6934597
0.69355816
0.69368535
0.6936462
0.6937959
0.6937266
0.69360244
0.693588
0.6935498
0.6935888
0.6933524
0.6932966
0.6935018
0.6933397
0.6932356
0.6932479
0.69321215
0.69305503
0.6932375
0.6933598
0.69361967
0.6939042
0.6940414
0.69414
0.69434506
0.6942341
0.69404805
0.69376665
0.6936853
0.69339633
0.6932728
0.69307584
0.6928491
0.69273084
0.6926279
0.6925896
0.6926552
0.69253635
0.69248724
0.6924472
0.69236815
0.69231653
0.69220257
0.69223064
0.69238055
0.69256574
0.6924879
0.6927246
0.6927531
0.6928442
0.693026
0.69327056
0.6934349
0.6935487
0.6936684
0.6938465
0.69414437
0.6941392
0.69415176
0.69405127
0.6939528
0.69379926
0.69376284
0.69369334
0.6936535
0.6935168
0.69350237
0.69347465
0.6934215
0.6931947
0.6930188
0.693244
0.6933707
0.6935379
0.6936013
0.6935004
0.69344515
0.6934161
0.69343835
0.69344306
0.6937172
0.6935657
0.6935968
0.69354755
0.69358176
0.6936491
0.69382143
0.6939459
0.69396603
0.6940236
0.69415325
0.6940671
0.6938913
0.6939446
0.69391304
0.6937428
0.6936307
0.6934438
0.6935492
0.6936061
0.6934334
0.69330615
0.69348353
0.6933369
0.69324476
0.69317627
0.69317114
0.69323003
0.69330835
0.69363046
0.6938456
0.6941727
0.69425577
0.694333
0.69417053
0.6938395
0.6937241
0.69365084
0.69353247
0.69349223
0.6934042
0.6931663
0.6930019
0.69280446
0.6928666
0.6927323
0.6928241
0.692759
0.69280225
0.69264483
0.6926407
0.6928127
0.6929796
0.6929905
0.6930379
0.69311523
0.6932744
0.69334334
0.69348025
0.6935177
0.69363385
0.6937928
0.6939845
0.6939899
0.69390213
0.6940488
0.6940933
0.6940152
0.69389564
0.693736
0.69380105
0.6937206
0.69378006
0.69374114
0.69348526
0.6933098
0.6931445
0.6932172
0.6933987
0.69331855
0.6931832
0.6932239
0.69343424
0.69358706
0.6936143
0.6935784
0.6937182
0.69378626
0.6939359
0.69383615
0.69384086
0.69394416
0.6939145
0.6939064
0.69391316
0.69391656
0.69393057
0.69379807
0.6938002
0.6937342
0.69380534
0.69375175
0.6938794
0.69397503
0.69393754
0.6939787
0.69406056
0.69409007
0.69401526
0.6939972
0.6940094
0.69397116
0.6939461
0.69396186
0.69386154
0.6939071
0.6940594
0.69422454
0.6941806
0.6941154
0.6940662
0.69392353
0.6938178
0.69376236
0.69381
0.6937906
0.69376075
0.69395655
0.6938155
0.6937852
0.693742
0.6936665
0.6937831
0.69387776
0.6939677
0.69394344
0.6937894
0.6937727
0.69369775
0.6936639
0.6936517
0.69374394
0.6938122
0.69406664
0.6941002
0.6940096
0.6940202
0.6940071
0.6941349
0.6940331
0.6939151
0.6938449
0.6937278
0.6937906
0.69380647
0.693693
0.6937452
0.69376004
0.69356626
0.69361115
0.6937354
0.69371766
0.69381094
0.6939276
0.6940591
0.6941827
0.6941524
0.6944398
0.69433975
0.6942598
0.694105
0.6940613
0.6938004
0.6935522
0.69351226
0.69338346
0.69309497
0.69294053
0.69279784
0.69282657
0.69293547
0.69308645
0.6931538
0.6933115
0.6930746
0.69313234
0.69312114
0.69309044
0.6930249
0.693181
0.6933882
0.69390255
0.6943059
0.6946495
0.6950431
0.6950769
0.6951006
0.695145
0.6948655
0.69481504
0.69448644
0.6942796
0.6941622
0.693803
0.69339216
0.6930976
0.69300675
0.69282943
0.6925953
0.69229937
0.6921812
0.69227576
0.69225997
0.692215
0.69239753
0.6923521
0.6919608
0.6919696
0.69216186
0.69212425
0.69229746
0.6921969
0.69254315
0.69267225
0.69284505
0.69317585
0.6933942
0.6935791
0.6938868
0.69431686
0.6946514
0.69464
0.6948578
0.6949991
0.6949112
0.6949156
0.69477135
0.69473267
0.69462943
0.6944888
0.6942948
0.6941954
0.69406974
0.69402903
0.69380164
0.69378936
0.6936849
0.6937655
0.69380057
0.6936835
0.69362277
0.6935789
0.6934476
0.69360197
0.69361037
0.69355536
0.69371337
0.6935942
0.69353825
0.69363576
0.6937925
0.69384694
0.6939369
0.69379324
0.69386095
0.69391423
0.6941363
0.69421756
0.6941376
0.6940583
0.69402903
0.6942465
0.69424963
0.6942982
0.6943019
0.69427127
0.69434637
0.6940919
0.6940891
0.6940661
0.69414186
0.69413996
0.69415385
0.6940147
0.6940868
0.69398344
0.69381
0.69385225
0.6939972
0.69411665
0.6940432
0.6940481
0.69377154
0.6938956
0.6940265
0.6939972
0.69398135
0.6938099
0.6938529
0.6939722
0.69411826
0.6943118
0.6943091
0.69435483
0.69430816
0.69432306
0.6944252
0.69438416
0.6944177
0.6944667
0.694393
0.69421756
0.6940977
0.6941555
0.6940263
0.69401646
0.69403696
0.6940042
0.6940331
0.69390213
0.69406855
0.69393396
0.6939332
0.6942024
0.6943202
0.69458425
0.6946759
0.69460213
0.694705
0.6947618
0.6947558
0.694553
0.6942903
0.6941953
0.6940439
0.69389397
0.693693
0.6936605
0.6934009
0.6933265
0.69332355
0.6931769
0.6931186
0.69309205
0.6930803
0.6931612
0.693345
0.6933766
0.6933926
0.6935716
0.6937841
