0.7013917
0.7176953
0.70261127
0.70116967
0.7000413
0.69886404
0.6972633
0.69725496
0.69430065
0.69499886
0.6932408
0.69294065
0.6926859
0.69087106
0.68979377
0.6900253
0.68922514
0.68946266
0.6864364
0.68867344
0.686897
0.6862606
0.683938
0.68434256
0.68221176
0.68335384
0.68026567
0.6797474
0.6800224
0.67781496
0.6770973
0.6772844
0.6782699
0.67868596
0.67883605
0.67904204
0.6795499
0.6795991
0.6795837
0.67977285
0.68010145
0.67999953
0.6802478
0.67995596
0.6802196
0.68030375
0.6805199
0.6803899
0.68034506
0.6806636
0.68052214
0.68038654
0.68092555
0.6807949
0.6809189
0.6810368
0.680546
0.68115836
0.68100214
0.6810724
0.681411
0.68110734
0.68131685
0.68146026
0.6815096
0.6818891
0.6817123
0.68259937
0.68329114
0.6820579
0.6815229
0.68225265
0.68232334
0.6825166
0.6826253
0.6826987
0.68260205
0.68306804
0.6825603
0.6831587
0.6829819
0.68312377
0.68309695
0.6829911
0.68310463
0.6832618
0.6834278
0.68323106
0.6831621
0.68303037
0.68303096
0.6832327
0.68346375
0.683475
0.6834485
0.6835758
0.6838165
0.68387324
0.68389326
0.68377227
0.6840173
0.68350613
0.6839893
0.6839857
0.6839334
0.6838233
0.68400604
0.6843264
0.6842382
0.6843417
0.68388444
0.68413633
0.6838021
0.68420744
0.68441683
0.6843205
0.6846508
0.68479043
0.6848034
0.68467706
0.68457294
0.6845222
0.6851296
0.6848516
0.6847726
0.6845407
0.68505496
0.68505245
0.6850713
0.6852163
0.68532515
0.6854191
0.6852715
0.68515635
0.68561345
0.6855121
0.68554354
0.6857979
0.68571424
0.685704
0.6861218
0.68593025
0.686381
0.68604857
0.6857683
0.6858887
0.68609095
0.6861544
0.685819
0.6859442
0.68634635
0.6863142
0.6871898
0.6871682
0.6878374
0.6874313
0.68789434
0.68738985
0.6872148
0.6873784
0.68724424
0.68747765
0.6874535
0.6875351
0.68711305
0.6873544
0.68732744
0.6873755
0.6880628
0.68835425
0.68893605
0.689089
0.68886536
0.6886623
0.6886139
0.68863714
0.6884671
0.688799
0.6886153
0.6888748
0.6890944
0.68922156
0.6890666
0.688907
0.68919086
0.68976223
0.69012886
0.68988883
0.69014144
0.69024414
0.6906255
0.69003695
0.69047177
0.6904235
0.6903534
0.6902735
0.6901336
0.6902675
0.6905106
0.6904699
0.69064903
0.69116145
0.69103295
0.69113326
0.6915169
0.6915415
0.6915869
0.6919068
0.6918114
0.691933
0.69191056
0.6922326
0.6920819
0.6920559
0.6919589
0.6923062
0.69209623
0.6917664
0.6919791
0.69184226
0.6917624
0.6918003
0.6924065
0.6928184
0.693005
0.69285935
0.69296473
0.693254
0.6930365
0.6930793
0.69346553
0.69327456
0.6934606
0.69327474
0.6931331
0.6930267
0.69334084
0.69301385
0.6927614
0.6927407
0.6923861
0.69275576
0.6930977
0.6933628
0.6934991
0.6937695
0.6940935
0.6942444
0.69429034
0.6943977
0.6945754
0.69472104
0.69490373
0.694365
0.6948182
0.69510025
0.69522876
0.695258
0.6952868
0.6954902
0.69508743
0.69556355
0.69584405
0.6955419
0.69572496
0.69556606
0.6957182
0.6959418
0.6956034
0.6959525
0.695789
0.69553155
0.69556814
0.6958448
0.695412
0.6949428
0.69534737
0.6952323
0.69537854
0.6952445
0.6951365
0.69526
0.69508
0.6949646
0.69484186
0.694855
0.6952911
0.69491154
0.6948198
0.6948583
0.6948183
0.69479054
0.6947141
0.6946037
0.694685
0.69452995
0.6945991
0.69427246
0.6943465
0.6944406
0.6947324
0.69407725
0.69445956
0.6941887
0.69433624
0.69418126
0.6941727
0.69432366
0.6942432
0.69421214
0.69378835
0.69397813
0.6938011
0.69412565
0.6939254
0.69356346
0.6937462
0.69361395
0.69384915
0.69373935
0.6936208
0.69336444
0.69331014
0.69303393
0.6930401
0.6930258
0.6930944
0.6928992
0.6927756
0.69268304
0.6926496
0.6919227
0.6922599
0.6922755
0.69273335
0.69262105
0.69208413
0.6919673
0.69218725
0.69221634
0.69183177
0.69174415
0.69184226
0.6920024
0.6917219
0.69180465
0.6917636
0.69146264
0.6916012
0.6912685
0.69106
0.6909178
0.69056666
0.690772
0.69100046
0.69050306
0.69106436
0.6903745
0.6906417
0.69042665
0.69029325
0.6905312
0.6903681
0.69069266
0.6906192
0.6907667
0.6905427
0.6904791
0.6909092
0.69045097
0.69048333
0.69053835
0.6904349
0.6901227
0.6904643
0.69004315
0.69016415
0.6902747
0.69016224
0.69019717
0.69017756
0.6898191
0.6898851
0.6897588
0.6896436
0.68940306
0.6896559
0.6898396
0.69012654
0.690035
0.68966866
0.6894025
0.6896833
0.6896497
0.68968785
0.6892296
0.68940365
0.68950194
0.6891245
0.68910193
0.6892382
0.6886561
0.6887018
0.68904495
0.68963194
0.68982905
0.6892935
0.6894092
0.6890729
0.689095
0.6886535
0.6887615
0.6884691
0.6887416
0.68882316
0.68876225
0.6885854
0.68864733
0.6878377
0.688327
0.68921036
0.68924576
0.68965864
0.689094
0.68938726
0.6892376
0.6889236
0.6890957
0.6889352
0.6891995
0.6889156
0.6895276
0.6891659
0.6890355
0.68909246
0.689304
0.68903095
0.68921155
0.68977743
0.69030136
0.6898437
0.69041264
0.6901204
0.689754
0.68970364
0.69002855
0.6895076
0.68981403
0.69021255
0.69017833
0.6901409
0.6899693
0.6901599
0.6897988
0.6896971
0.68932456
0.6903309
0.69075376
0.69176686
0.6908524
0.6907328
0.69071424
0.6908735
0.69040036
0.6905619
0.690481
0.6902064
0.6905306
0.6911976
0.69101596
0.69104207
0.69068044
0.69043404
0.69010925
0.6897661
0.6900619
0.6905729
0.69089663
0.69145536
0.69094896
0.69166756
0.6914648
0.6907003
0.6912517
0.6907341
0.69056016
0.6909571
0.6909352
0.6908423
0.69130373
0.6916503
0.6912144
0.69122815
0.69109493
0.6905797
0.6903882
0.6908364
0.6907913
0.6906635
0.69063985
0.69136786
0.6916092
0.6917
0.6924025
0.69185084
0.691229
0.6908291
0.69089013
0.69085175
0.69077444
0.69097346
0.69140905
0.691668
0.69141185
0.69147605
0.69128036
0.6912616
0.6913759
0.6914198
0.69135076
0.6916517
0.6922606
0.6929781
0.692713
0.6926047
0.6925773
0.6930051
0.69244444
0.6921576
0.6925909
0.69238275
0.69219476
0.6925561
0.6923687
0.6924774
0.6921064
0.69211864
0.6921679
0.6921712
0.6923642
0.69176275
0.6918777
0.69193226
0.6919973
0.6924136
0.6926747
0.6932274
0.69361556
0.6933935
0.6931905
0.6928919
0.69328576
0.6925933
0.69276226
0.69274837
0.69279176
0.692704
0.6926363
0.69265985
0.69278115
0.6926953
0.6925388
0.6927375
0.6929674
0.69254804
0.6919986
0.6923691
0.6922005
0.69244146
0.692918
0.6934647
0.6939678
0.6945786
0.6946532
0.69396716
0.69363105
0.69395715
0.6931052
0.6921988
0.69230247
0.6926204
0.69276446
0.69343543
0.693387
0.6932372
0.69305384
0.69291323
0.69328356
0.6928724
0.6929127
0.69188845
0.69215596
0.6921559
0.69290555
0.6932963
0.69344044
0.69363403
0.6936978
0.693882
0.6936701
0.6934312
0.6932276
0.69278425
0.69307446
0.6930203
0.69306964
0.69329023
0.69347876
0.6934951
0.6936434
0.6935063
0.6930725
0.6936644
0.6931203
0.6930193
0.69308573
0.6932436
0.6936336
0.6936997
0.6939451
0.69435924
0.6947424
0.6939471
0.6940699
0.6937475
0.6939862
0.6939366
0.6937517
0.694035
0.6938423
0.69366074
0.69399524
0.69397396
0.6938952
0.6939826
0.6936948
0.6937575
0.69389075
0.6940805
0.6934509
0.6935662
0.69329816
0.69412595
0.6943011
0.6940817
0.69420594
0.6943383
0.6942645
0.6946492
0.6944011
0.6942723
0.6942656
0.69433326
0.6941918
0.69407445
0.69407135
0.6941329
0.6942402
0.694197
0.6939704
0.6942108
0.6937187
0.6937626
0.69356453
0.6934757
0.6938016
0.69365543
0.6932988
0.6935036
0.69381696
0.6942326
0.69417745
0.6945677
0.69452775
0.69447416
0.69461936
0.6946021
0.6944533
0.69479424
0.69495034
0.6946276
0.6945352
0.6945171
0.69458216
0.694647
0.69435185
0.6942325
0.69419175
0.6943225
0.6944072
0.694114
0.6939893
0.694422
0.69419414
0.69441843
0.693999
0.69418466
0.69447154
0.6943067
0.6947163
0.6948903
0.6947868
0.69495857
0.6951307
0.69521505
0.6953543
0.6953382
0.69513273
0.6950695
0.69489723
0.6946635
0.6947032
0.694944
0.6948434
0.69486845
0.6946509
0.6945629
0.69458854
0.6949029
0.69463044
0.6948547
0.69437546
0.694443
0.6945816
0.6947018
0.69427687
0.6944412
0.6939502
0.6940116
0.6941919
0.69416475
0.6939795
0.69412416
0.6947334
0.69486153
0.6946702
0.6948656
0.6950312
0.6949156
0.694905
0.6948106
0.6952328
0.6951905
0.6951197
0.69513404
0.69501936
0.69536066
0.6949141
0.69504404
0.6947857
0.69514704
0.6947814
0.6949592
0.694895
0.69493055
0.6948524
0.6951041
0.69463074
0.6947684
0.6945254
0.69504815
0.6947796
0.69488
0.6947494
0.6950758
0.69539756
0.69542235
0.6956767
0.695792
0.695639
0.6957083
0.6956575
0.695366
0.69539404
0.6952945
0.69559556
0.6953276
0.6955534
0.69545
0.69530225
0.6951558
0.6952265
0.6951005
0.6949789
0.6949233
0.69488883
0.69503903
0.6951599
0.69498104
0.69525135
0.6949377
0.6951807
0.69532746
0.6952526
0.6955654
0.6954773
0.6955881
0.695588
0.6956356
0.69565547
0.69546044
0.6952259
0.6951873
0.6954875
0.695642
0.6951906
0.6956898
0.69539183
0.6951476
0.69520646
0.6949098
0.6948619
0.6949293
0.69502103
0.6951025
0.69528913
0.69514126
0.6952741
0.69541204
0.69543415
0.6954098
0.69549197
0.6955759
0.6956561
0.695628
0.6955639
0.6954693
0.6954239
0.69544166
0.69568396
0.6956234
0.6954953
0.6954455
0.6957557
0.69558287
0.69544214
0.6955625
0.6954647
0.6952511
0.69534963
0.6953611
0.6954819
0.69528407
0.69512284
0.6950048
0.69502264
0.69505334
0.6952736
0.69525385
0.69550174
0.69538313
0.69556373
0.6954994
0.69535434
0.69536716
0.6954726
0.69528717
0.69525146
0.69520944
0.6954357
0.69532037
0.69511175
0.6952537
0.69543964
0.69558084
0.6954122
0.6954523
0.69566435
0.6955244
0.6953756
0.6951781
0.69544405
0.6953699
0.6953543
0.695311
0.69509715
0.6955025
0.6956658
0.6955765
0.6953524
0.6952421
0.6953073
0.69524354
0.6951367
0.69539016
0.6952665
0.6956837
0.6953397
0.6952505
0.69536
0.6953098
0.695376
0.69559306
0.69579273
0.695509
0.69574034
0.69566673
0.69564134
0.6956993
0.6954163
0.6957667
0.6954498
0.6954578
0.6957459
0.6958001
0.69566166
0.6957053
0.69552106
0.6954968
0.69533014
0.695484
0.69552803
0.6955679
0.69556844
0.6954696
0.69549924
0.6955627
0.6955931
0.6958945
0.6958967
0.6956763
0.69565904
0.6954988
0.69544655
0.6954449
0.69533616
0.6956672
0.6954796
0.69534546
0.6956231
0.6956754
0.6957011
0.6959606
0.6959577
0.6961689
0.69576335
0.6957633
0.69578487
0.69563866
0.6957703
0.6957132
0.695533
0.69558173
0.6959038
0.6956909
0.6959867
0.6957307
0.6956377
0.69543153
0.6954132
0.69534576
0.6952773
0.6956174
0.69535697
0.69542813
0.695459
0.69551736
0.69555306
0.69532526
0.69542927
0.6955383
0.6955269
0.69546866
0.6955393
0.6958612
0.69551134
0.6957176
0.6955026
0.6957489
0.6956998
0.6951585
0.69535106
0.69562984
0.69572794
0.6953434
0.69524914
0.69528395
0.69547856
0.695672
0.6957126
0.69552726
0.69515675
0.69520193
0.6947133
0.6947402
0.6939401
0.69451827
0.69534516
0.6958806
0.6960176
0.69599134
0.69563586
0.69587195
0.69569576
0.6957428
0.69583714
0.6957726
0.6958044
0.6956795
0.6955489
0.695716
0.69558764
0.695654
0.695584
0.6957462
0.69565773
0.6956352
0.69577056
0.6960965
0.69576055
0.69583106
0.6957336
0.6955521
0.6955087
0.69545513
0.69573885
0.69570357
0.69561654
0.69561243
0.6956458
0.6954774
0.6954959
0.69560546
0.69573563
0.69563663
0.6958684
0.6960127
0.695959
0.69564265
0.69556314
0.69584
0.6958204
0.69586694
0.6959974
0.69561243
0.6956435
0.6958074
0.6956199
0.69597435
0.6958498
0.69583946
0.69571817
0.6956941
0.6957367
0.6959119
0.69577163
0.6957557
0.69606113
0.69601274
0.69564897
0.6959628
0.69596493
0.69595766
0.6958968
0.6960311
0.69555
0.69543695
0.69556695
0.69568366
0.6959136
0.6955457
0.69605523
0.6959848
0.6957317
0.6956847
0.6956837
0.6959939
0.69575584
0.6956652
0.69556016
0.6957615
0.6954745
0.6958402
0.69581085
0.6957135
0.6960201
0.69589406
0.6956807
0.6957162
0.6957058
0.69578135
0.6959786
0.6960705
0.6960432
0.69603807
0.6961871
0.6962343
0.6962002
0.69594973
0.69625574
0.6963092
0.69621456
0.6959897
0.6960813
0.69613665
0.6960667
0.6959349
0.69568753
0.6959622
0.6959579
0.6958796
0.69601893
0.6958633
0.6959704
0.6959037
0.69567627
0.6957102
0.69587433
0.6958499
0.69605863
0.69597125
0.6960988
0.696354
0.6962451
0.69623554
0.69640917
0.6963334
0.6967795
0.6965248
0.69615865
0.6963489
0.69617045
0.6959096
0.69556373
0.69567066
0.69557124
0.695571
0.69574946
0.69565886
0.6955772
0.6958233
0.695636
0.6959599
0.6962404
0.6957943
0.69560164
0.69570166
0.6957981
0.695904
0.69606364
0.69600236
0.696124
0.6962994
0.6963169
0.6964743
0.6964703
0.6967542
0.69645435
0.6963169
0.6963415
0.69630283
0.6958548
0.6961373
0.6960204
0.69576854
0.6960307
0.6959348
0.6957851
0.69571584
0.6957183
0.6958538
0.696035
0.69631976
0.6966251
0.6968582
0.69673955
0.69686717
0.69681156
0.69658923
0.69663876
0.6967049
0.6963227
0.6965289
0.69627064
0.6964655
0.6961069
0.6961428
0.696171
0.6957921
0.69573575
0.6952713
0.6953618
0.6952611
0.6951867
0.69567025
0.69569635
0.69561243
0.69592875
0.6961599
0.6960313
0.6960115
0.6959466
0.6961287
0.6960648
0.69619435
0.69607955
0.69617957
0.6965398
0.69616604
0.69569826
0.69625777
0.6959598
0.6959622
0.6955952
0.6960108
0.6956895
0.6958748
0.6957428
0.696036
0.69600797
0.69617957
0.69627017
0.6965706
0.6961687
0.69623363
0.69648945
0.6962773
0.6960473
0.69624835
0.69601196
0.69603974
0.6961507
0.69608885
0.695994
0.69599867
0.6956637
0.6959278
0.69577646
0.6958571
0.69562393
0.6958109
0.69621205
0.69630414
0.6959485
0.69595224
0.69610333
0.69610494
0.69624984
0.69638973
0.69656146
0.6966072
0.6963649
0.69663423
0.6962738
0.69623846
0.696276
0.6963042
0.6960466
0.6956697
0.69565415
0.69553035
0.69525564
0.6953025
0.6954252
0.6957368
0.69545835
0.6952153
0.6952752
0.69509023
0.6952965
0.6954671
0.69589925
0.69626296
0.6963151
0.6966873
0.69663215
0.6967728
0.6969123
0.69654566
0.6960386
0.6956131
0.69556475
0.6955745
0.69530404
0.6953899
0.6950678
0.69523287
0.6953184
0.69526404
0.6952077
0.6948984
0.69558495
0.6960261
0.69603366
0.6962186
0.69654363
0.69664615
0.6966608
0.6963271
0.6960843
0.69621354
0.69649285
0.69647574
0.6964138
0.6964562
0.6964614
0.6965144
0.6962202
0.6961022
0.6960307
0.6961488
0.69609845
0.6958085
0.69558144
0.6954972
0.69551915
0.69542474
0.69562924
0.6953985
0.6957322
0.69589305
0.6958696
0.69606894
0.696023
0.6959337
0.696016
0.69593257
0.69585896
0.69603014
0.6958736
0.69612145
0.6963887
0.696335
0.6960518
0.6961315
0.69636
0.6963083
0.69648355
0.6967079
0.6965197
0.69634426
0.6963045
0.6963528
0.69614846
0.69568586
0.69572026
0.6957764
0.6957534
0.69572496
0.69617224
0.695962
0.6959167
0.6957801
0.69622946
0.69641703
0.6968484
0.69678265
0.696647
0.69632024
0.6965618
0.69645166
0.69636536
0.6962992
0.69626635
0.6961343
0.6960307
0.696033
0.6963204
0.69656223
0.6966179
0.69648516
0.6964314
0.69633245
0.69610405
0.6958861
0.6958268
0.6957744
0.6956433
0.6955736
0.6956731
0.6957004
0.69568926
0.6959319
0.69611883
0.6964298
0.69659346
0.69712466
0.6971935
0.6969754
0.69699126
0.697177
0.6970107
0.6968098
0.6967155
0.6964158
0.69625646
0.6958099
0.6956583
0.69552165
0.69524115
0.6950884
0.69522804
0.695155
0.69525564
0.695333
0.695683
0.69573724
0.6959508
0.6959348
0.6959419
0.6962965
0.69653016
0.69717354
0.69696695
0.69726455
0.69755095
0.69733256
0.6969504
0.6967828
0.6968522
0.6966785
0.6968856
0.69683945
0.6968293
0.6962824
0.6960374
0.69607157
0.69596785
0.6956805
0.69543976
0.69531965
0.6953153
0.695383
0.6955416
0.6955982
0.6958512
0.69579506
0.69596535
0.69638294
0.69634545
0.6963552
0.6967461
0.6965718
0.69658643
0.6965582
0.69667
0.6964747
0.69618416
0.6960025
0.6958484
0.6957563
0.69594914
0.6957821
0.695589
0.69535106
0.6953867
0.6952987
0.69511837
0.69539946
0.6955727
0.6957835
0.69576055
0.69595224
0.6962069
0.6964547
0.69683343
0.69723815
0.6975315
0.697468
0.697118
0.69698054
0.69653845
0.69637245
0.6959859
0.69586635
0.69594175
0.69580275
0.69538075
0.6948895
0.6946231
0.6945202
0.6943036
0.69443125
0.6940833
0.6942943
0.6949217
0.69534564
0.6957647
0.69603735
0.6960835
0.6961843
0.69638944
0.69683313
0.69719803
0.697214
0.6969789
0.6965443
0.69618815
0.69657266
0.69652927
0.69642085
0.69606817
0.695732
0.695484
0.6950674
0.6947554
0.69451416
0.6946591
0.6945727
0.69472396
0.694775
0.69454306
0.6949095
0.69568694
0.6960237
0.6959917
0.69614726
0.69613224
0.6967242
0.6969642
0.6972125
0.69697046
0.69679546
0.6966361
0.696468
0.69603425
0.6961939
0.6961183
0.6957917
0.69556665
0.69543564
0.69516414
0.6951722
0.695142
0.69519
0.6950619
0.6949591
0.6947631
0.6948957
0.69486934
0.6952699
0.6953285
0.69543445
0.6956655
0.6960079
0.69633037
0.696485
0.6970733
0.6974347
0.6974121
0.6974991
0.69690055
0.69652337
0.6963247
0.6963436
0.6958897
0.69535625
0.6949906
0.6946253
0.6943526
0.6944384
0.69444746
0.69396055
0.69403064
0.6939004
0.6944476
0.6951159
0.6952875
0.69535524
0.6956044
0.6958566
0.69598955
0.6965394
0.6965787
0.6967408
0.6963642
0.696153
0.69618577
0.69612837
0.69565946
0.6954223
0.69546384
0.6952405
0.6955853
0.6958677
0.6959785
0.6960756
0.69607544
0.69608676
0.69619775
0.696101
0.695884
0.69594073
0.69566566
0.69504285
0.6948673
0.6951491
0.69515586
0.6947939
0.69490415
0.69470304
0.694933
0.69514847
0.69479704
0.6950543
0.69538325
0.69556665
0.6953089
0.695538
0.6956306
0.6960894
0.6963841
0.6963087
0.696324
0.6963382
0.6961729
0.6959894
0.69621485
0.6961264
0.69584906
0.6954601
0.69510573
0.69482404
0.6947032
0.69467103
0.69448256
0.6945598
0.6943175
0.69446284
0.6948116
0.6949047
0.6948323
0.69473124
0.6949517
0.69504595
0.69530666
0.69540775
0.6954454
0.6960206
0.6963132
0.6967159
0.6968397
0.69695604
0.6964071
0.69639045
0.6960567
0.69538426
0.6951726
0.6948748
0.69469565
0.6943516
0.69405943
0.6938376
0.6937006
0.69367963
0.6935818
0.6935468
0.6942751
0.69480735
0.6953327
0.69543093
0.6957714
0.6959826
0.6963747
0.6967014
0.69683117
0.69672745
0.6965214
0.696587
0.6965279
0.69643897
0.6961228
0.69597936
0.6952763
0.694677
0.69449174
0.694065
0.6940009
0.6941443
0.69416296
0.6937365
0.69350743
0.69348097
0.69407827
0.69403076
0.6944624
0.6948714
0.6951583
0.69558996
0.6959074
0.6960973
0.69594866
0.6963503
0.69628394
0.6963206
0.69615835
0.6962028
0.6961714
0.6962204
0.69621265
0.6959355
0.6959867
0.695616
0.6951162
0.6948429
0.6942503
0.6941532
0.69427824
0.69385475
0.693419
0.6936201
0.6939412
0.6942201
0.69465005
0.69490695
0.69504017
0.69528925
0.6955096
0.6958543
0.6957625
0.6958005
0.6958573
0.696186
0.69641495
0.69611424
0.69563574
0.69526273
0.69471467
0.69424385
0.69397694
0.6939812
0.6939049
0.69392794
0.69398755
0.69397247
0.6943119
0.694277
0.69446456
0.69432664
0.6943571
0.6945032
0.69447494
0.69438
0.6947044
0.6947382
0.695186
0.6951488
0.69484866
0.69522387
0.6951859
0.69526976
0.6948917
0.69492334
0.69487554
0.6946378
0.6945328
0.69489056
0.6947806
0.694626
0.694407
0.6946495
0.6946048
0.69428915
0.69425803
0.6942011
0.6939556
0.69436467
0.69425696
0.69437385
0.6948497
0.6948225
0.6946842
0.6945458
0.6946643
0.6948678
0.6946752
0.6951197
0.69499385
0.69492507
0.69474584
0.6949425
0.69504696
0.6948951
0.6947764
0.69482726
0.6942992
0.69422656
0.69404805
0.6940162
0.6939519
0.6941387
0.6939788
0.69384915
0.69404966
0.6942608
0.6941018
0.6939521
0.69409925
0.6941089
0.6943663
0.69447964
0.69486123
0.69493985
0.6948067
0.69472086
0.69471246
0.69462484
0.6943698
0.6944804
0.6944798
0.6945723
0.69454634
0.6946685
0.6945882
0.69456005
0.69440764
0.6943994
0.69415754
0.6938252
0.6937249
0.6936499
0.69344
0.6935631
0.69352514
0.69364333
0.69380414
0.6939602
0.69402426
0.69406545
0.6941301
0.69417924
0.69422865
0.6942366
0.6944967
0.6946294
0.6943868
0.69432485
0.6941329
0.6940215
0.6940463
0.69391954
0.69390625
0.69384784
0.69398075
0.6936393
0.69388944
0.6939475
0.69414055
0.69425917
0.69460857
0.6947723
0.69503075
0.69520426
0.69509125
0.69484586
0.6946861
0.6943565
0.69422185
0.6942977
0.69422174
0.6938433
0.69377565
0.69394726
0.6940361
0.6938697
0.6935049
0.6933802
0.6936743
0.6938505
0.69384044
0.69373226
0.69367397
0.6933752
0.6935302
0.6939567
0.69403523
0.69419235
0.69431835
0.6943879
0.69472575
0.6948221
0.6946524
0.69463336
0.69435805
0.6942193
0.69420165
0.69384587
0.6933998
0.69304335
0.69285035
0.692976
0.6931579
0.6932873
0.69317997
0.6931781
0.69321114
0.6934997
0.69404644
0.6943701
0.6945391
0.6945277
0.69499254
0.69559205
0.6953827
0.6949955
0.69482464
0.694437
0.6943451
0.6941514
0.6938212
0.6935476
0.693415
0.69335175
0.69333297
0.6928395
0.6928933
0.69309664
0.6930976
0.69327056
0.6934536
0.69357616
0.6938851
0.69416946
0.69411725
0.6939523
0.693545
0.6938054
0.6937094
0.6935999
0.6937159
0.6936628
0.6938453
0.6937567
0.69382715
0.6935732
0.6938537
0.69390863
0.69402236
0.6940277
0.69393855
0.6937273
0.6936025
0.6934396
0.6935773
0.69372654
0.69399905
0.6939525
0.69396204
0.69412744
0.69357115
0.6933925
0.6936975
0.6938116
0.69432706
0.6942461
0.69436675
0.69437104
0.69459397
0.6943567
0.6942422
0.69420683
0.6941811
0.6940179
0.69404566
0.6939491
0.6940411
0.6938933
0.69371164
0.6935407
0.6935052
0.6935509
0.6934726
0.69361484
0.6936806
0.6939751
0.69398016
0.6937858
0.69371367
0.6938604
0.693937
0.6940343
0.69390965
0.69398236
0.6941051
0.69394666
0.6941069
0.6944478
0.6944501
0.69441617
0.69454944
0.69430596
0.6940237
0.693903
0.69385105
0.6938918
0.6938376
0.6936762
0.693665
0.69355005
0.6936531
0.69339186
0.69350696
0.693448
0.6932902
0.6937604
0.6939398
0.6939564
0.6941291
0.6944
0.69435537
0.69462234
0.6948727
0.69500655
0.6953295
0.6952922
0.694933
0.6947026
0.6943386
0.69398946
0.69371444
0.6932074
0.6932535
0.6931869
0.6929926
0.6929868
0.6929762
0.6932089
0.69333214
0.6936297
0.6935768
0.69335645
0.69370717
0.69389963
0.69404966
0.6939806
0.69407195
0.69401675
0.69396836
0.6940794
0.6939479
0.69415396
0.6939919
0.6941083
0.6941002
0.6939168
0.6942671
0.6942831
0.6942401
0.6940033
0.6941407
0.6941289
0.6935938
0.6938326
0.6939846
0.69386077
0.693821
0.6941158
0.69403595
0.6940199
0.69446737
0.69439816
0.69475794
0.6953401
0.6950525
0.6947983
0.6948635
0.6943126
0.6943161
0.69410074
0.69395065
0.6936125
0.6934235
0.6933025
0.6931996
0.69302607
0.6929036
0.69270957
0.69292134
0.6932168
0.69334406
0.6937052
0.69420004
0.69430846
0.6948874
0.6952054
0.6952369
0.69539464
0.6949951
0.6946216
0.6944003
0.69452727
0.6943646
0.6939232
0.6934498
0.69302166
0.69290346
0.69271326
0.69277304
0.69267297
0.6926486
0.6931968
0.69334275
0.6938058
0.6937456
0.6937755
0.69403917
0.69430315
0.6946245
0.6945659
0.69458085
0.69480455
0.6944255
0.69455606
0.6945549
0.69453967
0.694531
0.694365
0.69396895
0.6937096
0.6932896
0.6932561
0.69316196
0.6929686
0.6931044
0.69363517
0.69398654
0.6938771
0.6937943
0.694036
0.6940086
0.6942677
0.6941949
0.6945105
0.6945195
0.6945822
0.6946856
0.6946941
0.69477916
0.69475216
0.69430673
0.6938597
0.69383496
0.69376016
0.6935755
0.69357795
0.6935314
0.693384
0.6935408
0.69345766
0.6933483
0.69345945
0.6935821
0.6938191
0.6939173
0.6941223
0.69430834
0.69446576
0.6946473
0.69477457
0.69489783
0.6947823
0.6946146
0.69428873
0.6943721
0.6946242
0.69423586
0.6944894
0.69433254
0.6943213
0.69418204
0.6941091
0.6943418
0.69391495
0.6937451
0.69353914
0.6935132
0.69360095
0.6938121
0.6940359
0.6938938
0.69402313
0.69430584
0.694409
0.6944657
0.6947637
0.6948623
0.69474345
0.69465846
0.6944364
0.69415385
0.6939281
0.6940205
0.69410723
0.69434214
0.6939748
0.693847
0.6938652
0.6939219
0.6938975
0.6940506
0.69397813
0.6941647
0.69435453
0.694278
0.6943072
0.6943526
0.6942722
0.6942131
0.6943202
0.6946062
0.6946469
0.6949275
0.6947014
0.6943845
0.6940848
0.6937287
0.6936404
0.69375086
0.6939421
0.6941829
0.6941656
0.69440174
0.69407845
0.6940882
0.69399756
0.69398004
0.6939834
0.6940548
0.69420516
0.6942184
0.6944297
0.6943485
0.69456613
0.69455975
0.6943023
0.69404924
0.69407004
0.6939896
0.6940296
0.69412345
0.69430476
0.69401276
0.69400233
0.6938145
0.6940823
0.69390684
0.6939002
0.6940924
0.6940164
0.69393295
0.6938619
0.69417995
0.6943358
0.6945515
0.69426376
0.6945333
0.6945108
0.6942756
0.69437915
0.6945728
0.6945057
0.69458634
0.6944583
0.6943781
0.6943057
0.69434214
0.6941324
0.6939562
0.693832
0.6935837
0.69370806
0.69359577
0.6930373
0.69266516
0.6925991
0.6928481
0.6935987
0.6942232
0.69450676
0.694633
0.6947811
0.6947046
0.69477063
0.694862
0.6948841
0.6949666
0.69506484
0.6949716
0.69473344
0.69466764
0.6946383
0.6944435
0.69419795
0.69413143
0.6939172
0.6937883
0.69377834
0.693764
0.6935462
0.69351596
0.6932256
0.69335127
0.6932464
0.6933529
0.69398606
0.69435966
0.69480336
0.6951087
0.6954672
0.69569325
0.6954298
0.6955068
0.6954185
0.6954845
0.69496614
0.69485116
0.69470155
0.69460016
0.6943981
0.6940991
0.6940288
0.69379365
0.6937032
0.6935997
0.69357795
0.6932854
0.69319856
0.69316596
0.6932952
0.6934023
0.69355917
0.69365394
0.6939705
0.69433033
0.69446295
0.6946981
0.6946333
0.6948982
0.69468045
0.6949691
0.6947183
0.69464797
0.6945987
0.69434476
0.69423753
0.6940211
0.6941356
0.6940595
0.6937929
0.69369584
0.6937737
0.6935748
0.6933986
0.69346213
0.6935175
0.6935539
0.69379413
0.69345665
0.6934784
0.6938433
0.6938926
0.6942671
0.6944366
0.6946717
0.69496787
0.6950268
0.69508123
0.6953841
0.6954259
0.6949991
0.69491416
0.6947515
0.69473547
0.6944292
0.69418144
0.6938834
0.6939399
0.6939124
0.6936503
0.69353414
0.6933381
0.69309795
0.69304097
0.6931456
0.6931642
0.69338065
0.6936011
0.6939257
0.69447756
0.6946107
0.69470835
0.6946693
0.6950839
0.6955515
0.69558954
0.69543093
0.6955387
0.6954051
0.6954263
0.6953089
0.695161
0.69469446
0.6945464
0.69441676
0.6941071
0.6938446
0.6935587
0.693474
0.6930704
0.6929213
0.69251513
0.6925397
0.6927517
0.69254726
0.69299203
0.69345814
0.6937533
0.6940534
0.6941063
0.69438374
0.69448864
0.69448966
0.6947923
0.6949966
0.69549894
0.69551903
0.69574034
0.69583243
0.69561595
0.69539595
0.6950614
0.69452155
0.6941311
0.693801
0.69377226
0.6935494
0.69349724
0.69346696
0.69327915
0.693016
0.69284326
0.69249856
0.69217134
0.692561
0.6928118
0.69311523
0.6938258
0.6944002
0.6948839
0.6952453
0.6954865
0.6954681
0.6956508
0.69594204
0.69598055
0.6960358
0.6955635
0.6954398
0.69510955
0.69507235
0.69496036
0.69476694
0.6944912
0.69415843
0.6939423
0.6936234
0.6930919
0.6931217
0.69298095
0.69306135
0.693041
0.69337267
0.69336843
0.69369555
0.69378054
0.6939349
0.6938141
0.69364434
0.6937689
0.6941818
0.6940121
0.6939229
0.6940664
0.69440204
0.6943517
0.69452584
0.6946658
0.6945823
0.69450647
0.6942048
0.6945198
0.69476324
0.69466907
0.69460166
0.69424933
0.6940264
0.6941375
0.69394046
0.69384223
0.69387203
0.6939409
0.6940605
0.6939564
0.6940754
0.69398534
0.69405943
0.6941159
0.69411904
0.69425696
0.69463885
0.69460315
0.69471234
0.6946402
0.694493
0.6945381
0.6946072
0.69448525
0.6944256
0.6942839
0.69427615
0.69446737
0.69455487
0.6942736
0.6940424
0.69406897
0.69397956
0.69399565
0.69393045
0.6941791
0.6942652
0.6941243
0.6941438
0.6943452
0.6943084
0.6944568
0.6944448
0.6945993
0.6947387
0.6946627
0.6946357
0.69494593
0.6949051
0.6951273
0.69508684
0.6948858
0.6946457
0.6944157
0.6941454
0.693774
0.69379246
0.6935705
0.69357246
0.69356894
0.69352996
0.69343346
0.69372034
0.69409704
0.69411325
0.6941666
0.69419056
0.6944166
0.6944049
0.69458264
0.694795
0.6950342
0.69516474
0.6949938
0.6948352
0.69458103
0.6945684
0.69449353
0.6943958
0.69444937
0.69439125
0.69433224
0.6944039
0.6945299
0.6943718
0.69427073
0.6941323
0.69380724
0.6937611
0.69363725
0.6938058
0.6939266
0.694179
0.6944327
0.6943914
0.6945626
0.6945532
0.6945591
0.69473433
0.6946932
0.6945405
0.69469583
0.6948777
0.6948574
0.69469947
0.6948241
0.6946251
0.6943631
0.694181
0.6938319
0.6937156
0.6938185
0.69377345
0.6939216
0.69380504
0.6938157
0.69423604
0.6943929
0.6942643
0.6944725
0.69442046
0.6944909
0.6946599
0.69454145
0.6944184
0.6945857
0.69474286
0.69483286
0.6948038
0.69449586
0.694308
0.69431186
0.69392073
0.6937683
0.6939031
0.6939663
0.6940675
0.69418603
0.6943291
0.6946947
0.69455653
0.694324
0.6941907
0.6942238
0.6941517
0.69399786
0.694031
0.69395596
0.6940538
0.6942681
0.69421756
0.69423044
0.6940534
0.6940489
0.69413084
0.6942299
0.6944354
0.69459885
0.6943822
0.6943593
0.6943617
0.69456846
0.6948331
0.6948723
0.69480467
0.6949361
0.6949402
0.6947073
0.69465256
0.69420725
0.6939794
0.6935127
0.6936471
0.6936878
0.693629
0.69349813
0.6935255
0.69348717
0.69400424
0.69436246
0.6946569
0.6945864
0.6948273
0.6950509
0.6951992
0.695427
0.69535697
0.69508487
0.6949829
0.6949105
0.6949623
0.69490606
0.6947152
0.69442254
0.69401217
0.693852
0.69396555
0.6939059
0.69389296
0.6940154
0.69417197
0.6941288
0.6940913
0.6941528
0.69400615
0.6940322
0.69422835
0.694367
0.6946022
0.6945484
0.6948188
0.6945955
0.6945286
0.69478184
0.69517946
0.69571143
0.69587594
0.69577646
0.6954533
0.6954943
0.6950469
0.69485146
0.6945318
0.6944154
0.6939731
0.69376534
0.6934461
0.6932079
0.69309276
0.69337785
0.69345844
0.69318694
0.69306564
0.69330287
0.6938496
0.6943515
0.6947504
0.6948623
0.6949036
0.6949968
0.69529897
0.69533616
0.69551665
0.69548494
0.69579995
0.69569033
0.69565237
0.69515395
0.6950422
0.6949402
0.6945879
0.6942846
0.6940901
0.69361746
0.69362617
0.69375825
0.69374734
0.69361544
0.6934763
0.69357604
0.693552
0.69394714
0.6942921
0.69453984
0.69490355
0.6949553
0.6950339
0.6949934
0.69507295
0.69504344
0.69516176
0.6952688
0.695168
0.69504964
0.6948643
0.6948703
0.6947244
0.69426143
0.69412255
0.69380635
0.6935693
0.6938017
0.69373083
0.6938694
0.6937732
0.6935733
0.6936473
0.69369113
0.6936822
0.6940058
0.6941729
0.6944035
0.69454813
0.6945289
0.69457114
0.6946347
0.69502884
0.69523495
0.6954363
0.69549143
0.69522935
0.69486886
0.6948685
0.69466895
0.69440967
0.6942242
0.69424844
0.6944632
0.6944043
0.6944367
0.6941949
0.6943929
0.6946972
0.6946606
0.69461703
0.69459504
0.6946695
0.6946528
0.6945886
0.69460285
0.6947262
0.6948119
0.69510794
0.6951122
0.6951915
0.69521165
0.6951003
0.6948476
0.69466305
0.6945383
0.69460183
0.69479626
0.69445056
0.6940471
0.69380385
0.69389635
0.69380647
0.6938698
0.69387573
0.6942248
0.69451267
0.6948852
0.69498616
0.6951677
0.695303
0.69541407
0.69563085
0.6957086
0.69561285
0.69542295
0.6951808
0.6948654
0.69458914
0.69452655
0.694344
0.69409657
0.69368774
0.6934897
0.6936105
0.69357985
0.6936118
0.6935075
0.69335335
0.6935728
0.69325733
0.693648
0.69361156
0.6939762
0.6939227
0.6940932
0.69448096
0.6947277
0.6949216
0.69496775
0.69489735
0.69506264
0.69511205
0.6953479
0.69517434
0.6949715
0.69472915
0.69492114
0.6944543
0.6944354
0.6943693
0.69420683
0.69407403
0.6939915
0.6937617
0.6939343
0.6938662
0.6935184
0.6936268
0.6935859
0.69383764
0.69378936
0.69398385
0.69417834
0.69440633
0.6944794
0.69466066
0.69489175
0.6951146
0.6951166
0.69541514
0.6958925
0.69629437
0.69618875
0.6958979
0.69572943
0.69555825
0.6951731
0.69456935
0.6942653
0.69424343
0.69396293
0.693741
0.69358647
0.6938236
0.6937445
0.69336575
0.693871
0.69425774
0.6946252
0.6950543
0.6947923
0.69511116
0.69559264
0.6955778
0.6954961
0.69534475
0.6952915
0.6955113
0.6955842
0.6953903
0.6951663
0.6950843
0.69492966
0.6947999
0.69433635
0.694192
0.694011
0.6938322
0.693604
0.69339603
0.69327277
0.69348925
0.6933484
0.6933803
0.6935822
0.6937014
0.69385195
0.693825
0.69414896
0.69462854
0.6946142
0.69477254
0.69517636
0.6953984
0.695479
0.6953235
0.695142
0.6954795
0.6956417
0.6954872
0.6952224
0.69486743
0.6946405
0.6945269
0.69438225
0.6944057
0.69407046
0.69400007
0.69405633
0.693844
0.6939237
0.693681
0.69365764
0.6935061
0.6933563
0.6934832
0.693602
0.69356614
0.69373316
0.69419146
0.69453573
0.694627
0.6947231
0.6949658
0.69544774
0.6956557
0.6960195
0.6960124
0.6957895
0.69542456
0.69549185
0.6954468
0.6952656
0.6948235
0.69450265
0.69402933
0.693813
0.69363356
0.6932323
0.6932629
0.6931291
0.6931076
0.6927764
0.69252586
0.6924241
0.692964
0.6935806
0.69403034
0.69441175
0.6946868
0.69459295
0.6947205
0.69491637
0.6951593
0.69532436
0.6954008
0.6952152
0.6950024
0.69488233
0.69458705
0.6943902
0.6942274
0.6938987
0.6936983
0.693731
0.6936509
0.6937564
0.6937658
0.6938162
0.69375265
0.6937729
0.69373673
0.6935323
0.69355434
0.6941135
0.6939308
0.69396126
0.69408053
0.69420785
0.69421756
0.6941498
0.69443667
0.6949026
0.6950614
0.6952909
0.6954647
0.6955999
0.6953967
0.6953187
0.6949591
0.69473094
0.69434226
0.6939718
0.69382536
0.6935303
0.6933963
0.69331557
0.6925575
0.6925761
0.6928274
0.6927913
0.6929399
0.6935946
0.69408906
0.6946351
0.6949814
0.69515914
0.6951964
0.69530344
0.6955503
0.69565135
0.6953985
0.6953695
0.69514954
0.69497687
0.6950162
0.6947951
0.6942516
0.6939861
0.6936014
0.69345146
0.693211
0.69303113
0.6924934
0.69259596
0.6927454
0.6928039
0.69316655
0.69323224
0.69350046
0.69416606
0.69435364
0.6945531
0.6946684
0.69491214
0.69499177
0.69530314
0.6952021
0.69531167
0.6951278
0.69472367
0.69487554
0.69471097
0.69472945
0.69460213
0.69455016
0.6944791
0.69433135
0.69423336
0.69430405
0.6941383
0.694211
0.69425786
0.69423074
0.6943218
0.69432414
0.6945183
0.69444805
0.69459313
0.6943669
0.6944606
0.69444853
0.69450045
0.6946095
0.6947195
0.69473857
0.694691
0.69452107
0.69446397
0.6944865
0.6946418
0.69439554
0.6943502
0.69435775
0.69448227
0.6945578
0.69457465
0.6946982
0.69493926
0.6950246
0.69487447
0.69474745
0.69452614
0.6946398
0.6944566
0.69435984
0.6941046
0.6938476
0.6935737
0.69348526
0.69313985
0.6932465
0.6933371
0.6937306
0.6933519
0.69331205
0.6938039
0.6942624
0.6944685
0.69467074
0.69490695
0.6952198
0.6952933
0.69538563
0.69530886
0.695208
0.69508326
0.6947377
0.6942356
0.6941533
0.69402134
0.69373196
0.69324565
0.69277537
0.6926964
0.69278854
0.69275075
0.69264513
0.6928824
0.69345874
0.6937036
0.6938018
0.6939285
0.6941116
0.69444233
0.694575
0.6946685
0.69487685
0.69522905
0.6952577
0.695117
0.69482523
0.69463587
0.6942579
0.69397795
0.6936342
0.69342965
0.6929555
0.6926014
0.69269544
0.69241285
0.6926097
0.6925002
0.69255847
0.69275945
0.6938798
0.69484866
0.69541353
0.6957564
0.69595784
0.69615996
0.69603574
0.6961242
0.6959686
0.6959148
0.695648
0.6954151
0.6951879
0.6948265
0.69455916
0.6943822
0.69421595
0.6940899
0.6939184
0.6937599
0.693196
0.69290805
0.6924833
0.69222456
0.6922495
0.6916853
0.6921094
0.69207346
0.69321233
0.6941765
0.6949168
0.6952935
0.6952779
0.6953084
0.6956132
0.6956196
0.6955311
0.6955302
0.6952506
0.6951855
0.6951683
0.6951334
0.6948671
0.69467926
0.69427836
0.6940026
0.6937314
0.69360757
0.69339275
0.69300056
0.6925141
0.6923425
0.692517
0.6925163
0.69231135
0.69203043
0.6917392
0.69167185
0.6917297
0.69209963
0.69324195
0.69457936
0.69520456
0.6956221
0.6960026
0.6961513
0.69621205
0.6960545
0.6963486
0.69608647
0.69618624
0.69567823
0.69565827
0.69547904
0.69507104
0.6950706
0.6947377
0.69463086
0.6948332
0.6942112
0.6939718
0.6935433
0.69331473
0.693033
0.6928192
0.69298834
0.69242376
0.6923954
0.6925543
0.6917478
0.6924284
0.69193375
0.6921004
0.6928082
0.69389075
0.6946002
0.69483584
0.6950572
0.69519895
0.69547147
0.69558614
0.6954347
0.69562316
0.6952928
0.69528157
0.6952129
0.6949623
0.69471115
0.69459105
0.69452536
0.6942744
0.69395465
0.6937198
0.69341993
0.6930254
0.6927061
0.6926729
0.69216704
0.6925812
0.6922039
0.6916997
0.692053
0.6920356
0.69224566
0.69240856
0.69340646
0.69463533
0.69511586
0.69549656
0.69550234
0.69556445
0.69531745
0.6954892
0.6956413
0.69510484
0.6952909
0.6949216
0.69472563
0.6946875
0.6943815
0.69405
0.6939058
0.693728
0.6934718
0.69309384
0.6930544
0.6929759
0.6928891
0.6926882
0.69209975
0.69248635
0.69250125
0.6922345
0.6923464
0.69245917
0.6931329
0.69380486
0.6946326
0.6950801
0.6951807
0.69499373
0.694951
0.6948446
0.695038
0.69483477
0.694845
0.6947537
0.6946642
0.6945444
0.694425
0.6943291
0.6940826
0.69395024
0.6936838
0.6933427
0.69299394
0.69292635
0.6927158
0.6925827
0.6928081
0.69282997
0.6928618
0.6928679
0.6929238
0.6935431
0.6943668
0.6948096
0.694967
0.6950668
0.6950838
0.695004
0.69500405
0.6951499
0.6950288
0.69493234
0.69467056
0.6948549
0.69451296
0.6943004
0.69440174
0.69407827
0.69386023
0.6937314
0.6934073
0.69299626
0.69301736
0.69293594
0.6925809
0.69245416
0.6922749
0.6925401
0.69241637
0.6923105
0.6924017
0.6936283
0.69437075
0.69475675
0.6946538
0.69475925
0.69490296
0.69470763
0.6947621
0.6946597
0.69472754
0.6943662
0.6942911
0.69423795
0.6940468
0.6939871
0.6937537
0.6935448
0.69339514
0.69329214
0.69297385
0.69265836
0.6926043
0.6923715
0.69208753
0.69229543
0.6924218
0.6921824
0.69234735
0.69282866
0.6932161
0.6939025
0.6945227
0.69481325
0.69494504
0.6949003
0.6945994
0.6949557
0.69490165
0.69495857
0.69488645
0.6946872
0.6945227
0.6943164
0.69421095
0.6941584
0.6937772
0.69373524
0.6935985
0.6934479
0.6930401
0.69306844
0.6927587
0.692251
0.6922674
0.69254977
0.6923233
0.6925081
0.69221973
0.693062
0.69378537
0.6943656
0.69479096
0.69477785
0.69474745
0.6947069
0.69468665
0.6947817
0.6948727
0.69498086
0.6944784
0.69450676
0.6942655
0.6941172
0.69399905
0.69375706
0.69355154
0.6934793
0.6931804
0.6927872
0.6923206
0.6926672
0.692373
0.69205743
0.6921715
0.6921159
0.69245356
0.69289684
0.69347626
0.6941703
0.69447696
0.6943677
0.6944957
0.69447917
0.6946627
0.69463193
0.6944421
0.6943392
0.69415164
0.69397616
0.6939085
0.69396335
0.6937679
0.69370455
0.6932969
0.6931301
0.6929269
0.6928369
0.6926925
0.6925503
0.6924034
0.6922802
0.6926137
0.6921573
0.6926551
0.69311136
0.69390875
0.69469476
0.6950122
0.6949048
0.69504505
0.6948322
0.6947419
0.69496924
0.69462603
0.6945327
0.69463915
0.6943898
0.69392496
0.6938288
0.69350207
0.69336677
0.6930634
0.69309163
0.6927227
0.6927138
0.6926141
0.69257414
0.69208753
0.69211835
0.69257814
0.69284976
0.69370705
0.69432586
0.69501525
0.69480085
0.6950281
0.6950219
0.69483346
0.6946492
0.69470423
0.6947654
0.6946191
0.69436
0.6943054
0.694002
0.6939191
0.69385034
0.6936919
0.6930932
0.6930211
0.6929844
0.6927832
0.692789
0.69259083
0.69235706
0.69264203
0.6924702
0.6924586
0.692347
0.69280386
0.69359034
0.6944979
0.69454396
0.6947502
0.69471383
0.6951995
0.69499093
0.6948608
0.694975
0.69491017
0.6948826
0.69480574
0.6940662
0.69418097
0.6942246
0.693787
0.69373876
0.693553
0.6934508
0.6929535
0.69273823
0.69289386
0.6922015
0.69223285
0.69190335
0.69211346
0.6916852
0.6914344
0.6916566
0.69217986
0.6925199
0.6936649
0.6946301
0.69499004
0.6952831
0.695248
0.6951781
0.6952684
0.69513613
0.6950589
0.6947413
0.69470644
0.6944503
0.6942391
0.69371414
0.6936621
0.6930238
0.6927738
0.69229656
0.69259125
0.6923149
0.69214803
0.6925442
0.69212276
0.69157064
0.6915
0.69149685
0.6921394
0.69276685
0.69397694
0.69461244
0.69474995
0.69484586
0.69525605
0.69537854
0.6950514
0.69496024
0.69477314
0.6948125
0.6944311
0.69426405
0.69403267
0.6938087
