0.74241716
0.7611329
0.77214754
0.7718293
0.77107203
0.7724557
0.77184474
0.77135175
0.7720208
0.7698831
0.77000713
0.77020663
0.76903576
0.769834
0.76922953
0.7698764
0.7694404
0.769423
0.7700554
0.7696474
0.7674628
0.76869845
0.7676737
0.7664635
0.7673862
0.7681175
0.767172
0.7676869
0.7664401
0.76563406
0.7673568
0.7660474
0.7649582
0.76575226
0.7643353
0.7653919
0.76502615
0.76506406
0.76239026
0.76407295
0.76343036
0.7645119
0.7631925
0.7633234
0.7628843
0.7625126
0.76350164
0.7621575
0.76076216
0.7615441
0.76076126
0.76026845
0.76009256
0.76107335
0.75968975
0.7593883
0.75868154
0.75951177
0.7603447
0.7582114
0.7564067
0.75787276
0.7566158
0.7581074
0.7548619
0.7574104
0.7560052
0.7562258
0.7552859
0.7532313
0.752926
0.75254405
0.7540875
0.75276905
0.75205374
0.7512136
0.75081426
0.75000405
0.7510392
0.74962837
0.7488776
0.7495689
0.7475051
0.7470933
0.7461222
0.7481087
0.7451026
0.7454115
0.7438444
0.74419785
0.74275726
0.74301827
0.74153155
0.7420663
0.7422055
0.7400792
0.73993886
0.7383488
0.73736537
0.73811173
0.73491144
0.7340713
0.7352147
0.7353184
0.7325603
0.7315674
0.7313423
0.73171824
0.730453
0.7301067
0.7263558
0.7281116
0.7260056
0.7263403
0.7262633
0.7222156
0.7228113
0.7216462
0.7193227
0.7189784
0.71802104
0.7172051
0.71502393
0.7139779
0.7134931
0.71365607
0.7123532
0.71101725
0.70955676
0.7077662
0.7087238
0.7077054
0.70720303
0.7068573
0.7072479
0.7074113
0.70688206
0.706683
0.7066175
0.7066017
0.7064623
0.7061739
0.7060008
0.7057976
0.7056345
0.70534676
0.70517325
0.70467216
0.7043693
0.70402247
0.7035721
0.70338947
0.7029199
0.7028942
0.7027351
0.70252305
0.7023386
0.70210433
0.7018264
0.70171195
0.7013205
0.70123905
0.7010099
0.70055234
0.70028967
0.69998586
0.7000803
0.69987917
0.699827
0.6997183
0.6995662
0.6995702
0.6995126
0.6993254
0.6990972
0.6991037
0.69890374
0.69862115
0.69832623
0.69801855
0.6981927
0.6982182
0.6981123
0.69816625
0.69783163
0.69786024
0.69782084
0.69775236
0.69791335
0.69770664
0.69769216
0.69747925
0.6976512
0.6975365
0.69756186
0.69764304
0.69779223
0.69764215
0.69777566
0.6979607
0.69798625
0.69791085
0.6979517
0.6981372
0.69823766
0.698148
0.69865346
0.6985498
0.698583
0.6983679
0.6987161
0.69900095
0.6989759
0.69945997
0.69936675
0.69948107
0.69964576
0.699891
0.70009536
0.70016336
0.7004178
0.7004669
0.7010067
0.70128363
0.70147437
0.7018545
0.7019862
0.7020613
0.702001
0.7022046
0.7025078
0.70284224
0.7030243
0.7032564
0.70329535
0.70339864
0.70353764
0.7031511
0.7030585
0.70303327
0.7042279
0.70463514
0.7043608
0.7040064
0.70347404
0.70287275
0.7027244
0.70237935
0.7012135
0.70074123
0.69997454
0.6992802
0.6985907
0.6975876
0.69735014
0.69719213
0.69738775
0.6972699
0.69713265
0.6969203
0.69698983
0.6969784
0.6967685
0.69682765
0.6968394
0.6967388
0.6968207
0.69695896
0.6969276
0.696879
0.696898
0.6970227
0.6971757
0.69718874
0.69737023
0.6974314
0.6974933
0.697222
0.69723177
0.6974387
0.697269
0.6969792
0.69719386
0.69722676
0.6970523
0.6966329
0.6962269
0.695896
0.69560575
0.69525796
0.69490707
0.6945255
0.6945286
0.69439906
0.69414234
0.69419116
0.69402295
0.694123
0.6939774
0.69396734
0.6940617
0.69416475
0.6940991
0.694097
0.69403344
0.6941347
0.6943081
0.69428617
0.6943974
0.6945214
0.69439095
0.69441646
0.6947288
0.6947897
0.6945036
0.6939368
0.6934617
0.6930674
0.6929276
0.69273305
0.69254
0.6925462
0.69248855
0.6924138
0.69239014
0.6924569
0.6924355
0.6923826
0.6923738
0.69226104
0.6921309
0.69216895
0.6921474
0.6923683
0.69204295
0.6920388
0.6919049
0.691913
0.6919801
0.6918136
0.6917069
0.6917205
0.69205874
0.69197416
0.69177043
0.6914881
0.6913602
0.6912529
0.6908731
0.69087106
0.690933
0.6907468
0.69067883
0.6906031
0.6905623
0.6907295
0.69074374
0.6908554
0.69085073
0.6911625
0.69130033
0.69134474
0.6914161
0.69131297
0.69120806
0.69081026
0.69073254
0.69066596
0.69043005
0.6901928
0.6902583
0.6904472
0.6902909
0.6902153
0.6901743
0.69027764
0.6901205
0.69025195
0.6901514
0.6900043
0.68988645
0.6899193
0.68994236
0.6898897
0.6898728
0.6899055
0.6899848
0.6898572
0.68971807
0.68953466
0.68972653
0.6896487
0.68952745
0.68936867
0.6895118
0.6894667
0.68943155
0.68950194
0.6895255
0.68930924
0.6893667
0.6893705
0.6892778
0.6892374
0.689383
0.68939835
0.68952554
0.68948543
0.6893988
0.6893032
0.68925583
0.6890618
0.6890984
0.68920344
0.689139
0.6889224
0.6889947
0.6889025
0.6889601
0.68920726
0.68904644
0.6891701
0.6892116
0.6891996
0.68907976
0.6889315
0.6887402
0.6885233
0.68853545
0.68862104
0.68855256
0.688537
0.68866074
0.68867505
0.6885603
0.6885706
0.6884087
0.6885779
0.6887204
0.68874216
0.6886813
0.68857414
0.6885206
0.6885683
0.6886222
0.6887067
0.6886302
0.6885946
0.6887291
0.6887077
0.6883537
0.6883582
0.68822503
0.68837
0.6882363
0.6882059
0.6882491
0.688324
0.68799555
0.68802905
0.68817025
0.6883087
0.6884359
0.688335
0.68821585
0.6881761
0.688125
0.68842614
0.68817705
0.6880802
0.6879236
0.6879805
0.68799865
0.68797666
0.6878534
0.68773526
0.687565
0.68765885
0.68792397
0.6877863
0.68775135
0.68764186
0.68762785
0.68739164
0.6876056
0.6873311
0.6872576
0.68706155
0.6871535
0.68707865
0.68709177
0.6872181
0.68722147
0.6869611
0.6869309
0.6868588
0.68680966
0.68681574
0.6868205
0.6867343
0.6868182
0.68657094
0.68659323
0.6867044
0.68663245
0.6864987
0.6864117
0.6864359
0.68617326
0.68603915
0.6861169
0.6860598
0.6859704
0.6859796
0.6859603
0.68599784
0.68607825
0.68583435
0.6857445
0.68567824
0.68562734
0.68544316
0.68554515
0.6853137
0.6854016
0.6854316
0.6852908
0.68515694
0.68516237
0.685308
0.6851554
0.6851344
0.6851989
0.6851035
0.6847936
0.68496186
0.6848383
0.6848957
0.68484724
0.68497735
0.6850512
0.68493104
0.6851312
0.6852721
0.685417
0.6853247
0.6854389
0.6853891
0.6852825
0.68530166
0.6854147
0.68533814
0.68548626
0.6855219
0.685431
0.68553895
0.68572885
0.6856011
0.68575144
0.68589544
0.68595606
0.6859223
0.6859473
0.6861043
0.686213
0.6863106
0.6862557
0.68636876
0.6865877
0.6865395
0.68673974
0.6868053
0.6869169
0.6870281
0.6871441
0.6872435
0.6873573
0.6875306
0.6875243
0.6877033
0.68767136
0.6875951
0.6875538
0.6874001
0.6875946
0.687663
0.68774146
0.6876989
0.6877113
0.68778694
0.6878238
0.6879551
0.6881095
0.6882269
0.6882625
0.6884252
0.6885018
0.6885901
0.6887047
0.6886912
0.68883944
0.68894917
0.68904513
0.6892249
0.6893558
0.68940616
0.68964857
0.6896695
0.6896491
0.68963575
0.68981546
0.68979913
0.69000214
0.69017
0.69013995
0.6902361
0.6903464
0.6904783
0.69060314
0.69062865
0.69072133
0.69091606
0.6908983
0.69103277
0.69101256
0.6911044
0.6910807
0.69137615
0.69138175
0.6914492
0.6916705
0.6916505
0.69170713
0.6918976
0.6918433
0.6920446
0.6922264
0.692225
0.69236094
0.692248
0.69246066
0.6926713
0.69262516
0.692677
0.69277686
0.69280607
0.692941
0.6931105
0.69328916
0.6932377
0.6932418
0.69330895
0.6935363
0.6937938
0.6938173
0.6939186
0.6939235
0.6941123
0.6942239
0.69413894
0.6944391
0.69451934
0.69445944
0.6945697
0.6947512
0.6948971
0.6951234
0.6951105
0.6951039
0.69516927
0.6954294
0.6955549
0.695698
0.69560677
0.6956781
0.69565725
0.6957348
0.69579184
0.6957748
0.6958253
0.6958572
0.6959326
0.69589025
0.69589317
0.6959395
0.69606835
0.696171
0.6962589
0.69610405
0.69611204
0.69606733
0.6960032
0.6960664
0.6960788
0.69607323
0.6960168
0.6959904
0.69614255
0.69627637
0.6962461
0.6962179
0.6962262
0.69624823
0.6962665
0.69627196
0.69630265
0.69636405
0.6961616
0.6961666
0.69605863
0.69617224
0.6961029
0.69617647
0.69604474
0.69600636
0.69607
0.6960025
0.695903
0.6959817
0.6960549
0.69607776
0.69611585
0.6960093
0.6961055
0.6961478
0.6961032
0.69603235
0.69601834
0.69594836
0.6959271
0.6959137
0.695834
0.69589156
0.69586796
0.6959163
0.69589657
0.69591093
0.6960003
0.6959647
0.6958878
0.69584346
0.6959023
0.69574976
0.6956728
0.6957879
0.6957598
0.6956688
0.69566417
0.6957655
0.69577336
0.6958094
0.69579244
0.6956651
0.6955771
0.6954615
0.695347
0.6952217
0.69520175
0.69510734
0.6949884
0.69508564
0.69510674
0.695166
0.69516474
0.69515747
0.69519
0.69516253
0.6950768
0.69507754
0.69514704
0.69514287
0.69506615
0.695116
0.6951657
0.69512445
0.6949382
0.69480085
0.69455874
0.6944071
0.6943503
0.694238
0.69424176
0.6941532
0.6941335
0.6941144
0.69417393
0.69409865
0.69415265
0.6941933
0.6941698
0.6941013
0.694217
0.6942871
0.6943753
0.6943225
0.6943396
0.69447184
0.69459677
0.69468135
0.6946917
0.69473183
0.6947203
0.69461304
0.69466245
0.69451565
0.6942253
0.6940646
0.69372255
0.69336456
0.6930362
0.69284445
0.6927487
0.69254607
0.6926812
0.692696
0.69274956
0.69260234
0.69265616
0.6927276
0.6927643
0.6928644
0.6929264
0.69315404
0.6933767
0.693666
0.69406086
0.69446665
0.6945737
0.6947646
0.69481355
0.69473606
0.69463277
0.69457227
0.6946546
0.6944822
0.6941335
0.6939594
0.693818
0.69353116
0.69340384
0.69298285
0.69290084
0.69283754
0.69284123
0.69272935
0.6926896
0.692912
0.6926487
0.6928122
0.69288814
0.69308615
0.6932222
0.6934015
0.6933891
0.69354206
0.6936779
0.6936595
0.69381285
0.69372237
0.6938609
0.69400936
0.6940088
0.69383794
0.6938139
0.69376683
0.69365877
0.6936575
0.69358176
0.6935541
0.69340396
0.69335127
0.69329363
0.69326776
0.6931456
0.693119
0.6931204
0.69307184
0.6930811
0.69308394
0.6933474
0.69331837
0.6935402
0.69370574
0.69390225
0.69386625
0.6938933
0.694009
0.694055
0.6940623
0.69402814
0.69397616
0.6940984
0.6939947
0.6938971
0.69361186
0.69340616
0.69338846
0.6932042
0.69315493
0.6930051
0.69283724
0.6928152
0.69278306
0.6928149
0.693097
0.6931532
0.6931757
0.693258
0.69332725
0.6934626
0.69380736
0.6939091
0.69382524
0.6938544
0.69399464
0.693974
0.69400895
0.69410753
0.69422954
0.69407505
0.69405603
0.6940154
0.6938947
0.6937153
0.693602
0.69350964
0.69361407
0.6935757
0.69347674
0.6935536
0.6936088
0.69359654
0.6934982
0.6933964
0.69323206
0.6933093
0.693418
0.6933201
0.69336784
0.6933871
0.69353795
0.69355905
0.69380385
0.6937708
0.6938606
0.69394326
0.69405156
0.69393855
0.6936815
0.6935922
0.6936827
0.69379324
0.69374555
0.69373477
0.6936828
0.69361603
0.69342315
0.69333947
0.69327873
0.693138
0.69292027
0.6928364
0.6927437
0.69270915
0.69278765
0.692907
0.69319105
0.69351465
0.6936783
0.6940252
0.69413185
0.6942755
0.69439393
0.6943574
0.69407856
0.6937559
0.69349134
0.6933375
0.6930289
0.6928486
0.6930313
0.69294304
0.69291407
0.69297296
0.692975
0.69302505
0.6930164
0.6930795
0.6932394
0.69318646
0.6934179
0.69360346
0.69357723
0.69360495
0.6937063
0.69385874
0.69398886
0.6940088
0.6940656
0.6940463
0.6939524
0.6937709
0.6935334
0.6931064
0.6927654
0.6926812
0.6925463
0.69241685
0.6924454
0.6924226
0.6925507
0.6926618
0.6927836
0.693103
0.6931343
0.6931405
0.6933357
0.6935818
0.69396484
0.6940706
0.69396275
0.6940143
0.6940146
0.6939597
0.6938037
0.6938801
0.69389266
0.69358987
0.6934869
0.69355536
0.693461
0.69331026
0.6931624
0.69279224
0.69266015
0.69256747
0.6928064
0.6929095
0.6934435
0.69359523
0.6936376
0.6938847
0.69412357
0.69438607
0.6944311
0.69449383
0.69461685
0.6945073
0.69450945
0.6942605
0.69422275
0.694065
0.69394445
0.6937027
0.6936304
0.6935867
0.69341445
0.6932003
0.69324535
0.69324857
0.69330716
0.6930839
0.6933875
0.6934798
0.6936151
0.6936889
0.69376695
0.6938723
0.6939903
0.69407606
0.6940341
0.693721
0.6935824
0.69336075
0.6934405
0.6934661
0.6933184
0.69346344
0.69352883
0.69339496
0.69331485
0.693388
0.6932982
0.69325095
0.69321585
0.6930996
0.69317853
0.69336194
0.6934074
0.69335467
0.6932778
0.69330597
0.6934845
0.6937052
0.6938191
0.69382024
0.69385874
0.6939299
0.69394606
0.69377196
0.6935358
0.69332457
0.69311047
0.69308907
0.6932823
0.6933839
0.69342214
0.69359934
0.6935061
0.69349724
0.69348025
0.6935552
0.6936853
0.6936944
0.69372404
0.6938375
0.6938825
0.6936807
0.6936421
0.69346356
0.6935049
0.6935976
0.69363576
0.693706
0.69355506
0.6935107
0.6935856
0.6937643
0.6935865
0.69352335
0.69352007
0.69343525
0.6934577
0.69364476
0.69368875
0.6935244
0.6934464
0.69347906
0.6937191
0.6938027
0.69374573
0.69361895
0.693382
0.69336414
0.69340765
0.6935027
0.69358146
0.69369316
0.6935827
0.69339347
0.6936235
0.6937302
0.6937671
0.6935617
0.69347024
0.693238
0.6929203
0.6926724
0.69275326
0.6928332
0.6930423
0.6931826
0.6933128
0.69344795
0.6933159
0.6932763
0.6934005
0.69360805
0.69399315
0.6941473
0.6940056
0.6938398
0.6937021
0.693513
0.6934286
0.6933904
0.6933899
0.6935484
0.6935911
0.693618
0.6938706
0.69383794
0.6939327
0.69402343
0.6942206
0.69443876
0.69438785
0.69405556
0.6938621
0.69389385
0.69394183
0.6941143
0.69410676
0.6938424
0.69360465
0.693503
0.69334376
0.693286
0.69331026
0.6933928
0.6933326
0.6932028
0.6931102
0.69291514
0.6930366
0.6931713
0.6931682
0.6933172
0.6934847
0.6935989
0.6937336
0.6937494
0.6939347
0.6939548
0.69378304
0.693705
0.6936196
0.6935246
0.6932871
0.69319516
0.6930706
0.6929644
0.6928663
0.6929544
0.6929314
0.69288385
0.6927773
0.69269353
0.6928503
0.69321454
0.6933213
0.693642
0.6938406
0.69391716
0.6941157
0.69420666
0.69446504
0.694645
0.69467527
0.6946108
0.694454
0.69430447
0.69410527
0.6940761
0.6939009
0.6937217
0.69333506
0.69291764
0.69256973
0.6922896
0.6922569
0.69228584
0.69210297
0.692068
0.6920992
0.6924203
0.69296896
0.69332486
0.69369996
0.6939154
0.69403696
0.69434714
0.69459677
0.69475985
0.69479805
0.6949518
0.69497436
0.6947165
0.69444567
0.6941868
0.6938496
0.69353026
0.6931873
0.6929141
0.6926914
0.69266194
0.6926853
0.6925227
0.6925761
0.6924
0.69227076
0.69236976
0.6927571
0.6932028
0.69369406
0.6941832
0.69459194
0.6948592
0.69507957
0.69527346
0.6954302
0.69547284
0.69547623
0.6952572
0.694894
0.69461083
0.69445926
0.6939526
0.6935114
0.69320315
0.6931929
0.6930118
0.6927619
0.6926567
0.6926024
0.69286317
0.69316465
0.6933158
0.6936285
0.69384336
0.6940274
0.6942645
0.6945518
0.69447374
0.6944604
0.69458854
0.6946652
0.694815
0.694699
0.69469935
0.694503
0.69421846
0.6939296
0.6937173
0.6935824
0.6934965
0.6933078
0.69299906
0.6930065
0.6928162
0.69266033
0.6925078
0.69249684
0.6928201
0.6928564
0.6929312
0.6931554
0.6930522
0.6933129
0.6935959
0.693743
0.6937551
0.6939069
0.6937957
0.6937551
0.6935825
0.6936712
0.6936016
0.6938934
0.6939829
0.693958
0.6938126
0.6936562
0.6933777
0.69334203
0.693321
0.6931764
0.6929018
0.6928455
0.69296324
0.69312716
0.69329697
0.6935204
0.6936597
0.6939211
0.6941335
0.69431406
0.6942182
0.69417495
0.69386363
0.6937292
0.6937225
0.693688
0.6935481
0.6934638
0.69335407
0.69312346
0.6931221
0.69304925
0.6931522
0.6933275
0.69320357
0.69327366
0.69339293
0.693579
0.6939116
0.69410175
0.69425917
0.6943478
0.69450235
0.6946612
0.6946636
0.6946157
0.6946912
0.6946577
0.69456345
0.6943861
0.6939584
0.6937194
0.6937317
0.6934728
0.69337493
0.6934131
0.6932934
0.6932108
0.69307023
0.693042
0.6929032
0.6930614
0.6932722
0.693287
0.6934054
0.6933272
0.6935864
0.6939705
0.6943612
0.69442075
0.694253
0.69417274
0.69428986
0.69448334
0.69456
0.69464344
0.69470876
0.69444376
0.6940418
0.6936807
0.6933321
0.69305235
0.69274116
0.6924258
0.69225883
0.69203913
0.6919845
0.69202346
0.69222224
0.692656
0.6929149
0.6932247
0.6935363
0.6939694
0.694382
0.694805
0.6949615
0.69513685
0.69533026
0.69522655
0.6949562
0.69467527
0.69435805
0.6939353
0.6935495
0.6930358
0.6927016
0.69249517
0.6923317
0.69208866
0.69176763
0.6917864
0.6919337
0.6919902
0.692004
0.6924096
0.6927467
0.6931632
0.69372576
0.6941007
0.6942939
0.694539
0.6948205
0.6951018
0.69510216
0.6951754
0.69529957
0.69509023
0.6950409
0.6948255
0.6947138
0.6943867
0.69405264
0.69372123
0.69340765
0.69298697
0.6927299
0.6924455
0.6924142
0.69239473
0.69254524
0.6924444
0.69243383
0.69269407
0.69278187
0.6931501
0.69347113
0.6935803
0.6938451
0.69405794
0.69418454
0.69452035
0.6947939
0.6950692
0.6951218
0.6950582
0.6949186
0.69463414
0.6944786
0.6941103
0.69364756
0.69337887
0.69300234
0.6927975
0.6927295
0.69232893
0.692162
0.69220847
0.6923893
0.692455
0.69240314
0.6926699
0.6930212
0.6932509
0.6931675
0.69323504
0.6933305
0.6935781
0.69382334
0.69411
0.694249
0.69446224
0.6944535
0.69434726
0.6945392
0.69451946
0.69432414
0.69433105
0.6944209
0.69421476
0.6940083
0.69372255
0.69366264
0.69347596
0.6932586
0.6932684
0.6931135
0.6929628
0.6927902
0.6930075
0.69311
0.6932309
0.69328094
0.69355536
0.6934894
0.69367284
0.693778
0.69376564
0.6938422
0.69370323
0.69371396
0.6937643
0.6938125
0.69396317
0.69395125
0.6939751
0.6937832
0.69367015
0.693523
0.6933026
0.69345164
0.6933907
0.6933656
0.69343555
0.69358367
0.6934849
0.693405
0.6936097
0.6937007
0.69379544
0.69368666
0.6937229
0.6940398
0.69409823
0.69417095
0.69404525
0.69405633
0.6940037
0.69368494
0.69359946
0.6934813
0.6933493
0.6932258
0.6932496
0.69328135
0.69334936
0.6935481
0.6936187
0.69366187
0.69368845
0.69366777
0.6936813
0.69382405
0.6938706
0.69384605
0.69357663
0.69351065
0.69350094
0.69334745
0.693344
0.6932759
0.69341964
0.6934156
0.69358766
0.6937126
0.6938608
0.69381225
0.6936478
0.69377106
0.6939414
0.69394165
0.693936
0.6938561
0.69391793
0.69408303
0.6941074
0.69406766
0.6937551
0.6933586
0.69328713
0.6934216
0.6936229
0.6934459
0.69328254
0.6932803
0.69319296
0.69346267
0.6935868
0.6934765
0.6936081
0.6938255
0.6939942
0.6940526
0.6940036
0.6941435
0.69425124
0.69416666
0.69425106
0.694305
0.69399375
0.69398123
0.6937313
0.6934998
0.69310147
0.6929715
0.6928566
0.69297427
0.69306487
0.6930419
0.6930483
0.6930231
0.69295424
0.69300795
0.69313484
0.6932756
0.69338316
0.6936818
0.6939341
0.69398004
0.69409674
0.6940492
0.69401056
0.6939857
0.69386846
0.6936784
0.6935652
0.69365895
0.69390535
0.69387555
0.69395113
0.69389343
0.69378465
0.69378716
0.6935902
0.69358695
0.69331694
0.69334847
0.69331473
0.69344777
0.6936809
0.69362164
0.6937605
0.6939221
0.6939622
0.694151
0.69407076
0.6941484
0.69404656
0.6940588
0.6939451
0.6937744
0.6936856
0.6936794
0.69340247
0.6934023
0.6934908
0.69339985
0.69344646
0.69359815
0.69368076
0.6936438
0.6937013
0.69372517
0.6935558
0.69360447
0.69361925
0.6935948
0.6933557
0.6932149
0.69324136
0.69354737
0.6936366
0.6935319
0.69358057
0.69352704
0.6933567
0.69325906
0.6931599
0.6932992
0.693423
0.6934893
0.693514
0.69360524
0.69365585
0.6939085
0.6940222
0.69406587
0.69401366
0.69394445
0.6939079
0.6939183
0.69367415
0.6937028
0.693449
0.69318426
0.69317514
0.6932995
0.69335955
0.69350696
0.6935811
0.69357765
0.69370365
0.69371784
0.6936328
0.69362205
0.6937007
0.69366723
0.6933224
0.6934096
0.6936753
0.6938218
0.69389105
0.69368297
0.69378144
0.6937457
0.6936434
0.6936695
0.69371927
0.6936317
0.69337213
0.6932269
0.6932788
0.69323575
0.6932363
0.6931571
0.69317454
0.6933759
0.6934539
0.6934394
0.69339824
0.69339055
0.6935076
0.69364214
0.69402325
0.69407725
0.6941795
0.6941704
0.6941196
0.69398195
0.693941
0.69388443
0.6936009
0.69330233
0.69316626
0.69320166
0.6931064
0.69310063
0.6933065
0.69325817
0.69320875
0.69317734
0.6933044
0.69354105
0.6937604
0.6938873
0.69375086
0.69393843
0.69405603
0.69426656
0.6943801
0.69415784
0.69417757
0.6942021
0.6940051
0.6936506
0.6932855
0.69325715
0.69324803
0.6932184
0.69309604
0.6930039
0.69300485
0.6930042
0.6931892
0.6933432
0.6934093
0.69343096
0.69345033
0.6933834
0.6932385
0.6932401
0.6932212
0.6930925
0.69301975
0.6930909
0.6932514
0.6933947
0.693643
0.6937143
0.69377357
0.6941012
0.69422686
0.6944579
0.69453925
0.6946543
0.69439566
0.69402355
0.6939413
0.6939672
0.69384855
0.6936449
0.6934474
0.6933576
0.69330907
0.6932324
0.6929498
0.69287115
0.6928191
0.6927224
0.69287574
0.69309133
0.69332814
0.693539
0.6936248
0.69372076
0.693948
0.69430935
0.69450307
0.6948047
0.69485456
0.6946912
0.69461334
0.69449246
0.6944067
0.6940131
0.6937914
0.693731
0.69360805
0.69345355
0.69346994
0.6934376
0.69333243
0.6930733
0.6928823
0.6928822
0.69278705
0.6928314
0.69280237
0.6929227
0.69322413
0.69334006
0.6936364
0.693961
0.6940044
0.6939677
0.6941419
0.69443154
0.6945442
0.694508
0.69457644
0.69450134
0.69436914
0.69418937
0.6939782
0.6935815
0.6935005
0.69315237
0.69284
0.69257635
0.69256496
0.6927841
0.6928845
0.6928501
0.6930864
0.6930197
0.6931473
0.693297
0.6936124
0.6937791
0.69405025
0.69410056
0.69430393
0.69450855
0.69451255
0.6945309
0.6945063
0.6945114
0.69436175
0.6938944
0.6934383
0.6931812
0.6931081
0.6929763
0.6926992
0.6925258
0.69219834
0.6922004
0.69213945
0.69215965
0.6924161
0.6926639
0.69271064
0.69279337
0.69327366
0.6937853
0.69413435
0.6943674
0.6946325
0.6946667
0.69469154
0.6949582
0.6951654
0.6953123
0.6951359
0.69492036
0.6948512
0.69470984
0.6943992
0.6941163
0.6938277
0.69358927
0.69333094
0.693136
0.6930048
0.6926641
0.6926511
0.6925369
0.6927212
0.6926171
0.6927249
0.6927832
0.69292533
0.69304323
0.69326186
0.69340855
0.693707
0.69405985
0.69435596
0.694631
0.69472265
0.69460124
0.6946161
0.6947206
0.6947173
0.6948671
0.694695
0.69418365
0.69398487
0.6937521
0.69348687
0.6932954
0.6931944
0.6930841
0.69278747
0.69256383
0.69243735
0.692316
0.692163
0.6919843
0.69191325
0.6917461
0.69169694
0.6917709
0.692005
0.6926003
0.6927709
0.6929545
0.69335157
0.69400096
0.69438154
0.69482875
0.69495136
0.69492334
0.6951561
0.69531614
0.6950965
0.69502777
0.69472426
0.69472265
0.69451386
0.69416004
0.69392085
0.69360554
0.69333476
0.6930744
0.692958
0.6924892
0.6918666
0.6914795
0.6915153
0.6914234
0.6915332
0.6918466
0.6922929
0.69238967
0.6928347
0.6934917
0.6938169
0.69410497
0.6941498
0.6943835
0.6945315
0.69467026
0.69481224
0.6949539
0.694944
0.6950164
0.6950477
0.6945115
0.6940574
0.69354326
0.693413
0.69309705
0.69284666
0.6927263
0.69282293
0.69265926
0.69252604
0.69228673
0.6922796
0.69227713
0.692056
0.69176704
0.6917794
0.69175607
0.6916642
0.69217604
0.6926872
0.6930306
0.693199
0.6936277
0.69380593
0.69407827
0.69439715
0.694635
0.69487906
0.69506466
0.69512427
0.69486594
0.69456404
0.6944387
0.69418
0.6940313
0.6939856
0.69387555
0.6935586
0.6932524
0.69313186
0.6930288
0.69308245
0.69309145
0.6929448
0.69291604
0.6927154
0.6927868
0.6929624
0.6931393
0.69298285
0.6930725
0.69317114
0.69341516
0.69407326
0.6944814
0.6946661
0.69478804
0.6948361
0.69483757
0.6948045
0.69475806
0.6946581
0.6945547
0.69430053
0.69402677
0.69402903
0.6939085
0.69364166
0.6937196
0.69370013
0.6934209
0.693102
0.6928455
0.6926773
0.69252646
0.692574
0.6926505
0.6929606
0.6931227
0.69314367
0.69332933
0.6934528
0.6936215
0.69391364
0.694066
0.69418824
0.6942777
0.6942392
0.69434536
0.6943526
0.6943281
0.69422346
0.6940545
0.69367284
0.6934994
0.69365543
0.693464
0.693578
0.69331425
0.6932221
0.6933558
0.69337857
0.69344324
0.6933002
0.6933156
0.6934654
0.6934944
0.6934466
0.6934392
0.6935525
0.69352645
0.69328535
0.69334465
0.69338185
0.6934155
0.6935553
0.69349855
0.69365835
0.6937078
0.69379884
0.6940208
0.69389373
0.69402915
0.6939276
0.6938342
0.6937827
0.6937372
0.69361913
0.69357324
0.6936673
0.693618
0.69342756
0.6933477
0.693232
0.69332075
0.6935055
0.6933753
0.69340247
0.6934069
0.693447
0.6933548
0.69321585
0.69316
0.6932914
0.693375
0.6930591
0.69305754
0.6932538
0.69339895
0.69348454
0.6932833
0.69354075
0.6936827
0.6937935
0.69394827
0.69404906
0.6939996
0.6941438
0.69428164
0.69431084
0.6942453
0.6941309
0.6941854
0.69431293
0.69419533
0.6939178
0.69389874
0.6935801
0.6933912
0.6932794
0.6931599
0.69305384
0.69278234
0.69301546
0.6931148
0.6931707
0.69330025
0.693324
0.6933496
0.69353664
0.69383675
0.693814
0.6941913
0.6942437
0.6941839
0.6943048
0.6944752
0.69429165
0.6942325
0.694317
0.69420516
0.69384444
0.69359577
0.6934125
0.6931739
0.6930672
0.6930234
0.69292563
0.693052
0.6931086
0.6932146
0.6931427
0.69336617
0.69336987
0.69336486
0.6934199
0.6935856
0.6937942
0.6941513
0.6943901
0.694638
0.6946175
0.6947751
0.69499844
0.69516355
0.6950982
0.69506305
0.694955
0.6947721
0.694685
0.6946826
0.6943016
0.6938795
0.6934909
0.69317526
0.69307023
0.69281787
0.69284785
0.6925589
0.6924769
0.6922645
0.69226676
0.6921271
0.6922736
0.6924306
0.6926469
0.6929417
0.69337916
0.6936043
0.69383365
0.6941206
0.6946565
0.6948443
0.69482136
0.69466466
0.69466543
0.6946953
0.69484633
0.6950596
0.69517285
0.69520384
0.69490093
0.6946864
0.69457555
0.69418263
0.6940683
0.69387543
0.6935212
0.6932412
0.69316095
0.69316334
0.6932067
0.6934022
0.6936176
0.6935431
0.69357085
0.6934561
0.69364256
0.6938333
0.69382024
0.69411266
0.6942239
0.6942897
0.6944912
0.69477445
0.6948933
0.6951531
0.69531906
0.6952825
0.6951785
0.69504553
0.6950525
0.6950336
0.6948573
0.69465685
0.6942508
0.6940312
0.6937139
0.69349647
0.6933057
0.69324297
0.6932771
0.6931396
0.69296503
0.6930973
0.6932335
0.6933955
0.6933561
0.69340914
0.69355476
0.693655
0.69382745
0.69413555
0.694246
0.6941985
0.69418705
0.69441336
0.69456136
0.69474095
0.69454485
0.69432086
0.6943026
0.694249
0.693993
0.69369555
0.69348246
0.6934098
0.6932272
0.69304353
0.69281524
0.692696
0.69268554
0.6926943
0.6926592
0.6927311
0.6926529
0.69295573
0.69291437
0.6931066
0.6930378
0.6930168
0.69328135
0.69343275
0.6934803
0.6936367
0.6937962
0.6939972
0.69417244
0.6942465
0.69441575
0.6945
0.6945297
0.6946082
0.6946353
0.69457984
0.6942616
0.69396454
0.69371575
0.69373363
0.69354105
0.69342613
0.693151
0.69287443
0.6928059
0.6927388
0.6926843
0.6926973
0.6927911
0.6926296
0.6926948
0.6928204
0.6926835
0.6929504
0.69304353
0.6930784
0.693288
0.6933401
0.6935763
0.693701
0.69383824
0.6941826
0.6943498
0.69455653
0.69477695
0.6947492
0.69489956
0.69478387
0.69451886
0.69435346
0.6941309
0.69389707
0.693725
0.6934855
0.69327784
0.69314355
0.69293153
0.69270384
0.69269025
0.6926485
0.6925597
0.6926904
0.69269705
0.6925469
0.6925413
0.692601
0.69290876
0.6930659
0.6932147
0.6932092
0.6933516
0.6936152
0.69366914
0.69380456
0.6939184
0.6940615
0.6943003
0.69431776
0.6941431
0.6940675
0.6938925
0.6936985
0.69352514
0.6934875
0.69323707
0.69295174
0.6927142
0.6925193
0.6925227
0.69256824
0.69240123
0.69245577
0.6923448
0.6924371
0.6924283
0.6924936
0.6925217
0.6925716
0.69277686
0.69293267
0.6931141
0.6931404
0.6933827
0.6935868
0.6939113
0.6942529
0.69424576
0.6944112
0.6943089
0.69438577
0.6944392
0.69441706
0.6940964
0.6937695
0.69350064
0.6933283
0.69306797
0.69273037
0.6925303
0.6924739
0.6925125
0.6926942
0.6927708
0.6928038
0.69271076
0.69281465
0.6926529
0.6926578
0.6929415
0.6930068
0.69314367
0.69309044
0.6932786
0.69340193
0.6933601
0.6932346
0.69338244
0.69362104
0.69392663
0.6941592
0.6943538
0.6945067
0.6946621
0.69470304
0.6948393
0.6946411
0.6945551
0.69416624
0.69394475
0.6936539
0.6934783
0.69313896
0.69288445
0.6927307
0.69269955
0.6925668
0.6924173
0.69248694
0.69253874
0.6924281
0.692499
0.69265765
0.69265866
0.6928145
0.6929357
0.69329053
0.6932308
0.69339234
0.69351274
0.6938673
0.69433516
0.6946592
0.69510794
0.6954229
0.6956563
0.69577295
0.69576854
0.6956213
0.6953899
0.6950739
0.6945843
0.69423604
0.69377416
0.69343936
0.6930732
0.6927263
0.69242954
0.6922406
0.69196475
0.69184065
0.69178736
0.6917764
0.69174
0.6915367
0.6915816
0.6915595
0.6919068
0.6918656
0.6919967
0.69208884
0.69219565
0.6924437
0.69264317
0.6928347
0.693275
0.6936589
0.6943218
0.69477314
0.69514257
0.6955501
0.69565755
0.69557524
0.6957834
0.69590807
0.69587153
0.6956326
0.6956085
0.6950008
0.6944702
0.69398457
0.6934142
0.69270164
0.6919048
0.6911208
0.69033265
0.689932
0.6897883
0.68940943
0.68925357
0.68902624
0.68897295
0.68938106
0.68936837
0.6895078
0.6895296
0.6900129
0.6902881
0.6907884
0.6913104
0.69183046
0.6923151
0.69284314
0.693165
0.6935372
0.69394094
0.6941448
0.6947102
0.69521403
0.6955199
0.695701
0.6958282
0.69615406
0.69637847
0.69647056
0.6963109
0.69611794
0.6958216
0.6956005
0.6953139
0.69510317
0.6946788
0.69440585
0.6942724
0.6940319
0.6937859
0.69335115
0.69284886
0.69254446
0.69232184
0.69221866
0.69198203
0.69181675
0.6915668
0.69149
0.6914468
0.69137233
0.6913854
0.69145685
0.69162196
0.69185287
0.6923139
0.69262606
0.6932054
0.6936204
0.69394743
0.69423056
0.6943802
0.69453543
0.69479734
0.6951229
0.69513947
0.69525623
0.69543594
0.6955752
0.6954933
0.6954
0.6952815
0.6948918
0.69466734
0.6943006
0.69402146
0.69351286
0.69312507
0.6928219
0.6926567
0.6924411
0.6923455
0.69230616
0.6921492
0.6919551
0.69187695
0.6917801
0.6917099
0.6919901
0.6919996
0.692014
0.6922982
0.6925029
0.6926053
0.69298434
0.6933505
0.69354373
0.69381267
0.6942006
0.69463
0.69477123
0.69502556
0.6951323
0.6951407
0.6952135
0.69514996
0.69520015
0.6949325
0.6946327
0.6942366
0.6942427
0.69405043
0.6939127
0.6938586
0.6939593
0.6937126
0.6932966
0.693236
0.69320023
0.6929376
0.6927028
0.69267803
0.69241583
0.6924968
0.6926964
0.6930194
0.693268
0.6932492
0.69355726
0.6936597
0.6936529
0.6937715
0.69410896
0.6943993
0.6942966
0.6940813
0.69408816
0.6942147
0.6941217
0.6940588
0.6938194
0.6936762
0.6940085
0.6939551
0.6937277
0.69357926
0.6934854
0.69354403
0.6937
0.6933627
0.69330865
0.6930434
0.69290525
0.69306684
0.69292647
0.69276947
0.6929439
0.6930639
0.693113
0.69326353
0.6934161
0.69367576
0.69376385
0.6937372
0.6935505
0.69347924
0.69381195
0.69392073
0.69395083
0.694117
0.6942501
0.69423133
0.69432825
0.69432163
0.6944125
0.6945941
0.69466835
0.6947179
0.69475967
0.69470966
0.6946164
0.6942489
0.6938509
0.69340426
0.6930269
0.6928807
0.6927985
0.69276446
0.69283557
0.69263107
0.6925691
0.6924187
0.69221
0.69221026
0.69241446
0.6923278
0.69219667
0.69247127
0.6928976
0.69361264
0.694231
0.6948355
0.69530654
0.69563
0.6957801
0.6959143
0.6960396
0.69601935
0.6960212
0.69603044
0.6958694
0.6955565
0.69517744
0.69452196
0.69408095
0.6937747
0.69345266
0.6931762
0.6929377
0.69275975
0.6924057
0.6920702
0.69201523
0.69171
0.6914856
0.6916062
0.69187945
0.6921072
0.69254255
0.6927384
0.69258016
0.6928623
0.693104
0.69341487
0.69359356
0.69390106
0.6941921
0.69457346
0.69500285
0.6953754
0.69560724
0.6955192
0.69565433
0.69575477
0.69566876
0.6952986
0.69496083
0.69471437
0.6944832
0.6940799
0.6935825
0.69335705
0.6933401
0.6932025
0.69289476
0.6927211
0.6923431
0.691977
0.6919446
0.6920275
0.6921255
0.69229233
0.69238865
0.6924627
0.6925368
0.69265
0.69285154
0.6932992
0.6938159
0.6942144
0.69423544
0.6944394
0.6944508
0.6946187
0.69470525
0.69472235
0.69488037
0.6947413
0.694706
0.6947666
0.6948874
0.69472533
0.6944817
0.6944721
0.6943255
0.6943161
0.69428825
0.6943154
0.69424313
0.69433326
0.6940914
0.69375634
0.69358873
0.69352937
0.6934324
0.69334716
0.69308114
0.6930766
0.69316137
0.69336635
0.6934483
0.6936673
0.6938898
0.6941886
0.69422036
0.69424695
0.694531
0.69474405
0.69457424
0.6944948
0.69462895
0.69471693
0.6945777
0.69428164
0.6942083
0.69424057
0.69397676
0.69379336
0.6936834
0.6934427
0.69321984
0.69304943
0.69287664
0.6931904
0.6934561
0.69353503
0.6934971
0.69363195
0.69365776
0.6935985
0.69369715
0.6936148
0.69376886
0.69401604
0.6940236
0.694114
0.6943862
0.6946344
0.694692
0.69460356
0.69472045
0.6947236
0.6945843
0.6943378
0.6941059
0.6939521
0.6939067
0.693744
0.69373655
0.69359255
0.6934466
0.6933799
0.6929722
0.6929436
0.6930011
0.6932058
0.6930966
0.69313586
0.6931799
0.6932655
0.6932554
0.69336414
0.6937254
0.69389546
0.69395083
0.69406253
0.6942069
0.6944124
0.6945889
0.6947344
0.69448394
0.69436383
0.69432056
0.6940859
0.6940247
0.693874
0.6935859
0.6932661
0.69302446
0.6929345
0.69295055
0.69296664
0.69283205
0.69271135
0.69272184
0.69287926
0.6930641
0.69313717
0.6933242
0.6934192
0.69361687
0.6938113
0.69408953
0.6942484
0.69443816
0.6945341
0.69469243
0.6947831
0.6946218
0.6944504
0.6942955
0.6942589
0.6941336
0.6939867
0.69380575
0.69363976
0.6936457
0.6933916
0.6930382
0.69287884
0.6927641
0.6927679
0.69271046
0.69279057
0.69251835
0.6925841
0.69265175
0.69267315
0.6928353
0.6928283
0.6931736
0.6928803
0.692947
0.6932609
0.6934627
0.693686
0.6941241
0.69442457
0.6947204
0.6947868
0.69476545
0.6950454
0.69501877
0.69486547
0.69465935
0.69449323
0.6942859
0.69408685
0.69390184
0.6936521
0.6934398
0.6932059
0.6929414
0.6926847
0.6926564
0.69254893
0.6922428
0.69229937
0.69217986
0.69212025
0.6921358
0.6921868
0.69221383
0.692341
0.6924739
0.69258255
0.6928687
0.69288886
0.6929371
0.69331455
0.69364464
0.6941058
0.6943342
0.6945311
0.69469947
0.69474316
0.6948154
0.69506705
0.69497746
0.69480085
0.6945595
0.6943843
0.693976
0.6937211
0.6930445
0.69241214
0.6922083
0.6921069
0.69202507
0.6919601
0.6920245
0.69199705
0.6918345
0.69180346
0.6920509
0.6921628
0.69203925
0.69218415
0.69220716
0.69226694
0.69241416
0.6927521
0.6930003
0.69318354
0.6935841
0.6940488
0.6943745
0.69469285
0.6951054
0.69532275
0.69541997
0.6953778
0.69517
0.6952008
0.6951034
0.6949661
0.69464684
0.69428605
0.69397736
0.6936536
0.69326514
0.6928189
0.69244623
0.6923125
0.692166
0.6918847
0.6918031
0.6917446
0.6919854
0.6921375
0.69203556
0.69207513
0.6920118
0.69198096
0.69200724
0.69219315
0.6923677
0.692642
0.69278777
0.6930127
0.6932006
0.6936041
0.6938863
0.6941487
0.6946762
0.6950491
0.6952198
0.69517183
0.6951513
0.6950431
0.6948227
0.694709
0.69450325
0.69445693
0.6942546
0.6940897
0.6935923
0.69313693
0.6928366
0.6925231
0.6922977
0.69230664
0.69228846
0.6922251
0.6920429
0.6919895
0.6921382
0.69228953
0.69236535
0.6921341
0.6920269
0.6922519
0.692664
0.69285953
0.6932174
0.6934641
0.6937339
0.6940954
0.69427973
0.6943009
0.6945863
0.69482374
0.6949227
0.69488066
0.6949041
0.6946315
0.69467807
0.69457537
0.69439286
0.6941291
0.69374734
0.6934313
0.6932988
0.692919
0.69267875
0.69232213
0.69195604
0.69184417
0.69168866
0.691625
0.69161254
0.69171286
0.69175845
0.6919453
0.6922709
0.69227237
0.6923625
0.6922629
0.69243693
0.6924167
0.69260067
0.69291294
0.6932215
0.6936791
0.6938741
0.6943661
0.6946623
0.69488525
0.6949875
0.6949116
0.6949024
0.6947516
0.69465345
0.69450104
0.6941309
0.6940137
0.69377476
0.69346833
0.6933918
0.69351673
0.69328165
0.6931356
0.6929552
0.6927028
0.6924992
0.6924119
0.69244766
0.6925111
0.69257265
0.69254637
0.6924144
0.69256955
0.69266593
0.69276327
0.69306195
0.69305944
0.6934845
0.69374275
0.69419724
0.69434357
0.6943021
0.6944032
0.6947232
0.6948018
0.69481134
0.6944851
0.69444126
0.69447607
0.69428366
0.69389266
0.6936061
0.693439
0.6933701
0.69323593
0.6932011
0.6930867
0.6930432
0.69282246
0.692586
0.6927002
0.69264615
0.69295686
0.6930195
0.6931732
0.6932429
0.6932463
0.6933892
0.69354963
0.69360805
0.6938149
0.6938564
0.69393474
0.69403064
0.69414467
0.6941963
0.69442374
0.69443166
0.69432586
0.6944153
0.69435406
0.6943714
0.69426733
0.69387305
0.69348717
0.6932446
0.69318366
0.6930651
0.6930339
0.6930273
0.6930347
0.69300145
0.6931399
0.69332457
0.6932563
0.69315326
0.69323945
0.6932012
0.6932959
0.6935843
0.6934841
0.6935099
0.6934311
0.6933547
0.69355696
0.6937302
0.69390124
0.69405395
0.6942433
0.6943037
0.69407976
0.6939328
0.6936072
0.69341683
0.6934884
0.69354457
0.69339705
0.6933301
0.6930547
0.69285184
0.6930134
0.69303197
0.6931063
0.6931854
0.69315004
0.6930573
0.69311297
0.69304043
0.69291717
0.69291
0.6929228
0.6931354
0.69320565
0.69337445
0.6936111
0.6937248
0.69387275
0.6939861
0.6940605
0.6941072
0.6940949
0.6940856
0.69405025
0.69400096
0.6938198
0.6937314
0.6936739
0.69378114
0.6936338
0.6932154
0.692963
0.69282836
0.69264317
0.6926427
0.69277906
0.6927586
0.69289005
0.69279593
0.6928634
0.6930937
0.69314116
0.6931822
0.69325656
0.69338834
0.69351494
0.69354457
0.6937678
0.6938513
0.6939908
0.6941619
0.6941349
0.6942255
0.69433194
0.6942191
0.6941998
0.69420415
0.69426334
0.6942202
0.6941974
0.69408447
0.6938622
0.6937341
0.6936617
0.69357795
0.6935328
0.6934041
0.6932984
0.6931299
0.6933131
0.6929805
0.692971
0.6929926
0.69300103
0.6931713
0.6931114
0.6932307
0.6932594
0.6932663
0.6931924
0.69353426
0.69377226
0.69397175
0.6941848
0.69445246
0.69457036
0.6946165
0.6946187
0.694497
0.6945483
0.69454366
0.6943755
0.6944022
0.6941601
0.693795
0.69370025
0.69350594
0.6931855
0.69317394
0.69314337
0.6929147
0.6928093
0.69273514
0.69277155
0.6928579
0.6927988
0.6926236
0.6927607
0.69293404
0.69305474
0.69328755
0.6932133
0.693248
0.69369155
0.6938563
0.69411206
0.6944
0.6947002
0.69482374
0.69474185
0.6948447
0.69500375
0.6949108
0.6947862
0.6946158
0.6945217
0.6940895
0.69386655
0.6937215
0.69361556
0.6933901
0.69319975
0.69320947
0.6932354
0.69290054
0.6928809
0.69288325
0.69290084
0.6928241
0.69275415
0.6927603
0.6930262
0.6931139
0.6930311
0.69324374
0.6933449
0.6934583
0.693807
0.69411516
0.69430083
0.69451344
0.69466245
0.6948056
0.69503343
0.6952564
0.6954932
0.6957145
0.69596845
0.6958344
0.6956772
0.69530696
0.6947842
0.69448805
0.6939572
0.69342583
0.6929808
0.69266206
0.69245017
0.6920783
0.69178104
0.6916357
0.69147897
0.6914891
0.6914651
0.69138926
0.6912441
0.6913573
0.6915126
0.69184417
0.6919523
0.6922469
0.69266206
0.69326466
0.69392174
0.6943533
0.6949416
0.69530886
0.6956668
0.69600576
0.6963451
0.6966711
0.69688404
0.6973362
0.6970767
0.69703555
0.6965988
0.69628066
0.69596624
0.69546723
0.6948075
0.6942196
0.6938003
0.69317764
0.6925045
0.6917323
0.69136393
0.69083863
0.6902742
0.68975586
0.6895619
0.68901587
0.6888583
0.6887651
0.6884689
0.6883213
0.6883151
0.68828535
0.6886046
0.6889421
0.68938875
0.6897169
0.6903147
0.691013
0.6913826
0.6921684
0.6929825
0.6935823
0.6943328
0.6950647
0.6957156
0.6965431
0.69719595
0.6976905
0.69805616
0.6982895
0.6983062
0.6983628
0.6981184
0.6979466
0.69768643
0.6972988
0.69715863
0.6967724
0.6962331
0.6954925
0.6950069
0.6945186
0.6938958
0.6932262
0.692557
0.692266
0.691813
0.6914249
0.69097346
0.690544
0.69038767
0.6900963
0.69030935
0.69016737
0.6898402
0.69009894
0.69011915
0.6902876
0.6905718
0.6910723
0.6912969
0.69156855
0.6919931
0.69245017
0.69314384
0.69374424
0.6941184
0.6944174
0.6948557
0.69524616
0.6955477
0.6958347
0.6961743
0.6965107
0.6966426
0.6968209
0.6968205
0.6966021
0.69646573
0.6961055
0.6956619
0.69525343
0.6948923
0.69463646
0.69422185
0.69384015
0.6934158
0.6931315
0.69283074
0.6925315
0.6924334
0.69224954
0.6920934
0.69222087
0.69200313
0.69202995
0.6919033
0.69206446
0.6921954
0.6923157
0.6925888
0.6926678
0.6930736
0.69309145
0.69343907
0.69378465
0.6939113
0.6942997
0.6945227
0.69477504
0.69509053
0.6951379
0.6950791
0.6949126
0.6948144
0.6947491
0.6948767
0.69503325
0.6951958
0.695313
0.6952567
0.6949781
0.69466805
0.69446737
0.6942272
0.69415075
0.6940661
0.6938556
0.69359255
0.6936354
0.6935419
0.6934049
0.6934548
0.69330156
0.6933223
0.69300646
0.6929713
0.6930393
0.69292814
0.6929402
0.6932107
0.6933001
0.6934283
0.6937007
0.6940661
0.6942599
0.6944677
0.69453716
0.6945831
0.69482255
0.6950017
0.69509214
0.69505095
0.69481283
0.6948023
0.69472444
0.6947857
0.69466496
0.6945951
0.69433874
0.69407934
0.6937591
0.6935259
0.69349784
0.6936553
0.69374394
0.69371355
0.69376135
0.69383633
0.6937739
0.6935874
0.69348603
0.69333375
0.69347876
0.6937321
0.6937277
0.69376063
0.69390243
0.6940036
0.6942096
0.6942945
0.69461745
0.69452894
0.6943962
0.6944261
0.6945827
0.694632
0.6946146
0.69450825
0.69454175
0.6946905
0.6945381
0.6943465
0.6942016
0.6940958
0.69398993
0.69375503
0.693623
0.69363505
0.6933086
0.69312054
0.6930575
0.69311976
0.6930032
0.69281757
0.6931935
0.69326115
0.6933544
0.6934085
0.69352025
0.6936631
0.6937868
0.6938388
0.6938914
0.69414854
0.69433624
0.69457316
0.69486153
0.69488984
0.69495004
0.6948921
0.69463074
0.6946134
0.6946046
0.6946283
0.69441766
0.69407576
0.69382304
0.6936364
0.6933268
0.69313914
0.69289225
0.69286734
0.6929447
0.69278777
0.69264466
0.69270086
0.6925616
0.6926033
0.6925982
0.69303596
0.6931055
0.69356024
0.6939947
0.69439363
0.6944658
0.6947971
0.6951588
0.69541913
0.6955695
0.6954747
0.69539034
0.69544834
0.69541943
0.6954458
0.6952863
0.6950721
0.6946759
0.6944508
0.69406205
0.69376534
0.69355
0.6932695
0.6929543
0.6926894
0.69250935
0.69243884
0.69243604
0.6922872
0.6921546
0.6922628
0.692293
0.6925521
0.69246763
0.6928509
0.69321996
0.6934614
0.69385415
0.69396967
0.6944907
0.6947321
0.69492704
0.6949079
0.69511265
0.69518775
0.69533205
0.69561297
0.69557554
0.69569016
0.6956263
0.6954959
0.6952882
0.6953543
0.6952376
0.6950439
0.69478744
0.6943516
0.6939973
0.6935692
0.6931745
0.6927569
0.69245255
0.6921873
0.6923253
0.6922048
0.69213444
0.69220084
0.6923801
0.69220525
0.6922004
0.69233835
0.6924789
0.692695
0.69294965
0.6935935
0.6939983
0.69464767
0.6950354
0.6954402
0.69615906
0.6966179
0.6969711
0.6974124
0.69758123
0.6977329
0.6979931
0.69796336
0.6978118
0.6974958
0.6969929
0.6964748
0.6959485
0.6952173
0.6946028
0.6940299
0.6933214
0.69255
0.6917536
0.69120604
0.6906763
0.6901176
0.6897699
0.68929493
0.6890216
0.688649
0.6885342
0.68833876
0.688105
0.68784755
0.6881573
0.6885526
0.6887075
0.68885285
0.6893897
0.69013256
0.69088066
0.6914007
0.6918757
0.6924641
0.6929248
0.69369537
0.69428235
0.695055
0.6958953
0.6967053
0.6973293
0.69814974
0.69865304
0.6991469
0.7000645
0.7000425
0.6996002
0.6986264
0.6980389
0.6971898
0.6962505
0.69515246
0.6941616
0.69288284
0.6918879
0.6908155
0.6899879
0.6891754
0.68844426
0.6879093
0.6875032
0.6863365
0.68522865
0.6845009
0.6843005
0.684148
0.68409085
0.6845354
0.6846796
0.68463594
0.68531835
0.6857916
0.68632406
0.6873712
0.68818206
0.68901753
0.68941414
0.69020534
0.69124246
0.6920987
0.6922888
0.69207364
0.69238895
0.6917969
0.69151384
0.6912446
0.6908466
0.6907344
0.6908685
0.6910099
0.69112664
0.6914094
0.69119006
0.69164723
0.6921473
0.6924233
0.6925648
0.69291556
0.69310355
0.6935255
0.6938991
0.69401795
0.69384015
0.69341844
0.69322115
0.69292223
0.6926285
0.69245166
0.6923344
0.692275
0.69253427
0.69260657
0.6927853
0.69263434
0.692844
0.6929905
0.6930975
0.69340205
0.69370955
0.6940274
0.694319
0.6946426
0.69484293
0.6953316
0.6950982
0.694862
0.69467175
0.6945398
0.69423914
0.69382167
0.6935853
0.69345886
0.6935665
0.69376343
0.69364357
0.6934665
0.6934298
0.6933113
0.69345236
0.69357306
0.6935465
0.6940588
0.6941787
0.6941871
0.69432586
0.69435805
0.69418645
0.6940897
0.6944135
0.6944678
0.6943908
0.694214
0.6942709
0.6942374
0.69409
0.69394296
0.69402385
0.69435877
0.6946051
0.69500935
0.6952581
0.6953254
0.69533706
0.6951269
0.6951338
0.69496375
0.69482905
0.69470173
0.6944742
0.69455224
0.69426733
0.69416183
0.69405746
0.6940995
0.69429797
0.6941439
0.6942165
0.694494
0.69453806
0.6947801
0.69487834
0.69519126
0.6952937
0.69532925
0.69516015
0.69518954
0.69531536
0.69514763
0.6950148
0.69507766
0.6948867
0.69468236
0.69459474
0.69456655
0.6942937
0.69418854
0.6944419
0.6942655
0.69449747
0.69438386
0.6944357
0.69470817
0.6948742
0.6950575
0.694959
0.69506323
0.69540787
0.69562453
0.6956237
0.69557565
0.69552743
0.6954668
0.69546723
0.695411
0.6952535
0.6952262
0.69521034
0.6951381
0.6949327
0.6947687
0.69467527
0.69465184
0.69463336
0.6946407
0.6942788
0.6940609
0.6940281
0.69418097
0.6943602
0.6945124
0.6941855
0.69431293
0.69422686
0.69470483
0.69511056
0.6950386
0.6953419
0.6956119
0.69584787
0.69596535
0.69611686
0.6962126
0.6960498
0.69619524
0.6961451
0.69606906
0.69583875
0.69562364
0.6956692
0.69567996
0.69553775
0.69538546
0.69527537
0.6951584
0.695062
0.6947485
0.6946316
0.69451296
0.694383
0.69433844
0.69427097
0.69413555
0.69400764
0.6941613
0.69381446
0.6938344
0.6936863
0.69404906
0.694274
0.6943173
0.6945964
0.6948139
0.6949261
0.69509315
0.69517624
0.69503355
0.69517785
0.6949184
0.6945453
0.6944924
0.69442844
0.69447815
0.69460374
0.6945249
0.6943294
0.6942005
0.694106
0.6941047
0.6940748
0.6939257
0.6940848
0.69412947
0.69424886
0.69424635
0.6940329
0.6939866
0.6938505
0.6939722
0.69378495
0.6941037
0.6941373
0.6944644
0.694503
0.6945485
0.69464564
0.69436854
0.6944421
0.6939488
0.69395846
0.6938037
0.69392663
0.69372135
0.69398355
0.69408804
0.6941257
0.6941466
0.6939912
0.693981
0.6938413
0.69364154
0.6936253
0.6938667
0.69387066
0.6936394
0.694088
0.69465554
0.69516134
0.69532686
0.6954548
0.695641
0.69550276
0.6947495
0.6947047
0.69436735
0.69427395
0.6940149
0.69424295
0.6945034
0.6945102
0.69447535
0.6943414
0.6944928
0.6942421
0.6940861
0.6941256
0.69414216
0.6941165
0.69414294
0.6938917
0.6942013
0.6943309
0.6945893
0.6947425
0.6950771
0.69470006
0.69447494
0.694984
0.69449073
0.69441634
0.69410366
0.6941981
0.69443893
0.6945269
0.69441444
0.69436866
0.6942291
0.6939912
0.6939483
0.6942801
0.6940776
0.6943956
0.6941867
0.6947419
0.6949027
0.69494957
0.69514924
0.69500774
0.6951894
0.69539213
0.6952211
0.6948883
0.6944998
0.6945965
0.69432974
0.6941984
0.6942368
0.69431055
0.6943714
0.6943077
0.69458276
0.69442564
0.69427913
0.6943384
0.6946571
0.6947524
0.69488865
0.6949687
0.69507295
0.69536394
0.6954268
0.69552743
0.6954809
0.69558096
0.6958027
0.6954786
0.6951822
0.6949384
0.6947086
0.69476557
0.69456214
0.69461703
0.6946009
0.69468874
0.6945526
0.69457567
0.69457495
0.6943898
0.694686
0.69448864
0.6945648
0.69446325
0.6945484
0.69488055
0.6949854
0.6953049
0.69548553
0.6955337
0.6955274
0.695685
0.6958534
0.69569284
0.6956217
0.69549775
0.69567853
0.6955147
0.6952437
0.6951297
0.69506246
0.69502175
0.6950916
0.69502115
0.6947943
0.6945628
0.69452137
0.6946705
0.69464594
0.69463056
0.6947997
0.694709
0.6947027
0.69453275
0.6946892
0.6948583
0.6945567
0.6945154
0.6946604
0.69464064
0.6946454
0.6948188
0.69481355
0.69482625
0.69495696
0.69513464
0.695026
0.6951328
0.69517154
0.6950577
0.69513655
0.6947729
0.6946915
0.69474715
0.69472384
0.6947398
0.6944556
0.69446135
0.6945386
0.6944659
0.6945104
0.6944985
0.6944345
0.69451785
0.6946481
0.69458324
0.69456494
0.69458723
0.69471014
0.6948902
0.6949398
0.69498295
0.6948743
0.69492745
0.69488573
0.694867
0.6947977
0.69480675
0.6946931
0.69474244
0.6946256
0.6946661
0.69479185
0.694638
0.69464856
0.69469106
0.6946018
0.69465756
0.69454277
0.69457805
0.6946207
0.69470537
0.6948909
0.6949895
0.69480896
0.6949052
0.6949097
0.6948995
0.6949528
0.6948652
0.69490856
0.69501925
0.6949159
0.69495565
0.69493437
0.69480467
0.6949138
0.69475764
0.6948453
0.6947895
0.69471943
0.6948215
0.69469583
0.6947059
0.69429857
0.69420826
0.6944744
0.69450015
0.6946877
0.6947217
0.69477826
0.6948125
0.6949137
0.69480866
0.6948324
0.69479305
0.6947287
0.6948066
0.6948101
0.6949039
0.6948675
0.69473356
0.69465464
0.69472224
0.694767
0.6945551
0.69458264
0.6945198
0.69456106
0.69443357
0.69458747
0.6947654
0.69485646
0.694764
0.6950179
0.6949456
0.69494855
0.69498754
0.6949064
0.6948205
0.6945845
0.69457227
0.6945248
0.69454134
0.6944304
0.6943977
0.6942381
0.69433516
0.69437635
0.69438154
0.6944379
0.6944568
0.6944202
0.69436896
0.6942434
0.6942421
0.69412386
0.6941264
0.6942282
0.6944105
0.69449824
0.6944802
0.6944969
0.6945379
0.6946569
0.69460714
0.6945967
0.69453
0.69457936
0.6946432
0.69457746
0.6945358
0.69445944
0.6943961
0.6942979
0.69431895
0.6942255
0.6941586
0.6943182
0.69449633
0.69445497
0.6944854
0.69453603
0.6945318
0.6946733
0.6945317
0.69444144
0.6944699
0.69452906
0.6944833
0.6942992
0.6941596
0.6939803
0.69396937
0.6938328
0.69382614
0.69361
0.6935474
0.6934672
0.6935802
0.69407487
0.69434977
0.6945166
0.6947958
0.6949543
0.6949054
0.6947876
0.6946257
0.6944079
0.6943839
0.6942906
0.694195
0.69421273
0.69391656
0.6936881
0.69357604
0.6934737
0.6934911
0.69333756
0.6933658
0.6933612
0.693153
0.69318974
0.6931567
0.69316405
0.69313973
0.69317657
0.6937097
0.6940178
0.69411355
0.69420373
0.6941914
0.69408476
0.69393396
0.6939666
0.6939275
0.69397163
0.6940012
0.6939295
0.69375694
0.6935953
0.6935473
0.69355714
0.6935655
0.6936616
0.69336176
0.6933055
0.6932633
0.69346523
0.69364786
0.6940191
0.6941144
0.694272
0.6943268
0.69430655
0.6944292
0.6943918
0.6943221
0.6943819
0.694325
0.69411224
0.69381267
0.693553
0.69369435
0.69365185
0.69354457
0.693442
0.6935505
0.69358385
0.6936045
0.6936566
0.6937348
0.69371945
0.6936344
0.69376975
0.6938613
0.6938494
0.6938321
0.6938722
0.69382274
0.69380057
0.6940668
0.6942363
0.69435996
0.6944112
0.694424
0.6944457
0.6946768
0.6944285
0.69420815
0.6942036
0.69397014
0.6938793
0.69380134
0.69353426
0.69360477
0.6938064
0.6937124
0.6935812
0.6937163
0.69354135
0.6935709
0.6933364
0.69262356
0.6929498
0.69318086
0.69358087
0.6938993
0.6943907
0.6956178
0.6953527
0.69464636
0.6942757
0.69374585
0.69331527
0.6931293
0.6931161
0.6931196
0.69295466
0.6929701
0.69296503
0.69297177
0.69261664
0.6920291
0.69183767
0.6922407
0.6922009
0.6924009
0.69283617
0.69332385
0.69338375
0.69379365
0.6943373
0.695066
0.69558334
0.69571155
0.6955439
0.6949913
0.6941066
0.6936629
0.69324887
0.6932345
0.69337136
0.69342494
0.693419
0.69310534
0.692967
0.69239634
0.6919986
0.691927
0.6923153
0.69249195
0.6923878
0.69268596
0.693327
0.6933196
0.6937895
0.69421047
0.69478923
0.6949458
0.69512916
0.6953276
0.6952372
0.69497156
0.69477814
0.6945306
0.6943172
0.6938487
0.69308454
0.6926197
0.6925041
0.692836
0.6926859
0.69262576
0.6927103
0.69273263
0.6924741
0.6927721
0.693192
0.6935426
0.69371474
0.6941888
0.69460547
0.6949753
0.6952478
0.69552153
0.6954731
0.69509935
0.69492763
0.69474536
0.6945565
0.6945543
0.69431967
0.6938374
0.69338995
0.69336915
0.6935296
0.6935882
0.69324946
0.69352406
0.69369894
0.6937787
0.6938212
0.6938417
0.6942422
0.6943307
0.694641
0.69503146
0.6953738
0.6954465
0.69549185
0.6952048
0.69518536
0.6951301
0.6946368
0.69452304
0.6941107
0.69387233
0.6937981
0.69386595
0.6940375
0.6941113
0.69421154
0.69440794
0.6945894
0.6947649
0.694927
0.69530827
0.69543123
0.6954292
0.6951771
0.69490826
0.6949878
0.69472426
0.6945835
0.69458395
0.6944393
0.6942135
0.6939735
0.693845
0.6935565
0.6937757
0.69412774
0.69416666
0.6941914
0.6942349
0.6945873
0.6945427
0.69477886
0.69487643
0.69495124
0.69489205
0.69497156
0.69488925
0.6949203
0.69466287
0.69429046
0.694179
0.6942235
0.6937931
0.69399375
0.69417125
0.6940634
0.6942385
0.69421923
0.6944763
0.6946747
0.6952199
0.69525075
0.69523257
0.69501805
0.69483966
0.69491524
0.69444764
0.6941694
0.6940862
0.6939298
0.69379985
0.6937698
0.6936787
0.69358027
0.693833
0.69342226
0.6936428
0.6939911
0.69434375
0.69446576
0.6947058
0.6950273
0.69501597
0.69537055
0.69496787
0.6949195
0.69462544
0.6944108
0.6941467
0.6938527
0.6935882
0.6935152
0.69366056
0.6936773
0.69361585
0.6936329
0.6936791
0.69378155
0.6938946
0.6941396
0.6943935
0.69446045
0.69488263
0.694972
0.695182
0.694902
0.6947701
0.6946498
0.69447696
0.6942245
0.69396603
0.6939788
0.69377863
0.6936383
0.693453
0.6932735
0.6937054
0.69354683
0.694015
0.6940897
0.69392663
0.6942169
0.6945576
0.69485056
0.69509774
0.69501585
0.6950133
0.69469786
0.6949453
0.6945444
0.6941916
0.69393045
0.6937542
0.6936403
0.6935582
0.6934758
0.69317186
0.69259995
0.6927506
0.6927133
0.6927855
0.6926746
0.6929878
0.69338816
0.6934715
0.69395906
0.6943094
0.69450974
0.69477195
0.69481134
0.69498223
0.6950101
0.6947932
0.694556
0.69434786
0.69414437
0.6938048
0.693653
0.6935334
0.6933395
0.69338226
0.693222
0.6931901
0.6932857
0.6933133
0.69337445
0.69353557
0.6937079
0.69391555
0.6940178
0.6942014
0.6944276
0.69439936
0.6943246
0.6944426
0.6945866
0.69467497
0.6942714
0.6939897
0.6936374
0.69334227
0.6934128
0.6934946
0.6934687
0.6933869
0.6935561
0.6933529
0.69370055
0.69376767
0.6939377
0.6941604
0.69439095
0.69460565
0.6945139
0.6946445
0.6944289
0.69432634
0.6940686
0.6939016
0.69365317
0.6934737
0.6934192
0.6936567
0.69350225
0.6935053
0.69355494
0.69349307
0.69363767
0.693985
0.69423693
0.6945167
0.6948193
0.6950992
0.69536215
0.6956034
0.69542223
0.69518894
0.6949204
0.6947086
0.6943137
0.6941459
0.6939994
0.6938205
0.6938725
0.69371283
0.6937499
0.6934673
0.69388443
0.6941305
0.69451463
0.69459134
0.69467735
0.6950612
0.6951953
0.6950269
0.69498837
0.69489306
0.6950537
0.69474405
0.69442004
0.69416606
0.69393826
0.6938459
0.6937196
0.6936682
0.69363725
0.6937648
0.69417983
0.6942217
0.6944483
0.69493985
0.69511724
0.6951958
0.69550383
0.6948085
0.6946089
0.6944123
0.6942761
0.69394624
0.6938305
0.69355035
0.69352853
0.69315034
0.6930022
0.69309866
0.69322324
0.69355285
0.693616
0.6935652
0.6937049
0.6941955
0.69454527
0.69485956
0.695087
0.69527006
0.6952987
0.69460744
0.6944016
0.69401544
0.6938416
0.693645
0.6934771
0.6933688
0.69315416
0.6930471
0.6926402
0.69247675
0.69235885
0.69265044
0.69268984
0.6928528
0.6933587
0.6936536
0.69414425
0.6945572
0.6947032
0.6945178
0.69445086
0.6943912
0.6943439
0.6942559
0.694029
0.693694
0.6934806
0.6934838
0.6934671
0.69345456
0.6934597
0.69366515
0.6936571
0.69344425
0.6935528
0.69357127
0.6937566
0.6938192
0.69402534
0.69429255
0.6943946
0.69449085
0.69454646
0.69427663
0.6942704
0.69440615
0.6941167
0.6940793
0.6938704
0.69385856
0.6938256
0.6936677
0.69370484
0.69366866
0.69388545
0.6938901
0.6939479
0.6938669
0.6938494
0.69386053
0.69390607
0.6941481
0.6942983
0.69425946
0.6942579
0.6943116
0.6941273
0.6939886
0.6938131
0.6936888
0.69367266
0.6934437
0.6936785
0.69356346
0.69377196
0.69394964
0.6940093
0.6941281
0.694174
0.6942775
0.69426274
0.6942413
0.69410706
0.6941121
0.6940403
0.6940673
0.69408154
0.693896
0.69398534
0.69374156
0.6937182
0.6938634
0.69385386
0.6938358
0.6940819
0.69429636
0.6943462
0.6944424
0.6943524
0.69433534
0.6942317
0.69405955
0.69418764
0.69420916
0.69421107
0.694082
0.6941795
0.6942387
0.69419813
0.69412005
0.69400156
0.6939971
0.6939623
0.6938664
0.6939114
0.6936949
0.6940365
0.6941096
0.69440514
0.69449955
0.69432384
0.6942934
0.69423044
0.6942742
0.69451624
0.6945115
0.6944379
0.694148
0.6939972
0.69399387
0.69387215
0.6937088
0.69353527
0.69387704
0.69417644
0.6942742
0.6941368
0.69418544
0.69435483
0.6943905
0.69412917
0.69422966
0.69398576
0.69386023
0.69392556
0.693974
0.69381624
0.69367075
0.6936368
0.6935928
0.6935703
0.6934317
0.6935478
0.6937465
0.6938661
0.6940038
0.6940396
0.6940954
0.6941283
0.6942008
0.69412875
0.6938977
0.6938809
0.693672
0.6937799
0.6937232
0.6936577
0.69369316
0.6936194
0.6935434
0.693523
0.69346046
0.69347936
0.6937331
0.6938743
0.6941459
0.6939949
0.6938603
0.6936945
0.6936176
0.69352114
0.6934242
0.6934815
0.6934008
0.69334066
0.69354546
0.69361144
0.69354314
0.6935069
0.693518
0.6935936
0.69356644
0.6938968
0.69405514
0.6939474
0.69390965
0.69412535
0.69405985
0.6942312
0.69419783
0.6941671
0.6941317
0.6941222
0.6942319
0.6939666
0.6941395
0.6940498
0.69391507
0.69363946
0.6935867
0.69366294
0.693628
0.69363594
0.6935653
0.6936764
0.69376236
0.69397086
0.69379824
0.69388044
0.69396174
0.6938532
0.6939427
0.69381726
0.6935765
0.69334835
0.69324774
0.6933889
0.6933698
0.6932878
0.6932816
0.6933812
0.6932905
0.69321406
0.6929226
0.6930636
0.69316983
0.6935873
0.69371235
0.6937763
0.6938242
0.6940427
0.6939178
0.6937383
0.69376516
0.6936819
0.69357723
0.69352365
0.69351697
0.69346416
0.6934787
0.6934078
0.69322145
0.6928574
0.69298846
0.6929507
0.69307595
0.69306624
0.6930278
0.6933735
0.69351554
0.6936009
0.6937191
0.69405895
0.69411933
0.69400513
0.6939685
0.6940927
0.6940217
0.6940612
0.69392383
0.69390595
0.69360584
0.6934339
0.6933769
0.693092
0.693099
0.6929363
0.69294596
0.69293714
0.6931165
0.69335014
0.69342613
0.69343656
0.69351023
0.69374675
0.693775
0.6937111
0.6938466
0.69373053
0.69349647
0.6934642
0.6933626
0.6933415
0.69344836
0.6932581
0.69317174
0.69315165
0.6932385
0.6933578
0.6932893
0.6934671
0.69361293
0.6937295
0.69373673
0.6938968
0.6940193
0.6940326
0.6940878
0.69395375
0.6940395
0.693976
0.6939768
0.6938078
0.693832
0.6938409
0.6939042
0.6938998
0.69392926
0.6937168
0.6936637
0.6935887
0.69376713
0.6938865
0.69379854
0.6938395
0.6940557
0.694118
0.6942502
0.69407886
0.6940348
0.6941233
0.6939785
0.6938545
0.69388205
0.6939279
0.69396037
0.6938017
0.69372165
0.6937992
0.6937434
0.69362754
0.6934505
0.69332
0.69347805
0.6937608
0.6939435
0.69379693
0.69370365
0.6936145
0.69369334
0.69370615
0.69369495
0.69374764
0.69366616
0.69369334
0.69346285
0.69335455
0.69322544
0.69322026
0.6930454
0.69314235
0.6935476
0.6939158
0.6939995
0.6942894
0.6940356
0.69408464
0.6936679
0.6934552
0.6933264
0.69330704
0.6932339
0.69304585
0.69287
0.6928958
0.6929122
0.6926781
0.69281656
0.6929013
0.692898
0.6931795
0.693365
0.6934814
0.6937795
0.693882
0.69389457
0.6939779
0.6941683
0.69401646
0.69406396
0.69378966
0.69369996
0.6936167
0.69348896
0.6934945
0.6933948
0.6932098
0.69322443
0.693162
0.69298905
0.69301456
0.6932354
0.6931157
0.69299674
0.69307125
0.69303006
0.6931366
0.6933047
0.69332045
0.69353026
0.6935152
0.69366723
0.6939272
0.6941417
0.69405097
0.6942106
0.6942178
0.6941721
0.6940115
0.69429284
0.69413143
0.6940771
0.69404775
0.69393116
0.69389373
0.69368416
0.69362044
0.6937827
0.69358027
0.6935943
0.6935765
0.69353056
0.693384
0.6935695
0.6938567
0.693724
0.6939725
0.6939457
0.69434583
0.69456095
0.69460255
0.69443905
0.69431126
0.6944938
0.6942709
0.6942742
0.6942391
0.6940175
0.69400424
0.6939258
0.69386333
0.6938704
0.693725
