0.69410384
0.6941886
0.69439024
0.6944857
0.6940247
0.6944172
0.6942008
0.6941311
0.6942054
0.6940043
0.69401294
0.6941945
0.6942445
0.6937885
0.6942579
0.69431734
0.6941083
0.6940659
0.6942024
0.6943603
0.69402444
0.6938926
0.6940729
0.69430816
0.69399583
0.69432884
0.69416666
0.69408476
0.6942966
0.6940579
0.6940021
0.694023
0.6941076
0.6939238
0.6939319
0.69411343
0.69422674
0.69397396
0.6938969
0.69397503
0.69408023
0.69418275
0.6940201
0.6938939
0.69375134
0.6940638
0.6938939
0.6942776
0.69380695
0.6939296
0.69422704
0.694185
0.6938217
0.6940253
0.6941323
0.6939393
0.6938863
0.69412893
0.6942158
0.6939691
0.6940054
0.69417316
0.6937858
0.6939419
0.6940147
0.69386274
0.6940657
0.69409734
0.6938885
0.6938054
0.693972
0.69392943
0.6938418
0.69406587
0.69386995
0.6940192
0.69392765
0.69362
0.6938751
0.6935077
0.69385546
0.6938033
0.6940928
0.69375896
0.69390124
0.6940237
0.69407314
0.69407624
0.69406515
0.6939158
0.69377035
0.6942257
0.6939645
0.6938974
0.6941781
0.69414544
0.6935461
0.6939275
0.6938445
0.69386494
0.69381446
0.693754
0.69367677
0.6939044
0.6941613
0.6938197
0.69418997
0.6939607
0.6936736
0.6937944
0.6937101
0.6940059
0.69372183
0.6941089
0.69364756
0.69365
0.69398445
0.6936336
0.6938266
0.6939614
0.6939855
0.69386756
0.6938217
0.6940411
0.69377786
0.6938231
0.69393724
0.6939177
0.69353545
0.6939921
0.69386786
0.69394594
0.6941282
0.6940908
0.69379675
0.6939327
0.69389063
0.69383544
0.6937513
0.6937373
0.69389105
0.6938996
0.69384784
0.6940179
0.6938764
0.6939025
0.6938303
0.6938841
0.6937517
0.69377214
0.6938815
0.69388765
0.6939935
0.6938993
0.693745
0.6940075
0.69398654
0.69361097
0.69388795
0.6937923
0.69371724
0.69370604
0.6938621
0.693787
0.69398034
0.69402575
0.69394684
0.69368696
0.6937708
0.69374216
0.69387555
0.6938485
0.69376737
0.6938968
0.69397753
0.6938057
0.6935754
0.693969
0.6936301
0.69413435
0.6938303
0.6936748
0.69403553
0.693818
0.69369304
0.6939596
0.6938216
0.6939845
0.6939634
0.6937556
0.69394505
0.6937277
0.6939729
0.69399357
0.69371307
0.6939164
0.69386554
0.6938833
0.6937656
0.693837
0.69403994
0.6938842
0.6936182
0.6939855
0.69390774
0.69391817
0.69398654
0.69400454
0.69371945
0.6939692
0.69395906
0.69396156
0.69397235
0.6935714
0.69370794
0.69395995
0.6939312
0.6938496
0.6941179
0.69374925
0.6937053
0.6939019
0.69386023
0.6939664
0.69391555
0.6940657
0.69377977
0.69393843
0.6938675
0.69372404
0.69425374
0.6937529
0.69386715
0.6938776
0.69372153
0.6939553
0.6938629
0.69366026
0.69406134
0.69378537
0.6940378
0.6939618
0.69395393
0.6937798
0.6939988
0.6942979
0.69400185
0.6940656
0.6938881
0.6937791
0.6941134
0.6939109
0.6937911
0.69371295
0.6940601
0.6938747
0.6936069
0.69387054
0.69377
0.6940287
0.6939081
0.6935925
0.69389963
0.6940481
0.69376975
0.6937588
0.69391334
0.6938718
0.6939968
0.6938802
0.6940184
0.69381493
0.69396514
0.6939263
0.69377565
0.693912
0.69364226
0.6937623
0.69358075
0.6937837
0.69377095
0.69383603
0.6935246
0.69364905
0.69399494
0.69381
0.69397944
0.69368285
0.6939614
0.6939098
0.6936217
0.69390315
0.69403553
0.69375914
0.6937896
0.69370705
0.69393444
0.6936873
0.69381994
0.6938374
0.6938983
0.6938351
0.6938872
0.6937895
0.693589
0.69369715
0.69367236
0.6937137
0.6938547
0.6935807
0.6937639
0.6938423
0.69364035
0.69368243
0.69369084
0.6937316
0.69387263
0.69399077
0.6935665
0.69355786
0.69366306
0.69342417
0.69388056
0.6936966
0.693665
0.6939473
0.69349116
0.69386244
0.69358516
0.6935677
0.6934945
0.6934512
0.6935136
0.6935877
0.69367856
0.6935098
0.69368786
0.6934315
0.6937332
0.693611
0.69350344
0.6937759
0.6937257
0.69363457
0.6934325
0.6936304
0.6938339
0.69365144
0.69344634
0.69369966
0.6937545
0.6936975
0.69338167
0.69358367
0.6937201
0.69344884
0.69358593
0.6935172
0.693912
0.6934899
0.69360834
0.6934851
0.6934453
0.6937099
0.693679
0.69350684
0.6935563
0.6935618
0.6934208
0.69355506
0.6936901
0.6936637
0.6934529
0.6937836
0.6937135
0.69352263
0.6934109
0.69367874
0.69375116
0.6935242
0.69346267
0.6935937
0.69358736
0.69354683
0.69371015
0.69363534
0.693765
0.6937733
0.6935595
0.6937282
0.6934721
0.69376683
0.693599
0.69346815
0.6938529
0.6937025
0.6936221
0.6936452
0.69375163
0.6938066
0.693355
0.6935423
0.6936733
0.693606
0.6937201
0.69368386
0.6939607
0.69376105
0.69404924
0.6936323
0.69379365
0.6934732
0.6936085
0.69359255
0.69391763
0.693763
0.6935938
0.6936112
0.69377285
0.6935207
0.6934959
0.693876
0.6937529
0.69395286
0.6938897
0.6936284
0.69378793
0.69391435
0.6936932
0.69379985
0.6940147
0.69355434
0.6938943
0.6938672
0.6938243
0.694037
0.6937814
0.69364756
0.69375974
0.69400185
0.69367397
0.6939251
0.6935704
0.69398487
0.69376284
0.6938898
0.69393826
0.6939626
0.6938642
0.6937517
0.6939055
0.6940599
0.6936304
0.6936714
0.69379544
0.69367087
0.6935973
0.69388765
0.6938508
0.693788
0.6938439
0.6937863
0.6936962
0.69386905
0.69368476
0.69368356
0.6940737
0.69373757
0.6938316
0.69389194
0.6937445
0.6938804
0.693556
0.693484
0.6938545
0.69368553
0.69369376
0.6936308
0.6935953
0.6937346
0.69355655
0.6935541
0.69373745
0.693639
0.6938011
0.69340265
0.69374514
0.69339305
0.69354403
0.6934033
0.69356966
0.69354886
0.69354385
0.69348735
0.69326675
0.6936616
0.6933691
0.69342345
0.6935341
0.6933313
0.6932404
0.6934253
0.6934752
0.6934049
0.6932665
0.6933048
0.692802
0.6933892
0.6932047
0.6932229
0.69318426
0.69316125
0.6932831
0.6930766
0.69320023
0.6931696
0.69332457
0.6933706
0.69351786
0.6931141
0.6931948
0.6932084
0.6929596
0.6932559
0.6932441
0.6932612
0.6929311
0.6931498
0.6931948
0.6932456
0.6930286
0.69311774
0.69321746
0.692949
0.6931158
0.6931224
0.6929518
0.6929638
0.69314575
0.6929921
0.69305503
0.69316906
0.69318944
0.69310546
0.69312954
0.69304395
0.6933065
0.69308585
0.6931045
0.6932228
0.693027
0.69326764
0.6931127
0.69332755
0.69324183
0.6932594
0.6931351
0.6931642
0.6934257
0.693085
0.6930612
0.693189
0.6932342
0.693268
0.6933507
0.6932752
0.6933413
0.6934759
0.6931896
0.693055
0.6932584
0.69314116
0.6932704
0.6936617
0.69321734
0.6933202
0.6931192
0.6935611
0.6932432
0.6933352
0.6934112
0.6931836
0.69335353
0.69344896
0.6933468
0.69316524
0.6934242
0.69331753
0.6932881
0.6932514
0.69330966
0.69323134
0.693177
0.69344616
0.6935008
0.6935781
0.693475
0.6934261
0.69343615
0.69346344
0.6933008
0.69334906
0.6934946
0.69329447
0.6935529
0.6934387
0.6934959
0.69361746
0.6937314
0.6934853
0.69351673
0.69348675
0.693643
0.6934691
0.693418
0.69369644
0.6937352
0.69359285
0.69356614
0.69354993
0.6934799
0.6936406
0.6936769
0.6937888
0.6937352
0.6936015
0.69368464
0.6937126
0.6937195
0.69374037
0.69378036
0.6937811
0.693532
0.69369715
0.69356954
0.69385344
0.6937044
0.6937944
0.69374776
0.69384927
0.6934685
0.693937
0.6935057
0.69359875
0.6938277
0.6936976
0.69373304
0.6937462
0.6937286
0.69393975
0.69383734
0.6940337
0.69385314
0.6936403
0.69373244
0.6937576
0.6939686
0.693988
0.69414777
0.69397056
0.69401366
0.6939517
0.69391274
0.69411075
0.6938977
0.69397056
0.69406855
0.694048
0.69406825
0.6937744
0.6940427
0.69398195
0.69399977
0.6939444
0.69387347
0.69388855
0.6939637
0.6940203
0.694058
0.6941057
0.69390124
0.69416475
0.69399744
0.6942604
0.6941665
0.69415647
0.6942689
0.6939226
0.69441384
0.6941994
0.694234
0.6941054
0.69402903
0.6941472
0.6940609
0.6940931
0.6943568
0.69413495
0.6943793
0.69390345
0.6941867
0.69391084
0.69401217
0.6940477
0.6941486
0.69408435
0.6943364
0.69438124
0.6940299
0.6941192
0.69419944
0.6943366
0.6942709
0.6943065
0.6942479
0.6943715
0.6942893
0.6942878
0.69411135
0.6942692
0.6941011
0.6941259
0.69421595
0.69431764
0.69434327
0.6943793
0.6944016
0.6943099
0.6942126
0.69416696
0.6943238
0.694274
0.6944276
0.6942746
0.69417727
0.6943995
0.6941807
0.69434494
0.69424653
0.6942938
0.69433385
0.6943064
0.6942054
0.6944434
0.6942458
0.6941714
0.69432586
0.6943302
0.6942536
0.69432056
0.694325
0.6942823
0.6942914
0.6945116
0.69422114
0.6943946
0.6943405
0.69418764
0.6941444
0.6944933
0.6943486
0.6943784
0.6942996
0.6943526
0.6943897
0.6943855
0.6943088
0.6943388
0.6944237
0.694423
0.6941927
0.69429743
0.69421995
0.6945033
0.69441897
0.6945354
0.69431067
0.69445294
0.6943799
0.69416136
0.6942987
0.69443744
0.6944345
0.69444346
0.6946271
0.69422126
0.6943142
0.69431514
0.69427556
0.694307
0.69438124
0.6944174
0.6944518
0.6941976
0.69444674
0.6943481
0.694187
0.6944849
0.6942795
0.694327
0.69416267
0.6944238
0.69421566
0.69443893
0.6943247
0.6943443
0.69447213
0.6944078
0.694423
0.6942682
0.6943616
0.6942951
0.69452435
0.6944598
0.6944633
0.6942617
0.69441795
0.6944522
0.69428647
0.6943289
0.69468236
0.6942954
0.6944448
0.6942394
0.6944537
0.694453
0.69448847
0.6944709
0.6941938
0.6943142
0.69440365
0.6944527
0.69443977
0.6943194
0.6941426
0.6940277
0.69424796
0.6945648
0.69425994
0.6942811
0.69441277
0.69449574
0.6944126
0.6944491
0.6943052
0.6943058
0.6944966
0.6942516
0.694315
0.69436437
0.69418746
0.69413835
0.6943383
0.6943687
0.6940541
0.6946931
0.6942899
0.6942352
0.6942527
0.694166
0.69428355
0.6942999
0.694493
0.69448364
0.69434494
0.6943205
0.694463
0.69443387
0.69429606
0.69421536
0.6944266
0.6942759
0.6943624
0.6946163
0.6943364
0.69438535
0.6943525
0.69430834
0.6942887
0.6942776
0.69431025
0.69431037
0.69444895
0.69449407
0.69435257
0.69426024
0.69433796
0.6945281
0.69442
0.6943313
0.69415814
0.69412726
0.6942517
0.69418913
0.69440913
0.69442725
0.69421554
0.6942474
0.6945488
0.6942899
0.69448125
0.69437206
0.69428366
0.6945598
0.69441706
0.69455767
0.6943754
0.6942404
0.6944877
0.69441175
0.6944032
0.69448954
0.69453114
0.69422936
0.69433284
0.69429356
0.69419223
0.69450605
0.6943539
0.6944533
0.69432765
0.6943239
0.6944331
0.6945234
0.6941784
0.6942828
0.6941721
0.6943074
0.6944293
0.6943201
0.6945262
0.69422203
0.6945094
0.6941782
0.694316
0.6943551
0.69440943
0.6942412
0.69416755
0.6942847
0.6943626
0.6943199
0.6944339
0.694234
0.6943107
0.69422615
0.6941965
0.69446945
0.69429123
0.69445527
0.69459283
0.69419193
0.6942991
0.694293
0.69457525
0.6941808
0.6944725
0.69424707
0.69427377
0.69470614
0.69424796
0.6942032
0.6943324
0.69430333
0.6944199
0.694449
0.6943458
0.69436216
0.6943649
0.6944408
0.6941049
0.6943148
0.6940144
0.6944979
0.69431293
0.69430864
0.69447315
0.69434196
0.6941171
0.6944318
0.6943513
0.6944447
0.6943337
0.6942744
0.69457287
0.69453335
0.6945381
0.69436836
0.69452417
0.69439536
0.69454265
0.6943606
0.69451994
0.69449955
0.69420916
0.6943212
0.6943718
0.6943672
0.6944658
0.6943689
0.6945322
0.6944399
0.6944156
0.694356
0.69427985
0.6943531
0.6943003
0.6944543
0.69419676
0.694298
0.6945085
0.69417876
0.69451755
0.6944394
0.694357
0.69415617
0.69449854
0.694413
0.6945336
0.69434893
0.69432044
0.6944516
0.6944785
0.6945793
0.694217
0.6942109
0.694301
0.6943196
0.69417137
0.69467306
0.6943068
0.6945049
0.6945489
0.6943371
0.6945682
0.6943932
0.6944648
0.6944598
0.69424665
0.69446707
0.69415534
0.694345
0.694739
0.6944951
0.6944009
0.6944879
0.6943756
0.6943432
0.69435656
0.69466114
0.6944671
0.69434714
0.6943912
0.6941355
0.69422066
0.6945042
0.6942183
0.69461936
0.6943477
0.69422054
0.69442207
0.6942543
0.69447595
0.6941472
0.69440484
0.69453335
0.6946859
0.694578
0.6944329
0.6942401
0.6942706
0.6944613
0.69443005
0.694375
0.6944331
0.6944884
0.6943002
0.69419813
0.6940289
0.69440365
0.69420564
0.69447887
0.6944427
0.69431466
0.6943867
0.69447094
0.69434184
0.6946457
0.6943083
0.69443953
0.69423825
0.69415
0.6941517
0.6943591
0.6940075
0.69428927
0.69419944
0.6944449
0.6942283
0.6944357
0.69442284
0.69428486
0.6942055
0.69434667
0.6942036
0.69419533
0.6940726
0.6943235
0.69417727
0.6942477
0.6940485
0.69425386
0.6943252
0.6939333
0.69430876
0.6941979
0.6940957
0.69400746
0.69395906
0.6942006
0.69389933
0.6938524
0.69393075
0.6939991
0.69376683
0.6939751
0.69401896
0.6941082
0.69397986
0.6941686
0.69393283
0.6940041
0.6939597
0.6940744
0.6938366
0.6940901
0.6936224
0.6938628
0.6937815
0.69371676
0.6939779
0.69390446
0.6938681
0.69373846
0.69351405
0.69394034
0.69357663
0.69366854
0.6936203
0.69375616
0.6936945
0.6936221
0.6936921
0.69369525
0.6937247
0.69369614
0.6935418
0.6934141
0.6937455
0.69353664
0.6935401
0.6935251
0.6937321
0.69356316
0.69346803
0.6938589
0.6935286
0.6932911
0.69352597
0.69376063
0.6935533
0.6934799
0.6934127
0.69346356
0.6934209
0.6934505
0.69368845
0.6936628
0.6932802
0.69337016
0.6935224
0.6935439
0.69364226
0.69342655
0.69326055
0.6935448
0.69350415
0.6935934
0.6933089
0.69369125
0.69363827
0.6933246
0.693645
0.6934495
0.6936029
0.69356024
0.69354284
0.693543
0.69341725
0.6936691
0.69329643
0.6936115
0.6938522
0.6936577
0.6935076
0.6936876
0.693705
0.6935868
0.69356227
0.69363654
0.693557
0.69378453
0.69345427
0.69349456
0.6934441
0.69376874
0.6934312
0.69360816
0.6936095
0.69371086
0.69356483
0.6935623
0.6936263
0.6935857
0.69351727
0.69337684
0.69363755
0.693432
0.6934931
0.6937148
0.6936282
0.6936579
0.69353896
0.6937269
0.6936433
0.69360036
0.6937087
0.6937719
0.69342214
0.69362986
0.69368285
0.69336206
0.6938005
0.69379866
0.69375056
0.6934729
0.69354963
0.6937903
0.6936253
0.6936473
0.693715
0.6935996
0.69365066
0.6937715
0.693662
0.6936596
0.69388705
0.69382596
0.6938018
0.69371724
0.6937593
0.69376284
0.6938136
0.6939456
0.6937148
0.6936534
0.6939258
0.6936132
0.69383925
0.6936036
0.693895
0.6938042
0.6938122
0.6939699
0.6939098
0.69404626
0.6939542
0.69377863
0.693726
0.6937794
0.6938348
0.6937699
0.6936152
0.6935365
0.6937507
0.69387597
0.6939835
0.69405204
0.69386965
0.69352996
0.69377124
0.69358176
0.69399023
0.69394493
0.69383544
0.6936545
0.6937159
0.6937883
0.69392025
0.6938296
0.69379634
0.693744
0.6939648
0.69383514
0.69360214
0.6939076
0.69401586
0.69407606
0.6939947
0.69376945
0.6939563
0.69407874
0.69382423
0.69390666
0.69400126
0.69395345
0.6938497
0.6940628
0.69404906
0.6940373
0.6939665
0.6939474
0.69384456
0.6940055
0.6937744
0.69394666
0.69416314
0.69415104
0.69394815
0.6938054
0.6940321
0.6938233
0.69404036
0.6940646
0.6938464
0.6940225
0.6939057
0.6939045
0.69416016
0.69401264
0.69398445
0.69401425
0.6938011
0.6940231
0.69402903
0.6941034
0.6938534
0.6940431
0.694197
0.69413966
0.69401795
0.6939327
0.6940541
0.6940797
0.69422245
0.69386184
0.6940299
0.69412917
0.6938656
0.69414556
0.69389117
0.6940543
0.69389296
0.6938099
0.69381785
0.6939991
0.6939002
0.69395846
0.6940872
0.6940501
0.6939126
0.6940222
0.69390535
0.6940857
0.6939259
0.6939832
0.6939705
0.6939325
0.6941934
0.6940316
0.6939375
0.69395745
0.6942398
0.69414026
0.6940303
0.6940029
0.6942289
0.6939667
0.6940493
0.69392747
0.6939042
0.6939848
0.69394046
0.6939195
0.69391525
0.69391316
0.69394803
0.6940438
0.6939556
0.69404674
0.6939774
0.6938636
0.6938593
0.694004
0.69393975
0.6940623
0.6940335
0.69379866
0.69391805
0.69400805
0.6939481
0.69405437
0.6940948
0.6939051
0.69402266
0.6939447
0.6940163
0.69398946
0.69410825
0.6939748
0.6937675
0.69394284
0.6940054
0.6937247
0.6940752
0.69402564
0.6940239
0.6938669
0.69402635
0.69395804
0.6939495
0.6939845
0.6937029
0.6938372
0.6938961
0.69395673
0.69379216
0.6937833
0.6937027
0.6940112
0.69414186
0.69421333
0.69395816
0.69393873
0.69377506
0.6938376
0.6938494
0.69380313
0.693572
0.6941354
0.6937449
0.69395304
0.6939262
0.693867
0.6937034
0.6938319
0.6937642
0.693798
0.6936968
0.69382
0.6937845
0.69372064
0.6938246
0.69381
0.69365275
0.6938715
0.693789
0.6938508
0.6938656
0.69368196
0.69388855
0.693717
0.69398385
0.6935784
0.6938673
0.693981
0.6935242
0.69381034
0.6937998
0.69364333
0.6935693
0.6937716
0.69379115
0.6935947
0.69375145
0.69360304
0.6936807
0.6936166
0.6938179
0.69370794
0.69374555
0.69362134
0.69384724
0.69385624
0.693837
0.69376165
0.6938031
0.6937212
0.6937225
0.69372016
0.69368875
0.6935275
0.6939346
0.6937426
0.6936943
0.6936528
0.69358015
0.6938535
0.6936164
0.6937391
0.69359195
0.69369537
0.69368345
0.69361997
0.693631
0.69367266
0.69359434
0.6937098
0.693422
0.69363356
0.6939447
0.6936478
0.6933987
0.6932655
0.69382066
0.69352955
0.6934514
0.69379413
0.6933672
0.69363153
0.69378144
0.69356966
0.6937044
0.69373065
0.69361204
0.6937817
0.69377536
0.69374985
0.69335335
0.69348496
0.6937203
0.69364136
0.693734
0.6937966
0.6934947
0.69357395
0.6936148
0.6935262
0.6936598
0.69361544
0.6936994
0.6934616
0.69366366
0.6937935
0.6935705
0.6937326
0.6935293
0.6937336
0.6935976
0.6935757
0.6935077
0.6934686
0.69368774
0.6935548
0.6936056
0.69397223
0.69375813
0.6935579
0.69348305
0.69374716
0.6935098
0.6937131
0.6937782
0.69361955
0.69382954
0.69364476
0.6938694
0.6935753
0.6935909
0.6935688
0.6935474
0.69348305
0.6938494
0.6935077
0.69390243
0.69349813
0.69363695
0.6935942
0.6938496
0.69367677
0.6938825
0.69355375
0.69397354
0.6935336
0.6938462
0.69375616
0.6937447
0.6937014
0.69344807
0.6937361
0.69369006
0.6936447
0.6936583
0.6935919
0.69352955
0.6939037
0.6936542
0.6936728
0.6939958
0.69368863
0.693783
0.69384784
0.69360703
0.6938857
0.69373274
0.69339085
0.6933842
0.6940269
0.69357014
0.6937162
0.69361407
0.69387096
0.69396704
0.6938601
0.6936895
0.6939152
0.6937809
0.69371325
0.6938123
0.6936155
0.6937279
0.69376516
0.6937974
0.6937921
0.69385034
0.69390416
0.69391936
0.6938767
0.6939021
0.69376326
0.6936258
0.6935827
0.6939047
0.693818
0.6939296
0.69381595
0.6940933
0.693801
0.693727
0.6937879
0.6939006
0.69390947
0.69361377
0.69387895
0.6937426
0.6935746
0.6939307
0.6936721
0.69394296
0.693671
0.6935839
0.6937782
0.6939498
0.69386834
0.6939088
0.6937077
0.6935656
0.6937995
0.6935472
0.69386756
0.69379616
0.6936343
0.6935413
0.6937858
0.69380015
0.6937497
0.6937392
0.69403857
0.6936791
0.69366086
0.69383174
0.6939374
0.6938293
0.69390035
0.69361085
0.6937775
0.6937998
0.69382334
0.6936511
0.69371533
0.69391155
0.69391185
0.6938546
0.6937987
0.6938157
0.6938188
0.6939752
0.6937357
0.6941124
0.6938822
0.6937216
0.69386595
0.6938018
0.69375086
0.6940503
0.6937284
0.6937335
0.6937216
0.69396865
0.6935601
0.69381446
0.6936304
0.69402695
0.6938792
0.6936119
0.6938587
0.6939333
0.69386274
0.69389564
0.69378775
0.6938207
0.6937547
0.6939669
0.69397396
0.69361585
0.69373214
0.6936827
0.69379157
0.6938462
0.69353086
0.6936613
0.6937959
0.69376194
0.69368285
0.6938393
0.693934
0.69381124
0.6940103
0.6937123
0.69386536
0.69366074
0.69373906
0.69384843
0.69362324
0.6940186
0.69397277
0.69363064
0.6936659
0.6936241
0.6937985
0.6938624
0.6938625
0.69382894
0.69404864
0.69369745
0.6936087
0.6936591
0.693602
0.69377416
0.6939177
0.6936565
0.6937697
0.69367963
0.6935792
0.6935328
0.6938078
0.69348294
0.6939514
0.6937775
0.69361347
0.6938612
0.69361293
0.693877
0.69382733
0.69381255
0.6937812
0.6939044
0.6936158
0.6937269
0.6937282
0.69368494
0.693736
0.6940067
0.69382125
0.69378203
0.6938896
0.69371337
0.69365644
0.6939383
0.6937786
0.69400966
0.69355685
0.6937849
0.69365025
0.69387835
0.69365025
0.6935549
0.6937985
0.6937543
0.69379014
0.6938952
0.6937243
0.6937124
0.6938341
0.6936131
0.6938344
0.69376355
0.6937191
0.69361794
0.69351405
0.69374084
0.6936492
0.693768
0.69360983
0.693702
0.69382614
0.6939962
0.6937332
0.6937676
0.69372576
0.6934527
0.69355035
0.693715
0.6937526
0.6938985
0.69396484
0.6936553
0.69352144
0.6934775
0.69369817
0.69361025
0.6938688
0.69372547
0.6938245
0.6936281
0.6937763
0.6937931
0.6935961
0.6939851
0.69391084
0.6939554
0.6935385
0.69355536
0.6937081
0.69371605
0.69368386
0.6934816
0.69347733
0.69377065
0.69374937
0.6938525
0.69351053
0.6937045
0.6938146
0.693621
0.69359034
0.6937324
0.69362086
0.69368535
0.69370615
0.6937181
0.6937057
0.693457
0.6937618
0.69385433
0.6937366
0.6937287
0.69379824
0.6937984
0.69357944
0.69363576
0.69360596
0.69362986
0.69364166
0.6938054
0.6936717
0.6936124
0.69358534
0.69357795
0.69369745
0.6936762
0.6936489
0.69369984
0.69376045
0.6937029
0.6936685
0.693534
0.69393027
0.6938141
0.6937345
0.69371533
0.693584
0.69384885
0.693727
0.69354707
0.693521
0.6934666
0.6937901
0.69392633
0.69383717
0.6936995
0.6937804
0.6938944
0.6939731
0.69375664
0.69357264
0.6936034
0.69377327
0.69395226
0.6938298
0.69380575
0.69394743
0.69391334
0.6937112
0.6937067
0.69356024
0.69376117
0.6937865
0.693776
0.6938542
0.69376874
0.6936034
0.6937243
0.693755
0.6937593
0.6938758
0.6937496
0.6937333
0.693552
0.69368565
0.69392854
0.693551
0.6939084
0.6936471
0.69382447
0.69385344
0.69382954
0.6938944
0.69388896
0.69389766
0.69395405
0.69375986
0.69377184
0.6939849
0.69375145
0.69402593
0.6938841
0.6939251
0.69390815
0.69375986
0.6936377
0.6937338
0.6937255
0.6937762
0.6937738
0.69378567
0.69394857
0.69401807
0.6936925
0.6939343
0.6938505
0.6936115
0.69379467
0.69379294
0.69388807
0.6938061
0.6939998
0.6938091
0.6938717
0.6939861
0.69382465
0.69363135
0.6938108
0.69386744
0.6940044
0.69381696
0.6939232
0.69369316
0.69364154
0.69375664
0.6938182
0.69383705
0.6939636
0.6938751
0.6937547
0.6938052
0.69396263
0.69377553
0.69379616
0.6938563
0.6938393
0.6939518
0.6938723
0.6938627
0.6939934
0.6939713
0.69402367
0.69388855
0.6937788
0.693894
0.69384056
0.69386446
0.69386315
0.69381297
0.6937428
0.6939069
0.69391906
0.6939301
0.693913
0.6939041
0.6941327
0.69394284
0.6940733
0.69383997
0.6938094
0.69372773
0.69386137
0.6938932
0.69389147
0.6938343
0.6939895
0.69409406
0.6938873
0.69371796
0.6939681
0.6939654
0.69367576
0.693961
0.69360465
0.6938312
0.6937971
0.6940211
0.6938958
0.6940117
0.69371015
0.6937753
0.69380933
0.6938976
0.6937909
0.6939282
0.69384646
0.6938337
0.6939722
0.6942664
0.6938837
0.6938345
0.6938955
0.69363517
0.69386786
0.6938762
0.6941288
0.6937091
0.6940417
0.6937849
0.69384104
0.69397676
0.6939546
0.69392437
0.6939632
0.6938213
0.69377303
0.69401383
0.69407326
0.6939763
0.69389755
0.6937925
0.6938618
0.6940096
0.69365644
0.6940704
0.6938476
0.69418603
0.6938952
0.6940668
0.69390124
0.69387317
0.69396305
0.6937678
0.69393605
0.6938961
0.6940474
0.69380605
0.69387484
0.6937979
0.6940185
0.69386065
0.6940087
0.69416136
0.69393086
0.69403225
0.69391894
0.693775
0.6939148
0.693851
0.6939184
0.6939311
0.6938851
0.693796
0.69426185
0.6938413
0.693823
0.69370985
0.6940726
0.6936518
0.69391966
0.69418365
0.6937253
0.69391584
0.6939091
0.6939147
0.6939438
0.6938858
0.6938783
0.69386727
0.6941728
0.69383824
0.69393206
0.6940085
0.6936925
0.6941126
0.693869
0.694084
0.6939488
0.6939493
0.6940956
0.6939831
0.69377476
0.6939766
0.6940119
0.6938933
0.69382375
0.69407165
0.69403696
0.6940872
0.6943182
0.6942385
0.6937037
0.6940112
0.69417834
0.6936645
0.6939171
0.6943618
0.69393015
0.6940101
0.6938729
0.6939263
0.69415915
0.6940134
0.69408876
0.6940157
0.69406414
0.69383603
0.69367033
0.694046
0.6940132
0.694016
0.6940656
0.6941671
0.6939767
0.6941167
0.69399476
0.69420576
0.69390523
0.69398224
0.69404405
0.6939311
0.69392765
0.6941203
0.6942502
0.6941798
0.69402283
0.6941355
0.69426805
0.69411486
0.6939452
0.69401294
0.69411445
0.6940353
0.69405615
0.69418997
0.69410485
0.69416624
0.6942941
0.6941172
0.69413507
0.6941148
0.6940564
0.69416904
0.6940325
0.69395316
0.69429016
0.694046
0.6939953
0.694033
0.69429535
0.6940337
0.69400036
0.6942741
0.6940046
0.6940038
0.69392145
0.6941744
0.6940974
0.69405156
0.69408214
0.69397604
0.69409627
0.6942099
0.69396496
0.69433105
0.6941493
0.6941676
0.6942103
0.69420177
0.6942045
0.69404715
0.6943841
0.6941401
0.6941012
0.6941592
0.6944263
0.6943101
0.6941196
0.6942275
0.69434226
0.69429785
0.6940471
0.6941097
0.6940881
0.6941724
0.69420373
0.69427794
0.69444585
0.6940783
0.69419473
0.6942971
0.6940972
0.6941771
0.6940678
0.6942582
0.69435006
0.6941953
0.6942706
0.6943559
0.6941457
0.6943001
0.6942495
0.69425535
0.6943136
0.6942194
0.69441867
0.6943402
0.694325
0.69422126
0.6942782
0.6942836
0.69445986
0.6943529
0.69420177
0.69443166
0.6941819
0.69400346
0.69402087
0.69416296
0.69434714
0.6943764
0.69425595
0.6941825
0.69407254
0.69442505
0.69431776
0.69426936
0.69435513
0.6939785
0.6943162
0.69426316
0.6942784
0.69426554
0.6942627
0.6942338
0.69420224
0.6942033
0.69436365
0.69420815
0.6941833
0.69418895
0.6943869
0.6942554
0.6941615
0.69416046
0.6942774
0.69440126
0.69423074
0.6941818
0.69423574
0.6942861
0.69429344
0.69412947
0.6941514
0.6943661
0.6943256
0.6944335
0.69425315
0.6943324
0.69413996
0.6941401
0.6944278
0.694424
0.6941158
0.6942134
0.6942728
0.6940682
0.6942735
0.694318
0.69426507
0.69427425
0.6942983
0.6942019
0.69440365
0.694273
0.6941958
0.69434947
0.69428176
0.6942461
0.69420856
0.6942581
0.69431657
0.69414216
0.6941673
0.69420475
0.694111
0.6941438
0.69434226
0.69424325
0.6941967
0.6941761
0.69415224
0.6943536
0.6942006
0.6940596
0.6941178
0.6943755
0.69416696
0.69427735
0.69416064
0.6940243
0.693995
0.69430995
0.69420725
0.6941032
0.6941513
0.69399977
0.69420856
0.694111
0.6940745
0.6940973
0.69411564
0.6940954
0.6939702
0.69424856
0.6939248
0.69405556
0.69402367
0.69425344
0.69409597
0.6939568
0.6940312
0.69395894
0.6939733
0.6939165
0.69412047
0.6940939
0.6939692
0.6938497
0.6940641
0.6940627
0.69388044
0.693864
0.6940107
0.69409865
0.69408596
0.6937635
0.6939034
0.694085
0.69408625
0.6937637
0.6940758
0.69396275
0.69401455
0.6941545
0.6939098
0.69405466
0.6938255
0.6938306
0.693768
0.69390154
0.6940338
0.6939526
0.6937259
0.69397354
0.6941182
0.6938963
0.6938039
0.6938369
0.69396263
0.6938696
0.6939915
0.6938185
0.6938322
0.6937549
0.6936132
0.6939111
0.69393873
0.6936962
0.69392574
0.6938561
0.6938755
0.6935885
0.69387853
0.69384474
0.6938022
0.6937423
0.69369334
0.69391817
0.6938057
0.69381255
0.6939235
0.6935867
0.6936383
0.69380957
0.69381416
0.6938319
0.6936714
0.69379836
0.6936356
0.6936825
0.6936913
0.6936243
0.6938479
0.6936463
0.6939527
0.6939288
0.69389755
0.6937358
0.6938082
0.6938488
0.69366866
0.6937065
0.6937046
0.6938581
0.6938874
0.69376034
0.6939127
0.6938044
0.6935897
0.6933767
0.6935718
0.6938559
0.6938933
0.69379836
0.6936412
0.69377154
0.6937372
0.6937348
0.6935058
0.6935802
0.6934691
0.69360024
0.69343585
0.6936927
0.6934603
0.69359857
0.69397044
0.6935646
0.69343275
0.69358784
0.69348127
0.6934996
0.6936708
0.6934737
0.6936736
0.69363576
0.69356287
0.69326216
0.6934953
0.6937194
0.6937741
0.6933384
0.693697
0.69346
0.6937426
0.6936532
0.693618
0.6934568
0.69358325
0.6935869
0.69324607
0.6932177
0.69394934
0.6935821
0.6935851
0.69360495
0.6934232
0.69363743
0.6936626
0.69358486
0.69357246
0.69371396
0.6935901
0.69359493
0.69354975
0.693556
0.6934438
0.6934213
0.69364434
0.6934017
0.6936879
0.6931819
0.6934708
0.6936848
0.6937573
0.6934428
0.6935236
0.6936161
0.6934952
0.6933211
0.6935051
0.6935856
0.6935219
0.6933959
0.6936178
0.69323504
0.6934973
0.69345194
0.6936911
0.69324553
0.69363546
0.6936027
0.6935633
0.693448
0.69356763
0.69346833
0.69352895
0.6931321
0.69340354
0.69356203
0.6934782
0.69326323
0.6933454
0.6934414
0.693538
0.693498
0.6932235
0.6936267
0.6936722
0.6934425
0.6935653
0.69345474
0.69336337
0.69366056
0.69348705
0.69341683
0.69347453
0.6932797
0.6934317
0.6936047
0.69342077
0.6934416
0.6935379
0.69343805
0.6934762
0.69338053
0.6933881
0.69317174
0.6933742
0.6933905
0.69341725
0.693219
0.6937361
0.69348156
0.693473
0.6932103
0.69353586
0.6934968
0.693552
0.69360393
0.6935992
0.6934393
0.69354343
0.69330007
0.69350845
0.69357955
0.6936023
0.6935455
0.6934159
0.69318044
0.693346
0.6934921
0.6934938
0.69351447
0.6938311
0.6935714
0.6934734
0.6934374
0.69356513
0.69348365
0.6935765
0.6935943
0.6936331
0.69342893
0.6936386
0.6935831
0.6935145
0.6934862
0.6935331
0.69353217
0.6933523
0.6934979
0.69358903
0.6934408
0.69355184
0.69370306
0.6935296
0.69354916
0.69354486
0.69366103
0.6933945
0.6934146
0.6935003
0.6933867
0.6935832
0.69351405
0.693562
0.6934715
0.69347376
0.6934082
0.69339794
0.6936344
0.69365716
0.69341135
0.6936483
0.6936878
0.69354624
0.69354486
0.69358206
0.693477
0.69356805
0.69348997
0.69347507
0.6935353
0.69352263
0.6934657
0.69359225
0.693447
0.69357026
0.69352835
0.6934396
0.69371843
0.6937999
0.6933853
0.69375765
0.69358116
0.6935894
0.6934447
0.69355154
0.6934285
0.69365484
0.69365126
0.6935224
0.6934638
0.69356203
0.69352686
0.69349194
0.6934781
0.69372594
0.6935427
0.693585
0.69386715
0.69366574
0.6937766
0.6937048
0.69364834
0.69347227
0.69363827
0.6936601
0.69362617
0.6935582
0.693353
0.69366497
0.6936876
0.6937177
0.6935921
0.6935503
0.6936393
0.69353765
0.6934466
0.6936508
0.6937022
0.69381505
0.6934271
0.6937183
0.69361883
0.69370955
0.693677
0.6936193
0.6936328
0.6935402
0.6938358
0.69375634
0.69368064
0.6936627
0.69346255
0.6936059
0.693542
0.69368124
0.69365597
0.693572
0.6936869
0.69360465
0.6938355
0.6938705
0.6937269
0.693576
0.69357586
0.69389653
0.6936574
0.69373375
0.69378996
0.6937978
0.69381607
0.6936335
0.6938
0.6935699
0.6935687
0.6935177
0.69392425
0.6939113
0.69390106
0.69386214
0.6938301
0.6939333
0.6937603
0.6936749
0.693844
0.6937217
0.69368523
0.69401735
0.69395334
0.6938147
0.69384104
0.69376296
0.69366163
0.6938608
0.6938786
0.693803
0.6937452
0.69399965
0.69366914
0.69393265
0.6938936
0.6936967
0.69394
0.69369555
0.6937033
0.69379455
0.6939638
0.6939518
0.69371957
0.6937855
0.6938509
0.693589
0.6939902
0.69405204
0.69384384
0.6937881
0.693816
0.6940881
0.6938544
0.6939491
0.69390905
0.69384646
0.6938761
0.6936704
0.6938404
0.69389355
0.6938983
0.69369787
0.69383925
0.6937658
0.69388837
0.6939818
0.6937305
0.69385225
0.6936714
0.6937587
0.6940605
0.69380164
0.6937852
0.69384027
0.6936116
0.69405985
0.6938262
0.69392854
0.6939483
0.6941319
0.69388026
0.69410074
0.693906
0.69389015
0.69372296
0.69371873
0.6940841
0.6940153
0.69379485
0.6938085
0.69398296
0.69380534
0.69392073
0.6939108
0.69400656
0.69392836
0.6939853
0.6938883
0.6939966
0.6939087
0.6939564
0.6940799
0.69391596
0.6939628
0.69389963
0.6938084
0.6939809
0.6939051
0.69397444
0.6938775
0.6940135
0.6938847
0.6939835
0.6939214
0.6938507
0.69382393
0.693997
0.69395846
0.6938974
0.6940136
0.69396514
0.69429344
0.6939991
0.693921
0.6938912
0.6939634
0.6941403
0.69396216
0.69397116
0.69396716
0.69395113
0.69387376
0.6940446
0.69391525
0.6939829
0.6936617
0.6938775
0.6938739
0.69373125
0.6939374
0.6938544
0.6938172
0.6942307
0.6941696
0.69360846
0.69386655
0.6939144
0.6939318
0.69399536
0.6939939
0.6940082
0.69419557
0.6938511
0.6940776
0.6940834
0.6939839
0.6939948
0.69394845
0.69388694
0.69383913
0.694043
0.6939954
0.6939444
0.69381726
0.69362783
0.6940835
0.6940996
0.69393504
0.69409215
0.6941933
0.69396144
0.6939616
0.69400406
0.6938984
0.693765
0.69378936
0.6939384
0.6941235
0.69395685
0.69405156
0.6941172
0.69412065
0.6941632
0.69387615
0.6940796
0.69409966
0.6936835
0.6940381
0.6940465
0.69404006
0.69384104
0.69395936
0.6939354
0.69391686
0.6939335
0.6938973
0.69411457
0.6939839
0.6940135
0.69408596
0.6939865
0.6939666
0.6940009
0.69415206
0.6938965
0.69388187
0.6938413
0.6939238
0.69405186
0.6939621
0.69391805
0.69381833
0.69399595
0.6941132
0.6938367
0.69403887
0.6939911
0.6941255
0.6939462
0.69407237
0.6940936
0.69431764
0.6942059
0.6940021
0.69405025
0.6940891
0.69386727
0.6940427
0.6941212
0.6940415
0.6942297
0.69396657
0.69402945
0.6937257
0.69394827
0.69394284
0.69391364
0.6941791
0.69400346
0.6939028
0.69408095
0.6938
0.6939417
0.6940014
0.6940131
0.6938314
0.6942724
0.6940923
0.6937992
0.69396037
0.693984
0.69387275
0.6938596
0.6939258
0.69403803
0.6938779
0.6936615
0.69396186
0.6938713
0.6940359
0.69404393
0.6940875
0.69388855
0.69391555
0.69403446
0.693878
0.69376963
0.693926
0.693974
0.6937139
0.69405836
0.6938105
0.69388735
0.693889
0.69411075
0.69402665
0.6938776
0.69397885
0.69410753
0.6939692
0.69394606
0.6936892
0.6939788
0.6940193
0.69387156
0.69395155
0.69397616
0.69394106
0.69373137
0.6938081
0.69381875
0.69386643
0.6940321
0.69393474
0.6937197
0.6939226
0.6940726
0.6939753
0.6938141
0.6937705
0.6936488
0.69380474
0.6937142
0.69366175
0.6936791
0.69384176
0.6937369
0.6939254
0.69378865
0.6937197
0.69393826
0.693836
0.693951
0.6937654
0.69389105
0.69388396
0.6942202
0.6939348
0.693522
0.69377184
0.6936062
0.69360304
0.6939629
0.6937497
0.69394225
0.6938634
0.6937926
0.69380546
0.6938224
0.69393975
0.69389546
0.6939707
0.69372785
0.6937189
0.69366527
0.69392157
0.69382626
0.6937687
0.6937559
0.69396704
0.69378996
0.6937947
0.6938438
0.69368064
0.69418
0.69374746
0.6937541
0.6939879
0.69384104
0.6937707
0.69379216
0.69386244
0.6940399
0.6939485
0.69371843
0.69396436
0.69381315
0.6939443
0.6941333
0.6940186
0.69390607
0.69374144
0.6941357
0.6938656
0.6939293
0.69360876
0.69362926
0.6938049
0.69397765
0.6937891
0.6939944
0.6940431
0.6940532
0.6940616
0.693882
0.69390696
0.69403505
0.694005
0.6942327
0.69390625
0.6939073
0.6942137
0.6938443
0.6941185
0.6939765
0.69386864
0.6941051
0.69402426
0.6938675
0.69386363
0.69380236
0.69377655
0.6938461
0.69403386
0.69380766
0.69401854
0.6938779
0.6941619
0.6939984
0.69391495
0.69395775
0.6940643
0.6941951
0.6942218
0.6939843
0.69401723
0.6939499
0.6939565
0.6941224
0.693869
0.69395626
0.69398737
0.6939323
0.6938717
0.69409543
0.69404066
0.69406277
0.69394845
0.6940379
0.69371796
0.69407386
0.6938113
0.6942738
0.6942264
0.69412065
0.6939616
0.69435674
0.6941781
0.6939876
0.69403493
0.6940922
0.6942095
0.6941488
0.6941268
0.69419885
0.6941942
0.69418436
0.69442534
0.69442147
0.6940606
0.69414717
0.69392866
0.6941581
0.69384426
0.6939295
0.6939966
0.6942122
0.6942015
0.6939843
0.6939298
0.6939705
0.6941783
0.6940862
0.694481
0.69413304
0.6942439
0.6940897
0.6943097
0.6942315
0.6941752
0.6943203
0.6941811
0.69434494
0.69423276
0.6942032
0.69409996
0.69408244
0.6941304
0.69429266
0.69407177
0.6941574
0.6940452
0.69423026
0.6941522
0.69413406
0.69435143
0.69425696
0.6942918
0.69416034
0.6940888
0.6944461
0.6943803
0.6940726
0.6942042
0.6941439
0.6942992
0.69436306
0.6939609
0.69418734
0.69392616
0.694008
0.694041
0.69415617
0.6940007
0.6941018
0.6942226
0.69408774
0.69410306
0.6941192
0.6940729
0.6941276
0.694081
0.6943035
0.6943691
0.69420636
0.69424057
0.69429684
0.6942571
0.694239
0.6940506
0.6939756
0.6940872
0.6943542
0.6944576
0.693893
0.6942794
0.6941023
0.69401187
0.6940258
0.6942185
0.69412535
0.6938357
0.6942422
0.69412524
0.6942348
0.69391507
0.69429886
0.69385445
0.69414526
0.6940096
0.6940716
0.6941612
0.69387335
0.69407266
0.6939507
0.69406265
0.69404197
0.6940649
0.69384086
0.6939399
0.69381875
0.69409573
0.69398284
0.6940322
0.6939326
0.6940794
0.69387424
0.6938227
0.6940949
0.69397014
0.69406813
0.6940485
0.6939933
0.6939649
0.6941947
0.6939079
0.6939879
0.6942149
0.6937914
0.6939365
0.693905
0.69385594
0.6937759
0.6940076
0.69395995
0.6939983
0.69401056
0.69400674
0.6941225
0.6941206
0.6936499
0.6936189
0.69396955
0.69385874
0.6942105
0.69413984
0.693769
0.693896
0.6940119
0.69418424
0.6939562
0.69382787
0.6937065
0.69399977
0.6939928
0.69385797
0.6940014
0.6941959
0.6939203
0.6937026
0.6939602
0.6939931
0.6942998
0.6939755
0.69406754
0.6939584
0.6941363
0.6939327
0.6940038
0.6939005
0.69403195
0.6937912
0.6939439
0.69398844
0.6940433
0.6939494
0.69421417
0.69403297
0.693876
0.69384795
0.6941677
0.6939068
0.694014
0.69390106
0.694084
0.693978
0.69370705
0.69419473
0.69389504
0.69416857
0.6940959
0.6943192
0.6941552
0.69405234
0.6941251
0.6938796
0.69401026
0.69384515
0.69403064
0.69411856
0.6939859
0.69400364
0.6940732
0.69400764
0.69387805
0.69417214
0.6939611
0.6939785
0.6941518
0.6940095
0.69401264
0.6944659
0.6944541
0.6940229
0.6942097
0.69424576
0.69399774
0.6940886
0.694166
0.69425744
0.6941266
0.6938856
0.6939333
0.6940515
0.6940501
0.6940529
0.6940882
0.69394904
0.6939707
0.6942676
0.6942265
0.69392
0.6939923
0.69418
0.6940954
0.6943105
0.69412595
0.69409305
0.6943085
0.6941611
0.69412535
0.6941429
0.6943367
0.6942105
0.6941702
0.6943097
0.6940777
0.69416225
0.6940177
0.69389063
0.69393
0.69418937
0.694299
0.694035
0.6940912
0.6942424
0.69414103
0.6941705
0.6941911
0.6942162
0.69416183
0.6940317
0.69416463
0.69410414
0.6943676
0.69431627
0.69418716
0.69422597
0.6943071
0.69426495
0.6940705
0.6939641
0.6942994
0.6942148
0.6940067
0.69425654
0.6941597
0.69419545
0.69415694
0.6940585
0.69417226
0.6943554
0.69436723
0.6943433
0.6941146
0.69418454
0.6941486
0.6940236
0.69409
0.6940573
0.6944315
0.69420534
0.6941242
0.694342
0.69436806
0.6941094
0.694121
0.6941828
0.69422257
0.6940953
0.69422936
0.69433105
0.6944852
0.6941284
0.69418913
0.6943017
0.694498
0.6943749
0.6942141
0.69442165
0.69432753
0.69436944
0.69439846
0.6942856
0.6945793
0.69420683
0.69432783
0.6942109
0.6943857
0.6942686
0.69434106
0.6942976
0.6945852
0.6942935
0.694292
0.6942757
0.69436806
0.6944681
0.69449544
0.69442064
0.6943434
0.69426143
0.6943402
0.69429857
0.69429606
0.6943765
0.69428176
0.6946727
0.694276
0.6943542
0.694331
0.6946406
0.6943477
0.69450927
0.6942936
0.69453824
0.694468
0.6942762
0.69446445
0.69454527
0.6944104
0.6943526
0.6943731
0.6943549
0.6943132
0.69431376
0.69415444
0.6945513
0.6943529
0.6945081
0.6944804
0.6944712
0.694387
0.6944436
0.6942757
0.6943639
0.6944197
0.6943239
0.69441605
0.6944909
0.6943322
0.694468
0.69429916
0.69434726
0.6943893
0.6943899
0.6943414
0.69464445
0.6943853
0.69440514
0.69431925
0.69417155
0.6944
0.6943756
0.6945709
0.69435513
0.6942556
0.6945319
0.69447744
0.6945202
0.69454455
0.69460064
0.69466835
0.6944349
0.69442856
0.69447577
0.6947004
0.69431
0.6944187
0.69457966
0.69428396
0.69451165
0.6939628
0.6942564
0.69459057
0.6945672
0.6945221
0.6942102
0.6945416
0.69427645
0.69431955
0.69457984
0.69436276
0.6944721
0.69463295
0.69438535
0.69432646
0.6942756
0.694318
0.6945633
0.6943857
0.6943308
0.6943272
0.6943063
0.69407105
0.69436663
0.69434625
0.6944324
0.6942614
0.69448966
0.6942885
0.6943995
0.694482
0.69411737
0.6944345
0.6942354
0.69430655
0.6942223
0.69431037
0.69425124
0.6942683
0.69399524
0.6941032
0.69414103
0.6940777
0.69410914
0.6943164
0.69402295
0.6939782
0.6941553
0.6940376
0.694072
0.69415426
0.6941014
0.6940124
0.69409263
0.6940933
0.6941685
0.6940671
0.69386095
0.69415605
0.69408417
0.6939394
0.6939766
0.69424045
0.69421023
0.69416577
0.6939499
0.69397354
0.6939586
0.693711
0.69375783
0.69375455
0.69403917
0.69419324
0.6939499
0.6940172
0.6937801
0.693921
0.6940109
0.69387066
0.6937818
0.6940207
0.6937436
0.6938295
0.6937995
0.6938607
0.6937855
0.6935665
0.6938037
0.69392824
0.69388574
0.6939303
0.69396263
0.6937593
0.6935494
0.693572
0.6936466
0.6935865
0.6937508
0.69353646
0.69360965
0.69383013
0.69357944
0.6938041
0.6937383
0.6936298
0.6936949
0.69362086
0.69378257
0.69351685
0.6936663
0.6934816
0.69355416
0.6934985
0.69353604
0.69367266
0.69376135
0.6935183
0.6935844
0.6931545
0.6933343
0.69352376
0.69353646
0.69352883
0.6933692
0.69362974
0.69314027
0.6935995
0.693358
0.6933253
0.6933235
0.69336194
0.6933801
0.6935007
0.6932469
0.6934343
0.6934159
0.69348913
0.6932536
0.6935246
0.6933202
0.69327563
0.6935132
0.69323564
0.6933379
0.6932207
0.693407
0.6931115
0.6932244
0.69353306
0.69328994
0.6934721
0.6933946
0.6933509
0.693254
0.6932686
0.6934808
0.6935287
0.6932996
0.6933748
0.6934784
0.69347
0.6933789
0.69319886
0.6934186
0.6933257
0.69328856
0.6933566
0.6933749
0.69335735
0.6934921
0.69344306
0.6931832
0.6932483
0.6935665
0.69335645
0.6932556
0.6930221
0.6932454
0.69326705
0.69333905
0.693377
0.69316113
0.6932619
0.6934651
0.6931314
0.6932091
0.693198
0.6935458
0.6931975
0.69340724
0.69330966
0.69331735
0.6934323
0.69321936
0.69327265
0.6933054
0.6932221
0.6932161
0.693253
0.6933336
0.6932364
0.69318694
0.69334114
0.69337714
0.69336325
0.6931012
0.69342023
0.69323367
0.693286
0.69327086
0.6931688
0.6933155
0.69318694
0.6934142
0.69313085
0.6932288
0.69348603
0.6931948
0.69330835
0.6931774
0.69315344
0.6930271
0.6933773
0.6931879
0.69325036
0.69346964
0.6935401
0.69329053
0.6933134
0.69319856
0.6933962
0.6931084
0.6930168
0.6932676
0.69308376
0.693336
0.6934314
0.6933529
0.69323504
0.69312775
0.6933037
0.6932212
0.6933358
0.6931838
0.6931837
0.69355726
0.6932624
0.69315875
0.6932741
0.6933162
0.69330734
0.69316375
0.69334483
0.69323796
0.6932867
0.69334364
0.6932997
0.6933267
0.6931199
0.69341356
0.6933264
0.6932521
0.6929734
0.6933518
0.69325876
0.69332707
0.69322026
0.6932802
0.69331056
0.69326735
0.69346297
0.69317514
0.69323975
0.6932643
0.69324374
0.6933223
0.6933806
0.69345963
0.6932894
0.69323194
0.69294345
0.69313276
0.6932123
0.69330364
0.6934836
0.69352275
0.6931818
0.6932728
0.693345
0.69316095
0.6932383
0.69339734
0.69316244
0.6933239
0.69327915
0.69326216
0.6933243
0.6933811
0.69313955
0.69316506
0.6932584
0.6934064
0.69316083
0.69314736
0.6932628
0.6934782
0.69313735
0.6932848
0.6932602
0.6934193
0.6933252
0.69316226
0.6932016
0.693301
0.69309044
0.69331425
0.69325906
0.6932542
0.69336176
0.69342226
0.693432
0.69320196
0.6934835
0.6933116
0.69330424
0.69342923
0.6933554
0.6933067
0.69343525
0.69331014
0.693342
0.6931359
0.6933293
0.693278
0.69340086
0.6933187
0.6933808
0.6932903
0.6933468
0.69347215
0.69335616
0.6935761
0.6935048
0.69370484
0.6934961
0.6935353
0.6933027
0.69341266
0.69329274
0.69339085
0.6934082
0.6934133
0.6937131
0.6935754
0.6935306
0.6934462
0.69358456
0.6934412
0.6933724
0.69351184
0.6935173
0.6935655
0.6934065
0.69346476
0.69347566
0.69349784
0.69373935
0.69360495
0.693563
0.69343114
0.6935477
0.6935598
0.69357675
0.6936275
0.693755
0.6935938
0.69356614
0.69374233
0.69352794
0.6935863
0.69378614
0.69365263
0.6935458
0.6934992
0.6937582
0.6938167
0.6936121
0.69377065
0.69378585
0.69354135
0.69371957
0.69373786
0.6936697
0.6937992
0.6935846
0.693691
0.69373494
0.69377005
0.6938349
0.69366527
0.6939404
0.69378793
0.6936908
0.6937494
0.6938655
0.6938529
0.6936696
0.6936602
0.6937591
0.69387615
0.6936194
0.69365263
0.69377685
0.69374794
0.69387037
0.69375056
0.6939257
0.69366497
0.69375014
0.69382364
0.693756
0.69361484
0.69378173
0.69401246
0.6939437
0.6938535
0.6939873
0.69383436
0.69390666
0.693587
0.6936911
0.6937535
0.6938634
0.69398576
0.6940182
0.6939101
0.6938565
0.693782
0.69403327
0.69400793
0.6939837
0.6940177
0.6938973
0.6939458
0.6941784
0.6939371
0.69394207
0.693856
0.6941022
0.6940435
0.6939028
0.69394577
0.6941053
0.69369006
0.6939058
0.6940026
0.6937558
0.6939134
0.69405574
0.693891
0.69397336
0.6939546
0.6939495
0.6939753
0.6941092
0.69388014
0.6942497
0.69397813
0.694038
0.69413877
0.6939987
0.69392645
0.6940754
0.6941073
0.6939589
0.69384885
0.6939684
0.69406396
0.6940567
0.69396526
0.6940725
0.6936519
0.6938303
0.6939883
0.6938343
0.693916
0.6939756
0.69398093
0.6940992
0.6939505
0.6938901
0.6941733
0.6941252
0.69412225
0.69407564
0.6940297
0.69379175
0.6938625
0.694034
0.69397885
0.69394314
0.6939295
0.69398564
0.69398093
0.6938814
0.6940089
0.6939194
0.6939486
0.69393426
0.69395673
0.6940631
0.6940193
0.6940178
0.6942231
0.6938322
0.6940846
0.6939394
0.6938386
0.6939894
0.69406396
0.6940081
0.6940346
0.6941756
0.6940188
0.694115
0.69403756
0.694111
0.6938448
0.6942016
0.6941447
0.6942531
0.6939122
0.6940932
0.69397813
0.69398195
0.6942152
0.69384754
0.69406354
0.6940411
0.6941813
0.6940515
0.69397944
0.693993
0.6939033
0.69390535
0.69383293
0.69361
0.6940277
0.6938347
0.6940873
0.6940152
0.69408536
0.6940707
0.69396865
0.69402045
0.6939928
0.69402605
0.6940349
0.69391185
0.69419056
0.6938717
0.6941612
0.6939152
0.6940625
0.69392186
0.69406664
0.6939974
0.694104
0.6941511
0.69420224
0.69404113
0.6942458
0.6938541
0.694016
0.69394666
0.6941681
0.6942435
0.69401217
0.69429934
0.694123
0.69408846
0.6941142
0.6941899
0.69424105
0.694022
0.69432896
0.69421846
0.69417846
0.69437647
0.69408536
0.69410056
0.69408005
0.6938859
0.6940932
0.6941542
0.69410914
0.69419444
0.6940425
0.69416475
0.6940923
0.6938939
0.69410366
0.6942353
0.69419336
0.69420356
0.6940483
0.6942074
0.6942968
0.6942224
0.6942702
0.6940347
0.69424444
0.6942725
0.6942875
0.69407195
0.69403714
0.69428456
0.6941487
0.694289
0.69428915
0.6943106
0.6942668
0.6942179
0.6944232
0.69432956
0.69430035
0.69420743
0.6943239
0.69432926
0.6944491
0.69424194
0.6943946
0.69409895
0.6944434
0.6942259
0.69421536
0.69423115
0.69429994
0.694311
0.6944013
0.694166
0.69426334
0.69439393
0.6944873
0.69417876
0.69421214
0.69415516
0.6944709
0.6943656
0.6943834
0.6943176
0.6941039
0.6941406
0.6943612
0.6942046
0.6942838
0.6943541
0.6944639
0.69448507
0.69434696
0.6943237
0.6943037
0.69415766
0.6944318
0.6944054
0.6940755
0.69435674
0.69424325
0.6941741
0.6944289
0.69439334
0.6944287
0.6942852
0.6945198
0.6943615
0.6944244
0.6942977
0.69446063
0.6943975
0.6944877
0.69434947
0.6943477
0.69445425
0.69436353
0.69447327
0.6943253
0.69442856
0.6944907
0.6944001
0.694512
0.6943673
0.6943953
0.6942356
0.69448906
0.694584
0.69430447
0.6943547
0.6944607
0.69449204
0.6942582
0.69447434
0.6942397
0.694536
0.6943647
0.6945089
0.6944859
0.6942504
0.6945983
0.69444215
0.69465244
0.69447994
0.6944992
0.6943858
0.694345
0.69437665
0.6943799
0.6945479
0.6943439
0.69459933
0.69462293
0.6943592
0.69469947
0.6943552
0.6944592
0.6947363
0.6945468
0.69446915
0.6945019
0.69446063
0.6945545
0.69463587
0.6945723
0.6944022
0.69431394
0.6945298
0.6943109
0.6944371
0.69430834
0.694555
0.69458026
0.69434506
0.69456387
0.6943966
0.6945341
0.6944059
0.69446385
0.69468224
0.6945526
0.69477165
0.6944019
0.6947144
0.6943733
0.69457996
0.69455963
0.69464034
0.69454414
0.6944397
0.6946395
0.6944102
0.69458646
0.69445
0.6944693
0.6947252
0.6945804
0.6944595
0.6946376
0.69457895
0.69453955
0.69468516
0.69447786
0.69453114
0.69461983
0.69468856
0.6946753
0.6944131
0.69462216
0.69498205
0.6946146
0.69462353
0.69457513
0.69464403
0.6945971
0.6946474
0.6944972
0.69458556
0.6946739
0.6943437
0.6945086
0.6949319
0.69465107
0.6945506
0.69450957
0.69462186
0.6946489
0.69456124
0.69461256
0.6945837
0.6945701
0.69453126
0.69445133
0.69468796
0.69449717
0.69457483
0.694493
0.6945675
0.6945602
0.694492
0.69440824
0.69433945
0.694611
0.6946905
0.69474185
0.69460803
0.69455737
0.6942881
0.69445497
0.6944516
0.6945653
0.6944008
0.6945117
0.69431996
0.6942315
0.6943408
0.6943311
0.6944366
0.6941692
0.6942647
0.6945262
0.69450617
0.6945908
0.6942931
0.69427407
0.69425344
0.69440067
0.69405466
0.694285
0.6943644
0.69415665
0.69426286
0.694358
0.6943368
0.69438034
0.6944085
0.69424945
0.6942087
0.6941505
0.6941578
0.6942404
0.69416624
0.6942332
0.69419897
0.69407696
0.69427586
0.69397056
0.6940236
0.6940686
0.6942324
0.6941811
0.69407094
0.6941622
0.69401896
0.6940628
0.69391584
0.6942312
0.6940495
0.6939968
0.6941509
0.693995
0.69395953
0.6939178
0.6938318
0.69389105
0.69382143
0.6939848
0.6940342
0.69428295
0.6939655
0.69410217
0.69394255
0.69379026
0.6938888
0.6940492
0.6940361
0.69404936
0.69410944
0.6936337
0.69382656
0.6939124
0.6941054
0.69404775
0.6940897
0.6938395
0.6939721
0.69396627
0.6938084
0.69375086
0.69407195
0.6939284
0.6938968
0.69400483
0.69379103
0.6939205
0.6940385
0.69387
0.69377965
0.6939488
0.69368684
0.6938525
0.6938486
0.69376403
0.6936788
0.6938717
0.6937304
0.69386274
0.69377387
0.6940669
0.6937601
0.69389576
0.69401026
0.69393843
0.6937372
0.69380957
0.693766
0.69382906
0.6938408
0.6938852
0.6937519
0.69393045
0.69378173
0.69405866
0.69411814
0.69359195
0.69373405
0.69386345
0.6937254
0.69363284
0.69370073
0.69364893
0.6937824
0.6937829
0.69399786
0.6937395
0.69379073
0.69370204
0.69374037
0.6939455
0.69376904
0.693924
0.6938125
0.69370985
0.6937541
0.6937623
0.6939329
0.6937817
0.6938296
0.69379735
0.6937431
0.69382954
0.69375306
0.6937521
0.6937555
0.69366664
0.6936306
0.6937022
0.69392014
0.6936452
0.6939375
0.6940174
0.69367504
0.6939295
0.6937731
0.6938545
0.6936851
0.6937514
0.693606
0.694001
0.693655
0.6936455
0.6939195
0.69387484
0.6938753
0.6937148
0.6938001
0.6938278
0.6938896
0.693665
0.69371134
0.693717
0.69379765
0.69399977
0.69363785
0.6938032
0.69377315
0.69373244
0.6940674
0.69386095
0.69374293
0.6937373
0.6938608
0.6935864
0.6938259
0.69381917
0.6938978
0.69382185
0.69389784
0.6938306
0.6938977
0.6939907
0.69372445
0.6938001
0.69356185
0.6938135
0.69376993
0.69371957
0.6937086
0.69387
0.6938669
0.69363356
0.69399786
0.6933776
0.6937092
0.69356287
0.69391567
0.693912
0.693843
0.69390815
0.6938739
0.6940654
0.69383276
0.6937798
0.69376314
0.6936218
0.6940117
0.6937766
0.69403905
0.69384044
0.69373083
0.6938004
0.6937468
0.6938161
0.69388175
0.69378644
0.69378304
0.69392884
0.69372445
0.6939047
0.6937703
0.69395643
0.69382507
0.6940507
0.6938821
0.6937327
0.6940162
0.69401026
0.69371337
0.6935857
0.6937054
0.6935988
0.6936567
0.6939398
0.69384176
0.6937892
0.69376314
0.69378823
0.6937549
0.6939108
0.6938085
0.6940211
0.69399464
0.6937768
0.69385517
0.693645
0.6937508
0.6937783
0.69359195
0.6936893
0.6938107
0.6936866
0.69382614
0.69394
0.69379246
0.6937831
0.6940449
0.6938033
0.69397366
0.69386464
0.6937665
0.6937886
0.6938605
0.6938029
0.6937718
0.6937332
0.6937318
0.6937874
0.69360006
0.6938232
0.6938215
0.6938408
0.6937146
0.6938905
0.693667
0.69363344
0.69375134
0.6938183
0.693804
0.6937533
0.6940077
0.69380397
0.69386125
0.6936507
0.6939635
0.69386977
0.6938776
0.69387007
0.69391525
0.69373834
0.69366556
0.6936974
0.69385225
0.69395775
0.69359934
0.6938635
0.6935468
0.69385636
0.6936604
0.69393396
0.69387096
0.6936907
0.6938911
0.69380397
0.6941785
0.6936048
0.6939369
0.69384265
0.69386137
0.6937483
0.6937182
0.6937646
0.6938209
0.6937138
0.6936961
0.69382143
0.6939053
0.69382685
0.6937108
0.6936077
0.6937941
0.69379747
0.693546
0.69355446
0.69378716
0.69382864
0.69383496
0.6936574
0.6936764
0.69355357
0.6936595
0.6936715
0.6937029
0.6937827
0.6937146
0.69358176
0.69367594
0.693762
0.6936777
0.6938639
0.69389486
0.6940161
0.6936867
0.6935355
0.6936249
0.6936905
0.6937288
0.6938844
0.6940973
0.6936612
0.69370466
0.6936572
0.6938398
0.6938014
0.69356656
0.6937673
0.69380033
0.6936517
0.6938128
0.6935778
0.69350517
0.69360995
0.69370264
0.6937893
0.6937499
0.69374776
0.69378054
0.6935655
0.6937524
0.6937771
0.6937424
0.6935566
0.69355947
0.69368726
0.69364756
0.6936431
0.6934793
0.69369906
0.6935778
0.6937359
0.69369084
0.69361514
0.69366974
0.69370383
0.69361377
0.6933876
0.69374955
0.69364977
0.69385296
0.6935177
0.6935725
0.6937323
0.6937224
0.69361144
0.693798
0.6938063
0.69354296
0.69366425
0.69371694
0.693725
0.693658
0.6933141
0.69380796
0.6935878
0.6935718
0.693614
0.69367254
0.69348943
0.6936161
0.69371337
0.69353074
0.69354
0.6936907
0.69345903
0.69337827
0.69368553
0.693693
0.6936074
0.6937099
0.6938985
0.6937626
0.6937445
0.69365007
0.6937041
0.6936948
0.69349563
0.6936584
0.69379234
0.69363904
0.69360983
0.69364876
0.6936162
0.69361544
0.6935935
0.69379705
0.69379133
0.6937127
0.6936245
0.6936282
0.6935237
0.69369465
0.69363964
0.6935706
0.69367266
0.69371146
0.69354004
0.6938468
0.6935526
0.6937338
0.69363743
0.69379187
0.69380265
0.69351566
0.69377893
0.6936243
0.69377816
0.6938713
0.69382024
0.69363505
0.69388974
0.6938631
0.6938463
0.6937633
0.6936365
0.69385934
0.69371176
0.6936774
0.69379455
0.6935171
0.69380254
0.69385725
0.6938414
0.6938045
0.69389564
0.69369733
0.69371927
0.69363856
0.69378424
0.6936161
0.6938341
0.6938557
0.6938097
0.69382906
0.6938957
0.693823
0.6936677
0.69377947
0.6936453
0.6938739
0.6938764
0.69370246
0.6939447
0.6937688
0.6938067
0.6937693
0.6937748
0.69403
0.69408494
0.69384414
0.69374025
0.6937826
0.6938832
0.69398123
0.69389355
0.693906
0.69391054
0.6940296
0.69401944
0.6937816
0.69403315
0.69422036
0.69389087
0.6940131
0.6938958
0.69391614
0.6940089
0.69382596
0.6938574
0.69379187
0.69391
0.69396013
0.69397146
0.6938798
0.69399655
0.6939687
0.6938999
0.69408816
0.69399273
0.6939817
0.69375885
0.6939792
0.6941435
0.6938327
0.6940157
0.6939322
0.69401836
0.6940112
0.6939765
0.6943343
0.693922
0.6939264
0.69401264
0.69374925
0.69411194
0.6939907
0.69413584
0.6937807
0.69384867
0.694174
0.6938624
0.6940555
0.6939259
0.6939166
0.6940103
0.6940985
0.69401324
0.69396573
0.69394225
0.6941775
0.6942261
0.6939009
0.6941436
0.6940505
0.6941097
0.69422495
0.6940495
0.6942223
0.6941173
0.6941608
0.6940055
0.69429463
0.6941126
0.694277
0.69410676
0.694166
0.69415534
0.6942914
0.6941866
0.69417644
0.69417727
0.6942089
0.6941631
0.6941585
0.6940535
0.694072
0.69417447
0.69437623
0.69411796
0.6943746
0.6942217
0.6940504
0.69416726
0.6943736
0.69425094
0.69426805
0.6941122
0.6940767
0.6943953
0.69409525
0.6941139
0.69434667
0.69418913
0.69415814
0.6945167
0.69414234
0.69420373
0.69415504
0.6943416
0.6941625
0.6943825
0.6942842
0.6944005
0.69414324
0.6941924
0.69436854
0.6943788
0.69438356
0.694299
0.6944302
0.69437027
0.69449764
0.6943173
0.6940494
0.69441897
0.69437677
0.6942623
0.6942574
0.69415706
0.6943634
0.69430757
0.6943657
0.69438845
0.6942317
0.69432306
0.6942673
0.69435513
0.69436437
0.69447744
0.6941391
0.694148
0.6942785
0.694334
0.6942547
0.6943658
0.69440556
0.69446576
0.69441265
0.6944489
0.69440395
0.6946404
0.6942754
0.6945202
0.69438696
0.6945622
0.6943384
0.69432944
0.69436044
0.6945319
0.6943394
0.69420576
0.6942728
0.69438
0.6944029
0.6944093
0.6944175
0.6942503
0.69436836
0.69440323
0.6944172
0.69440967
0.69432783
0.69426054
0.6941092
0.69432086
0.69440556
0.6943904
0.6943592
0.6944047
0.6943702
0.6942624
0.6945689
0.6942601
0.6947179
0.69422483
0.69462633
0.6942823
0.69423294
0.69448966
0.6942238
0.69427407
0.69427514
0.6943178
0.6943523
0.69441724
0.694441
0.6942982
0.6944561
0.6945152
0.69443977
0.6942894
0.6942859
0.69433326
0.69458133
0.69418705
0.694271
0.69453543
0.6943056
0.6944359
0.6943722
0.6944671
0.6943512
0.6944248
0.69442874
0.6943605
0.69449854
0.69433916
0.6942223
0.6947339
0.6942457
0.6946303
0.69435024
0.6946137
0.6944038
0.6943513
0.69438857
0.69446415
0.69454163
0.69437397
0.69440246
0.6944604
0.69452095
0.6943571
0.6941679
0.6945225
0.69443136
0.6944216
0.69440943
0.6943791
0.6943544
0.6943201
0.694526
0.6943501
0.69443977
0.6942947
0.694524
0.6943086
0.6943685
0.6945024
0.69468737
0.6944448
0.69451094
0.6943352
0.6946617
0.6942963
0.69420767
0.6945462
0.6942987
0.6945832
0.6943518
0.69455767
0.6946115
0.6946439
0.69460475
0.6943569
0.6945699
0.6943733
0.6944892
0.69459397
0.69429505
0.6944827
0.6946245
0.6944158
0.6944847
0.6943369
0.69435513
0.69432867
0.69459885
0.6945306
0.69456434
0.6945339
0.6948206
0.6947485
0.69454646
0.69447374
0.69445634
0.6945816
0.694679
0.69453937
0.69451547
0.69453603
0.6946367
0.6945568
0.69447786
0.69448066
0.6945401
0.6945202
0.6946278
0.69453067
0.6946272
0.6945815
0.69458896
0.69446343
0.6946272
0.6945019
0.6946157
0.6946069
0.6945547
0.6944984
0.69451755
0.69452363
0.6947372
0.6945334
0.6944991
0.69435453
0.6945441
0.69457084
0.6948055
0.6946088
0.6945575
0.694401
0.69436246
0.69429326
0.6946146
0.69432676
0.6946751
0.69455534
0.6944619
0.69427633
0.6944711
0.6944423
0.69426084
0.6945448
0.6945029
0.69456965
0.6945491
0.694301
0.6943152
0.69454426
0.6941999
0.69425815
0.6942287
0.6943119
0.69456106
0.69408983
0.69445467
0.6942404
0.6943318
0.6941675
0.69413096
0.6941517
0.6942712
0.694266
0.6942507
0.69403535
0.6940594
0.6939743
0.6940143
0.6939037
0.69404644
0.6940577
0.694224
0.6942519
0.69439757
0.69416004
0.69415563
0.69414794
0.6939454
0.6938761
0.6941244
0.693989
0.69395846
0.69381666
0.69402784
0.6938967
0.6939807
0.6937637
0.6943011
0.6939011
0.6937897
0.69380003
0.6938294
0.6938151
0.6936974
0.69380873
0.6938857
0.6937845
0.6939683
0.6937579
0.69377416
0.69395113
0.69388515
0.6939934
0.6938812
0.69365436
0.69387954
0.69378984
0.69372797
0.693742
0.69384277
0.6938297
0.69394445
0.6936318
0.6936872
0.6936329
0.69384
0.69364846
0.6935301
0.6935359
0.69371
0.6937847
0.6938002
0.69381213
0.6936576
0.69370216
0.69376457
0.6936481
0.69381195
0.6936297
0.693731
0.6936065
0.6937944
0.69383365
0.69365287
0.69359785
0.6937404
0.69390565
0.6936798
0.6935405
0.6937078
0.6937225
0.69377095
0.693643
0.69371015
0.69344336
0.6936818
0.6936051
0.6938513
0.69380355
0.69371265
0.6935495
0.6935926
0.69377184
0.6935865
0.69375205
0.6936073
0.6936537
0.69366777
0.6937274
0.6935434
0.69375014
0.69375277
0.69356084
0.6936867
0.69367826
0.6938183
0.69356835
0.6937852
0.693721
0.6936391
0.69373685
0.69373024
0.6935133
0.69367653
0.6936681
0.69370025
0.69381887
0.6938458
0.69370157
0.69381183
0.69366634
0.69390494
0.69366926
0.6936151
0.69363004
0.6938852
0.69372845
0.69362706
0.6937477
0.69350386
0.6939087
0.69385374
0.6936163
0.6939074
0.69387484
0.693837
0.6937827
0.6938408
0.69382715
0.6936272
0.693791
0.6938813
0.6934965
0.6939789
0.6937385
0.693828
0.69372797
0.6938395
0.69378877
0.6936062
0.69364434
0.69388133
0.6938713
0.6939951
0.6939791
0.6939966
0.6936872
0.6940316
0.6938722
0.69413614
0.6938922
0.6938412
0.69394547
0.69376665
0.69416726
0.6941682
0.6938277
0.6939452
0.69394827
0.6939072
0.69393575
0.69395137
0.69390184
0.69404507
0.6939804
0.6940007
0.6942127
0.694039
0.6939505
0.6940686
0.6940258
0.69404554
0.6941822
0.6940762
0.69404566
0.69388735
0.6940787
0.69393295
0.6939632
0.69410354
0.6938135
0.6940926
0.6939662
0.6941323
0.69400483
0.69404113
0.6941687
0.6938421
0.6942942
0.6941393
0.69412076
0.6943841
0.69425917
0.6942201
0.6940275
0.69404787
0.6940148
0.69424593
0.69412595
0.693988
0.6941501
0.6942895
0.69425213
0.69416696
0.69417363
0.69422215
0.6941823
0.6940875
0.6942102
0.6941444
0.6941871
0.6940926
0.69410175
0.6940939
0.69411016
0.69428355
0.69438535
0.6942171
0.69406253
0.6943752
0.6942976
0.69444364
0.69430304
0.69422686
0.69428414
0.69411653
0.6943747
0.69418365
0.6942162
0.694225
0.693966
0.69417155
0.69420546
0.6940454
0.69413567
0.69411755
0.69416374
0.6939993
0.6941149
0.6942705
0.694097
0.6942414
0.6941539
0.6941617
0.69408494
0.69407827
0.6942962
0.6937963
0.69417363
0.6940918
0.6942381
0.69403607
0.69409925
0.6940728
0.69414574
0.69398445
0.69406164
0.6939915
0.69403595
0.6939524
0.6939608
0.6938947
0.6939894
0.693974
0.69383717
0.6937833
0.694062
0.6941076
0.69395304
0.69407094
0.6938421
0.6937654
0.693909
0.69401735
0.6939533
0.69396186
0.6936342
0.69363946
0.69381315
0.6935963
0.693857
0.69384253
0.69354045
0.69372445
0.69368696
0.69358414
0.6935417
0.69376975
0.693642
0.69342613
0.6935699
0.6938259
0.69372606
0.6936045
0.69391394
0.69369507
