0.69386196
0.6941635
0.6939743
0.69408584
0.69396603
0.69386774
0.6939981
0.6940165
0.6941579
0.6940924
0.6937951
0.6941093
0.69407564
0.6940306
0.69390374
0.69414604
0.6941789
0.6941983
0.69392186
0.69403315
0.6941336
0.69396883
0.6938227
0.69409317
0.6940624
0.6939064
0.693747
0.6940341
0.69406956
0.69359684
0.6936361
0.69404256
0.6939297
0.6940276
0.6942314
0.69413584
0.6941754
0.6939959
0.6938032
0.6939118
0.694048
0.6939155
0.6939649
0.694121
0.69392955
0.69392246
0.6941019
0.6937701
0.69401073
0.693948
0.6939394
0.6939875
0.6940594
0.69414663
0.6940731
0.6939023
0.69423217
0.6939826
0.69394743
0.6937973
0.69412595
0.6940966
0.6940902
0.6941858
0.6939579
0.6940203
0.6938599
0.6939766
0.6939208
0.69398195
0.6939175
0.6939118
0.6939131
0.69391954
0.69379884
0.6941235
0.69383276
0.6939979
0.69384205
0.6939772
0.69406855
0.6942217
0.69394034
0.6940077
0.6938093
0.69396526
0.6938791
0.6939713
0.69384664
0.6941011
0.6939724
0.6938546
0.69387454
0.69397455
0.6938545
0.6936865
0.693802
0.69387984
0.69384015
0.6941049
0.6937461
0.69405955
0.6939599
0.69393396
0.6940484
0.6938503
0.69376975
0.6938319
0.69412565
0.69391733
0.69395643
0.6938518
0.69387853
0.6940918
0.69400895
0.69383496
0.69387895
0.6940445
0.6938849
0.69394904
0.6939728
0.69386566
0.6938029
0.6942368
0.6938925
0.69409376
0.69387823
0.69385326
0.6938016
0.6939395
0.69369584
0.6939561
0.6938564
0.69375247
0.69389755
0.69375336
0.69386786
0.6940656
0.6936873
0.69373006
0.6940038
0.6938063
0.69376093
0.6937089
0.69383174
0.6937537
0.6935679
0.6938847
0.69366723
0.6939223
0.69370496
0.69381934
0.693898
0.6937066
0.6940544
0.69381016
0.69375896
0.6937375
0.6939029
0.6936056
0.6939669
0.693837
0.69382423
0.6936215
0.6936641
0.6935862
0.69365454
0.69385046
0.6936528
0.69372165
0.6939982
0.69386303
0.6935553
0.6939231
0.6936525
0.69371665
0.6939983
0.693741
0.6938326
0.6936993
0.6937191
0.6938062
0.69389516
0.69359994
0.6935739
0.6938685
0.69368315
0.69364023
0.69377345
0.69381076
0.6936295
0.6936
0.69373184
0.6936958
0.6935777
0.693903
0.6937315
0.693419
0.6936295
0.69389564
0.69361025
0.6937232
0.6935754
0.6935989
0.6934769
0.6936594
0.69371384
0.6938432
0.6936544
0.69355893
0.69377893
0.69369566
0.69367075
0.6937309
0.6935983
0.6938293
0.69382906
0.6936836
0.6937478
0.69373244
0.69382405
0.69365036
0.69378144
0.69380236
0.69378424
0.69389427
0.69400764
0.6937857
0.6937356
0.69364434
0.6937493
0.6938918
0.69369787
0.6935399
0.6935745
0.694148
0.693783
0.69370973
0.69370645
0.693574
0.69379205
0.6939049
0.6937278
0.69369143
0.6938563
0.69391507
0.69371665
0.69387037
0.6938059
0.693809
0.69372416
0.69375414
0.6938896
0.69366217
0.6937797
0.6936641
0.69385105
0.6938848
0.6938439
0.6936965
0.6938792
0.69387907
0.6938816
0.69395345
0.6937127
0.69401664
0.6940281
0.69392127
0.69374543
0.69391114
0.69362056
0.6938432
0.6939381
0.69389427
0.69381905
0.69399387
0.6938598
0.6939416
0.69397914
0.6939367
0.6939564
0.69408154
0.6937717
0.6939882
0.6938313
0.6940162
0.6937559
0.6938949
0.6937808
0.6937834
0.69390357
0.6939343
0.69376653
0.6938404
0.6939605
0.69384694
0.6937402
0.6938411
0.6938857
0.6936792
0.6938949
0.6937559
0.69356656
0.6936809
0.6939746
0.69384754
0.69381446
0.69394743
0.6939509
0.6936429
0.6939856
0.69402874
0.6938487
0.693927
0.69374317
0.6937057
0.6938248
0.6936637
0.6937788
0.6939524
0.69379
0.6937886
0.6937396
0.6937988
0.6936916
0.6936362
0.69394666
0.69366366
0.6937957
0.6938049
0.6939589
0.6936735
0.69364053
0.693636
0.6936439
0.69358647
0.69372797
0.6937547
0.6934487
0.6934703
0.69356805
0.69358015
0.6934406
0.6936571
0.69359046
0.69373447
0.6937608
0.6936848
0.6934783
0.6936958
0.69369996
0.69362843
0.6937539
0.69342893
0.69388795
0.69340914
0.69370806
0.6938045
0.6937825
0.6937542
0.693604
0.69366854
0.6936713
0.6935087
0.6937459
0.6936262
0.69362116
0.6935751
0.69368243
0.6934826
0.69361305
0.69350857
0.6936131
0.6934383
0.6935624
0.6934285
0.6936701
0.6935813
0.6936843
0.69374347
0.69371474
0.6934731
0.69357663
0.69364816
0.6934492
0.6933966
0.69345546
0.6932985
0.69361156
0.69333345
0.6936365
0.69370985
0.69353104
0.69356036
0.6935601
0.69352764
0.6938101
0.69373804
0.69373757
0.69327235
0.69344175
0.6936279
0.69357157
0.69338685
0.6936387
0.69359076
0.693459
0.69361377
0.69351405
0.6937569
0.69368833
0.69382524
0.69357246
0.69358015
0.6933555
0.69347525
0.6937563
0.69341666
0.6936928
0.6936605
0.6933575
0.6934231
0.6937602
0.6935119
0.69350415
0.69357824
0.6934656
0.6935732
0.6938656
0.69352573
0.69341356
0.6932968
0.6935308
0.69350266
0.6935464
0.69346726
0.6937534
0.69343317
0.6934943
0.6935967
0.6936116
0.69349945
0.6934822
0.69365203
0.6935767
0.6936433
0.6935191
0.69375426
0.69342625
0.69358534
0.6937026
0.69363946
0.6935069
0.69358903
0.6938072
0.69329923
0.69338876
0.69357395
0.6936826
0.6935672
0.6935266
0.6935894
0.6932583
0.69335127
0.6935539
0.6934965
0.69367313
0.6937105
0.693448
0.6934144
0.6938797
0.69351935
0.6936838
0.693802
0.6937165
0.69364095
0.6936157
0.6936749
0.6935124
0.69360495
0.6934562
0.6934574
0.69373417
0.6935027
0.6935663
0.69386756
0.69381547
0.69348353
0.69376826
0.69350135
0.6936116
0.6937589
0.6937639
0.69365144
0.6938268
0.6937716
0.6937595
0.69360065
0.6937287
0.69382304
0.6937968
0.69374007
0.6937632
0.6936719
0.6936181
0.69389224
0.6938736
0.69377345
0.6936366
0.69380283
0.69370717
0.6936571
0.69366336
0.6937343
0.6935814
0.6936929
0.6936435
0.69383675
0.69377786
0.69371676
0.6937502
0.6937043
0.6938412
0.6936343
0.69365406
0.69362485
0.6935623
0.6938022
0.69373834
0.6937277
0.6938887
0.6935278
0.6938714
0.693911
0.69385576
0.69371146
0.6938016
0.6939349
0.693822
0.69378877
0.69387454
0.69388753
0.6938403
0.69361544
0.69368577
0.6936667
0.6937213
0.69383574
0.6935958
0.69387937
0.6942096
0.69397897
0.6938516
0.6937786
0.69384074
0.6940036
0.6936848
0.6938801
0.6938409
0.69372267
0.6936416
0.693976
0.6937141
0.69369507
0.6940144
0.6939101
0.6936543
0.69376063
0.6939371
0.6939139
0.6939375
0.6937337
0.69395006
0.69384843
0.6939658
0.69377947
0.6939439
0.6935796
0.693871
0.6936532
0.6939378
0.69367445
0.6937598
0.6938608
0.69397306
0.693656
0.6939004
0.693741
0.6939033
0.69377816
0.69380563
0.69372857
0.6939407
0.6939683
0.6938885
0.6937964
0.69392896
0.6939527
0.6936871
0.69379604
0.6938237
0.6938627
0.69387335
0.69400245
0.6937615
0.693779
0.6938586
0.6937701
0.69385153
0.6939137
0.6938927
0.69393086
0.693889
0.6939149
0.6935897
0.6937633
0.6936384
0.69356656
0.693776
0.69386154
0.6936846
0.6937341
0.69387275
0.69373304
0.6940175
0.69359636
0.6938084
0.6938129
0.69366467
0.69363374
0.6936793
0.6936538
0.69393075
0.69390804
0.69370115
0.6935796
0.6938001
0.6936219
0.693725
0.6937885
0.69386363
0.6936824
0.69380057
0.6938012
0.69379395
0.69386595
0.6937272
0.6936523
0.693672
0.69383925
0.6938199
0.69391114
0.6938125
0.6937577
0.69384706
0.6937528
0.69383353
0.69387895
0.6937393
0.6938227
0.6935296
0.69365233
0.6938396
0.6936423
0.6936975
0.6939243
0.69394094
0.6937942
0.6939724
0.69391835
0.6938726
0.6937714
0.6938144
0.6938987
0.69395524
0.693651
0.6937466
0.6939652
0.6938403
0.69360155
0.693886
0.69387215
0.69379693
0.6939661
0.693941
0.69397223
0.69384134
0.6938594
0.6939536
0.6936036
0.6937332
0.69419205
0.69409835
0.6939096
0.6939333
0.69391924
0.6938785
0.69396657
0.69390297
0.6940178
0.69405925
0.6939694
0.69368094
0.6936596
0.69400954
0.693932
0.6940112
0.69415426
0.69402474
0.69411564
0.6940339
0.6940456
0.6939715
0.6938105
0.69405717
0.69404364
0.694213
0.69414634
0.6941743
0.6940464
0.6941691
0.6940369
0.69395757
0.6940232
0.69412184
0.694224
0.6939926
0.6939826
0.6939909
0.6942312
0.69403815
0.6939378
0.6941085
0.69396985
0.6941056
0.69433135
0.6942239
0.694158
0.6941937
0.6942138
0.69415903
0.69415265
0.6941215
0.69407946
0.69384736
0.69420975
0.6941962
0.6943211
0.6941437
0.6942382
0.69445634
0.6943195
0.69433933
0.6944326
0.69437677
0.69439876
0.6942454
0.6943513
0.69415647
0.6943383
0.6943848
0.6941015
0.69417113
0.6942675
0.6941725
0.6941787
0.69429505
0.6943196
0.6940261
0.6939529
0.6942199
0.69440633
0.69415325
0.6941783
0.6941669
0.69416124
0.6942372
0.69415236
0.694313
0.6944285
0.69410074
0.69421726
0.69422656
0.6942505
0.6941156
0.694311
0.69418
0.6942142
0.69434613
0.69427156
0.6945054
0.694387
0.69384277
0.6943081
0.6944715
0.694152
0.69422126
0.6941551
0.69411045
0.6942439
0.6942724
0.69397724
0.69429666
0.6941631
0.694089
0.69405675
0.69410974
0.693974
0.69433606
0.69425416
0.6942484
0.6940862
0.6941174
0.6941955
0.6941479
0.69411206
0.6941313
0.69423753
0.69413704
0.69395906
0.69422966
0.69399434
0.6939256
0.69410104
0.6940348
0.6939949
0.69420767
0.69383377
0.6941335
0.69406396
0.693948
0.6940739
0.6941556
0.6940564
0.6941056
0.6940275
0.69393575
0.69397795
0.693861
0.6938869
0.69400847
0.69390744
0.6940296
0.69399905
0.6939613
0.6938192
0.694076
0.6939394
0.69397444
0.6941594
0.69385403
0.6938012
0.69386417
0.69389474
0.6939149
0.69379693
0.69392985
0.6935259
0.69383365
0.6940699
0.69369036
0.69387966
0.6939763
0.69391376
0.6939347
0.6936834
0.6938214
0.69370335
0.6937035
0.69388765
0.6939198
0.69377804
0.6938501
0.6937807
0.69392824
0.6937416
0.69382167
0.6936342
0.69350773
0.6935856
0.6937482
0.69367266
0.69350636
0.69365424
0.69361997
0.6937337
0.6936142
0.69379705
0.69368
0.69380933
0.69362473
0.6936348
0.6938446
0.6937863
0.69391775
0.6936137
0.69402707
0.6937938
0.6937671
0.6936191
0.69374186
0.69390756
0.6937033
0.693873
0.6938567
0.6936892
0.6939318
0.6937547
0.69400454
0.69404006
0.6937405
0.6941363
0.6939013
0.69397837
0.69403505
0.6939107
0.69383186
0.6938657
0.69368166
0.6940294
0.6939778
0.69400215
0.69432014
0.69392884
0.69401056
0.693984
0.6941581
0.6940347
0.6942055
0.69422835
0.69396067
0.6939028
0.6939931
0.6938798
0.6941297
0.6940432
0.6940586
0.6941984
0.6940769
0.6940471
0.694113
0.69408
0.69404304
0.69413006
0.69426656
0.69415385
0.6940161
0.69408214
0.6941431
0.6943507
0.6941833
0.694189
0.69434595
0.69419485
0.69416577
0.69418234
0.69433945
0.6943486
0.6942755
0.69418454
0.69444674
0.69411045
0.69427854
0.69416034
0.69411784
0.6943135
0.69414985
0.69433516
0.694365
0.69446963
0.694476
0.6941726
0.69418126
0.6945576
0.6944604
0.6940261
0.6943285
0.69422615
0.6942637
0.69448346
0.69451636
0.69420135
0.6944881
0.6942099
0.6944624
0.6944318
0.6943612
0.6945046
0.6944795
0.69418055
0.69441104
0.6943342
0.6942813
0.6942562
0.6943641
0.6945646
0.69437224
0.6943638
0.6943814
0.6943412
0.69441265
0.6942709
0.6945078
0.6944457
0.6944533
0.6943657
0.6943054
0.6946668
0.6944248
0.69434565
0.69434047
0.6941911
0.6943946
0.6944103
0.6945499
0.6944491
0.6942937
0.6945933
0.6946624
0.69438887
0.6944973
0.6943781
0.6947484
0.6945694
0.69435704
0.69454116
0.69429404
0.69441205
0.6944872
0.69442564
0.6943744
0.6944495
0.69464386
0.6946958
0.69461757
0.6942815
0.6941458
0.69443655
0.69422394
0.69436026
0.6943971
0.69433624
0.69428265
0.69423515
0.6944278
0.69431007
0.69445133
0.69444066
0.69442815
0.6944537
0.69452137
0.69451016
0.6944599
0.6945151
0.69436955
0.6942681
0.69434357
0.694359
0.694372
0.6944007
0.6943302
0.6944626
0.6943327
0.6944938
0.6943935
0.6943593
0.69441587
0.6943926
0.69438463
0.6944085
0.6945782
0.69440746
0.6943535
0.6943137
0.694421
0.6945256
0.69435734
0.6943774
0.6943295
0.69452775
0.6946159
0.6943181
0.6945034
0.6943579
0.69417304
0.6943199
0.69429696
0.69429827
0.6942976
0.6944849
0.6943315
0.6944083
0.6943154
0.6943264
0.6942398
0.6943985
0.6943346
0.6943978
0.69441485
0.69410384
0.6942642
0.6943068
0.69430673
0.69439936
0.69423217
0.6942283
0.6942223
0.6944851
0.6943062
0.6945449
0.6942768
0.6943566
0.6944041
0.6942977
0.6943533
0.69413865
0.69410723
0.6943405
0.69416744
0.69428664
0.6942233
0.69429255
0.6941073
0.6940727
0.6942375
0.69410336
0.69426954
0.69442725
0.6942486
0.6942703
0.6940994
0.69450337
0.69441414
0.69446176
0.6941684
0.69447535
0.69416946
0.6943562
0.69425344
0.6943594
0.69409996
0.6943812
0.69430137
0.6943026
0.69412535
0.6942409
0.694194
0.6942725
0.6942506
0.6945858
0.69425595
0.6941663
0.694453
0.6941766
0.6943942
0.6944145
0.6942517
0.6941431
0.69399554
0.6943672
0.69448614
0.694278
0.69445467
0.6943731
0.69411594
0.6941564
0.69422704
0.6941957
0.6941354
0.69435203
0.6944076
0.6940794
0.69440544
0.6941884
0.6943228
0.6941893
0.69437903
0.6944659
0.6941898
0.6944062
0.6940886
0.6945726
0.6943518
0.6942398
0.6942366
0.6943126
0.6941799
0.6943985
0.6943692
0.694331
0.69434375
0.69412845
0.6941816
0.69425225
0.6946188
0.6942802
0.6942651
0.6943063
0.69447863
0.6942116
0.69431657
0.6941571
0.69449383
0.6943231
0.6944076
0.69433993
0.6945267
0.6941638
0.694391
0.69446766
0.6944535
0.69432276
0.6942601
0.6942767
0.6944089
0.6943939
0.69447905
0.6945092
0.69441175
0.69453377
0.69428694
0.69427633
0.69484967
0.69449157
0.6945755
0.6944684
0.6943289
0.69428205
0.6943553
0.69437516
0.69432366
0.6946701
0.6944655
0.69429755
0.69445425
0.69460654
0.6944603
0.6945389
0.6942507
0.69437927
0.6944579
0.69460344
0.6943116
0.69456667
0.6943808
0.694571
0.6946216
0.6944029
0.69436145
0.69466144
0.69459784
0.6943453
0.69454277
0.6945852
0.6944735
0.6943194
0.6946433
0.6942959
0.69451606
0.69453067
0.69466543
0.6942717
0.6942903
0.69462466
0.6943888
0.6943418
0.6944893
0.6946428
0.6946004
0.694527
0.6945182
0.69454277
0.6945028
0.6945046
0.69447875
0.69463754
0.6945742
0.69465154
0.6944902
0.6943526
0.69444203
0.6947077
0.69418675
0.6946088
0.69464177
0.69434893
0.6946033
0.6945761
0.69466877
0.6944773
0.69439244
0.69431406
0.6943815
0.6944067
0.6945751
0.69456923
0.6944679
0.694407
0.69445074
0.6942587
0.6942379
0.69457334
0.6944106
0.69439733
0.69442
0.6945121
0.69460577
0.69437605
0.6943801
0.6943197
0.6943923
0.69449705
0.694492
0.69423425
0.69425154
0.6944503
0.6943477
0.6943872
0.6943349
0.6943658
0.6944066
0.69424886
0.69438905
0.69432527
0.6944678
0.69437975
0.6942816
0.6944349
0.69441426
0.6944092
0.69432217
0.69444704
0.6944812
0.69422644
0.6943486
0.6942684
0.694352
0.69432116
0.6941555
0.6943513
0.6941252
0.69441277
0.69417816
0.69396144
0.6943036
0.6942951
0.6941869
0.6942992
0.6939406
0.6944474
0.6943378
0.694376
0.694225
0.69421804
0.6941826
0.6940752
0.69437367
0.69429684
0.69417906
0.6940977
0.69411683
0.6942872
0.694115
0.6940498
0.6941363
0.6940693
0.6941452
0.69412327
0.6939394
0.69405377
0.6938645
0.69400704
0.69410104
0.69409037
0.6939244
0.69400066
0.6940701
0.69424653
0.694125
0.6939708
0.69410497
0.69386053
0.69397914
0.69421494
0.69407934
0.69398516
0.6939488
0.69402796
0.6941853
0.693865
0.6941307
0.69401306
0.69368124
0.69401217
0.6938383
0.69402766
0.69383574
0.69377536
0.69393045
0.6938593
0.6937385
0.69400996
0.69396484
0.6939641
0.6939027
0.6937912
0.6939247
0.6938052
0.6937995
0.693853
0.6939611
0.69400895
0.69376177
0.69374716
0.6939469
0.6939702
0.6940747
0.693556
0.6937769
0.6938862
0.69363964
0.6939113
0.6939576
0.69381523
0.6938485
0.6936774
0.6939871
0.69367766
0.6937238
0.69407254
0.69393057
0.6938783
0.69388247
0.69379157
0.693683
0.69374204
0.69360346
0.6939245
0.69389707
0.6936857
0.6938771
0.6940851
0.69399047
0.69379854
0.69384116
0.69398755
0.693762
0.693779
0.6939494
0.6937566
0.69387287
0.69369334
0.6937794
0.6938098
0.6936798
0.69367224
0.6938711
0.693638
0.69358206
0.6937649
0.6937971
0.6935864
0.69380224
0.6937032
0.694057
0.69394135
0.69401026
0.69396114
0.69386154
0.6939681
0.69369966
0.6938295
0.693719
0.69374907
0.693829
0.69374233
0.6936826
0.6938443
0.69363046
0.6938257
0.6939125
0.6938094
0.6939702
0.69402975
0.6939347
0.69372666
0.6939151
0.69370097
0.6938338
0.69379103
0.6939495
0.6937477
0.69372207
0.693871
0.69363093
0.6937903
0.69366103
0.6937322
0.693665
0.6937985
0.69380385
0.69384474
0.6939309
0.6938102
0.6940119
0.6937161
0.6937689
0.6939807
0.69379157
0.6936593
0.6937212
0.6938548
0.69373107
0.6936657
0.69369406
0.6941426
0.6936898
0.69358397
0.6937064
0.69383854
0.69391966
0.69414604
0.6938561
0.69391257
0.6936167
0.6939117
0.6938843
0.6937394
0.693705
0.6938968
0.6937297
0.69390965
0.6937258
0.6938713
0.6937594
0.6937971
0.69374305
0.6939614
0.6939031
0.69376534
0.6938157
0.69382364
0.6937571
0.6939555
0.69380265
0.6937378
0.693608
0.6937208
0.69360965
0.6940497
0.6939629
0.69371295
0.693914
0.6936844
0.69391775
0.6937716
0.69379276
0.6937912
0.69392043
0.69364625
0.6936716
0.6936345
0.6936143
0.69374996
0.69362295
0.69356835
0.6938298
0.69366336
0.6936932
0.6936287
0.6935074
0.6933161
0.69374394
0.6936963
0.6935999
0.6935785
0.69371384
0.6939325
0.69359726
0.69360167
0.69330615
0.69343936
0.69365656
0.69343734
0.6935282
0.6932386
0.6936471
0.6933126
0.69353
0.69358623
0.6936495
0.6934643
0.6934144
0.6935893
0.69359285
0.69357914
0.6933947
0.69346124
0.69338435
0.69349664
0.69355345
0.6936346
0.6933366
0.6933886
0.6934879
0.6934807
0.69360906
0.69368124
0.69350445
0.6934562
0.69353527
0.6933513
0.693522
0.69341403
0.693596
0.6931287
0.69335794
0.6934071
0.6933988
0.69351435
0.69330007
0.69357586
0.6933093
0.69344
0.6934622
0.6935676
0.6935881
0.69328356
0.69330925
0.69347036
0.6933822
0.6933738
0.6932683
0.6935019
0.6933492
0.69330114
0.69360673
0.6934065
0.69342136
0.6935242
0.69339806
0.6934292
0.69341135
0.6931922
0.6933889
0.69338536
0.693594
0.69356954
0.69345254
0.69360226
0.69348204
0.6935522
0.69371206
0.6934063
0.69369316
0.6935365
0.6934239
0.6933542
0.69341356
0.6934276
0.6935642
0.69353735
0.69353753
0.69348675
0.6934373
0.6934074
0.69336176
0.6935099
0.6935726
0.69349813
0.6933222
0.69334316
0.6936251
0.6936769
0.6936427
0.6933295
0.6934364
0.6936549
0.6936352
0.69336385
0.6938195
0.6934168
0.69370055
0.6935091
0.69379973
0.69346
0.6935767
0.69346094
0.6937948
0.6936166
0.6934163
0.69363976
0.69369394
0.6937356
0.69356006
0.69374865
0.69341344
0.6936886
0.69374543
0.69363976
0.6937358
0.69371897
0.69387925
0.6936959
0.6936435
0.69359446
0.6937168
0.69350725
0.6938099
0.6937869
0.69396544
0.69392717
0.69371605
0.6935566
0.69370633
0.693737
0.6938112
0.6938368
0.6938843
0.69394237
0.69385374
0.6939225
0.6938389
0.693667
0.69395053
0.69394344
0.6935948
0.693834
0.6935897
0.69367933
0.69386655
0.6939143
0.69386166
0.6940009
0.6937427
0.6934585
0.69392574
0.6939776
0.6939299
0.69374555
0.6938407
0.69388944
0.6939144
0.6938244
0.69395876
0.6939082
0.69370556
0.6938369
0.69401324
0.6939434
0.69401187
0.6938906
0.6938353
0.6939906
0.6939621
0.69390893
0.6939983
0.6940201
0.6939643
0.6939528
0.69388175
0.6939231
0.6941026
0.69366837
0.6938428
0.6941751
0.6942204
0.69380575
0.6939649
0.69397455
0.6939612
0.6939393
0.69381505
0.69401616
0.6940132
0.69392735
0.69391054
0.6939951
0.69370687
0.694062
0.69386894
0.69404566
0.6939445
0.693821
0.6939206
0.6937549
0.6939917
0.69408464
0.69418764
0.6943014
0.69405204
0.69405925
0.6941063
0.69421136
0.6942439
0.69412357
0.69421005
0.6940206
0.6940939
0.6939462
0.6940723
0.69400305
0.69387615
0.6941355
0.69433135
0.694068
0.69419414
0.6940232
0.69401336
0.69390947
0.69403887
0.6939369
0.6941203
0.694194
0.6939584
0.6940489
0.6942312
0.69408864
0.69440705
0.69413716
0.69423807
0.6939694
0.6943239
0.69410026
0.69440025
0.6941414
0.6942483
0.69398874
0.6943113
0.6940138
0.6939891
0.6945932
0.69439876
0.694255
0.6943039
0.69421303
0.69404966
0.69421256
0.69436145
0.69413936
0.69419134
0.69411457
0.69419926
0.69408244
0.69420785
0.6941819
0.6941069
0.69437104
0.69429785
0.6942744
0.6942197
0.69400495
0.69428456
0.6941276
0.6939844
0.6942006
0.69424295
0.69406587
0.69411206
0.6942029
0.6940367
0.69407034
0.69433796
0.6943349
0.69406724
0.6941142
0.694358
0.6942684
0.69426614
0.6940278
0.6939985
0.6941817
0.69401664
0.69432646
0.6941518
0.6940557
0.6940233
0.6940918
0.69412047
0.6939372
0.69417304
0.6941874
0.6939966
0.6938774
0.6941325
0.6940906
0.6941603
0.69418985
0.69386166
0.69411355
0.694009
0.69410586
0.6939795
0.69408995
0.6940492
0.69417197
0.69394636
0.6941153
0.6937737
0.6938059
0.69401914
0.69397974
0.69401336
0.6938754
0.693777
0.69386315
0.6941172
0.69381917
0.6939499
0.69397587
0.6939203
0.6938756
0.6935595
0.6939113
0.6939379
0.69374025
0.6937788
0.69380224
0.69384515
0.69359136
0.693646
0.69398797
0.693794
0.69389385
0.69392705
0.6936615
0.69377494
0.69365275
0.69375306
0.69381917
0.6937477
0.6935404
0.6937282
0.6939063
0.69379604
0.6938335
0.6937784
0.6935653
0.69341874
0.69380426
0.69358844
0.6936927
0.6938138
0.69368964
0.6936116
0.69342357
0.6935721
0.6936934
0.6936089
0.69355077
0.6935201
0.69360626
0.6935002
0.69365793
0.6937108
0.69371814
0.69345
0.69381934
0.69360375
0.69370764
0.6934959
0.6934843
0.69360656
0.69363356
0.6937248
0.69361985
0.69347316
0.6935045
0.6934193
0.69379747
0.69349366
0.6937351
0.6937009
0.6936375
0.6936421
0.6935427
0.6935731
0.6936489
0.6935782
0.6934532
0.6938371
0.6936552
0.693418
0.6936529
0.6935972
0.6935708
0.6935377
0.69354343
0.69352996
0.6937505
0.6935851
0.6936526
0.69352734
0.6934168
0.6935474
0.6936255
0.6935923
0.6937744
0.69352007
0.69380724
0.69368863
0.69355303
0.6935591
0.69374317
0.6933983
0.69360423
0.69342
0.6934343
0.6936821
0.6933897
0.6935242
0.69361705
0.6936148
0.6936179
0.69343424
0.6935578
0.6936609
0.69368225
0.6936728
0.6935979
0.69371766
0.6935195
0.69370854
0.6934073
0.69367933
0.6936575
0.6933865
0.69367623
0.6936555
0.69353414
0.6933385
0.69369775
0.69372255
0.693569
0.69370306
0.69355655
0.6935994
0.69348276
0.69367486
0.6934223
0.69350225
0.69350773
0.693727
0.69350064
0.6937182
0.6934029
0.6935196
0.69383997
0.6937064
0.6936125
0.69369936
0.6937276
0.6936228
0.6934522
0.69355077
0.69350374
0.6935981
0.6935518
0.69356555
0.6936126
0.6935825
0.69350135
0.6936726
0.69334584
0.69361204
0.69379187
0.6935752
0.69355285
0.6936235
0.6937209
0.6935617
0.6936405
0.69378585
0.6936486
0.69349974
0.69365644
0.6935927
0.69359994
0.6936872
0.69380355
0.6936032
0.6934919
0.6935004
0.6935892
0.69330966
0.6937157
0.69345194
0.69403666
0.6934418
0.6935425
0.6935728
0.6935509
0.69353706
0.6938033
0.69359094
0.69368815
0.69355685
0.6937081
0.6935213
0.69360316
0.69359034
0.69367784
0.69370586
0.6937548
0.69343966
0.6936463
0.6934929
0.69345427
0.6936051
0.69358647
0.6937737
0.6936055
0.69377214
0.6935349
0.6938203
0.6936379
0.6936444
0.6936677
0.6936628
0.69377726
0.69371706
0.69391596
0.69351465
0.6938048
0.69350904
0.69360745
0.6937716
0.6935925
0.6937963
0.69353914
0.6936519
0.69363856
0.6935609
0.6936755
0.69337934
0.69355565
0.6934538
0.6936288
0.693501
0.6935331
0.6935892
0.69337124
0.6935802
0.6935676
0.69364315
0.69365
0.6933603
0.6935588
0.6935474
0.6936352
0.69363385
0.6935707
0.6933769
0.693433
0.6935977
0.69364524
0.6936967
0.69375944
0.6934036
0.69346786
0.6937466
0.6935931
0.693741
0.69328845
0.6935639
0.6937044
0.69369805
0.6934565
0.69353527
0.69382966
0.6934889
0.6934444
0.6937354
0.69375515
0.69350713
0.6936618
0.6938186
0.6935112
0.6936293
0.6937769
0.6937864
0.69349754
0.69352394
0.6936466
0.693511
0.6935747
0.6936738
0.6934993
0.693574
0.6934091
0.69360274
0.6935423
0.6934851
0.6936741
0.6934866
0.6934983
0.69362485
0.693541
0.6935284
0.69320196
0.6934151
0.69360566
0.69342315
0.6936429
0.6935769
0.69362944
0.6935066
0.6934024
0.69353455
0.69361037
0.69367194
0.69335765
0.69339925
0.6934377
0.69365156
0.6935352
0.6935945
0.6934308
0.69356126
0.6936521
0.6937522
0.6933365
0.6935912
0.6934971
0.6935776
0.69345134
0.6936216
0.69348174
0.69347286
0.6935005
0.693275
0.69373244
0.6935846
0.6936003
0.6935989
0.6934826
0.693631
0.69346994
0.6935224
0.6935833
0.6934467
0.6933163
0.69359493
0.6933729
0.69350296
0.6935676
0.69376314
0.69340414
0.69340754
0.6934567
0.6935225
0.69361395
0.6936709
0.6936373
0.6936664
0.693631
0.69351554
0.6934498
0.6936386
0.6936555
0.69344425
0.6934574
0.6937276
0.6936691
0.69344676
0.69342923
0.6933133
0.693447
0.6936065
0.6934913
0.6934969
0.6934431
0.69356585
0.6937388
0.6936178
0.69371665
0.69351816
0.69373226
0.6936643
0.6934309
0.6936514
0.69376326
0.69350183
0.69364905
0.69373715
0.6936835
0.69344693
0.6935049
0.6936277
0.69365305
0.6936296
0.6936302
0.6936004
0.69368863
0.69359666
0.6937464
0.693523
0.6935725
0.6937324
0.69356394
0.6936624
0.69367737
0.6935064
0.6937599
0.6937168
0.6936443
0.693694
0.6937861
0.69374293
0.6939864
0.69355434
0.6936741
0.6936373
0.6937504
0.6936794
0.69374996
0.6939699
0.6937706
0.69358647
0.6937356
0.6936927
0.69355327
0.6936535
0.6937518
0.6937026
0.69346356
0.69355667
0.6937747
0.69391257
0.6937119
0.6938796
0.69355214
0.69377315
0.69380736
0.6936696
0.693683
0.6937499
0.6938177
0.6936518
0.6938853
0.694032
0.6937817
0.6937725
0.6938911
0.6939033
0.6936584
0.69376886
0.6937715
0.6936224
0.6938688
0.69381464
0.6939089
0.69375443
0.6937198
0.6936757
0.69361377
0.6937665
0.69389504
0.6937864
0.6939216
0.6938705
0.69393396
0.69391084
0.69387674
0.69386214
0.69373685
0.69403535
0.693886
0.6939498
0.6937883
0.69408655
0.69388175
0.6939376
0.6938414
0.6938917
0.6939597
0.69398904
0.69389063
0.6938033
0.6938957
0.69393027
0.69384086
0.69391805
0.6939423
0.6940092
0.6939674
0.6937828
0.6937743
0.6939019
0.694038
0.6939519
0.69376844
0.693818
0.6937754
0.69390845
0.6940243
0.6939921
0.69397116
0.6942465
0.6940209
0.6938709
0.69397104
0.69407946
0.69426554
0.6940898
0.69371015
0.69419086
0.6938782
0.693884
0.6940417
0.69408965
0.6939265
0.69416094
0.6938378
0.6940829
0.69377327
0.693893
0.6937165
0.6939863
0.69377184
0.6940792
0.69413626
0.69416595
0.6939131
0.69402134
0.6939926
0.6941923
0.6939071
0.69404066
0.6940488
0.6938488
0.6940301
0.69405174
0.6939071
0.693793
0.6941562
0.69389266
0.69413626
0.6938753
0.69403315
0.69410497
0.6939149
0.6940602
0.69408894
0.69397223
0.694191
0.6941614
0.6939443
0.6938383
0.6941031
0.69394565
0.69409305
0.6938917
0.6937978
0.693976
0.6941657
0.6938723
0.69386363
0.6940954
0.69428295
0.69400424
0.6942706
0.6939934
0.69412047
0.69420767
0.69414496
0.69402444
0.6940477
0.69430846
0.6939713
0.69396716
0.6940277
0.6939711
0.6941727
0.6941459
0.69410765
0.6939212
0.6941786
0.69419014
0.69404536
0.6942354
0.69396126
0.6940259
0.6939537
0.69427603
0.6938308
0.6939414
0.6938773
0.69419956
0.693992
0.694256
0.69432014
0.69419974
0.69427854
0.69405633
0.69423604
0.69419307
0.69418114
0.6941169
0.69413495
0.6941286
0.6942605
0.6941681
0.6941159
0.694016
0.6941746
0.6941988
0.69408494
0.6942671
0.69409144
0.6941379
0.69413805
0.69429356
0.6941253
0.6941023
0.69431955
0.69410616
0.6940903
0.6941947
0.69413227
0.6943416
0.69408983
0.69412893
0.6941932
0.6942062
0.6940564
0.6939594
0.6940398
0.6939904
0.6942236
0.694255
0.6941447
0.6940915
0.69409806
0.694084
0.6941214
0.6943694
0.69398063
0.694359
0.6941552
0.6942915
0.6944149
0.69403034
0.69418114
0.69404113
0.6939976
0.693981
0.694207
0.69396186
0.6942153
0.6940931
0.6941947
0.6939466
0.6940966
0.69411105
0.6942212
0.6942852
0.6941361
0.69425035
0.69424367
0.69384485
0.6940859
0.69423085
0.6941908
0.69436496
0.6939799
0.6941011
0.6940717
0.6939523
0.6941275
0.6941368
0.69420826
0.69421434
0.69418824
0.69410247
0.69408625
0.6940019
0.6940379
0.6940798
0.6940853
0.69442034
0.6939459
0.6940401
0.69413984
0.6941436
0.6940892
0.6939512
0.69428045
0.6941248
0.69438654
0.6940392
0.69428444
0.69408995
0.6941093
0.69410515
0.69399565
0.6939544
0.69401854
0.6942433
0.6938892
0.6942313
0.69411963
0.6941743
0.69417334
0.6941262
0.69402945
0.69426113
0.69409907
0.6942674
0.6943037
0.6940619
0.69406974
0.69400585
0.69425154
0.6941857
0.69396937
0.69392824
0.6941198
0.6939946
0.69385576
0.69395506
0.69433427
0.6939597
0.6938831
0.6939318
0.6939077
0.6942328
0.6938682
0.69392425
0.693905
0.69393384
0.69372547
0.6940541
0.6942108
0.69406015
0.6941556
0.6941533
0.69417834
0.6940249
0.69406706
0.69406366
0.6939572
0.69408613
0.69398767
0.6940793
0.69415885
0.6940296
0.6938539
0.6941797
0.69403195
0.694183
0.69433445
0.69412637
0.6938955
0.6940669
0.69400144
0.6941638
0.6941854
0.6940946
0.6939649
0.6940173
0.6939601
0.6939434
0.69402295
0.6940488
0.6940785
0.6942236
0.69409287
0.6942051
0.6940964
0.69396275
0.6938635
0.69394934
0.69404393
0.69405293
0.69408774
0.69416696
0.69410855
0.69398487
0.6941086
0.6940776
0.6939021
0.69394064
0.69398445
0.694345
0.69426024
0.6940127
0.6941236
0.69402874
0.69430697
0.6939791
0.6942242
0.6940749
0.6942776
0.69420123
0.6941025
0.69405454
0.6941715
0.6938959
0.6942007
0.6939987
0.6940908
0.6942865
0.6942247
0.69426304
0.6940613
0.69414914
0.6941409
0.6941696
0.6943548
0.6942282
0.6940932
0.6942666
0.6942366
0.69417596
0.6943317
0.6942941
0.6940694
0.6940476
0.69425774
0.6941196
0.6944329
0.693983
0.6939474
0.6942188
0.6940528
0.6941953
0.69430625
0.693987
0.6940517
0.6943265
0.6940655
0.6943058
0.6941022
0.6945108
0.6941516
0.69436365
0.69408816
0.6941326
0.6943353
0.694145
0.69432276
0.6941312
0.69409543
0.69393605
0.6939347
0.6943364
0.6941953
0.694465
0.6943637
0.6943383
0.6943375
0.694351
0.6941522
0.69411993
0.6942725
0.6943901
0.6943012
0.69416064
0.6941888
0.6942627
0.6942893
0.6942095
0.69432336
0.6941171
0.6942332
0.69409555
0.6940494
0.6942345
0.6942664
0.6942981
0.69432414
0.6942051
0.6943048
0.6940287
0.69432306
0.6940626
0.694206
0.6942461
0.6941476
0.6941285
0.6944426
0.6942213
0.69430333
0.6943439
0.6942018
0.69398165
0.69411546
0.6943099
0.694214
0.69418126
0.6940662
0.694106
0.69422203
0.694002
0.69409865
0.6942708
0.69404805
0.6944032
0.6941821
0.69398737
0.6943597
0.69407064
0.69411165
0.6942872
0.69397527
0.6940344
0.69411665
0.6943719
0.6943227
0.69406366
0.69411445
0.694248
0.6943607
0.6940367
0.69425344
0.6942827
0.6940779
0.6940667
0.6940735
0.6940018
0.69391996
0.6941325
0.693948
0.69419914
0.69424367
0.69415766
0.69390196
0.6943057
0.6939289
0.69391507
0.69422585
0.6939945
0.69403714
0.693873
0.6939174
0.6940775
0.6940218
0.69390446
0.69416374
0.693983
0.6940829
0.6938896
0.6938579
0.693931
0.694072
0.6938674
0.693884
0.6941104
0.6941402
0.6941812
0.6938476
0.6939811
0.6939195
0.69392335
0.69378775
0.69395524
0.6940134
0.6936641
0.6938542
0.6940123
0.6938305
0.6939353
0.6939003
0.6939953
0.69398916
0.69411325
0.6939754
0.69394463
0.6940368
0.6938776
0.69389063
0.69400305
0.6936149
0.6939276
0.69402033
0.6937836
0.6937893
0.6936079
0.693754
0.69387513
0.6938216
0.6939941
0.6938328
0.69386196
0.693648
0.6937368
0.6938273
0.6938506
0.6937782
0.6939417
0.69370437
0.69386536
0.6938761
0.6937568
0.6936494
0.69376177
0.6936144
0.6937165
0.6935558
0.6937978
0.693734
0.6937194
0.6937851
0.69362754
0.6936591
0.69378394
0.69367975
0.6937205
0.69382477
0.6939598
0.6937661
0.69399565
0.6937531
0.6937224
0.6936817
0.6934525
0.6936364
0.6937345
0.6938081
0.6936841
0.6936024
0.693754
0.6934386
0.69339037
0.6934292
0.6938022
0.6935335
0.69356203
0.6933639
0.6936185
0.6937358
0.69362044
0.693604
0.6934743
0.69364405
0.6934063
0.69350165
0.6937051
0.6936038
0.6935786
0.6935416
0.6936496
0.6937022
0.6935371
0.6935655
0.69354284
0.69353116
0.69333655
0.6933363
0.6933525
0.6936361
0.69373447
0.6933694
0.6935583
0.6935783
0.69352126
0.69353753
0.69360375
0.6935534
0.693551
0.6936549
0.6936124
0.6931628
0.6933981
0.6935703
0.69363
0.6934667
0.69366264
0.69383126
0.69348764
0.6935946
0.6935523
0.69346654
0.69364566
0.69372696
0.6935349
0.6935641
0.6933913
0.69345015
0.69366187
0.69347894
0.69325817
0.6934314
0.6936327
0.69342774
0.6934207
0.6935257
0.69349974
0.69330966
0.69346166
0.69367045
0.6933593
0.6934643
0.69356436
0.69324213
0.6934807
0.6934961
0.693377
0.6933623
0.69343394
0.6936763
0.69371164
0.69363904
0.6935293
0.6933979
0.6935673
0.6933573
0.6935234
0.69347715
0.69348526
0.69328654
0.693625
0.69338876
0.6935281
0.6935127
0.69382507
0.6933601
0.6933396
0.6933897
0.6934385
0.693573
0.6934266
0.693276
0.693377
0.69368964
0.69342357
0.6933316
0.69345117
0.6934126
0.69310606
0.69356406
0.69365364
0.6933073
0.6935009
0.69356424
0.6935598
0.69359404
0.69359475
0.69342023
0.6936879
0.6936297
0.69358724
0.69351625
0.69357854
0.6934778
0.6934312
0.6937228
0.69354004
0.69360465
0.69358194
0.69335437
0.69352525
0.6936048
0.69367886
0.6935388
0.69349074
0.6934082
0.6934798
0.693689
0.69343257
0.69339126
0.6933771
0.6934922
0.6934102
0.6936036
0.693784
0.6936528
0.6934691
0.69339764
0.6935468
0.6935912
0.69336987
0.6936552
0.69349
0.6936577
0.6935908
0.69381756
0.69355774
0.693529
0.69341314
0.6937237
0.6936842
0.69381845
0.6935802
0.69360673
0.69366616
0.6937032
0.6933243
0.69368917
0.6934198
0.693581
0.69351166
0.6935189
0.693511
0.69361067
0.69380426
0.6936301
0.6935633
0.69358927
0.69351465
0.6937852
0.69363517
0.6936018
0.6938659
0.69352597
0.6936876
0.693604
0.6934548
0.6935459
0.6937032
0.6937246
0.6936628
0.69368535
0.6937048
0.69381726
0.6935945
0.6937521
0.69384366
0.6936814
0.69367874
0.69400615
0.69366866
0.69376194
0.6936813
0.69365656
0.6936765
0.6936674
0.69361734
0.69402647
0.6938796
0.6937746
0.69379884
0.69403684
0.6936818
0.6937828
0.6937997
0.693774
0.69366497
0.69379777
0.6936423
0.6937029
0.69340754
0.69357795
0.69366187
0.69387186
0.6936375
0.69379544
0.6935976
0.69390863
0.6938167
0.693917
0.6938444
0.6940809
0.6935789
0.6936732
0.693686
0.6937233
0.69381094
0.69384336
0.69397813
0.69384897
0.6936759
0.69356126
0.6937949
0.6939392
0.69383025
0.6937833
0.6938483
0.693948
0.6939085
0.69403833
0.69377565
0.693721
0.6936781
0.69370574
0.69390583
0.6936513
0.69395274
0.6939448
0.694131
0.6935458
0.6936535
0.69383043
0.6937213
0.6938023
0.6938529
0.69360185
0.69385546
0.6939053
0.6938599
0.6938568
0.693994
0.6940095
0.6938301
0.6938739
0.6940117
0.6939584
0.69411504
0.6939707
0.69381255
0.69387203
0.6938077
0.6937812
0.69394004
0.6938386
0.6940113
0.69393045
0.6939646
0.69386333
0.6939514
0.6938416
0.6938306
0.6939573
0.69373506
0.6940092
0.6938014
0.69411594
0.69382805
0.6938249
0.6939372
0.6938271
0.6940072
0.6938828
0.69416815
0.693942
0.69395226
0.69391394
0.69395363
0.6938352
0.6940592
0.69392043
0.6939577
0.6940362
0.69393015
0.6939619
0.6940396
0.6938424
0.69416624
0.69383836
0.69378996
0.69406986
0.6935935
0.6938402
0.69401854
0.69395405
0.69396955
0.6940322
0.69395596
0.69363767
0.694015
0.6938748
0.6937781
0.69390905
0.694164
0.69413644
0.6942255
0.69418997
0.69400734
0.694072
0.6938539
0.6940516
0.6939289
0.69390243
0.6938768
0.6939909
0.69406545
0.69388705
0.69392186
0.69388986
0.6940683
0.6939342
0.6940579
0.6939653
0.6939379
0.69419146
0.6941808
0.69395465
0.694133
0.69396424
0.69401807
0.6943528
0.69378304
0.6940792
0.69389933
0.6938423
0.69413567
0.6943279
0.6940279
0.69372565
0.6941646
0.6939673
0.6940601
0.6941005
0.69401985
0.69408745
0.69397664
0.69407934
0.694166
0.69422495
0.6937127
0.6939959
0.6937586
0.69405776
0.69403696
0.69413257
0.69429094
0.6941564
0.693929
0.6939891
0.69413704
0.6940443
0.69399774
0.69419163
0.6941508
0.69417566
0.69406146
0.69413775
0.6942086
0.69418687
0.69404906
0.69409466
0.6938946
0.6940224
0.6941896
0.69404733
0.69400454
0.6939558
0.6940997
0.69394934
0.6942179
0.69407254
0.6941224
0.6941361
0.6941961
0.6942105
0.69410205
0.6941832
0.69409823
0.69414324
0.6942056
0.69397336
0.69397616
0.6938193
0.69423276
0.69389135
0.69397944
0.6937911
0.69414544
0.6940451
0.6939291
0.694089
0.6940122
0.69408804
0.69387263
0.69389343
0.6940082
0.69379556
0.6942918
0.69403005
0.69403285
0.6938565
0.69406176
0.69402546
0.69395465
0.6941635
0.6939498
0.69403005
0.69410837
0.6941673
0.6943705
0.6940395
0.6940135
0.6940093
0.6937229
0.6941881
0.6941045
0.69392157
0.6941674
0.6941731
0.69390464
0.69425344
0.6939671
0.6942709
0.69406486
0.69393104
0.6939609
0.69411147
0.694074
0.69405264
0.6939008
0.69416445
0.69396424
0.693934
0.6937349
0.69412065
0.69400585
0.69407266
0.69400835
0.693924
0.694112
0.69413257
0.6943132
0.69405544
0.69402915
0.6940883
0.69410473
0.69417465
0.6942424
0.6939575
0.6941034
0.69408846
0.69388735
0.6939718
0.6940226
0.6940581
0.69399816
0.69423723
0.6941015
0.69395274
0.69406825
0.6939153
0.69411105
0.69412875
0.69396067
0.6939546
0.6939793
0.6940153
0.6942534
0.69396853
0.6937763
0.69420093
0.6939889
0.6941183
0.6940251
0.6939321
0.69415
0.6941314
0.69423974
0.69424933
0.69387037
0.69410795
0.6941679
0.6941225
0.69391435
0.69392157
0.6940694
0.69413155
0.6940914
0.6937453
0.6940581
0.694184
0.69405776
0.69391644
0.69394994
0.69420534
0.69413006
0.69418603
0.6936998
0.6939479
0.69411534
0.69418675
0.6940836
0.6941503
0.6941311
0.6940155
0.6940796
0.6940134
0.69401187
0.6940567
0.6937689
0.694126
0.6940045
0.6940073
0.6941334
0.6940196
0.69403267
0.6941372
0.69416773
0.69396836
0.69420195
0.6941657
0.69390464
0.69411355
0.6939343
0.6939289
0.69402695
0.694201
0.6940297
0.6941241
0.69386107
0.69412816
0.6938462
0.69425064
0.69403505
0.69413453
0.6939566
0.69407433
0.6941386
0.6938476
0.6940146
0.6941623
0.69404995
0.69424146
0.6941678
0.69392216
0.69410664
0.6939564
0.69437397
0.6938272
0.6940588
0.69407237
0.69428116
0.6940251
0.6941335
0.6939565
0.6940953
0.6940245
0.69417715
0.6944041
0.69439596
0.69415265
0.69401187
0.6941917
0.69412345
0.6942014
0.69418687
0.69416237
0.69402546
0.69397974
0.6941038
0.6940936
0.6939478
0.6939028
0.69411904
0.69415253
0.69411767
0.69395185
0.6940425
0.6938506
0.69408315
0.6940656
0.694153
0.6941725
0.69419897
0.6939803
0.6940634
0.6941482
0.6941109
0.6939264
0.69434327
0.6942333
0.6943646
0.6942648
0.69422513
0.69411117
0.6943525
0.694195
0.69413626
0.6940844
0.69416475
0.6942218
0.69394356
0.6941891
0.6940101
0.694139
0.69416636
0.69393164
0.69422483
0.6940339
0.6939826
0.69414014
0.69421524
0.69411206
0.69389
0.69392574
0.6941346
0.6942128
0.69410115
0.69421774
0.69396245
0.6941165
0.6938107
0.69401336
0.69410676
0.69398016
0.69409823
0.6940148
0.694199
0.69394827
0.6939328
0.693989
0.6940513
0.6942021
0.6940712
0.6938882
0.694249
0.6940375
0.6939219
0.69386727
0.6938602
0.69401115
0.69376904
0.6939905
0.6937762
0.6940098
0.6938373
0.6939461
0.69388473
0.69356656
0.6941315
0.6939353
0.69378597
0.69375753
0.693759
0.6940148
0.69401854
0.6937144
0.69386965
0.69391793
0.6935099
0.6938365
0.69366586
0.6935127
0.6937016
0.693604
0.6937662
0.6936975
0.6937869
0.6936723
0.6936243
0.69338816
0.6935502
0.6936249
0.6936885
0.69359815
0.6935397
0.69361037
0.69376755
0.69355947
0.69383603
0.6936522
0.69364107
0.6936018
0.69351697
0.6935084
0.69366854
0.6937622
0.69365144
0.69375604
0.6936219
0.6935951
0.69370127
0.69348514
0.69351625
0.6935064
0.69370407
0.6936358
0.6936775
0.69341326
0.6936511
0.69365835
0.6938724
0.6936274
0.6935969
0.6934512
0.69374967
0.6935719
0.6938319
0.6935422
0.69361836
0.69371897
0.693501
0.6937277
0.6937281
0.6938389
0.69382995
0.69355506
0.6937388
0.6936517
0.6934919
0.69364154
0.6936416
0.69361776
0.6936773
0.6937501
0.69390076
0.69376516
0.69355434
0.6934288
0.6936796
0.69368273
0.69363284
0.6936776
0.6935596
0.6937293
0.69357884
0.69358474
0.6938997
0.69361174
0.6935032
0.6937392
0.6939317
0.6938637
0.693707
0.6938699
0.69407785
0.69380397
0.69375557
0.6937016
0.6936427
0.6937396
0.6936427
0.6938031
0.6938315
0.6938167
0.6936828
0.693946
0.69369715
0.69396925
0.6938849
0.69367296
0.6937477
0.69359505
0.69381666
0.69372946
0.69381785
0.69395393
0.69388884
0.6939523
0.69385093
0.6939237
0.6939506
0.6938183
0.69369465
0.6938607
0.6940403
0.6938876
0.69361645
0.69368684
0.6937835
0.69380045
0.6937561
0.6937943
0.69367296
0.6940382
0.69390386
0.69386613
0.69362617
0.6939809
0.6939152
0.6936976
0.6938315
0.6939747
0.69351876
0.6939804
0.6939684
0.6940526
0.6937136
0.69378304
0.69386184
0.69365835
0.6937094
0.6940085
0.693734
0.6937563
0.6937541
0.6938368
0.6938215
0.69397104
0.69371486
0.6940366
0.69393146
0.69387335
0.6938829
0.6940529
0.69396436
0.69399977
0.6938088
0.6939245
0.69404155
0.6941375
0.6940243
0.6939536
0.6939504
0.69394857
0.6939931
0.693953
0.693998
0.693803
0.69395447
0.6940348
0.6939539
0.69415367
0.6937234
0.6938864
0.6941454
0.6941563
0.69393724
0.69385356
0.6937859
0.69410723
0.69416004
0.69398737
0.69418603
0.6940128
0.6941516
0.6939611
0.6937249
0.69421816
0.6939854
0.6939453
0.6940805
0.6938508
0.6941039
0.69393367
0.69393265
0.6941435
0.6940614
0.6940069
0.6941681
0.694032
0.69397944
0.6942085
0.694056
0.6941958
0.6941398
0.69408065
0.6941387
0.69403666
0.69414884
0.6942294
0.69413155
0.6942689
0.6940447
0.6942174
0.69412607
0.6940187
0.69423693
0.6944196
0.69393414
0.69408846
0.6939668
0.6942283
0.6940404
0.6939699
0.6940096
0.69435847
0.6941051
0.6942034
0.6941499
0.69421554
0.69420004
0.6941062
0.69417816
0.69413894
0.6941743
0.69439554
0.6941695
0.69441354
0.6942728
0.69441164
0.6942266
0.6942217
0.6944204
0.69453126
0.694253
0.69432336
0.6942922
0.6943594
0.6942467
0.6944505
0.6942883
0.694262
0.694339
0.694397
0.69452727
0.6941047
0.69438154
0.6944458
0.6944105
0.6942618
0.69453543
0.694221
0.69416374
0.69427305
0.69432026
0.69436526
0.6942773
0.6941984
0.69431764
0.69426423
0.694358
0.6942042
0.69420105
0.69423413
0.6943796
0.6941007
0.69422257
0.6942853
0.6941321
0.6941684
0.69432503
0.6943764
0.69424504
0.6945865
0.6942355
0.6945375
0.69428545
0.6942466
0.6944754
0.69431925
0.69424516
0.6945762
0.69407403
0.69444937
0.69461024
0.69427794
0.6943078
0.69442403
0.69409704
0.69440985
0.6944184
0.69427633
0.6945098
0.69437623
0.694325
0.69426787
0.6943377
0.69408613
0.6940589
0.694335
0.6940795
0.6940549
0.6940407
0.69432145
0.694118
0.69429547
0.69450086
0.6941349
0.694322
0.6942282
0.6941182
0.6941549
0.69421077
0.6942637
0.6945561
0.69411224
0.69405556
0.6940879
0.694389
0.6941867
0.6943091
0.6941665
0.6942329
0.6941051
0.6941879
0.69402564
0.69416094
0.69415367
0.6941586
0.6943237
0.69412917
0.69425225
0.6941101
0.69406176
0.6940375
0.69411135
0.69417334
0.6941787
0.6939413
0.69405156
0.6940815
0.6940748
0.6940178
0.6941563
0.6941147
0.6941375
0.6939218
0.6940313
0.69402456
0.6941825
0.69396925
0.69382495
0.6940102
0.69401014
0.6939499
0.69385237
0.69424254
0.6941085
0.69379324
0.6937666
0.6940811
0.6939024
0.6938489
0.69405127
0.6939333
0.6936335
0.6940645
0.69392127
0.69383997
0.6939128
0.6937679
0.6938902
0.69388413
0.6939412
0.6941852
0.69378084
0.6940431
0.69396484
0.69394124
0.69392896
0.69380903
0.69381624
0.6936474
0.693819
0.6939171
0.69382554
0.69352555
0.6938158
0.69383097
0.69391865
0.6939206
0.6937237
0.69368285
0.69375944
0.69375616
0.6939684
0.6935985
0.69390005
0.69392854
0.6939393
0.69362146
0.693626
0.6939308
0.69364816
0.6939281
0.6938459
0.69378453
0.69378227
0.69362384
0.693803
0.6937497
0.69374436
0.6937852
0.6936968
0.69363767
0.69391
0.6937034
0.6936293
0.6935188
0.6935671
0.69365954
0.6939722
0.6937042
0.6938636
0.6937545
0.69357336
0.69358605
0.6936459
0.6936967
0.69376785
0.6937041
0.69368947
0.6936692
0.69366467
0.69350755
0.693739
0.6935517
0.69368416
0.6936783
0.6936272
0.69391435
0.69365597
0.6935566
0.6935686
0.69355357
0.6937602
0.693422
0.6935846
0.6935648
0.69356394
0.6936397
0.6936911
0.693618
0.69352347
0.6936529
0.69368994
0.69373083
0.6935207
0.69343626
0.69377667
0.6937203
0.6937325
0.6938272
0.69354564
0.69372445
0.6933812
0.6935693
0.69359255
0.6934349
0.6935285
0.6936921
0.6934359
0.6936886
0.6935754
0.69345874
0.69364005
0.693755
0.6936436
0.6934833
0.69355536
0.69369555
0.693677
0.6937108
0.69357926
0.69366
0.6933627
0.69353753
0.69373006
0.69373655
0.6935121
0.6935336
0.6934976
0.6937229
0.693643
0.69379914
0.6938348
0.69388866
0.69369614
0.6937232
0.6936927
0.6933174
0.6938316
0.6935093
0.6935474
0.69364756
0.6936674
0.6934213
0.6935374
0.69355917
0.693675
0.69343805
0.6935998
0.6938359
0.6938434
0.69368345
0.69370633
0.693673
0.6935783
0.6937099
0.693587
0.6935384
0.6934174
0.6936
0.6937046
0.69366384
0.6935397
0.69358426
0.6935221
0.6934431
0.6935703
0.69376314
0.6936716
0.6937687
0.69370234
0.6938419
0.6936912
0.6935253
0.69364184
0.69360715
0.69358
0.6934658
0.6935923
0.693739
0.6938478
0.69372475
0.6936503
0.693827
0.69367856
0.6935775
0.69371647
0.69373226
0.6937493
0.6936998
0.6936486
0.693736
0.69370824
0.6937576
0.69357175
0.6938904
0.693842
0.69375944
0.69379926
0.6935735
0.6937671
0.6936993
0.6937502
0.6938556
0.6937681
0.6937692
0.6936766
0.6938275
0.69384754
0.6937452
0.6938575
0.6935604
0.69357854
0.6936655
0.69377756
0.6936862
0.69375485
0.69381857
0.69374704
0.6938195
0.69380724
0.6938435
0.69391286
0.69402647
0.6937823
0.6938422
0.6939316
0.6937205
0.69376516
0.69390875
0.6937587
0.69371885
0.6937346
0.69380635
0.6936963
0.6938403
0.6936463
0.6939101
0.69392186
0.6938834
0.6940655
0.69376934
0.6939767
0.69395906
0.6939776
0.6939844
0.6938725
0.69379365
0.69367594
0.6939317
0.69411135
0.6938069
0.6937706
0.69397753
0.69387275
0.6937254
0.6936805
0.6938252
0.693891
0.6938221
0.69375277
0.6937313
0.69406545
0.69369537
0.69383293
0.6938083
0.6940506
0.69395816
0.6937447
0.6940152
0.69368124
0.69404376
0.6938298
0.6937671
0.6939888
0.6936315
0.6936834
0.6936381
0.69395524
0.69390047
0.69372123
0.6940639
0.69368166
0.69386834
0.694016
0.69410974
0.69385004
0.69407326
0.69405067
0.6939794
0.6939232
0.69400656
0.69388694
0.6940808
0.6940264
0.69390756
0.6937282
0.69406366
0.69403875
0.6938008
0.6938759
0.6939346
0.6940045
0.69380856
0.6941612
0.69378847
0.6937605
0.69404495
0.6939747
0.69390345
0.6939758
0.6939346
0.69388956
0.69380647
0.69379056
0.6937072
0.69417137
0.6938918
0.6939327
0.69405806
0.69392735
0.69378275
0.6939424
0.6939673
0.69381034
0.6937217
0.69386697
0.69402283
0.69393206
0.6940068
0.69380265
0.6939959
0.6937962
0.6939235
0.69380116
0.69395137
0.69408876
0.6938303
0.69380975
0.69393235
0.6938891
0.6940025
0.6938813
0.6938001
0.6938003
0.69394636
0.69394034
0.69388217
0.6939508
0.69394875
0.69395417
0.6939207
0.6938844
0.69369584
0.6939443
0.6939523
0.6940155
0.6940597
0.6935513
0.6938781
0.6938752
0.6940058
0.693969
0.693898
0.6938691
0.69399697
0.69381225
0.69392776
0.6939528
0.69394815
0.69390345
0.69362086
0.693754
0.6939367
0.6938657
0.69387704
0.6937429
0.69360673
0.69382423
0.6939053
0.69392323
0.69377947
0.69375277
0.6939998
0.6936998
0.6939665
0.6937803
0.69401705
0.6937299
0.6938601
0.69415003
0.693798
0.69392157
0.6936797
0.6939375
0.6936219
0.69387394
0.6939601
0.69369084
0.6937821
0.69413114
0.69387704
0.6939305
0.6937746
0.693773
0.6939037
0.6939204
0.6938917
0.6939262
0.6938968
0.69377196
0.6940042
0.69386744
0.69379795
0.6940141
0.6937497
0.6937565
0.6937728
0.69374686
0.693832
0.6937958
0.69375646
0.6940007
0.6938183
0.694056
0.6938345
0.69377923
0.69384664
0.6938511
0.6937803
0.69392115
0.69411296
0.693837
0.6938057
0.6936636
0.6941347
0.69397545
0.6939886
0.6939117
0.6940732
0.69413364
0.6939648
0.69413614
0.69392955
0.6939782
0.6937724
0.69379765
0.69385356
0.6938314
0.6938246
0.69368595
0.6938066
0.69386494
0.69388944
0.69406116
0.69383234
0.69395006
0.69411266
0.69394994
0.6938919
0.69410086
0.69382113
0.69374037
0.69400096
0.69383794
0.69400907
0.6939116
0.6938183
0.6939874
0.69399625
0.6939329
0.6937638
0.6938616
0.6941861
0.693706
0.6938989
0.6939065
0.6938805
0.69397926
0.6940713
0.6940165
0.6940751
0.6940241
0.69412935
0.6939475
0.69387066
0.693802
0.6938691
0.69403756
0.6940169
0.6939594
0.6938198
0.6940438
0.69397277
0.6944425
0.69403917
0.69374084
0.6939365
0.6940687
0.6939985
0.6941848
0.69395494
0.6939644
0.6941623
0.6941201
0.693818
0.6939952
0.6942164
0.6939886
0.6940187
0.69421226
0.6939568
0.6940716
0.6941727
0.69392765
0.6939535
0.6937947
0.6938532
0.6939786
0.69396925
0.69398606
0.6939996
0.69433236
0.69408906
0.69430286
0.6940759
0.69401586
0.6941
0.6938491
0.6939564
0.6939717
0.6942262
0.6941991
0.6939884
0.693934
0.693997
0.69401723
0.69423807
0.69404304
0.69395244
0.69411445
0.6941972
0.69419783
0.6939782
0.6942103
0.6942271
0.6942449
0.6944244
0.69389355
0.69409287
0.6941923
0.69393843
0.6939869
0.6943064
0.6942089
0.6939903
0.69412553
0.69408876
0.69431466
0.6941475
0.69445056
0.69428647
0.6943986
0.6941648
0.69420683
0.69414663
0.6942652
0.69412977
0.6943588
0.69421226
0.6942818
0.69440097
0.69437456
0.69426847
0.6943829
0.6943418
0.69385606
0.69423336
0.6941251
0.6941967
0.69411814
0.69403726
0.69423944
0.69426525
0.69415003
0.694242
0.6944175
0.6942372
0.694144
0.69421923
0.69438875
0.6942157
0.6940225
0.6942656
0.694275
0.69429874
0.69395196
0.69430685
0.6943577
0.6944494
0.6942417
0.69433993
0.6941202
0.69454783
0.69432986
0.6942158
0.69433045
0.6943519
0.6944439
0.6941557
0.6943494
0.6944299
0.69403833
0.6940836
0.6942419
0.69413364
0.6941746
0.69456255
0.69438773
0.6942709
0.6940487
0.6944416
0.6942106
0.6943943
0.69425875
0.6943179
0.694359
0.6943393
0.69421786
0.69420666
0.6945686
0.69438773
0.6941635
0.6941348
0.6944664
0.6942756
0.6942764
0.6942125
0.6942882
0.6941123
0.6944809
0.69429994
0.6941468
0.694271
0.6943136
0.6941949
0.69405013
0.69440734
0.6942716
0.6942119
0.6942926
0.6941739
0.69434047
0.694434
0.6942856
0.6945646
0.6943303
0.694333
0.6942991
0.69449
0.69429606
0.6942097
0.6942611
0.69435805
0.6943241
0.69435805
0.69423085
0.6944643
0.69426745
0.69436026
0.6943558
0.6943515
0.69428825
0.69428027
0.69427586
0.6942706
0.6942915
0.69458777
0.69420666
0.69431627
0.6943488
0.694369
0.69427687
0.694316
0.6941958
0.6943142
0.69442046
0.69414186
0.69446963
0.694277
0.69440764
0.6942406
0.6944283
0.6941688
0.6942337
0.69425505
0.6941283
0.69430035
0.6942605
0.69423145
0.69446176
0.6943521
0.69425476
0.6944655
0.6943459
0.6942871
0.6942576
0.694226
0.6941982
0.6942256
0.6943685
0.6942376
0.6941619
0.6942725
0.69415987
0.6943382
0.69413704
0.6940967
0.6941709
0.6943327
0.6941317
0.69430256
0.69435436
0.6941826
0.6943692
0.6940107
0.6939688
0.6942742
0.6940188
0.6942732
0.6942034
0.6941228
0.69403106
0.69429857
0.69414836
0.6940929
0.69402045
0.69426686
0.6941254
0.69413745
0.69410855
0.6942463
0.6941975
0.6941003
0.6940034
0.6940726
0.69405717
0.6942656
0.6941658
0.6943915
0.69396895
0.6943064
0.6940971
0.69416183
0.6943248
0.6941908
0.6941059
0.69414157
0.6940863
0.69430625
0.69399214
0.69414884
0.69387597
0.6940461
0.69406337
0.69440544
0.6940584
0.6940723
0.69405305
0.69426125
0.6942932
0.69393086
0.6939858
0.693921
0.6939763
0.69407845
0.69416785
0.69416755
0.69395894
0.6942163
0.69403315
0.6939574
0.6942067
0.6939445
0.69409513
0.69411486
0.6939232
0.6941745
0.69409966
0.6941331
0.69434637
0.69407094
0.69403917
0.6939086
0.694124
0.69378734
0.6941423
0.6939993
0.69421816
0.69405484
0.6941841
0.6939604
0.69405633
0.69409704
0.694126
0.69406515
0.69420636
0.69413126
0.69409895
0.6940395
0.69390565
0.6940239
0.6943195
0.69445014
0.69415146
0.6940888
0.69405156
0.6939472
0.6939643
0.69423425
0.6939805
0.69418925
0.6941849
0.69395167
0.69409746
0.6941131
0.6940229
0.6941447
0.69410866
0.69412655
0.6939231
0.6938917
0.6938395
0.69393003
0.6939192
0.6939842
0.694092
0.6938999
0.6943668
0.6941409
0.6941362
0.6941772
0.69410414
0.69395596
0.69412553
0.69398355
0.6940144
0.69408137
0.6939357
0.69403553
0.6940366
0.6939514
0.6942132
0.69412947
0.69403344
0.6940751
0.6943202
0.6942076
0.69404864
0.6941679
0.6942313
0.6939974
0.6942129
0.693897
0.69396204
0.694252
0.693875
0.6941088
0.69402045
0.6939476
0.6940274
0.69413215
0.69403565
0.69419783
0.6940786
0.694045
0.69377023
0.6939058
0.6940654
0.6940942
0.6939327
0.69393885
0.69388974
0.69424266
0.69399136
0.6937731
0.6938386
0.6939856
0.6938965
0.6942347
0.69394386
0.69402754
0.6940314
0.69433683
0.6938526
0.69380534
0.69399977
0.6940451
0.6940125
0.6940093
0.69411206
0.6939947
0.694036
0.69400185
0.69408566
0.6938868
0.69401443
0.6941081
0.6940113
0.693906
0.6940013
0.69368625
0.6939478
0.6940999
0.6939774
0.6938602
0.69365495
0.69365084
0.69373626
0.69390213
0.6938904
0.6939317
0.6938635
0.6939643
0.6939864
0.6939821
0.69384193
0.69397795
0.69391763
0.6938546
0.6937272
0.6936887
0.69371873
0.69397956
0.69376355
0.69370544
0.69377553
0.69368154
0.69363606
0.69388056
0.6935841
0.69384384
0.69346476
0.6937303
0.6939228
0.6936798
0.6935132
0.6936655
0.693713
0.6938141
0.69373274
0.69362813
0.6937904
0.69350857
0.6935095
0.69338685
0.6933535
0.69344974
0.6939233
0.6936594
0.6933419
0.6936963
0.69334525
0.6937102
0.69334674
0.6935758
0.69339955
0.69360906
0.6935655
0.6937803
0.69319826
0.69323653
0.6933606
0.69389313
0.6934505
0.6933954
0.69364244
0.6934424
0.6932251
0.6933771
0.69338226
0.69356966
0.6936159
0.6933104
0.69339824
0.6933241
0.6935206
0.69357574
0.693368
0.6933215
0.69335765
0.6935588
0.69371665
0.6933195
0.6934271
0.6934458
0.6934908
0.69336593
0.6934126
0.6932664
0.6932559
0.6935509
0.6934254
0.69330645
0.6935672
0.69328755
0.69333833
0.6935409
0.69347554
0.6935864
0.6934685
0.69340646
0.69359064
0.6934522
0.69342357
0.69335353
0.69348806
0.6933916
0.693422
0.69351
0.6933067
0.69329906
0.69353926
0.6935829
0.6932269
0.6936546
0.6934355
0.69338685
0.69376355
0.6932988
0.6935675
0.69349366
0.6934478
0.6935522
0.69364303
0.69338036
0.69353616
0.69349194
0.69343054
0.6936636
0.6933937
0.69364905
0.6935767
0.6936064
0.6934081
0.6934238
0.6936546
0.6934628
0.6935991
0.69340223
0.6935871
0.69382435
0.69327444
0.69347745
0.6934292
0.6934884
0.69372195
0.69346523
0.6935577
0.6936083
0.69348663
0.69362414
0.6933942
0.69329304
0.693412
0.6937411
0.69366217
0.6936638
0.6933487
0.6935981
0.693737
0.6935011
0.6938108
0.6937226
0.6935413
0.6938694
0.69367325
0.6935618
0.6936545
0.6936779
0.6937183
0.6936076
0.69349366
0.69362015
0.6934685
0.6937601
0.6935318
0.69365805
0.693481
0.69362277
0.6936942
0.6936833
0.69374627
0.69379044
0.6938025
0.6937175
0.6935231
0.69353306
0.6936253
0.6936108
0.6936479
0.6936346
0.6935633
0.69387656
0.69357544
0.6936049
0.69373953
0.69357824
0.6939496
0.69383186
0.6936179
0.6936384
0.693598
0.69359154
0.69371676
0.6937527
0.69355917
0.6938819
0.6938729
0.69380707
0.6936975
0.693913
0.69366145
0.6938755
0.6936157
0.6939658
0.6937582
0.6937445
0.6939009
0.6939241
0.69377464
0.6940011
0.6939383
0.69392693
0.69381636
0.6938901
0.6936447
0.6935728
0.69401497
0.69377023
0.6937411
0.693859
0.6940249
0.6936801
0.69384784
0.6941175
0.69397914
0.6940788
0.69397616
0.6939501
0.6940096
0.6940182
0.6938987
0.6938117
0.6941248
0.693905
0.6938699
0.6939576
0.69376165
0.69400495
0.69418
0.69393194
0.69397014
0.69418025
0.693981
0.6941462
0.6940911
0.6940215
0.69408166
0.6941254
0.6942072
0.6938725
0.6940075
0.6941459
0.6940709
0.6939831
0.6940816
0.69417125
0.6940304
0.694044
0.6941894
0.69414455
0.69404715
0.6940639
0.69415396
0.6941534
0.69420195
0.6940516
0.69402945
0.6939188
0.69429225
0.69428223
0.69444376
0.6940925
0.6942051
0.694111
0.69416004
0.6941301
0.69437397
0.69417775
0.69416726
0.69421804
0.6943246
0.69409037
0.69408846
0.6940435
0.6942354
0.6941161
0.6940912
0.6941756
0.69434667
0.6939241
0.6940036
0.6940696
0.694249
0.69416505
0.6940902
0.6941203
0.69415903
0.6940408
0.6942325
0.69416326
0.69422793
0.6943927
0.6943757
0.6940604
0.6942747
0.69415325
0.69412154
0.69443697
0.69419116
0.6943767
0.6943455
0.69416213
0.69422114
0.69427097
0.69426984
0.6943012
0.6940322
0.69419193
0.6939345
0.6942321
0.6942522
0.69415814
0.6943175
0.6941927
0.6942523
0.69404274
0.69426876
0.69409794
0.6941946
0.6942089
0.6941574
0.69429517
0.6944652
0.69403845
0.6939601
0.69419557
0.6942584
0.6941717
0.69420475
0.6941691
0.6940796
0.6943068
0.6941643
0.69437146
0.694119
0.69422174
0.69390535
0.69404835
0.69423217
0.6942838
0.69406277
0.69424325
0.6941947
0.6940445
0.6941769
0.69414335
0.69438994
0.69405955
0.6941363
0.69442034
0.6940994
0.6941462
0.6940177
0.69415814
0.6942086
0.69399863
0.6941231
0.6942287
0.6942185
0.69416475
0.694046
0.69416237
0.6942987
0.6941253
0.69399935
0.6942641
0.6940818
0.694187
0.6937497
0.69434756
0.69433635
0.69404536
0.69405437
0.69408095
0.69417
0.69407594
0.694207
0.6941138
0.6942401
0.69427264
0.69425756
0.69428235
0.69431025
0.69425946
0.6942263
0.69416255
0.69407934
0.69405687
0.69420767
0.6939233
0.6942069
0.6942869
0.6940271
0.6941995
0.6941447
0.69417775
0.694331
0.6942116
0.6943023
0.69434035
0.6943116
0.6939922
0.6942662
0.69432825
0.6942887
0.69418234
0.69409114
0.6943091
0.69418424
0.69408965
0.6940858
0.6943521
0.6944438
0.69423723
0.6940716
0.69400483
0.6942382
0.6941582
0.69425666
0.69412786
0.69424236
0.69427675
0.6942646
0.6941155
0.6942139
0.69423056
0.6941953
0.6941064
0.69444734
0.69434106
0.6943471
0.69447064
0.69429713
0.69433546
0.69413096
0.69442236
0.6943295
0.69445807
0.6941331
0.6943502
0.69435805
0.6942749
0.69427764
0.6943219
0.6942315
0.69420725
0.69419813
0.69437987
0.6944368
0.69431996
0.6941977
0.6944432
0.6943401
0.69437253
0.6943409
0.69442606
0.69446766
0.69431704
0.6940622
0.69449896
0.69439375
0.6942936
0.6944258
0.6942352
0.6943618
0.69433045
0.6942503
0.69433635
0.6944084
0.6944525
0.6942895
0.69430685
0.6942824
0.69432616
0.69447285
0.6944683
0.69451916
0.6943951
0.69416475
0.69463664
0.6943475
0.69436127
0.6944578
0.6943071
0.69446266
0.69434035
0.6941608
0.69454557
0.6943771
0.69441116
0.6941141
0.6944887
0.69454306
0.69436604
0.69424105
0.6944879
0.6944851
0.6942991
0.694449
0.69447076
0.69450873
0.6943023
0.6944721
0.69437486
0.6945059
0.69429356
0.69452995
0.6941797
0.69438094
0.6942468
0.69423467
0.6945949
0.6943804
0.69414175
0.69439197
0.6945535
0.69456476
0.69423145
0.6944439
0.69439197
0.69450665
0.6943726
0.69462967
0.69458055
0.69432527
0.6940514
0.6942806
0.6942587
0.6942992
0.6942868
0.6942032
0.6943184
0.6944823
0.69438916
0.6944219
0.6945884
0.69424284
0.694281
0.69417167
0.69438
0.6941086
0.694472
0.6942513
0.69423884
0.69447565
0.69454783
0.6940577
0.6942232
0.69443953
0.6943034
0.69408685
0.6944553
0.6943671
0.6941057
0.6941106
0.6941292
0.694148
0.6941437
0.6942424
0.6941988
0.6941306
0.69432116
0.6941272
0.69422
0.69434583
0.6941592
0.6943226
0.6940284
0.6941352
0.69401455
0.69427156
0.69415396
0.69405746
0.6942377
0.69401735
0.6942516
0.69415224
0.6940514
0.6941031
0.69406474
0.6939507
0.69420296
0.6940864
0.69407254
0.6938494
0.69398135
0.69421965
0.69409233
0.69408685
0.69402665
0.6941153
0.69410497
0.6942024
0.6940386
0.69408303
0.69405985
0.69394
0.6940123
0.69434
0.6941137
0.69390476
0.69406456
0.69395566
0.69426453
0.69403744
0.69401973
0.69393843
0.6938831
0.69403476
0.69385535
0.69407207
0.6939079
0.6939157
0.69412786
0.6939873
0.6939854
0.6937275
0.6940454
0.6940799
0.6938383
0.6938111
0.69384813
0.69369876
0.69388294
0.6939886
0.6939254
0.6938769
0.6937314
0.6939295
0.6939518
0.69380623
0.69405556
0.69369596
0.69389904
0.69405776
0.69384134
0.69400316
0.69401026
0.6937814
0.69400626
0.69375753
0.69391906
0.6939886
0.69387805
0.69395125
0.6938209
0.6940143
0.6938181
0.69381744
0.6937412
0.6936087
0.69377124
0.6937683
0.6940694
0.69396204
0.69373965
0.6941153
0.69409555
0.6936702
0.69386387
0.69392437
0.6939282
0.6939859
0.69382876
0.6938539
0.693719
0.69381166
0.6938572
0.69387716
0.69403166
0.6938118
0.69381493
0.69399625
0.6940656
0.6938691
0.693816
0.69377506
0.69406
0.693999
0.69383454
0.6937257
0.69392747
0.6936902
0.69396794
0.6941096
0.69396156
0.69398165
0.69378626
0.693968
0.6938052
0.6940473
0.6938458
0.69376403
0.6938344
0.6938736
0.69398856
0.6938319
0.69384426
0.6937535
0.6938886
0.69395953
0.6939002
0.69402486
0.6939709
0.6939563
0.6937592
0.69366246
0.69388175
0.69399834
0.69378763
0.6938833
0.69394875
0.69402057
0.6942054
0.6938315
0.6939626
0.69408107
0.6937579
0.69395113
0.69375414
0.69374037
0.6939896
0.693995
0.6938833
0.6938491
0.69395155
0.6940042
0.693563
0.6940163
0.693901
0.69392127
0.6940895
0.69396955
0.6939087
0.6937476
0.6939809
0.69395494
0.6937408
0.6938589
0.6936933
0.6937566
0.69387823
0.69398427
0.693845
0.6939534
0.69401914
0.6939762
0.6937725
0.694061
0.69408983
0.6938357
0.6939684
0.69392455
0.6938956
0.69385934
0.69397473
0.69393486
0.6940667
0.6939229
0.6937425
0.69384027
0.6940325
0.6940993
0.693888
0.6938497
0.6938854
0.69408315
0.6938893
0.6937711
0.6939697
0.6940142
0.6939766
0.69375247
0.694123
0.6940735
0.69385815
0.69381267
0.6940598
0.69397014
0.69401824
0.6940415
0.69407237
0.6941026
0.69383603
0.6939375
0.69414973
0.6941675
0.69399375
0.69385433
0.6939294
0.6937942
0.69412315
0.69392353
0.69389933
0.69398826
0.69403434
0.69399416
0.6940946
0.69395757
0.6939382
0.6937746
0.6941079
0.69404536
0.6941123
0.69394815
0.6941419
0.6939188
0.69394445
0.6940692
0.69391805
0.693947
0.6940595
0.69399947
0.6941885
0.69399846
0.69419795
0.69399023
0.69421583
0.69407195
0.69394636
0.6941297
0.6940957
0.69402605
0.6940989
0.69426554
0.694084
0.6941145
0.6940407
0.69392204
0.6940674
0.69404745
0.6940182
0.69401723
0.6937054
0.69411993
0.6941461
0.6941891
0.69411427
0.69418067
0.69406396
0.69397485
0.6939518
0.69408524
0.6941097
0.69395506
0.6941419
0.69420767
0.694171
0.6938865
0.6940803
0.6942675
0.6941584
0.6939168
0.69436836
0.6941095
0.6941212
0.69401884
0.6940968
0.69403374
0.69418955
0.69418323
0.6942218
0.6940055
0.6942454
0.6941454
0.6941253
0.6941826
0.6941168
0.69414216
0.6941734
0.69405675
0.69415224
0.69447297
0.6942869
0.6941993
0.69411314
0.69407785
0.6942209
0.6941289
0.6941575
0.69443387
0.69436634
0.6942274
0.6938824
0.6942559
0.6941959
0.6941016
0.69417757
0.6941836
0.6942391
0.6942238
0.6942681
0.6943267
0.694269
0.69425094
0.69423467
0.6942032
0.69412595
0.69417644
0.6944448
0.6943352
0.69434786
0.6942569
0.6942863
0.6944391
0.69407266
0.6941619
0.6942404
0.69435287
0.6941936
0.6943568
0.69418216
0.6942191
0.69430864
0.6941253
0.69426507
0.6942737
0.69435024
0.69456697
0.6943542
0.69418615
0.69435316
0.69434077
0.6941206
0.6942582
0.6943947
0.6942796
0.6944511
0.69421816
0.6944775
0.69457036
0.69428587
0.69444907
0.6944263
0.69453394
0.6943436
0.6943433
0.6942987
0.6943623
0.69445235
0.69432974
0.6943361
0.69440734
0.6943909
0.6942809
0.6944205
0.69414854
0.6943754
0.6941714
0.69420063
0.6943686
0.6945701
0.69438773
0.6943326
0.69445795
0.6944181
0.6945648
0.69436496
0.6942772
0.6943982
0.69442797
0.69460183
0.694513
0.69444805
0.6945065
0.6944465
0.6944943
0.6944175
0.6945347
