0.7145454
0.6969959
0.6955153
0.69598454
0.69649684
0.69661826
0.696426
0.69661605
0.69654953
0.69643116
0.69601023
0.6963261
0.69636
0.6965196
0.6965448
0.69632965
0.6962326
0.6964315
0.6962898
0.69645524
0.69623786
0.6961224
0.6962022
0.6959659
0.6960244
0.69609857
0.6964342
0.69591
0.6961655
0.69609195
0.69600767
0.6961503
0.6960771
0.69616145
0.69609714
0.6958706
0.6958418
0.6956486
0.69587535
0.69592345
0.69602257
0.6958322
0.69575775
0.6955541
0.69579357
0.69579566
0.69580257
0.6959488
0.69561934
0.69597226
0.6956537
0.6957405
0.6959243
0.69572103
0.6957044
0.69572616
0.6956169
0.69540834
0.69554603
0.69523543
0.6958659
0.6955083
0.6954036
0.69551903
0.69581956
0.69581014
0.69570696
0.6957138
0.69544005
0.69550556
0.6954983
0.69557244
0.6955897
0.69553703
0.6954726
0.69541746
0.6953385
0.69522744
0.6955454
0.69547784
0.69566834
0.6953692
0.69540155
0.69537145
0.6952457
0.6953345
0.6953955
0.69547784
0.69518393
0.69524574
0.69543505
0.69528645
0.6951643
0.6954248
0.69538975
0.69525546
0.69533646
0.6953015
0.6952604
0.6953451
0.6952138
0.6951345
0.6950857
0.6952378
0.695286
0.6951373
0.695362
0.6951815
0.695538
0.69534105
0.6949884
0.6952622
0.69483715
0.6952549
0.6952036
0.69518137
0.6952117
0.69538414
0.6951657
0.69517946
0.695079
0.6951567
0.69533247
0.69521654
0.6950543
0.6951687
0.6951212
0.6954038
0.6950205
0.6950893
0.69489783
0.6950807
0.6949295
0.6950634
0.69500697
0.69518936
0.69524366
0.69502217
0.69503736
0.69503593
0.6948109
0.69518745
0.69528735
0.695125
0.6952305
0.69508815
0.6951678
0.69487655
0.695151
0.6948529
0.69526917
0.69504297
0.69519293
0.69500685
0.695303
0.6948301
0.6947403
0.6949541
0.69522524
0.6953255
0.69503814
0.6949998
0.695072
0.69504845
0.69514924
0.6948447
0.6950836
0.69509274
0.694924
0.6950533
0.69519955
0.6949684
0.69491774
0.6951351
0.6950581
0.69510597
0.69495827
0.6950242
0.69511944
0.6952285
0.6951298
0.69519156
0.69491017
0.69499016
0.69517356
0.69495505
0.6952049
0.6949387
0.69500864
0.69526714
0.69516706
0.69490916
0.6948513
0.69509375
0.69507504
0.6949446
0.69510275
0.6949421
0.6950837
0.6948832
0.6950525
0.6951119
0.69523764
0.6952304
0.69504243
0.69492275
0.6949442
0.6949264
0.69510746
0.6948466
0.6950739
0.6950826
0.6951142
0.69515204
0.69478935
0.6951967
0.69510347
0.69486135
0.6949371
0.69493407
0.6950262
0.6950077
0.69499195
0.6951577
0.69488496
0.6948188
0.6951932
0.6948972
0.6948985
0.695002
0.69485813
0.6951438
0.69491446
0.6949183
0.6949324
0.6949575
0.6950345
0.6950073
0.6950172
0.6948549
0.69514984
0.6948802
0.69514084
0.6949991
0.6948572
0.6948864
0.6948705
0.6951659
0.6949119
0.69500345
0.6951998
0.6950841
0.69524944
0.6948412
0.69501776
0.69511116
0.69482654
0.6951012
0.6951536
0.69498944
0.6950397
0.69500554
0.694828
0.694981
0.6948798
0.6948805
0.6950327
0.69486266
0.69494426
0.695047
0.6949568
0.69491667
0.6950014
0.69509447
0.69500583
0.6948904
0.69486064
0.6949119
0.6949784
0.6952704
0.69493985
0.6951181
0.69499063
0.69486576
0.6949751
0.69502807
0.6948288
0.695106
0.694757
0.69491595
0.69491994
0.6947699
0.69494843
0.69507384
0.69508284
0.6950225
0.695003
0.6949772
0.69479215
0.6949431
0.6947866
0.6950488
0.69503695
0.6950299
0.69490427
0.69476825
0.69485384
0.6947643
0.69500196
0.69485486
0.69492453
0.69488716
0.6949212
0.69495434
0.6949924
0.69476527
0.6947977
0.6948653
0.6950041
0.6949695
0.6948936
0.6948847
0.6949362
0.695039
0.69488996
0.6949719
0.69461745
0.6949698
0.6950683
0.6949917
0.69486195
0.69481164
0.6948163
0.69499904
0.69469345
0.6946495
0.69477785
0.6948306
0.6947397
0.69479483
0.6947708
0.69494283
0.6947747
0.6948924
0.6947284
0.6946428
0.6951213
0.69454
0.6947573
0.69466805
0.6945861
0.69474876
0.6947296
0.6948974
0.69476175
0.69469875
0.69474536
0.6949352
0.69454783
0.6946115
0.6946466
0.69470125
0.6946801
0.694818
0.69476646
0.6948309
0.6947811
0.69481283
0.694556
0.69470185
0.6945799
0.6947611
0.6947496
0.6948732
0.6946182
0.69467944
0.6947431
0.6945079
0.6947378
0.694437
0.6944956
0.6948491
0.69468653
0.694816
0.69476694
0.6947306
0.69453746
0.6946578
0.6944228
0.69467205
0.6946914
0.69464797
0.6945954
0.6945122
0.694672
0.6945093
0.6946468
0.6946114
0.6945106
0.6946753
0.69464594
0.6948308
0.69444984
0.6946101
0.6946948
0.69439423
0.69455355
0.6944933
0.6944741
0.69461673
0.6946593
0.6947107
0.69431853
0.6945218
0.6944087
0.6946696
0.69457054
0.6944044
0.6947134
0.69454145
0.69468653
0.6944423
0.6945655
0.6944031
0.6945169
0.6944791
0.69464
0.6945629
0.6948858
0.6945854
0.69430315
0.6944272
0.6944951
0.6944184
0.6946726
0.6943838
0.69439167
0.6946777
0.6945284
0.69466597
0.694659
0.69448686
0.6944685
0.69441366
0.6945869
0.6944037
0.6944839
0.6945088
0.69448984
0.6945463
0.69443
0.69442564
0.6944378
0.69460404
0.6946502
0.6943679
0.69463843
0.694373
0.6944092
0.6946147
0.69446516
0.694469
0.69454813
0.69437706
0.6944584
0.69444156
0.6943483
0.6942366
0.6945184
0.6946152
0.69468147
0.6941851
0.6946105
0.69447625
0.6945942
0.6945
0.6946387
0.69412655
0.6945631
0.6945932
0.69455874
0.6943293
0.6945569
0.69457453
0.69454396
0.69442797
0.6945761
0.6944773
0.69467306
0.6945149
0.6945758
0.6944655
0.6943711
0.69468755
0.69447196
0.6946581
0.69449383
0.69458294
0.69460344
0.69441444
0.6946053
0.69447833
0.69442165
0.6945193
0.6945817
0.69461775
0.69435
0.69465256
0.69445336
0.6944187
0.6944108
0.69471306
0.6944246
0.6945793
0.6946344
0.6945894
0.69463974
0.6946035
0.69451165
0.6944499
0.69433564
0.694594
0.6945317
0.6943779
0.6947117
0.6945089
0.6946632
0.6946601
0.69458646
0.6943768
0.6946558
0.6945103
0.6947172
0.69426334
0.6945289
0.6946525
0.69455403
0.6948023
0.6944779
0.69440585
0.694665
0.6945033
0.69436455
0.69440556
0.6944477
0.69460833
0.6947315
0.6944603
0.69460106
0.6945815
0.6946902
0.69444764
0.6947751
0.6945812
0.6944608
0.69462854
0.69467276
0.69461364
0.6945779
0.6946003
0.69485325
0.6945941
0.6944893
0.694684
0.6946319
0.69466615
0.69480497
0.6944973
0.69466853
0.6944813
0.6946244
0.69454867
0.6947201
0.69471276
0.6947471
0.69482946
0.6947234
0.6946448
0.6946582
0.6944788
0.6946949
0.6944831
0.69456035
0.6947214
0.6946623
0.694561
0.6948178
0.694676
0.6947573
0.6945904
0.6946239
0.6948498
0.6947297
0.6944877
0.69445115
0.69460243
0.694622
0.69485664
0.6945071
0.6947778
0.6945987
0.69463235
0.69467413
0.69498646
0.6946575
0.69489264
0.6947785
0.69491714
0.6948853
0.6946909
0.69463825
0.6945647
0.6947379
0.69486463
0.6947424
0.69479674
0.69467515
0.6950879
0.6946171
0.69479036
0.6948219
0.69463956
0.69473666
0.69468355
0.694763
0.69471806
0.69463015
0.6950376
0.69480467
0.694664
0.69471353
0.6946015
0.6948695
0.6946861
0.6946219
0.6947246
0.69482833
0.69463474
0.69458973
0.69460505
0.694589
0.6948387
0.694716
0.6949157
0.69469386
0.69462854
0.69441134
0.694859
0.694699
0.6946293
0.69461936
0.6947722
0.6948675
0.6947301
0.69470876
0.6948363
0.6946572
0.69478494
0.6948575
0.69482046
0.69471383
0.6948447
0.6948532
0.6946628
0.69477415
0.6946181
0.6947364
0.694711
0.6948241
0.6947663
0.6946744
0.69480217
0.6948768
0.694684
0.6946852
0.694569
0.69462585
0.69466925
0.69490993
0.6946768
0.6949312
0.69472194
0.6946136
0.6947266
0.69458425
0.6948755
0.69462454
0.694568
0.694724
0.6946724
0.69473076
0.694921
0.6948212
0.694537
0.6948145
0.69447947
0.69455594
0.69464105
0.6946978
0.6947697
0.69459677
0.6947004
0.69460297
0.6947949
0.694736
0.69481164
0.6944969
0.6942881
0.69456774
0.6946862
0.69468623
0.69465715
0.69459057
0.69486237
0.6946163
0.694816
0.6946612
0.69461226
0.6946307
0.6947138
0.6946057
0.69459105
0.69461936
0.6946028
0.6945063
0.6945904
0.6944913
0.6948314
0.69477946
0.69451445
0.6946942
0.6946194
0.6947468
0.6945945
0.69466007
0.69480395
0.69449
0.69458765
0.6945068
0.6945489
0.694584
0.69465846
0.69458616
0.69456184
0.6946113
0.6946054
0.694715
0.69444305
0.69451326
0.69473493
0.6946785
0.6946445
0.69464403
0.6944028
0.6947099
0.69455004
0.6947613
0.69456244
0.69477874
0.6945229
0.69459075
0.6946311
0.69467276
0.6946106
0.6942837
0.6944232
0.69456244
0.694657
0.6946149
0.6943974
0.6944229
0.6945679
0.6944836
0.6946213
0.6945202
0.69467443
0.69448435
0.69449204
0.6946738
0.69457066
0.69459575
0.6945985
0.69462895
0.6944728
0.6944521
0.6944588
0.6941396
0.6945554
0.6945551
0.69447154
0.69458336
0.6944051
0.69449717
0.69441485
0.69462216
0.69455427
0.69436836
0.69445676
0.6942387
0.6943683
0.69448125
0.6943166
0.694423
0.69479454
0.6944351
0.6944203
0.69457865
0.69452727
0.6945474
0.6945607
0.6945727
0.6943612
0.6943968
0.694675
0.6943915
0.69470954
0.69452524
0.69478333
0.6943613
0.6946104
0.6945319
0.69450074
0.69445264
0.69467974
0.6944911
0.694485
0.6946362
0.6945978
0.69425726
0.6942487
0.69442964
0.6945491
0.6946411
0.69462824
0.6945284
0.694324
0.6944094
0.6945449
0.694305
0.6945363
0.6945573
0.69453186
0.69438577
0.69430315
0.6944581
0.69462955
0.69452244
0.69456303
0.69458777
0.69434863
0.69423455
0.69440156
0.6944128
0.6945969
0.6945335
0.6947751
0.6945474
0.69457126
0.69464266
0.6946827
0.6945282
0.69468975
0.6945474
0.69449836
0.6945045
0.6946062
0.69454
0.69455206
0.69440734
0.69425434
0.6945482
0.6945163
0.694414
0.69458956
0.69448173
0.69456273
0.6945484
0.6940283
0.69445914
0.6941739
0.69439185
0.6945148
0.6944586
0.6946807
0.69429636
0.6946253
0.69450724
0.6943247
0.6943269
0.69452876
0.6945967
0.6945871
0.6944448
0.69425315
0.6942422
0.69450164
0.69445276
0.69443846
0.6942977
0.6943288
0.6942503
0.6943701
0.69445145
0.69432676
0.69456756
0.69432986
0.69446486
0.6946319
0.6943684
0.69444835
0.6944866
0.69438577
0.69433606
0.69459367
0.6944805
0.6942962
0.69432354
0.6944757
0.6944473
0.69447905
0.69445956
0.69459206
0.69444203
0.69443476
0.69435835
0.69463694
0.6942899
0.6945202
0.6943945
0.6943595
0.69441074
0.6942491
0.69451874
0.6944703
0.694528
0.69441044
0.6945898
0.69424134
0.69423544
0.69445956
0.6942824
0.69458187
0.6943075
0.69437456
0.6945971
0.69449985
0.69454354
0.69433707
0.694501
0.69436544
0.6942458
0.694533
0.69454616
0.69442546
0.6945185
0.69468987
0.69443315
0.694263
0.6944355
0.6942561
0.6943933
0.69446874
0.69428796
0.69435924
0.694312
0.6944343
0.6944166
0.694372
0.69437355
0.6944582
0.69426006
0.6943316
0.6944731
0.6943975
0.69431007
0.6942834
0.69443715
0.6943841
0.6942465
0.694611
0.69435453
0.694476
0.69415
0.6942498
0.6941348
0.69413
0.69406986
0.6941509
0.69426966
0.69451547
0.69442135
0.6942151
0.6944588
0.6942297
0.6944709
0.6944987
0.69418347
0.69469404
0.6944438
0.69439
0.6941226
0.6943963
0.69423413
0.6943081
0.6944463
0.694261
0.69421494
0.69408697
0.6943176
0.69448096
0.6942029
0.6944817
0.6941518
0.69439167
0.69442517
0.6941492
0.6944785
0.69425917
0.6944218
0.6943528
0.69424015
0.69428444
0.6944817
0.6940811
0.69428825
0.69439983
0.6942988
0.69458026
0.6944265
0.6942028
0.694089
0.694218
0.69440234
0.69419414
0.69428444
0.69421554
0.6944314
0.69434285
0.6941614
0.69444054
0.69428617
0.69445664
0.6943099
0.694071
0.6941507
0.69409037
0.6942675
0.694223
0.69407386
0.6943553
0.6940696
0.6941993
0.6940754
0.6942098
0.6942755
0.6941505
0.69430834
0.6943094
0.69415903
0.6941855
0.6941149
0.6941208
0.6941735
0.6940208
0.6941652
0.69414186
0.6940195
0.6940802
0.69403327
0.6941128
0.6941197
0.69427854
0.6941841
0.6942894
0.69410944
0.69379854
0.6942112
0.6940626
0.6938818
0.69408876
0.69405216
0.69418085
0.6943431
0.6941913
0.69420636
0.69432026
0.69447815
0.6939682
0.6942334
0.6940732
0.69397324
0.69408745
0.69405127
0.69400346
0.6941404
0.6940574
0.6941244
0.6941568
0.6940888
0.6940694
0.6938315
0.6941176
0.69410276
0.6940538
0.6941491
0.6940003
0.6940668
0.6939209
0.69418484
0.6939256
0.6938543
0.6939315
0.6939098
0.6939132
0.69406193
0.6941164
0.69400144
0.6939747
0.69388276
0.69423896
0.6937483
0.6941054
0.69407475
0.6938317
0.69380975
0.69413006
0.6937642
0.6940012
0.69387585
0.69397044
0.6939365
0.6938779
0.6941018
0.69387007
0.69388884
0.6939178
0.6938303
0.69411534
0.6940645
0.69398135
0.6940073
0.69397396
0.6940668
0.69399136
0.693777
0.6938649
0.6938734
0.693907
0.6939495
0.69404984
0.69401115
0.6939474
0.69404835
0.6938948
0.6939003
0.6941057
0.6941271
0.69368786
0.6940236
0.6939621
0.69387424
0.69422245
0.694166
0.6940398
0.6939707
0.6940567
0.69382346
0.69384915
0.69414234
0.6942785
0.69407624
0.69393295
0.6941832
0.69418675
0.6940027
0.69420975
0.6938158
0.6940164
0.6941528
0.69417036
0.69406515
0.6941616
0.69387615
0.6941531
0.6940001
0.6938669
0.6940705
0.694072
0.694248
0.694158
0.69398576
0.6942173
0.6941837
0.6942532
0.6939703
0.69402534
0.6941104
0.6940818
0.6940053
0.6943597
0.69420856
0.6941032
0.69389266
0.69382095
0.6941273
0.693964
0.6942112
0.6939735
0.69425696
0.69415545
0.6939826
0.6940106
0.69425225
0.69402015
0.69395334
0.6940757
0.69417554
0.6941306
0.69417036
0.69417036
0.69402677
0.6942477
0.6942007
0.6940696
0.69409686
0.69421345
0.69416314
0.6940996
0.6941877
0.69375116
0.69421417
0.6942196
0.6941804
0.6938897
0.6942639
0.69429636
0.6942035
0.69421977
0.694355
0.6939581
0.69429535
0.6943232
0.69410914
0.6943507
0.6941753
0.6942366
0.69412124
0.6942228
0.6941105
0.6941069
0.69438887
0.69423413
0.69425255
0.69437075
0.6943739
0.6942051
0.69444335
0.69425565
0.69438845
0.69429433
0.69447535
0.694365
0.6942998
0.69441134
0.6941236
0.69431895
0.69437116
0.6943742
0.69419277
0.6942826
0.69410336
0.6943752
0.69423455
0.694456
0.6945612
0.6943367
0.6944025
0.69420695
0.6946542
0.69458085
0.69442517
0.6946272
0.6942952
0.6943559
0.69448453
0.69430405
0.69436395
0.69433516
0.6943978
0.6943628
0.69434756
0.6946531
0.69436526
0.69445217
0.69452626
0.69429845
0.6945159
0.6945015
0.69466895
0.6943113
0.69436044
0.6944395
0.6943708
0.69433075
0.6943996
0.69431895
0.6941641
0.694682
0.69463927
0.6944463
0.6944461
0.69439363
0.6943078
0.69441974
0.69438607
0.6941804
0.6943356
0.69441646
0.6943888
0.6944918
0.69442654
0.69446164
0.69460636
0.6943558
0.6944223
0.694226
0.6941885
0.69442445
0.6947192
0.6946755
0.69468135
0.694531
0.6945407
0.6943995
0.6944399
0.69473916
0.69452095
0.694487
0.6946143
0.69431216
0.694646
0.69419813
0.6945836
0.69449115
0.69444895
0.6944327
0.6945827
0.6943559
0.6946237
0.6945641
0.69432944
0.69443685
0.69435644
0.6945406
0.6942228
0.69432575
0.6945547
0.6944557
0.69453216
0.6946735
0.69449687
0.69469976
0.69440114
0.69446766
0.6945994
0.694683
0.6946363
0.69467574
0.6945014
0.69455487
0.6947548
0.694572
0.6945113
0.6944865
0.69434536
0.69462514
0.6944647
0.6945995
0.6946251
0.6946558
0.69471365
0.6946409
0.694701
0.69442296
0.69456095
0.694622
0.6945006
0.69439054
0.6946116
0.69439626
0.6946006
0.6944297
0.69433933
0.69461757
0.69465226
0.6942707
0.6946845
0.69464475
0.6944155
0.6945758
0.6945535
0.69465655
0.6945434
0.6946317
0.69480604
0.694665
0.6942719
0.694505
0.69464576
0.69459933
0.69439524
0.694572
0.6945256
0.6946556
0.69463474
0.6944783
0.6945284
0.69445664
0.69445455
0.6946603
0.69445485
0.69451016
0.69461155
0.69447005
0.6944205
0.6945452
0.6944174
0.6948053
0.6945309
0.6942392
0.6945745
0.69460684
0.6943045
0.6945329
0.6946614
0.6946011
0.6945792
0.69466454
0.6945597
0.69459736
0.69463295
0.6943848
0.6944397
0.6945076
0.6944984
0.69465655
0.6944662
0.6943017
0.69430625
0.69432205
0.69440514
0.6944816
0.694436
0.694581
0.6945974
0.6942975
0.69448197
0.69446146
0.6944366
0.6943911
0.6944552
0.6944172
0.6942818
0.6945582
0.6945039
0.69453377
0.694311
0.6943944
0.69441867
0.69436336
0.69440556
0.6944105
0.69443786
0.6945747
0.6942714
0.69467217
0.6945612
0.6944254
0.69416875
0.6943036
0.6944642
0.694496
0.69434786
0.6944671
0.69444585
0.6941703
0.69441783
0.6942623
0.6940821
0.6946142
0.6943507
0.69450206
0.69435394
0.69418794
0.6943791
0.6945214
0.6943978
0.6943647
0.6944356
0.69426614
0.69431037
0.69440156
0.69438654
0.6941745
0.6941643
0.6943214
0.69428575
0.694345
0.69425696
0.69430375
0.69429964
0.6942161
0.694378
0.6942126
0.6940528
0.6942134
0.69413596
0.69428843
0.69406253
0.69416654
0.69427097
0.6943164
0.6943148
0.69442725
0.6939499
0.6943624
0.69398326
0.6938882
0.6941903
0.6941836
0.6941541
0.69430864
0.6942172
0.6939056
0.6938883
0.693955
0.69398
0.69414157
0.69423586
0.6939528
0.69396
0.693819
0.6939989
0.6940559
0.69398
0.69394714
0.6938389
0.6937982
0.69389075
0.6940296
0.69398004
0.6937824
0.69404954
0.6938911
0.69414705
0.6939346
0.69397855
0.693896
0.69412917
0.6939753
0.6937523
0.6938872
0.69370794
0.6937247
0.6937834
0.693635
0.6938132
0.69366026
0.6937331
0.6937855
0.6935458
0.69384915
0.693662
0.6933405
0.693777
0.6933932
0.6935676
0.6935382
0.6936199
0.6935657
0.69402534
0.6935232
0.6935713
0.69360524
0.69356173
0.6936441
0.6933867
0.69363195
0.69348717
0.6935819
0.6933777
0.6933958
0.6933966
0.69365996
0.693348
0.69333583
0.6934354
0.6932004
0.6933735
0.69340134
0.6934034
0.6933308
0.6933155
0.693214
0.69328547
0.6935205
0.6932846
0.6932647
0.69334286
0.6931562
0.693256
0.69342923
0.6933374
0.6933901
0.69316405
0.6935064
0.69315594
0.6933441
0.6932578
0.6936113
0.69330674
0.693256
0.69343126
0.6930755
0.6931574
0.6933481
0.6930575
0.6932034
0.6931276
0.69319135
0.6933691
0.6933652
0.69333786
0.69308853
0.6930954
0.69334525
0.6931849
0.6932359
0.69318527
0.69337505
0.69345677
0.69318753
0.69323176
0.6935486
0.6933655
0.6934144
0.6933713
0.6932368
0.69313794
0.6930859
0.69349056
0.69350106
0.69317555
0.6933932
0.6932819
0.69340557
0.6932581
0.6931811
0.69346666
0.6932486
0.69320476
0.6932118
0.6932386
0.6932085
0.693219
0.6933364
0.69312733
0.69315064
0.693216
0.6932407
0.69342375
0.6933608
0.693271
0.69341487
0.6932486
0.6934431
0.6933614
0.693454
0.693306
0.6934282
0.69339377
0.6934518
0.6935564
0.69354296
0.69352925
0.6932962
0.6934851
0.69330883
0.6935321
0.6934331
0.6934155
0.69343966
0.69333416
0.6933671
0.6936506
0.6936775
0.69361097
0.69353163
0.69367754
0.69357324
0.6935499
0.6935192
0.6935431
0.6934692
0.6935034
0.69359535
0.69320506
0.69354963
0.6935759
0.69331914
0.6937717
0.6933683
0.6934029
0.6935841
0.6936402
0.6935146
0.6937303
0.693721
0.6936743
0.69354314
0.6937642
0.693682
0.6935124
0.6936288
0.69392514
0.69380176
0.69359434
0.693646
0.69362366
0.69355875
0.69378114
0.6936455
0.6937075
0.69371974
0.69387627
0.6937927
0.69388515
0.6937546
0.6936473
0.6938055
0.69377047
0.69380593
0.6936405
0.6938042
0.69375086
0.6937985
0.69387245
0.69376653
0.69381183
0.6936228
0.69390994
0.69386977
0.69372004
0.69367814
0.6938427
0.6939742
0.6937513
0.6938624
0.6938515
0.69395363
0.69419247
0.69399405
0.6937685
0.6938586
0.69371545
0.6938273
0.6939868
0.69402665
0.6939344
0.69382906
0.69372123
0.6939246
0.6939322
0.69379294
0.6937894
0.69390315
0.69405246
0.6940608
0.6939266
0.6939247
0.6940176
0.6939089
0.693844
0.693886
0.69375324
0.69412214
0.6940375
0.6939175
0.693883
0.69407463
0.69370097
0.6938086
0.693784
0.6941813
0.6938486
0.694165
0.6940115
0.6939516
0.6938817
0.693838
0.69396967
0.69416916
0.69438255
0.6942566
0.6938086
0.6939819
0.6940581
0.6938354
0.69389987
0.69407225
0.69380903
0.6941287
0.6941532
0.69417465
0.6941088
0.69395274
0.6941171
0.69402725
0.69414103
0.6940748
0.6940021
0.69417834
0.6940728
0.69402874
0.6940565
0.6942156
0.6938937
0.69393015
0.6939492
0.6941063
0.6940973
0.6941676
0.6939667
0.6937951
0.6941241
0.69418406
0.6942935
0.69414824
0.6944458
0.69384706
0.69410086
0.6942685
0.6941552
0.6944016
0.6941258
0.6940644
0.69388205
0.694178
0.69396645
0.69398427
0.6939646
0.69416285
0.6940885
0.694288
0.69418156
0.6941494
0.6942337
0.69423735
0.69422996
0.69418955
0.69416505
0.6940529
0.69416624
0.694259
0.69421124
0.69433045
0.6942302
0.69429594
0.6942761
0.69405514
0.69398326
0.69407916
0.69423795
0.69427884
0.6941356
0.6942289
0.69418955
0.69420123
0.69407046
0.69423527
0.6939768
0.6942755
0.6941976
0.69404554
0.69456303
0.694248
0.6943574
0.6944518
0.694475
0.6940935
0.6939178
0.69414854
0.69459003
0.6939832
0.6942175
0.69425756
0.69422853
0.6943817
0.69406813
0.69432265
0.6941797
0.69427794
0.6943788
0.6942984
0.6944278
0.6944796
0.6941867
0.69418377
0.69425505
0.6940832
0.6944044
0.6945319
0.6943247
0.69433606
0.69425386
0.6942363
0.6943939
0.6943242
0.6945174
0.6944443
0.694393
0.6941513
0.69425184
0.6944172
0.69453746
0.6946142
0.6942893
0.6943458
0.6940996
0.6942767
0.6942277
0.69413024
0.6940655
0.6943801
0.694436
0.6942878
0.69434005
0.6942244
0.6944383
0.6943033
0.69446176
0.6941999
0.6943251
0.69450974
0.69462216
0.6942383
0.69436324
0.694469
0.69437116
0.69438344
0.694279
0.69454503
0.694368
0.69432735
0.6945644
0.6943229
0.69432503
0.6943831
0.6941582
0.6942514
0.69430107
0.6942953
0.69435203
0.6941935
0.6941831
0.69429994
0.6942541
0.6943197
0.69421005
0.6942519
0.6942669
0.69458055
0.6943444
0.694311
0.69443053
0.6944445
0.6946331
0.6944825
0.6943633
0.69427866
0.694376
0.69464606
0.6943176
0.6942532
0.69418705
0.6942987
0.6945146
0.69433635
0.6944156
0.694392
0.6943178
0.6943285
0.6943459
0.6943073
0.6943006
0.6941659
0.69431615
0.69451827
0.69427603
0.69425774
0.6944356
0.6942972
0.6940301
0.6945121
0.69450337
0.6943558
0.6940886
0.6941379
0.69427145
0.6942389
0.69433194
0.6942682
0.69431114
0.69434553
0.6941244
0.6942938
0.6944953
0.69417524
0.6945317
0.6944666
0.6942182
0.69425726
0.69423765
0.6941107
0.69413507
0.69427675
0.69407827
0.69425654
0.6941969
0.69438726
0.6942409
0.6943644
0.69411135
0.694202
0.69427955
0.6942632
0.69423497
0.6943085
0.6940897
0.6942125
0.6941959
0.6940432
0.69412047
0.694251
0.6943484
0.6941698
0.6943341
0.69443977
0.6941568
0.69418573
0.6942819
0.69428056
0.6941358
0.69419324
0.6941661
0.6940159
0.6941601
0.69427145
0.6941154
0.6940811
0.6940176
0.6943406
0.6940777
0.6942065
0.69455004
0.6941064
0.6939308
0.694174
0.6942481
0.69420743
0.69413567
0.6941866
0.69428664
0.6941566
0.69413036
0.6939756
0.6940826
0.6941487
0.6940898
0.6942535
0.69408846
0.69419515
0.6941457
0.694069
0.69418806
0.69426996
0.6940846
0.6939597
0.6940628
0.69409555
0.6940848
0.6939451
0.6940815
0.69426775
0.6942864
0.69399625
0.6943104
0.6940815
0.69408834
0.69415265
0.6939724
0.6941231
0.69411397
0.6940573
0.6938529
0.69408816
0.69409865
0.6940089
0.69416213
0.694137
0.69430697
0.6941422
0.6940433
0.6941805
0.69418997
0.6940966
0.6940363
0.69405305
0.6941288
0.6942428
0.6940164
0.69416475
0.6939852
0.6940339
0.6940845
0.6942048
0.69426036
0.69393235
0.69414556
0.6941457
0.6940746
0.69405514
0.6941307
0.6939706
0.69399184
0.6939543
0.6940186
0.6942544
0.6941453
0.69418806
0.6942623
0.69404006
0.6940128
0.69397306
0.69393754
0.693906
0.69392675
0.6939354
0.69404554
0.69419795
0.69400716
0.69386715
0.69389343
0.6939699
0.6941654
0.6939293
0.694014
0.693963
0.6939886
0.69424725
0.6940755
0.69397086
0.6939371
0.693918
0.694175
0.69408625
0.69410896
0.6941621
0.6940616
0.6941174
0.69394153
0.69418573
0.69384533
0.69383687
0.6938849
0.69388884
0.69405043
0.6941419
0.69402
0.6941713
0.6940859
0.6940945
0.69390196
0.6939492
0.69415796
0.6940476
0.69394064
0.694104
0.6941305
0.693797
0.69402266
0.694003
0.69414824
0.6941117
0.69397986
0.6938337
0.69412535
0.6939736
0.6939711
0.69380933
0.69407856
0.69393617
0.6940601
0.6941848
0.69419456
0.6939056
0.694057
0.6940326
0.6941195
0.69428504
0.69397277
0.69380844
0.69388914
0.6941871
0.69405913
0.6940931
0.69394124
0.69385874
0.69394696
0.6939085
0.694081
0.69412166
0.694234
0.69404376
0.694132
0.69398636
0.69403887
0.694029
0.69394857
0.6941156
0.69406664
0.69376725
0.6939454
0.69409806
0.6940613
0.69405
0.6939012
0.6941323
0.6942812
0.6940498
0.69395316
0.6938042
0.6940541
0.69392246
0.6942293
0.6941702
0.6941663
0.69411397
0.69423723
0.6941053
0.69407225
0.6940791
0.69419473
0.693898
0.6941484
0.69409436
0.6941344
0.69407016
0.69376516
0.6940736
0.6940591
0.6940226
0.6939812
0.6940693
0.6942524
0.6938048
0.6939883
0.69420666
0.6942035
0.694262
0.6942323
0.69392276
0.694082
0.6940782
0.6940281
0.6942153
0.6942366
0.69390345
0.69412744
0.69411117
0.6941694
0.69430923
0.69400823
0.6940309
0.6943609
0.69425315
0.69416666
0.69418424
0.6943307
0.6940798
0.6942268
0.694333
0.6939912
0.6940338
0.6939968
0.6941056
0.6942305
0.69438124
0.69417757
0.6942545
0.6941549
0.6939108
0.69419783
0.69396675
0.69432724
0.6942381
0.69387794
0.6942808
0.6940243
0.6941047
0.6939699
0.69444925
0.694249
0.69423056
0.69392514
0.694234
0.6941084
0.6941974
0.6939523
0.6943495
0.69400686
0.6942746
0.69399905
0.69415504
0.69415456
0.69434756
0.69438785
0.69414234
0.69429076
0.6942911
0.69426006
0.6941676
0.69416785
0.69419307
0.69394886
0.69417137
0.6942787
0.6941075
0.69432986
0.6942285
0.69414884
0.69406503
0.69396734
0.6940911
0.6942754
0.694007
0.6941108
0.69423777
0.694372
0.6942903
0.69439936
0.69427973
0.6943553
0.6941434
0.6941399
0.69427544
0.6945106
0.6941053
0.69456095
0.6942502
0.6942722
0.69413805
0.6941793
0.69421667
0.6941289
0.6942496
0.69436437
0.6941749
0.6944011
0.69418514
0.69428813
0.69433546
0.69421774
0.6942854
0.6939235
0.69442606
0.6944071
0.6942668
0.69417715
0.6941139
0.6941443
0.69433224
0.6945122
0.6942218
0.6944104
0.6942506
0.6939385
0.69415236
0.69427574
0.69435465
0.69418687
0.6942895
0.69467145
0.69411826
0.69437575
0.6941545
0.6941738
0.6943527
0.6943567
0.6942082
0.6943683
0.69421387
0.6940406
0.69438446
0.6942505
0.69425595
0.69462407
0.6943394
0.6941678
0.6941398
0.6942617
0.6942919
0.6943214
0.6942814
0.6945458
0.69439554
0.69435817
0.6943999
0.69439393
0.6945846
0.6945657
0.6944979
0.69439745
0.69430983
0.6943593
0.69419944
0.69414634
0.694201
0.69446963
0.694394
0.69426066
0.6943508
0.6943612
0.69429564
0.69443136
0.69425905
0.6944248
0.694416
0.694406
0.69463885
0.69435173
0.6941418
0.6944012
0.69425964
0.6942482
0.6942506
0.6942575
0.69457227
0.69457036
0.6942134
0.6945736
0.6941723
0.69457006
0.694207
0.69467974
0.69428
0.6945024
0.69429475
0.69446915
0.6942988
0.6944218
0.69433075
0.6944517
0.6942357
0.6942853
0.69462377
0.69436634
0.6945612
0.69440347
0.6945597
0.6943163
0.69439054
0.6943789
0.69458216
0.6942684
0.69464034
0.694353
0.69440275
0.6943138
0.6943863
0.694228
0.69428355
0.6944649
0.6942306
0.69426674
0.6945014
0.6943999
0.6944235
0.69425684
0.69438976
0.69431347
0.694496
0.6944488
0.6943116
0.6942598
0.6941828
0.69431317
0.69415987
0.6943183
0.694432
0.6942326
0.69444567
0.6943487
0.6944785
0.69432676
0.6944626
0.6943429
0.69429326
0.6942574
0.6942754
0.69445753
0.6943904
0.69416714
0.6941604
0.69457376
0.6943645
0.69434077
0.6941426
0.6943796
0.69457567
0.69427204
0.6943904
0.69428015
0.6941555
0.69433844
0.69435394
0.69426125
0.6941476
0.69442606
0.6944218
0.69446063
0.6945074
0.6942967
0.69448584
0.6942748
0.6944284
0.6944313
0.6946011
0.69428587
0.6944101
0.69432884
0.69422483
0.69415945
0.69435674
0.69444853
0.6943641
0.6943031
0.69434184
0.6942742
0.6941589
0.69451773
0.694413
0.6944442
0.694228
0.69411325
0.6944299
0.6940946
0.6944977
0.6942157
0.69427675
0.6944146
0.6942667
0.6941682
0.6943722
0.69411063
0.69426805
0.6942296
0.6940717
0.6940862
0.6940288
0.69413817
0.69423896
0.6940513
0.69432604
0.69442666
0.69387925
0.69446844
0.6940395
0.6940429
0.6943087
0.6941887
0.6941229
0.69400173
0.69427645
0.69423944
0.6938601
0.6941786
0.69421667
0.69409186
0.6942343
0.69394803
0.6940338
0.6940014
0.69420254
0.693871
0.6941902
0.694153
0.69417524
0.69402826
0.69393796
0.6939514
0.6943279
0.69404644
0.6942065
0.69408816
0.69392294
0.6938551
0.6939969
0.6939399
0.69407696
0.69384164
0.693854
0.69419277
0.69409275
0.69397026
0.69398546
0.69409513
0.69388
0.69395727
0.69382393
0.69410896
0.69397014
0.69418526
0.6938618
0.69409865
0.6939936
0.6937721
0.6939905
0.69408965
0.6939113
0.69402397
0.69395447
0.6939213
0.6938378
0.69407797
0.69376606
0.69398296
0.6937792
0.693817
0.69400275
0.6939144
0.69387513
0.69382495
0.6940914
0.6940642
0.6942945
0.6940649
0.6941978
0.6938644
0.6941449
0.69398916
0.6938917
0.69389987
0.6941155
0.6938532
0.6938482
0.6938079
0.6939677
0.6937467
0.69407827
0.69415903
0.69402987
0.694116
0.6938379
0.69386125
0.69389415
0.6939706
0.6938003
0.69391567
0.6939645
0.6939261
0.6939883
0.69420534
0.69435906
0.693913
0.69409686
0.694037
0.6940509
0.69415814
0.6938371
0.694095
0.69406646
0.6943367
0.6940786
0.6939785
0.6940643
0.69399047
0.69420993
0.69412917
0.69404566
0.69396603
0.6941514
0.6941549
0.6941278
0.6941359
0.6941452
0.6942096
0.6941326
0.69422114
0.6941686
0.6939041
0.69436026
0.6939337
0.6941959
0.6939503
0.69435185
0.69406307
0.6943068
0.6941688
0.6938919
0.6941057
0.69413173
0.6943281
0.6942647
0.6941812
0.69424516
0.69413584
0.6942532
0.6941118
0.6944726
0.6943259
0.6940455
0.694176
0.69410723
0.6942639
0.69428277
0.69448185
0.69403285
0.6942482
0.69428843
0.6944193
0.6943898
0.6941939
0.69427586
0.69413465
0.6941137
0.69417423
0.69436514
0.6944071
0.69417113
0.69426364
0.6943196
0.6942465
0.6942954
0.6943787
0.6943089
0.6942499
0.69438344
0.69442576
0.6943004
0.69417685
0.6943657
0.6944775
0.6941765
0.6943843
0.6941815
0.69431925
0.6942522
0.6942541
0.6943248
0.6941721
0.69440204
0.6942981
0.69453394
0.69428205
0.69447297
0.6942712
0.6946057
0.6941177
0.69400555
0.69465756
0.6942919
0.69441515
0.6944372
0.6943126
0.6942653
0.69429016
0.69441456
0.6944425
0.6943571
0.6945998
0.69441396
0.69453984
0.69420767
0.6944808
0.69455683
0.69444716
0.6941914
0.6944148
0.69437003
0.6944846
0.6944236
0.6943375
0.6945079
0.69437796
0.69432145
0.6943618
0.6945103
0.6941579
0.69463366
0.6945653
0.6944124
0.6943738
0.6944488
0.69427055
0.6943796
0.69427985
0.694393
0.6944494
0.694664
0.69464916
0.69439334
0.6941991
0.69466
0.6947092
0.6945148
0.69441205
0.6942469
0.6943126
0.69427115
0.6942402
0.6942547
0.6941695
0.6941316
0.69440114
0.69463336
0.6942473
0.69438034
0.69458556
0.69437397
0.69424844
0.69433135
0.6945478
0.69432807
0.6942439
0.6944603
0.69456583
0.69456786
0.6944612
0.69430745
0.69435924
0.69414186
0.69439554
0.69437003
0.6943436
0.6945261
0.69455713
0.6941332
0.6944765
0.6944008
0.6943094
0.6944978
0.69433546
0.6943514
0.6943075
0.6942451
0.6944045
0.6945694
0.69461
0.69454664
0.6944957
0.6946894
0.69453573
0.6943434
0.69434345
0.69431245
0.694146
0.6945757
0.6943716
0.6943927
0.69446313
0.69409966
0.694195
0.69410276
0.6943242
0.6942396
0.6944209
0.69442225
0.6944121
0.6946626
0.6943083
0.6945542
0.6942864
0.69453037
0.69445014
0.6942808
0.69455826
0.6943428
0.69450074
0.6943389
0.6945218
0.6943434
0.6944598
0.6942481
0.69443923
0.6944007
0.69455284
0.6945352
0.69457084
0.6944563
0.6946155
0.6945359
0.6945347
0.6945588
0.6946851
0.6943493
0.6948267
0.69459575
0.69450843
0.6945142
0.6946925
0.69438523
0.6944764
0.69483984
0.69449973
0.6945177
0.6943576
0.6942527
0.6944562
0.69462
0.6945449
0.6943997
0.6946329
0.69445974
0.6942912
0.69460994
0.69443864
0.6944622
0.6945625
0.6945206
0.69443524
0.69452304
0.69462854
0.69468766
0.6944172
0.6943081
0.6944547
0.69426954
0.69461936
0.6944477
0.6943887
0.69447416
0.6946636
0.6942025
0.69453573
0.69461155
0.69434375
0.69463754
0.6942631
0.6943645
0.69439846
0.69466364
0.69465375
0.6944038
0.69433135
0.69482356
0.6945187
0.69464827
0.69419783
0.69472814
0.6944404
0.6944577
0.6946025
0.6944375
0.69446397
0.69445497
0.6943367
0.6946645
0.69429636
0.69454086
0.6945074
0.69447577
0.69448394
0.6944414
0.6943117
0.69456303
0.6942814
0.6945821
0.6944551
0.69442457
0.6942496
0.69425815
0.6944087
0.69420254
0.6946142
0.69448423
0.69453096
0.69438523
0.69454193
0.69443387
0.69438523
0.69435894
0.6946531
0.6945649
0.6944623
0.69427687
0.69470334
0.694307
0.6944804
0.6945165
0.69435936
0.6946037
0.69471246
0.6942547
0.69446355
0.6947773
0.6943543
0.69449466
0.69460374
0.69468534
0.69452757
0.69482976
0.6942134
0.69442976
0.69429135
0.69453806
0.69439155
0.6948552
0.69450766
0.69439304
0.69447184
0.6943965
0.6944662
0.6945286
0.6943913
0.6944511
0.69449687
0.69441515
0.69455236
0.69464123
0.6947199
0.6942629
0.6942314
0.69446325
0.6946558
0.694531
0.6946932
0.6943809
0.6944766
0.6945227
0.69429797
0.6945179
0.69445974
0.69414365
0.69422513
0.69455034
0.694727
0.6942183
0.69440687
0.6944108
0.694395
0.6944649
0.69427866
0.69458437
0.69442827
0.69424534
0.69468546
0.69434893
0.69436496
0.69451153
0.6945067
0.6942751
0.6943949
0.69451267
0.69438046
0.69438106
0.69441545
0.69436723
0.6944449
0.69448245
0.6943593
0.69448256
0.69432074
0.69425243
0.694347
0.6943235
0.69412744
0.6938914
0.6943662
0.69428605
0.69422734
0.69416404
0.69441015
0.694339
0.6942048
0.69416076
0.69404626
0.6941505
0.6942718
0.6942116
0.6942427
0.6939813
0.69426966
0.69424105
0.6941953
0.69430166
0.69417197
0.6942262
0.6943628
0.694184
0.6940419
0.69405967
0.6939883
0.6942064
0.69404995
0.69414157
0.6942117
0.6941086
0.693776
0.6941512
0.69401246
0.69402117
0.6940102
0.6939749
0.6940532
0.6940186
0.69421
0.69399947
0.6939733
0.6939935
0.69390446
0.694069
0.69420576
0.6941625
0.693724
0.6941268
0.6939082
0.6942097
0.6939939
0.69389135
0.69378585
0.6940092
0.6940992
0.6937792
0.6938924
0.69368905
0.6937054
0.6938093
0.6939867
0.6940349
0.69384587
0.69372034
0.69368833
0.6936806
0.6938285
0.69382167
0.693851
0.6938217
0.6939824
0.69379246
0.693781
0.6938844
0.6936324
0.69362295
0.6937364
0.69373745
0.6936571
0.6936377
0.69389457
0.6938069
0.6938375
0.69362414
0.6936968
0.6935442
0.69380355
0.69378513
0.69380146
0.6936109
0.69379824
0.69386595
0.6937563
0.6937837
0.69367087
0.693861
0.69350237
0.6936538
0.69368386
0.69385296
0.6938042
0.69367146
0.69373685
0.69372106
0.69364786
0.6935227
0.69390845
0.693962
0.693843
0.6936935
0.6940415
0.69358337
0.69358045
0.6936593
0.6936969
0.6938015
0.69377327
0.693562
0.6936628
0.6937431
0.6938371
0.6936689
0.6935868
0.6939447
0.69382113
0.6936516
0.6937211
0.69366
0.6937297
0.6936962
0.69375587
0.6935258
0.6937108
0.6935455
0.6939643
0.69380087
0.6936467
0.69361216
0.6938478
0.6937464
0.69373554
0.6936136
0.69383895
0.6936977
0.69374746
0.6938919
0.6934618
0.6937516
0.6938094
0.6938023
0.6936195
0.6938985
0.69381666
0.6935849
0.69371635
0.6938068
0.69364285
0.6936784
0.6936137
0.6939138
0.6936781
0.6939036
0.69368356
0.69385797
0.69380355
0.6936437
0.69384366
0.69387805
0.6935845
0.69383776
0.6941107
0.69378114
0.69381386
0.6936787
0.6939447
0.6938273
0.69376117
0.693988
0.69379264
0.69415873
0.6939765
0.6938316
0.6936348
0.6939378
0.6939352
0.6940096
0.6938148
0.69404453
0.6936972
0.69381
0.693668
0.6936954
0.69425416
0.6938939
0.6937637
0.69395363
0.6936922
0.69394934
0.69377595
0.69402045
0.69383854
0.69389737
0.69379187
0.6938755
0.6937062
0.6937139
0.69388014
0.6937318
0.6940428
0.6939706
0.6940128
0.6939576
0.69401217
0.69394004
0.69374037
0.6937379
0.69391114
0.6938367
0.6937944
0.6938439
0.6939581
0.6938265
0.69382143
0.69391745
0.6939026
0.69400567
0.6937281
0.6942523
0.6940352
0.6936423
0.6938548
0.6938934
0.69379956
0.6938692
0.6935486
0.6939146
0.69402844
0.69386744
0.69400126
0.6939865
0.6939002
0.693912
0.69403005
0.6938212
0.6940836
0.69397753
0.69364995
0.69391584
0.6938481
0.69411874
0.6938246
0.6938161
0.6938551
0.6939454
0.69394225
0.6937687
0.6941355
0.6938332
0.6939507
0.6937792
0.6937838
0.6937815
0.693763
0.69391096
0.69405186
0.69384
0.6937571
0.69383675
0.69405824
0.69390506
0.6940001
0.6939055
0.6939082
0.69398105
0.69397664
0.69385314
0.693934
0.6939349
0.6937478
0.69387746
0.6940956
0.6938554
0.69387543
0.6938198
0.6936847
0.69389164
0.69403094
0.69413245
0.6941139
0.69376886
0.69413775
0.69385076
0.6938332
0.69374245
0.693633
0.6938503
0.6936945
0.69398856
0.6938632
0.693695
0.69375366
0.69397104
0.69388515
0.6940453
0.69394636
0.6939098
0.6937596
0.6938363
0.69398105
0.6939174
0.6939171
0.6938268
0.6939472
0.69374734
0.69417995
0.6940287
0.6940338
0.6938684
0.6937426
0.6937643
0.6939805
0.6940792
0.6940899
0.6938853
0.6939746
0.6938801
0.69381636
0.69404805
0.69404244
0.6940217
0.6937945
0.6939345
0.69414836
0.6939073
0.6938547
0.6938286
0.69394094
0.69401115
0.6936504
0.69373924
0.6939118
0.69373256
0.6940077
0.6938698
0.69377536
0.6938333
0.69394857
0.6940142
0.6940782
0.69392055
0.69380236
0.69382924
0.69382024
0.693855
0.69404453
0.6939824
0.69403756
0.6938621
0.6937856
0.69386864
0.6936382
0.6937996
0.69398916
0.69428986
0.6940013
0.69377756
0.6938204
0.6939682
0.6941702
0.6936483
0.69397086
0.6939247
0.6939171
0.694018
0.693772
0.69401187
0.6940082
0.6939524
0.69385386
0.693804
0.6937636
0.69381636
0.6938863
0.6937569
0.693774
0.6938347
0.69404876
0.69379634
0.69391865
0.6938025
0.69392836
0.693782
0.69394004
0.69401515
0.69399494
0.69398457
0.6938858
0.6937461
0.69382954
0.6939884
0.6941715
0.6939936
0.6937843
0.69406146
0.69387454
0.6937556
0.693702
0.69393903
0.693963
0.6938148
0.6939133
0.6938592
0.6937723
0.69370764
0.6938574
0.6939049
0.693888
0.69381446
0.6936814
0.6941274
0.6939153
0.6941552
0.69389683
0.6939351
0.6940994
0.6938534
0.6940144
0.69401973
0.694054
0.69412845
0.6939117
0.6937622
0.69407606
0.69372237
0.6939909
0.69388217
0.69378006
0.69383115
0.6938447
0.69387317
0.6937467
0.69381315
0.6937672
0.6940408
0.6939292
0.69406265
0.69375634
0.6938373
0.69389385
0.6939066
0.6938793
0.6940697
0.693875
0.6939508
0.69403106
0.6937347
0.6938341
0.6939513
0.6939864
0.6939157
0.69390506
0.6939725
0.6939535
0.69404775
0.69403845
0.69438326
0.69385856
0.69375736
0.6939049
0.6938621
0.6940692
0.69399184
0.6940504
0.69402844
0.6940312
0.69394535
0.6937817
0.6939724
0.69383526
0.6939339
0.6939772
0.69401306
0.6937168
0.6937111
0.69405574
0.69402266
0.69397944
0.6938854
0.6938335
0.6940806
0.6941248
0.6938848
0.6938698
0.6939666
0.6939871
0.69415236
0.6939632
0.6939595
0.6943255
0.6942215
0.6937036
0.6939044
0.69402057
0.69399637
0.6941101
0.69383
0.6939632
0.6941063
0.69410485
0.69386667
0.69408494
0.69394934
0.6941185
0.69416034
0.6941407
0.6939798
0.6941006
0.6940379
0.6939882
0.69372207
0.69392824
0.69408375
0.69412726
0.6939012
0.69397104
0.6940146
0.6937364
0.69374907
0.69407505
0.6939034
0.6938731
0.6938593
0.6940058
0.6939711
0.6941094
0.69394124
0.69398195
0.6940532
0.6939286
0.6939829
0.69414634
0.6936732
0.6939495
0.69400615
0.69383925
0.6938245
0.6939933
0.69393605
0.6939239
0.69396
0.6940151
0.69398
0.6939577
0.6940718
0.69391704
0.69415474
0.69411767
0.694104
0.69402236
0.6938323
0.6939721
0.6940567
0.693742
0.69393206
0.69381255
0.6940399
0.6938241
0.69393873
0.6940751
0.6938851
0.6938496
0.6939756
0.6938127
0.6940377
0.694257
0.69383985
0.6938941
0.693957
0.6939247
0.6938141
0.6938672
0.69375694
0.6938878
0.6940153
0.69390535
0.693919
0.6940204
0.6937725
0.6940457
0.6936917
0.6938563
0.69394445
0.6939724
0.6938732
0.6936515
0.6938367
0.6939203
0.6938691
0.69387865
0.69397527
0.6937389
0.69378763
0.693965
0.6939035
0.69394124
0.69381654
0.69387436
0.6938448
0.69391
0.6940255
0.69382495
0.69379705
0.6939533
0.6937563
0.6939898
0.69396925
0.694025
0.69383466
0.69379294
0.69391996
0.693953
0.69377494
0.693913
0.6938354
0.69365484
0.6939725
0.69371545
0.69379216
0.69387466
0.69377565
0.69395363
0.69378626
0.69390184
0.6939506
0.6942172
0.693863
0.6940291
0.69371486
0.6938987
0.693805
0.693732
0.69408405
0.6937092
0.6936399
0.69373184
0.69389457
0.6938953
0.6937885
0.693841
0.693943
0.6939151
0.69380856
0.69415885
0.69367933
0.69373053
0.69388187
0.69391274
0.69397056
0.6941351
0.69373316
0.6940755
0.69371784
0.69368917
0.6937258
0.693714
0.6938424
0.6937585
0.6938447
0.6938337
0.69385415
0.6937143
0.6937879
0.69379264
0.69365287
0.6936033
0.6937428
0.69388235
0.69390297
0.6938628
0.6939314
0.6937663
0.69376856
0.6936822
0.6939447
0.69376975
0.69369084
0.69392425
0.6941176
0.69390076
0.6937651
0.69388777
0.6939841
0.693878
0.69384474
0.69363976
0.69359255
0.6937397
0.69377506
0.69376826
0.69378006
0.69390535
0.69371045
0.6936696
0.69368994
0.6937921
0.6936982
0.69367266
0.69364387
0.69370806
0.6935898
0.6938387
0.6938344
0.69370383
0.69368505
0.69372153
0.69399345
0.6938416
0.69374424
0.6936419
0.6937024
0.69389194
0.6937534
0.69361204
0.69378066
0.69359607
0.69373673
0.69395393
0.6936305
0.6937077
0.6938749
0.69378394
0.6937416
0.69385105
0.6936612
0.69366574
0.6936364
0.6937808
0.69372827
0.69361764
0.69364405
0.69368845
0.6935098
0.69370055
0.69364786
0.6935497
0.6934816
0.6937536
0.69370383
0.69392794
0.6937999
0.6937512
0.6938934
0.69363487
0.6934826
0.6936911
0.6935262
0.69372416
0.69357723
0.6935509
0.6937571
0.693583
0.693707
0.6936669
0.6934774
0.6935401
0.69371814
0.6937927
0.6936886
0.69390947
0.6934785
0.6934613
0.6938228
0.6936102
0.69373643
0.69362247
0.69355303
0.6937168
0.69360197
0.69382316
0.6934242
0.69372106
0.6938375
0.6937353
0.693528
0.6936352
0.6936528
0.69376105
0.69373524
0.69371057
0.693597
0.693678
0.6937682
0.693857
0.69374514
0.6938565
0.69383943
0.69377947
0.6937972
0.6937844
0.6938645
0.6936441
0.6937671
0.6938077
0.6936044
0.69385344
0.69372374
0.6936677
0.6937532
0.6935222
0.6934692
0.6938098
0.69369566
0.6939164
0.6936733
0.693808
0.69374907
0.6939229
0.6938424
0.6937565
0.69367033
0.69332045
0.6937894
0.69352937
0.6936935
0.6937254
0.6937777
0.6935923
0.69373685
0.6937448
0.6938347
0.6939928
0.6937507
0.6935212
0.6937251
0.6937499
0.6936765
0.6936443
0.6937447
0.6936819
0.6937626
0.6937179
0.6936992
0.6939015
0.6936563
0.6937898
0.6937196
0.6935271
0.69371605
0.6936486
0.6937515
0.69375914
0.69345343
0.693943
0.69381064
0.69363683
0.6938841
0.6936284
0.6935398
0.6937336
0.6937706
0.6940271
0.6939024
0.69386697
0.69348204
0.69376296
0.6936081
0.6936369
0.693801
0.6937653
0.6936381
0.69378465
0.69366
0.69363815
0.69376194
0.69382304
0.69371915
0.69351536
0.69360024
0.69358313
0.6935434
0.69366604
0.69372004
0.6937559
0.6938551
0.6936369
0.69344825
0.6939486
0.6938044
0.6935086
0.6935782
0.6939887
0.69379646
0.69354075
0.69368774
0.69364756
0.69358903
0.6937505
0.69373184
0.694006
0.69353664
0.6938733
0.69371295
0.69384944
0.6937411
0.6938795
0.69376147
0.69369155
0.6936924
0.69379824
0.6938958
0.6936393
0.69374514
0.6939667
0.69369143
0.6939614
0.693933
0.69401747
0.6940698
0.6937657
0.69370323
0.6939305
0.69391924
0.6939393
0.6938905
0.694077
0.69388723
0.6937494
0.69385606
0.693939
0.69386023
0.6939264
0.6940169
0.694112
0.69399494
0.69397485
0.69384176
0.6938593
0.69429857
0.6940646
0.6939749
0.69385964
0.6942475
0.6941101
0.69384176
0.6940873
0.6938031
0.6938778
0.69397944
0.6941105
0.69390666
0.6940813
0.69407046
0.69398195
0.694255
0.6941408
0.69410986
0.69391793
0.69411606
0.69402677
0.6943498
0.6941308
0.694083
0.6943157
0.6940225
0.6941424
0.69416475
0.6940601
0.6940597
0.69431335
0.69392353
0.6940223
0.69400626
0.6943012
0.69400805
0.6940555
0.69416255
0.6941568
0.69431156
0.6941971
0.69417155
0.69436646
0.69408065
0.69424903
0.6941154
0.6940894
0.69413835
0.69423974
0.6941235
0.6940269
0.69400346
0.69410014
0.6941193
0.69417715
0.69397324
0.69436127
0.6941659
0.694025
0.69424915
0.6941822
0.69398314
0.69400054
0.69423956
0.69410086
0.69418275
0.69419616
0.6940277
0.6941277
0.694324
0.69415915
0.69399244
0.6941392
0.6940374
0.6940935
0.6941049
0.6942115
0.6941051
0.6940116
0.69404906
0.69403857
0.69402003
0.6941593
0.69400686
0.694095
0.69409794
0.69399536
0.69412214
0.69411147
0.6940221
0.6940162
0.69405156
0.6939938
0.6938332
0.6940616
0.69396687
0.69390243
0.6939435
0.6941073
0.69394696
0.69382244
0.6943132
0.69405586
0.6939499
0.6940159
0.69400865
0.69376105
0.6938882
0.69408745
0.69372034
0.69393057
0.6936418
0.6940481
0.6936614
0.6937499
0.69375753
0.6939693
0.693725
0.6939627
0.6937927
0.69391364
0.69377637
0.69382894
0.69371986
0.69371146
0.69355804
0.69373274
0.69387454
0.6936516
0.6939507
0.69374377
0.6936954
0.6938667
0.69394916
0.6936626
0.6936489
0.6938693
0.6937925
0.6935306
0.69346994
0.6940684
0.6937807
0.6937595
0.6936223
0.6936164
0.6936682
0.69374347
0.69373584
0.69366324
0.6936822
0.6937639
0.69371605
0.69367725
0.6938379
0.6936199
0.69359183
0.6937742
0.69354844
0.69380224
0.69404984
0.6935797
0.69367594
0.6935845
0.6936758
0.6939511
0.69375443
0.69386625
0.6936592
0.6937957
0.69365484
0.69393563
0.69375986
0.6938994
0.6940059
0.69390696
0.69374406
0.69379854
0.694017
0.69395834
0.69384336
0.6938794
0.693459
0.6937947
0.6937375
0.6938884
0.69402313
0.69390184
0.69401604
0.6938692
0.6938691
0.6940902
0.6938204
0.6938908
0.69383216
0.69390774
0.69412255
0.69398683
0.693992
0.6941946
0.694037
0.6940652
0.6941724
0.69415385
0.6938691
0.6940828
0.694032
0.6941506
0.6939979
0.6940659
0.6941478
0.6942427
0.6939354
0.69407624
0.6940973
0.6941054
0.69405925
0.6940983
0.6942607
0.6943921
0.6944731
0.69409543
0.6941256
0.6941892
0.6941113
0.6943386
0.6940809
0.69438314
0.6943637
0.6944251
0.69416595
0.69403636
0.69407195
0.69421667
0.69435453
0.69422984
0.6942003
0.69434327
0.6942601
0.69432116
0.6942035
0.6942827
0.6942099
0.69434994
0.69436496
0.6943796
0.6944169
0.6941485
0.69430065
0.6942793
0.69424516
0.69433796
0.69445646
0.69440967
0.6942753
0.6943594
0.69439405
0.69417393
0.6942937
0.6944697
0.6944137
0.69433177
0.6944742
0.69449157
0.6943582
0.69429666
0.6941194
0.6942836
0.69431436
0.69441915
0.6942631
0.6941429
0.6944894
0.6945669
0.6941985
0.6943004
0.6943585
0.6943278
0.6942545
0.6945357
0.69439554
0.694283
0.69429034
0.69470096
0.69464797
0.69428045
0.6944583
0.6943576
0.6945616
0.6942728
0.6944172
0.6942875
0.6943174
0.69435453
0.6945796
0.6943857
0.694304
0.69450307
0.69449955
0.6943164
0.69435424
0.6946201
0.6944168
0.6943383
0.6944284
0.69444555
0.69455385
0.6945839
0.6943914
0.69440854
0.69413877
0.69435716
0.69419324
0.69439393
0.69439685
0.6944472
0.69419557
0.69442654
0.6944259
0.6942919
0.6943283
0.6943622
0.6944124
0.6940501
0.69426954
0.6943316
0.69433516
0.6945157
0.6943148
0.694458
0.69445866
0.6941851
0.6943761
0.6942606
0.6943228
0.6943021
0.6943969
0.6941564
0.6942451
0.6941371
0.69444555
0.6940248
0.69435835
0.69413596
0.69431806
0.694121
0.69429135
0.69394255
0.694594
0.69425154
0.6941882
0.69437486
0.6943071
0.6941556
0.6940519
0.69425786
0.6942064
0.6941776
0.6941566
0.6942877
0.69407445
0.6941977
0.69417435
0.6942915
0.69416314
0.6943147
0.69417155
0.6944202
0.6942528
0.6941216
0.69424057
0.6940443
0.6942671
0.69419223
0.6941069
0.6940011
0.69413376
0.69411874
0.694013
0.6940597
0.6942411
0.6939936
0.69400024
0.69393176
0.6941151
0.6940597
0.6939969
0.6943097
0.69411683
0.6941646
0.69409966
0.69389373
0.6943484
0.6942312
0.6941654
0.6942892
0.6941352
0.69410807
0.69415295
0.69419104
0.6939081
0.6941386
0.69415027
0.6939507
0.6940427
0.6939605
0.69423616
0.6941024
0.6941087
0.6938738
0.6940672
0.693947
0.6939469
0.69414866
0.6940188
0.6941778
0.69411546
0.69410247
0.6940534
0.6942673
0.69397813
0.6941886
0.6941034
0.6939866
0.6939781
0.6941884
0.6940516
0.6941716
0.694027
0.69394505
0.6941747
0.69411695
0.6941952
0.6939935
0.69374925
0.6939595
0.6938984
0.694179
0.69404715
0.6939227
0.69396126
0.6939099
0.6941896
0.6941479
0.69403565
0.6939435
0.6939478
0.69415045
0.6941376
0.69414157
0.6942842
0.69397813
0.69445926
0.69405085
0.6940237
0.6941593
0.69419926
0.69415563
0.6941707
0.69420433
0.6941488
0.6940424
0.6940694
0.69436854
0.69416136
0.6941985
0.6941663
0.6939909
0.6938397
0.6939968
0.6943418
0.6942287
0.6942752
0.6939964
0.6940975
0.6941316
0.69435143
0.6940325
0.6943015
0.69402975
0.69417864
0.69415396
0.69412184
0.69443655
0.69403505
0.6940348
0.6941459
0.6941826
0.69416857
0.69423264
0.6942485
0.69433516
0.69427925
0.69417363
0.6942894
0.69429034
0.69421107
0.6941213
0.6941557
0.6939712
0.6940655
0.69449127
0.6943468
0.69439036
0.6945259
0.6944308
0.69431657
0.6941462
0.6943574
0.6944831
0.69432974
0.6941953
0.69429326
0.6942328
0.69426143
0.6944942
0.6942197
0.69427264
0.6941398
0.6942137
0.69438297
0.69438535
0.69435686
0.69451153
0.6943933
0.6942968
0.694489
0.6940439
0.6942614
0.6942734
0.6943024
0.694193
0.6944286
0.6942566
0.694474
0.6943227
0.69417363
0.6944615
0.69433016
0.6940599
0.69438535
0.6944115
0.6943116
0.6942429
0.6941786
0.69433177
0.6942747
0.69452906
0.6943738
0.6940889
0.69438875
0.6943118
0.694263
0.6943587
0.69417775
0.6943341
0.69437015
0.6942679
0.6942851
0.69443506
0.69430786
0.69406897
0.69415444
0.69420093
0.69446933
0.6942304
0.69430923
0.694332
0.694372
0.6944018
0.6941534
0.6943829
0.69429296
0.6942933
0.69418985
0.69442
0.69410545
0.69421405
0.69422334
0.6942996
0.6940938
0.69434255
0.69407654
0.694391
0.694091
0.6941545
0.6941124
0.6941618
0.6943252
0.6944279
0.6943498
0.6942312
0.6942941
0.69408053
0.69431865
0.69428587
0.69431615
0.69425887
0.6939463
0.6939809
0.69399446
0.6941199
0.694205
0.6941432
0.69429684
0.6942008
0.6940503
0.69409484
0.6942147
0.6940215
0.69418806
0.69413006
0.69416827
0.6941405
0.69395465
0.6939337
0.69413143
0.69399714
0.69392246
0.6942418
0.69375724
0.69392604
0.6940389
0.69404054
0.69417334
0.69417083
0.69376975
0.6940601
0.6940141
0.69392294
0.693944
0.6941691
0.6941594
0.6940939
0.6940426
0.6940628
0.6941407
0.69406766
0.6937002
0.6940681
0.693899
0.69391894
0.6939667
0.69374645
0.6938866
0.69405
0.6941771
0.69409263
0.69402295
0.6938431
0.6938051
0.6940642
0.6938229
0.6939266
0.6938465
0.6941653
0.6939785
0.69372964
0.6939639
0.69412076
0.6938742
0.69387454
0.6937315
0.69405407
0.6939145
0.6939379
0.6940241
0.69393945
0.6938692
0.6936789
0.69395566
0.69375473
0.6937872
0.69388574
0.6938759
0.6937079
0.69368047
0.69396347
0.69412726
0.69393307
0.6939029
0.6939507
0.69368416
0.6936867
0.69377285
0.69402605
0.6940203
0.69368666
0.69391435
0.693705
0.6939893
0.6939048
0.69373745
0.6939221
0.69367856
0.69392973
0.6939944
0.69395214
0.6935989
0.69370395
0.6937125
0.693784
0.69363385
0.69393796
0.69402975
0.6939532
0.693999
0.6940094
0.69412565
0.6938796
0.6938734
0.69389975
0.6938734
0.6935695
0.6939685
0.694148
0.6938612
0.6937926
0.6939825
0.69396734
0.693781
0.69381064
0.69388753
0.6938119
0.69363576
0.69372576
0.69370884
0.69365925
0.6937529
0.6938095
0.6938824
0.69390047
0.6939641
0.69405586
0.69391865
0.69378513
0.6938593
0.6938708
0.69390357
0.69375557
0.69407207
0.693897
0.6937229
0.69408363
0.69405234
0.69373244
0.6940517
0.6938068
0.6937058
0.6937207
0.6939062
0.69369704
0.69389653
0.6940549
0.69383836
0.69382024
0.6938743
0.6939385
0.6937365
0.6940099
0.6937547
0.6937661
0.693849
0.6935976
0.69392836
0.69379216
0.69385535
0.69380504
0.69388914
0.69400245
0.6938797
0.69382715
0.69382715
0.6939381
0.693925
0.6937009
0.69385
0.6940015
0.6938987
0.69388586
0.6939234
0.6939705
0.6940653
0.69382435
0.693833
0.6940774
0.6935434
0.69390404
0.6939074
0.693677
0.6937386
0.69395816
0.6937252
0.6936299
0.6937335
0.69393516
0.6939016
0.6938074
0.69368804
0.69357896
0.6936987
0.6936946
0.69367975
0.6940585
0.69367045
0.69392574
0.69362134
0.6939072
0.69387656
0.6937559
0.6936753
0.6938674
0.69409734
0.693971
0.6938229
0.693919
0.6935951
0.6938861
0.6937368
0.69389516
0.693576
0.69367296
0.69370204
0.6939536
0.69377303
0.69381
0.69362533
0.6938376
0.69386065
0.69392157
0.69363225
0.6937005
0.693995
0.69370794
0.6936553
0.69387555
0.69376385
0.69388634
0.69367445
0.6939145
0.693956
0.69373274
0.6939366
0.69365686
0.69371915
0.69384956
0.69379276
0.69359887
0.6938916
0.6934643
0.6938489
0.69378555
0.69383997
0.693644
0.6939702
0.6939358
0.69360024
0.6937661
0.69388723
0.6935765
0.6938628
0.69376135
0.6939281
0.69387203
0.69373906
0.6938116
0.69365424
0.69365
0.69398236
0.69352704
0.69364405
0.6936873
0.6937752
0.6937367
0.6938586
0.6936364
0.6936438
0.69358945
0.69376326
0.69371486
0.6935102
0.6937454
0.6938014
0.69375116
0.6938939
0.69360346
0.693635
0.6939903
0.6937156
0.69363374
0.6937582
0.69348145
0.6936628
0.6937147
0.69380915
0.69373536
0.69369745
0.6938055
0.6937165
0.6937194
0.69388324
0.6936895
0.69364184
0.6935477
0.6936374
0.6939565
0.6935559
0.6936564
0.693687
0.69387436
0.69383997
0.6938777
0.6939574
0.6936352
0.69390154
0.6942495
0.69385815
0.6937727
0.69385165
0.69358957
0.69375634
0.6937731
0.69371325
0.69368863
0.6936672
0.69372165
0.6935834
0.693675
0.69370383
0.6938203
0.6938187
0.6936901
0.6936473
0.69366944
0.6937906
0.6938829
0.6938907
0.6937473
0.693649
0.69361454
0.6936372
0.6937306
0.6937547
0.69368315
0.6936822
0.69360536
0.69368416
0.6936291
0.69377273
0.69358236
0.6935745
0.69385856
0.6935179
0.6936073
0.6936787
0.6937553
0.6939681
0.6936665
0.69393116
0.6936943
0.6940197
0.694003
0.69360924
0.6938419
0.693735
0.6937216
0.6937813
0.6934992
0.69384986
0.6938284
0.6937899
0.6939588
0.69395703
0.6936392
0.693602
0.6935925
0.6936902
0.69387734
0.6938284
0.6936931
0.6937797
0.69385743
0.6936747
0.6936261
0.6938501
0.69349813
0.6935307
0.69380903
0.6938112
0.69388723
0.6939622
0.69351083
0.6937652
0.6934964
0.69382113
0.6938102
0.69371057
0.69395655
0.6937109
0.6937424
0.69387627
0.6940426
0.6937461
0.69375986
0.69379544
0.69392043
0.6937366
0.6937588
0.6938946
0.69370884
0.6936923
0.6937014
0.6936987
0.69389135
0.6938175
0.69386154
0.69363785
0.6940074
0.6937675
0.6936857
0.69371766
0.6936841
0.6939599
0.6939144
0.69372296
0.6939357
0.6941004
0.6936719
0.69390947
0.69373953
0.69393104
0.6936858
0.6938148
0.6937745
0.6938344
0.69401735
0.6939094
0.69384474
0.6939432
0.6938782
0.69396174
0.69400346
0.6939451
0.6940363
0.6941094
0.69404656
0.6937529
0.69385165
0.6937489
0.6939499
0.69385624
0.69400203
0.6939214
0.6937717
0.69397944
0.6938089
0.69406813
0.6939319
0.6938227
0.6938898
0.6938139
0.69412214
0.69372296
0.6937785
0.69392425
0.69393325
0.69404197
0.6938799
0.6939126
0.69389105
0.6940573
0.69389015
0.6940207
0.6937199
0.6940325
0.69386995
0.69387907
0.69392765
0.69399333
0.6941554
0.6939594
0.6936874
0.69396764
0.6939531
0.69406176
0.69382715
0.6939487
0.6939214
0.6939705
0.6939823
0.6938763
0.6939053
0.6938601
0.69378793
0.69378203
0.69391793
0.6940371
0.69391316
0.69353217
0.6939222
0.69374895
0.69409585
0.6941053
0.6942551
0.6937785
0.6937577
0.6938326
0.693845
0.6941465
0.69381934
0.6937366
0.69377166
0.69404286
0.69384885
0.6939463
0.6941136
0.69395727
0.69387275
0.6936082
0.69388187
0.6935716
0.69413275
0.69391394
0.6939233
0.6939721
0.6939124
0.69396
0.6938863
0.6940011
0.6937347
0.6940543
0.6939427
0.69385886
0.69387865
0.6939237
0.6937944
0.6939635
0.69362867
0.6939678
0.6939359
0.69380146
0.69377273
0.69394875
0.69371146
0.69357055
0.6939268
0.69391614
0.693954
0.6936524
0.6936949
0.69396365
0.6938847
0.6938909
0.6938637
0.693727
0.6940874
0.6937943
0.6936197
0.6939575
0.693707
0.6938889
0.6938669
0.6936817
0.69371843
0.6936733
0.6936934
0.6938904
0.69389963
0.69358385
0.6937811
0.69378173
0.69384784
0.69383234
0.69373363
0.69404
0.6939786
0.69390756
0.6936585
0.69360965
0.69359434
0.6936473
0.6936582
0.6938233
0.693736
0.69363356
0.6938462
0.69363636
0.6937249
0.6934932
0.6938732
0.69384515
0.6938023
0.69382024
0.69370556
0.6937334
0.6936625
0.6936817
0.6937977
0.693727
0.6938109
0.69369507
0.6937364
0.6937817
0.6937223
0.69371563
0.6937365
0.69364774
0.6937919
0.69385654
0.6937801
0.6938641
0.6939333
0.69370484
0.6939778
0.69388556
0.6937027
0.693781
0.69375926
0.6937772
0.6937225
0.6936105
0.6939413
0.69380045
0.69375443
0.69404525
0.69392824
0.6937676
0.6937413
0.69401467
0.69380784
0.6936825
0.69390947
0.6937643
0.6936218
0.69365484
0.6937165
0.6939271
0.69374233
0.6938826
0.6937822
0.69377667
0.6938391
0.69383043
0.6939611
0.69408417
0.6937037
0.6940809
0.69399434
0.6938651
0.693973
0.6940738
0.6941007
0.69379807
0.69407135
0.69382364
0.69362354
0.6939391
0.6938142
0.6938405
0.6938635
0.6939524
0.6938029
0.6938882
0.6938761
0.6939625
0.6939144
0.69405615
0.69386625
0.6939027
0.6938532
0.69393545
0.69405174
0.6938094
0.694065
0.69394165
0.69410866
0.6940142
0.69391394
0.6939971
0.69412154
0.69390285
0.6939359
0.6938826
0.69404936
0.6940192
0.69380325
0.6940333
0.69398135
0.69383925
0.6940522
0.6939406
0.6938766
0.6942274
0.6941018
0.6938903
0.69404745
0.69408274
0.69417876
0.69392395
0.69395804
0.6938298
0.69392455
0.69388723
0.6937503
0.69376576
0.6936684
0.6939788
0.69402045
0.6940703
0.6939085
0.6939471
0.69394636
0.69388044
0.6939209
0.69380486
0.69385415
0.6938429
0.69400686
0.6939727
0.6939539
0.693674
0.6940402
0.6937309
0.69377524
0.6939576
0.693618
0.6938508
0.69397116
0.69389343
0.6938969
0.6938033
0.6938587
0.6939665
0.69373655
0.69382745
0.69374573
0.6936668
0.6939111
0.6937036
0.6939032
0.69392115
0.69388086
0.69378155
0.69373685
0.6938573
0.6939046
0.69367343
0.6936807
0.69358027
0.6938017
0.69364715
0.6938938
0.69380355
0.6935907
0.6936005
0.69376874
0.6936872
0.69348794
0.6936453
0.69366586
0.69378424
0.69352573
0.69355386
0.6936845
0.6937302
0.6935545
0.69348586
0.6937531
0.6934889
0.69355875
0.693588
0.6938271
0.69384366
0.69361776
0.69358104
0.6937414
0.6936159
0.6936536
0.69328415
0.69367063
0.69359094
0.6934682
0.6932652
0.69357514
0.6933989
0.69362146
0.69341594
0.6935973
0.69357675
0.69336545
0.69355124
0.69324
0.6934261
0.6936811
0.6936608
0.6934375
0.6937916
0.6936489
0.6932922
0.69340587
0.69336396
0.69355077
0.6934309
0.69347644
0.69356906
0.69331884
0.6934116
0.693597
0.69319075
0.69352776
0.6935239
0.6933896
0.6935736
0.69356424
0.69327617
0.69345546
0.69371253
0.6935034
0.69332075
0.6933942
0.6933301
0.6934329
0.69354236
0.69360316
0.6933303
0.69346356
0.693658
0.6932597
0.69372374
0.69351095
0.6934061
0.6934653
0.6936018
0.6935682
0.69344705
0.6935583
0.6936446
0.69335836
0.6934476
0.6936514
0.69340533
0.6933304
0.6936018
0.6933879
0.6934428
0.6935835
0.6935729
0.69346094
0.6934675
0.69344276
0.6934386
0.6934531
0.69331014
0.6933812
0.6934802
0.6934487
0.6935114
0.6934524
0.69326025
0.6936043
0.69349074
0.69358355
0.69377846
0.69351786
0.69345295
0.6935454
0.69341296
0.6935232
0.6933754
0.69342995
0.6937104
0.69345695
0.69364864
0.6936002
0.6935372
0.69333184
0.6935849
0.693408
0.69341826
0.6934641
0.693561
0.6933468
0.6936093
0.6935963
0.6936887
0.6938214
0.693659
0.69364786
0.6934718
0.69357747
0.6934133
0.6936412
0.6935468
0.6934609
0.69365406
0.69352
0.69347847
0.6934158
0.6936387
0.6936165
0.6935873
0.693519
0.6933991
0.6934201
0.69350195
0.69345653
0.69370437
0.6934993
0.693419
0.693549
0.693374
0.6936029
0.69332814
0.6931573
0.69361085
0.693738
0.69343096
0.69346124
0.69324577
0.6934636
0.6934285
0.6933997
0.69355917
0.69353247
0.69355345
0.6935698
0.693544
0.693343
0.6935398
0.69360954
0.69373846
0.69354427
0.69374204
0.69334793
0.6935047
0.6935138
0.69344324
0.6934757
0.6934262
0.6934824
0.6939592
0.6935749
0.6934381
0.6932556
0.693775
0.693462
0.69359493
0.6937138
0.6935159
0.69371176
0.6935442
0.69355184
0.6935899
0.6935244
0.69353694
0.6935965
0.69350004
0.6936755
0.69361174
0.69336283
0.69363356
0.69351196
0.6934637
0.6935759
0.6933597
0.6935153
0.69364023
0.69372314
0.6934822
0.69377834
0.69350636
0.69339424
0.6934591
0.69355434
0.6935732
0.69359064
0.6934626
0.69353664
0.69359064
0.6936118
0.69373566
0.69357693
0.6935886
0.69359624
0.69357824
0.69369614
0.69368786
0.6937141
0.693514
0.6933948
0.69376415
0.6937159
0.69359183
0.6938559
0.6937506
0.6937641
0.69354117
0.6934842
0.6937415
0.6936499
0.6934128
0.6937304
0.6934459
0.69341797
0.6935929
0.6934618
0.6935074
0.69366056
0.6938672
0.6935731
0.69357073
0.6933798
0.6937211
0.6938686
0.6934896
0.69366693
0.69360304
0.6936005
0.6936469
0.6936203
0.69369
0.6935971
0.6935837
0.69369525
0.6935118
0.69364053
0.6936385
0.6936784
0.6936981
0.6935617
0.69373363
0.6935592
0.6936882
0.6935871
0.693795
0.69371295
0.69363505
0.693734
0.6937425
0.69365895
0.69364613
0.6936128
0.6936155
0.69385177
0.69360685
0.6937183
0.69373393
0.6936303
0.6938036
0.6936213
0.69364744
0.69360673
0.6938399
0.6937696
0.6934954
0.6936262
0.6937644
0.69369733
0.6937442
0.69374937
0.69385743
0.69367903
0.6934275
0.69376254
0.6938904
0.6936367
0.69387674
0.6937767
0.6936697
0.6935598
0.69393736
0.69386715
0.6938814
0.6937816
0.6939024
0.6937261
0.6937874
0.6936532
0.69396335
0.69366455
0.69352674
0.6938367
0.69370204
0.6938377
0.69382817
0.69379354
0.6934945
0.69373536
0.69385815
0.6938451
0.6935883
0.6937245
0.69381326
0.6937533
0.69375956
0.6937923
0.6939857
0.69380313
0.6938961
0.6937558
0.6939087
0.6937814
0.69385237
0.6937457
0.6938248
0.6936644
0.69386685
0.69385797
0.69378245
0.6937943
0.69379723
0.69398975
0.69378865
0.6938595
0.6937065
0.69383955
0.6936854
0.69390947
0.693856
0.6937975
0.69388515
0.6937104
0.69394046
0.69378775
0.69412374
0.6938629
0.693886
0.69382536
0.693801
0.6939375
0.6938535
0.6938372
0.6939263
0.6938419
0.6938612
0.69377434
0.693734
0.69394964
0.6937887
0.6939366
0.69376993
0.6938557
0.6940317
0.6940698
0.69382304
0.694142
0.6935477
0.69391954
0.6936921
0.693987
0.69390386
0.693986
0.69386655
0.69408923
0.69392705
0.69403654
0.69399273
0.6939685
0.694022
0.6939327
0.6940314
0.6936525
0.6941482
0.69379455
0.69404346
0.69396067
0.6938206
0.6938504
0.69387865
0.6939734
0.69377434
0.6937817
0.6940446
0.69408274
0.6939828
0.694212
0.6938647
0.6939849
0.6939195
0.69383585
0.6938799
0.6939581
0.6940541
0.69384784
0.69398147
0.6938867
0.69409996
0.6941859
0.69379956
0.6939257
0.69409907
0.6940876
0.6940362
0.6940934
0.6941637
0.6938188
0.6938364
0.69408953
0.6941253
0.69415194
0.69408894
0.6939147
0.6941643
0.69380826
0.69407326
0.6940803
0.693971
0.6941077
0.69387126
0.6939057
0.6940024
0.6940433
0.69388485
0.69389725
0.6939101
0.69396675
0.69395244
0.6940077
0.6939149
0.69412977
0.693953
0.693845
0.69395477
0.6939292
0.6939312
0.69363904
0.6941055
0.6941565
0.6939858
0.69396245
0.6939538
0.69428355
0.693876
0.69382006
0.6940078
0.6936762
0.6942583
0.6940305
0.69415003
0.6939063
0.693813
0.6939062
0.69398093
0.69411147
0.69390076
0.6939388
0.694168
0.6939157
0.693906
0.69401246
0.69397736
0.69405586
0.69378823
0.6939981
0.6940147
0.6939332
0.6938628
0.6940014
0.6939612
0.69400936
0.69388944
0.69385606
0.6938873
0.6938634
0.69409186
0.6937344
0.6940315
0.6938933
0.6939083
0.6936796
0.6938529
0.69385767
0.693799
0.69403225
0.6940077
0.6938861
0.6938665
0.6939438
0.6941985
0.6937967
0.69392717
0.6937558
0.6940844
0.6937477
0.693973
0.6940021
0.69403666
0.69410044
0.69373125
0.69395524
0.6937568
0.6939683
0.693965
0.6939562
0.6940963
0.69397616
0.693912
0.6938353
0.6938759
0.6942304
0.69403285
0.69388354
0.69392663
0.69387615
0.6936862
0.6938945
0.6938465
0.6936943
0.6937955
0.693892
0.69382644
0.6941286
0.6937973
0.6939127
0.6939923
0.6943101
0.6940016
0.69414514
0.6938637
0.69392824
0.6936646
0.6938063
0.69391483
0.69376355
0.69397753
0.6939502
0.69387096
0.69397974
0.69423825
0.69385374
0.6938819
0.6938609
0.6938754
0.6940823
0.6938532
0.6937208
0.693724
0.6939302
0.6939246
0.6941556
0.6940134
0.69406486
0.6938951
0.69394296
0.69401485
0.69404745
0.6938457
0.6940021
0.69378835
0.6941046
0.69378823
0.6942124
0.69383526
0.69412136
0.6937392
0.69396144
0.6939848
0.6938345
0.69393694
0.694125
0.6938667
0.6939168
0.69378847
0.6939764
0.6941119
0.6940532
0.69386727
0.6941997
0.6938879
0.69413054
0.69377667
0.69397664
0.6939726
0.6940525
0.6940178
0.6939232
0.6939709
0.6939893
0.69423
0.69386524
0.6941522
0.6939824
0.69414735
0.69401294
0.6940315
0.6939179
0.6941841
0.69400334
0.69401175
0.6938255
0.69389665
0.6938673
0.69395417
0.6940157
0.6941156
0.6939506
0.69393957
0.6941043
0.69398886
0.69387925
0.69398576
0.694171
0.6939953
0.69411516
0.6938618
0.69395995
0.693752
0.6943183
0.69381213
0.694172
0.6938922
0.6940638
0.6940909
0.69404364
0.69395983
0.69394225
0.69393176
0.69409895
0.69399905
0.6942135
0.69402915
0.69430137
0.69392514
0.69374657
0.69414926
0.69398534
0.69415015
0.6939241
0.6939314
0.6939643
0.69411945
0.6940308
0.6940503
0.6940546
0.69405216
0.69406986
0.69377923
0.69395465
0.6940603
0.6940288
0.6940252
0.6939324
0.694217
0.69414014
0.6940662
0.6941381
0.6939507
0.69418937
0.6941244
0.69395614
0.69422424
0.6940964
0.6940176
0.6938764
0.6939544
0.6939692
0.6939499
0.6941291
0.6938388
0.6939506
0.69400674
0.69383895
0.6939586
0.69396734
0.69389635
0.6940955
0.69409895
0.6939594
0.69394076
0.6939895
0.69423896
0.69386965
0.6942925
0.6939335
0.6940829
0.69398046
0.6941628
0.69392824
0.6941309
0.694085
0.69396603
0.6938806
0.6942048
0.694195
0.6940503
0.6941292
0.6941027
0.6938671
0.6938239
0.694074
0.6939892
0.69402915
0.69394255
0.69403404
0.69412345
0.69407946
0.6941269
0.69404864
0.69387984
0.69424886
0.6939677
0.69402736
0.6941407
0.6940269
0.69414026
0.6940646
0.6940882
0.6943469
0.6940197
0.69400597
0.69410086
0.6942506
0.69399977
0.69417286
0.6938729
0.69416076
0.69402635
0.69398445
0.6940349
0.6941775
0.6939658
0.6940102
0.6939597
0.69417876
0.6940873
0.6940919
0.6940532
0.6941599
0.6939178
0.69400924
0.6941066
0.6938572
0.6940872
0.6941597
0.6937648
0.6938322
0.69404644
0.6939022
0.6942405
0.69405997
0.6941535
0.69393784
0.6938179
0.69396895
0.69408685
0.6939347
0.6940393
0.6941162
0.69390666
0.6940512
0.6940367
0.6939743
0.6941288
0.6940576
0.69422203
0.69402057
0.69411707
0.69380087
0.69424707
0.69405764
0.69400823
0.69385827
0.6939482
0.69403154
0.69386464
0.69395953
0.6939548
0.6942728
0.69402206
0.6939721
0.69411165
0.6938228
0.6940701
0.6939906
0.69400674
0.69408697
0.69395876
0.6936168
0.69405985
0.69382346
0.694112
0.69391745
0.69400716
0.69374484
0.6939589
0.69401354
0.6938243
0.6939296
0.6940839
0.6937859
0.6937964
0.6937074
0.693782
0.6938666
0.69393617
0.69391423
0.6938626
0.6938551
0.69385797
0.6939078
0.6939235
0.693731
0.69379705
0.6939596
0.69372123
0.6936868
0.69374293
0.6939616
0.6937935
0.69393057
0.6937245
0.6936499
0.693726
0.693872
0.69397575
0.69384754
0.69395226
0.69366294
0.69391614
0.69367343
0.6937399
0.6937665
0.6937928
0.6940117
0.69397384
0.6938255
0.69378865
0.6936841
0.6937797
0.69388026
0.6936038
0.6939058
0.6939487
0.6936333
0.6938846
0.69356805
0.69381166
0.69354904
0.6937902
0.69341344
0.693827
0.6937687
0.69386166
0.69368094
0.69374245
0.69355834
0.69398105
0.6935497
0.6936711
0.6936442
0.69384134
0.69359154
0.69368327
0.69361186
0.69356364
0.69388884
0.6937289
0.6936205
0.6937681
0.69372594
0.6935638
0.6936101
0.69349134
0.6935816
0.69366926
0.6934774
0.6936643
0.6936176
0.6937799
0.6936574
0.6936218
0.69352525
0.6938107
0.6936579
0.6937467
0.6935567
0.69348496
0.6936091
0.6937178
0.6934946
0.69346076
0.6936161
0.6937258
0.69342893
0.69369316
0.6935505
0.6936249
0.6937303
0.69355136
0.6939237
0.6935366
0.6937112
0.6936034
0.6936996
0.6939937
0.69363993
0.69373053
0.69362605
0.69360125
0.69349223
0.6937917
0.69362944
0.6934562
0.69362503
0.6935196
0.69353306
0.6934603
0.69368684
0.6936774
0.6935811
0.6934836
0.6937639
0.6934336
0.69351274
0.69348073
0.6936488
0.69338053
0.693505
0.6934036
0.69352514
0.69346124
0.6936079
0.6934171
0.69360566
0.6935738
0.69359565
0.69359165
0.69359916
0.69345343
0.69351816
0.69361544
0.693702
0.69350857
0.6936008
0.6936709
0.69361573
0.69347495
0.6935623
0.6935187
0.69355524
0.69368666
0.69365066
0.69344157
0.6936424
0.6934533
0.6934304
0.69360155
0.69366854
0.69365203
0.6936415
0.6937156
0.69347394
0.6936136
0.693483
0.6935551
0.693598
0.69345707
0.6936793
0.69365877
0.69365185
0.6937806
0.6935791
0.69354546
0.6938349
0.69362843
0.6935748
0.69381136
0.6934986
0.6937182
0.6932844
0.6937724
0.6935726
0.6937521
0.69357634
0.6935768
0.6937543
0.69377214
0.6935702
0.6936408
0.69384724
0.6936598
0.6935973
0.69384354
0.6937539
0.69376296
0.6935441
0.6938732
0.6935389
0.69359314
0.6935595
0.69340724
0.69382995
0.6936314
0.6935154
0.6936863
0.69377637
0.69385034
0.6937735
0.69377947
0.6938462
0.6937878
0.6935458
0.6936797
0.69357765
0.69355506
0.69347656
0.69345075
0.6936589
0.69349855
0.6936686
