0.6875542
0.68278074
0.66769636
0.67162275
0.67345625
0.6743975
0.67415696
0.67404
0.6740447
0.6740247
0.6742794
0.6739743
0.674171
0.67463595
0.6748173
0.67545897
0.67617387
0.6761765
0.6761909
0.6764582
0.6760014
0.6759229
0.6761788
0.6759384
0.67603457
0.6763993
0.67622954
0.6762415
0.67600983
0.67646843
0.67678607
0.6765514
0.6764594
0.67656523
0.6768247
0.67665505
0.6768829
0.67695004
0.67725354
0.6771344
0.6778886
0.6780321
0.6780984
0.67810893
0.6781752
0.67850757
0.6783401
0.67833126
0.6785187
0.6784942
0.67834723
0.67842555
0.67836004
0.67885363
0.6788616
0.678967
0.6790751
0.6790077
0.6788993
0.6795211
0.67945844
0.6796484
0.6796085
0.67960477
0.6800317
0.6802634
0.6802448
0.6800345
0.68004185
0.68045557
0.6804909
0.68059176
0.68080616
0.68114996
0.6809783
0.68107164
0.6813751
0.68140376
0.6815078
0.6814612
0.68153346
0.6816289
0.6817177
0.6821261
0.6820242
0.6821771
0.6823537
0.68223685
0.6826829
0.6823781
0.6826042
0.6827222
0.6830596
0.68290997
0.6830496
0.683099
0.6832788
0.6834015
0.68326205
0.6832916
0.6834814
0.68373597
0.6837125
0.68403035
0.6841283
0.6842634
0.6843658
0.68426037
0.6847797
0.68475103
0.6847227
0.6846535
0.6851107
0.68516874
0.68516135
0.6849091
0.68518084
0.6854226
0.6855717
0.68586886
0.6856875
0.6857587
0.6857721
0.68584776
0.6859571
0.68585604
0.6861045
0.68615234
0.6861418
0.6861882
0.6866036
0.68645597
0.68668026
0.6866238
0.6865834
0.6868912
0.68710953
0.686758
0.6868073
0.68709266
0.6871084
0.6873836
0.6872585
0.6874139
0.6874813
0.6876607
0.6876144
0.68782234
0.68775403
0.68805295
0.688146
0.6882091
0.6880304
0.68806225
0.6881919
0.68812335
0.6882168
0.6883334
0.6885005
0.6886193
0.688368
0.68873805
0.6886959
0.6889259
0.6889422
0.68869764
0.6890236
0.6891036
0.68891346
0.6891863
0.6891223
0.6890976
0.68936455
0.6893859
0.68926984
0.68909603
0.68934464
0.68948543
0.6894792
0.6897665
0.6896214
0.689868
0.68965584
0.68970007
0.68992484
0.6898394
0.6899863
0.6898847
0.69002074
0.6901091
0.6903278
0.6902197
0.6903424
0.69044
0.69033945
0.69034445
0.69035286
0.69066465
0.6905266
0.69067305
0.6908263
0.69083786
0.6905368
0.6907466
0.6908219
0.6908088
0.6907693
0.6909776
0.69109267
0.69100845
0.6909929
0.69136095
0.6914974
0.6915744
0.6914107
0.6912624
0.69152623
0.6916036
0.6916197
0.6913935
0.69167024
0.69175196
0.6916885
0.69168293
0.6917199
0.6915853
0.6918139
0.6917153
0.6916236
0.691868
0.69188327
0.6919016
0.6919334
0.6918304
0.6919248
0.6922623
0.69218093
0.69219
0.6920864
0.69232124
0.6922646
0.69250536
0.6923254
0.69241345
0.6926633
0.6926141
0.69262004
0.69272524
0.69252336
0.69243145
0.6927069
0.69287574
0.69275314
0.6926532
0.69286686
0.69279057
0.6931419
0.692883
0.6929276
0.69327575
0.6931311
0.6932985
0.6931703
0.69333625
0.69334006
0.69322836
0.6933434
0.69350505
0.69345874
0.69332635
0.6936765
0.69353044
0.6935885
0.693566
0.6937642
0.693508
0.6937267
0.6935647
0.6935634
0.6934692
0.6939726
0.6938678
0.69375217
0.69392395
0.6938779
0.6937526
0.694092
0.6940033
0.69400567
0.69382775
0.693967
0.69422984
0.6937795
0.6941923
0.6942249
0.69437486
0.69415855
0.69452024
0.6942031
0.69428676
0.6941456
0.69424295
0.69431955
0.6941903
0.6943539
0.6942589
0.69421726
0.69413173
0.6941384
0.69429666
0.69418836
0.69421315
0.69413584
0.6943711
0.69461596
0.69423956
0.6945823
0.69452995
0.6947522
0.6948001
0.69467914
0.69471735
0.6946016
0.69470125
0.69477636
0.6945336
0.69461966
0.694793
0.69454485
0.6946774
0.6946586
0.6944352
0.69487995
0.69487804
0.6949881
0.69485044
0.6948228
0.6946421
0.6947909
0.69466996
0.6946866
0.6946121
0.69446355
0.69459295
0.694543
0.69455004
0.6945408
0.69456834
0.6947224
0.69467807
0.6945532
0.6947678
0.6948426
0.6947247
0.69485563
0.694836
0.69499063
0.69480234
0.69469726
0.6947548
0.6945675
0.6946977
0.6944089
0.6946247
0.6945926
0.6947035
0.69449896
0.6945413
0.694665
0.69443244
0.6945817
0.6948591
0.69458807
0.6947715
0.6944647
0.69449687
0.69475603
0.6945005
0.6946223
0.69454426
0.6944309
0.6946152
0.69452673
0.69429666
0.69449294
0.6945854
0.6944417
0.6942886
0.6941427
0.6942989
0.69454217
0.69452494
0.6943837
0.69445556
0.69464797
0.69433415
0.6944737
0.694387
0.69469506
0.6944338
0.6945394
0.69442767
0.6941645
0.6942299
0.6942697
0.69396067
0.69409025
0.6941272
0.69415784
0.6939892
0.6939563
0.69385535
0.6939273
0.6940536
0.6941355
0.6940826
0.6939644
0.6940923
0.69401884
0.6941154
0.69402677
0.69392824
0.69393533
0.6937736
0.6941317
0.69407576
0.6940718
0.6939655
0.6939686
0.69418883
0.694173
0.6940394
0.6939939
0.69400615
0.6941259
0.69406164
0.6939886
0.69419485
0.6938871
0.6941308
0.694113
0.69417125
0.6936779
0.6938277
0.6938236
0.6937098
0.693617
0.69397926
0.6940214
0.6939632
0.6939692
0.69390005
0.69398713
0.69349885
0.69384634
0.69387364
0.6938325
0.6938763
0.69376963
0.69422
0.6938825
0.6940261
0.69378805
0.6939284
0.6941205
0.69407254
0.6938896
0.694103
0.6939689
0.69405776
0.69422674
0.69398236
0.6940146
0.69398594
0.69404703
0.69396704
0.693773
0.6937699
0.6938979
0.69398767
0.6937274
0.6937547
0.6939437
0.69368637
0.6938137
0.6939536
0.6939315
0.69394934
0.6940853
0.69425565
0.69388926
0.6941183
0.6940194
0.6938646
0.6941174
0.69406205
0.694178
0.69441557
0.69447917
0.69453067
0.6945729
0.69442123
0.6944602
0.694813
0.69483584
0.6945586
0.69448733
0.69448245
0.69425976
0.69466484
0.6941512
0.6939912
0.6941661
0.6940768
0.6943034
0.6942064
0.6941835
0.6943479
0.69413096
0.6941248
0.6942495
0.6940584
0.6941299
0.6939857
0.6939438
0.6938818
0.6941084
0.6939518
0.6940377
0.6940065
0.6939658
0.6938548
0.69401205
0.6937849
0.6937569
0.6934433
0.69372594
0.69368726
0.69373107
0.6936371
0.6936647
0.69378644
0.69406897
0.69350773
0.69354516
0.693528
0.69352293
0.6935186
0.69377774
0.6935687
0.6934644
0.6935674
0.6934748
0.6933376
0.693036
0.69329184
0.69348377
0.6933574
0.6932969
0.69326806
0.69313085
0.693372
0.6932934
0.6934158
0.6934149
0.6933617
0.6934814
0.6935773
0.69369626
0.6935444
0.693773
0.6936352
0.6937853
0.6935182
0.69352704
0.6935867
0.69385916
0.6936057
0.6935536
0.69349974
0.69341457
0.6937413
0.69384474
0.69352704
0.6937083
0.6938496
0.69385415
0.693845
0.69390035
0.6936674
0.69378763
0.693762
0.6940138
0.69387496
0.6938027
0.6939211
0.693891
0.6940244
0.6940303
0.6940013
0.6942402
0.69383985
0.6941403
0.6941156
0.69433683
0.69403034
0.69432336
0.6941946
0.6942353
0.69419944
0.69420224
0.6940253
0.69427085
0.69425434
0.69395214
0.69418746
0.69424975
0.6941197
0.6941662
0.6944158
0.69429433
0.69417876
0.69430375
0.6941996
0.6941975
0.694498
0.6942166
0.69418967
0.69435203
0.69434214
0.69422764
0.69452846
0.69421333
0.6940482
0.69432193
0.6942554
0.6943041
0.6940319
0.6943897
0.69418067
0.69436216
0.69415265
0.6943148
0.6946089
0.6945704
0.6947436
0.6945482
0.69468874
0.6946187
0.6943798
0.6945188
0.69450843
0.694668
0.69472456
0.6944944
0.69427043
0.694647
0.6944375
0.6945362
0.69458777
0.69458055
0.69470173
0.69446963
0.69455004
0.69473475
0.6945709
0.69429296
0.6945462
0.6945642
0.6945054
0.69475543
0.694785
0.69465685
0.6945443
0.6945577
0.6944772
0.69467723
0.6944326
0.6947975
0.69439816
0.69462574
0.69466406
0.69456816
0.6946662
0.6947405
0.6945596
0.6945066
0.6945483
0.69472605
0.69476897
0.69454527
0.69473386
0.69464564
0.69492865
0.69482833
0.69465923
0.69486177
0.69485855
0.69468075
0.6947412
0.694698
0.69455975
0.69471174
0.6947
0.6948811
0.6946829
0.69474155
0.6945981
0.6948524
0.6948069
0.69485885
0.69482577
0.6950305
0.6950213
0.6951661
0.6951648
0.69509697
0.69505453
0.6949703
0.6949591
0.6951683
0.6949432
0.6948338
0.6948764
0.6947363
0.6946843
0.6947894
0.6947785
0.6951221
0.6950964
0.6949643
0.6948524
0.69495106
0.69504625
0.6950698
0.6950012
0.6948762
0.6947952
0.6948403
0.6947303
0.69489
0.6947821
0.69488144
0.6949014
0.6948642
0.694968
0.6950349
0.6949652
0.6951013
0.69473886
0.69481874
0.6948649
0.6950423
0.6949705
0.69514173
0.69484293
0.6953887
0.6948723
0.6948173
0.6949863
0.694911
0.69514835
0.6947715
0.69493276
0.6951295
0.69491565
0.6947135
0.69501513
0.694933
0.69505674
0.694975
0.69498414
0.6950415
0.6949372
0.6948474
0.6950627
0.6950835
0.6952981
0.6948954
0.69495225
0.69488204
0.6947941
0.6952307
0.695031
0.695117
0.69518214
0.6952018
0.69514066
0.6950348
0.6951458
0.6952322
0.6950514
0.69522667
0.6953024
0.69535047
0.6951144
0.6953569
0.69514376
0.69501543
0.69510835
0.69511896
0.69480264
0.6949108
0.6949706
0.6949739
0.6950169
0.6951554
0.6951358
0.69508857
0.6951056
0.69499487
0.694977
0.69509166
0.69490194
0.6950901
0.69518775
0.69506985
0.69503164
0.69527483
0.69479716
0.6952379
0.6950763
0.6952072
0.6954182
0.6950465
0.6951213
0.6953208
0.69538015
0.69521093
0.6951157
0.69519824
0.6952871
0.6952019
0.6948732
0.6951397
0.69524354
0.6950062
0.6951997
0.69515437
0.6953036
0.6953374
0.6952376
0.69522214
0.6951103
0.69511276
0.6950803
0.69514465
0.6950946
0.6951107
0.6950281
0.6953378
0.6948227
0.6951883
0.6950038
0.69520736
0.695152
0.69497085
0.69512284
0.6953058
0.6952262
0.6951796
0.69526553
0.69528514
0.69525987
0.6952568
0.6952856
0.69522995
0.6953016
0.6952548
0.6951316
0.6952754
0.6951225
0.6952687
0.69509876
0.6954005
0.69518834
0.69534844
0.6953827
0.69511896
0.69516695
0.6953235
0.6952418
0.69562095
0.6954694
0.6956907
0.6955923
0.6955122
0.69521844
0.69531506
0.6954215
0.69552237
0.69560915
0.6953962
0.6953656
0.69547427
0.6952003
0.69527256
0.6951555
0.6954563
0.6953425
0.6955961
0.6954886
0.69551677
0.6955022
0.6953185
0.695534
0.69518375
0.6951882
0.69518006
0.69535327
0.69505805
0.6953367
0.69518477
0.6952879
0.69559956
0.69570655
0.69538546
0.6953226
0.6954665
0.69557136
0.69550806
0.6954346
0.69538265
0.6953001
0.69559026
0.6953299
0.6954903
0.6952618
0.695186
0.69535524
0.69516075
0.6953254
0.6953666
0.6952341
0.6952297
0.6952955
0.6954027
0.6955566
0.6954439
0.6954671
0.69539845
0.6957411
0.69564486
0.69559795
0.6955946
0.69556445
0.6956737
0.6957501
0.6955269
0.69543153
0.69550776
0.69546366
0.69539183
0.69502765
0.69550914
0.69538546
0.6953997
0.6957259
0.6952192
0.6954508
0.69560987
0.6952269
0.6955647
0.6954752
0.6954346
0.6952702
0.69540507
0.6954302
0.6958601
0.6957406
0.6957615
0.6956682
0.695773
0.6957415
0.69563985
0.6957118
0.6958317
0.69541144
0.6956529
0.6952713
0.69544375
0.695574
0.695605
0.6956053
0.69579935
0.69557106
0.69563633
0.69540834
0.69554925
0.6958645
0.6958556
0.695689
0.6959114
0.695906
0.69616777
0.6959779
0.69619834
0.6960149
0.69627374
0.6963003
0.6964046
0.69602436
0.69617355
0.69611984
0.69618154
0.69614863
0.69625205
0.6962908
0.6966319
0.6963672
0.6964335
0.6964691
0.6964931
0.6964052
0.6965346
0.6965828
0.69627804
0.69638616
0.6964722
0.69644827
0.6961649
0.69639283
0.6961705
0.6962654
0.6961818
0.6961952
0.6964176
0.6962728
0.6961697
0.69630224
0.69644344
0.6962381
0.6964653
0.696409
0.69636136
0.696184
0.69653004
0.696375
0.69649833
0.6964707
0.6960812
0.69634134
0.69610083
0.696234
0.6958804
0.696092
0.69630253
0.6962881
0.6960607
0.69589776
0.695987
0.69610775
0.69612044
0.6961338
0.6961503
0.6963423
0.69626284
0.6961552
0.6961828
0.6962526
0.69618213
0.69615555
0.6962856
0.6964989
0.69619286
0.69627935
0.69602716
0.69641036
0.6962316
0.6960037
0.6967871
0.696484
0.6963567
0.6963636
0.69641507
0.6962838
0.6961548
0.6963777
0.69645166
0.69638574
0.696314
0.6962892
0.6961605
0.6964852
0.6962673
0.69623476
0.6961691
0.6963418
0.6961833
0.69628763
0.69627523
0.6962131
0.69627315
0.6963474
0.6964235
0.6963176
0.6963206
0.69639486
0.6963567
0.696329
0.69636196
0.69640416
0.69634676
0.6965752
0.6967107
0.6964797
0.69660497
0.6965311
0.696191
0.6966187
0.69655144
0.69658023
0.6964043
0.6964856
0.69666964
0.69665915
0.69681567
0.69640845
0.69660836
0.6963758
0.6965469
0.69647855
0.6963313
0.6965502
0.6964681
0.6963987
0.6962947
0.6961805
0.6965741
0.6963984
0.69648397
0.69647187
0.69653636
0.69656646
0.69657767
0.69660074
0.6965197
0.69650954
0.69639874
0.69644785
0.69623774
0.6966364
0.6964972
0.6964551
0.69645697
0.69662064
0.69667375
0.69630826
0.69634366
0.6964867
0.69647527
0.6966301
0.696511
0.6966626
0.6964194
0.69628495
0.6963857
0.6966843
0.6965
0.6964997
0.69647294
0.6965272
0.6966442
0.6966521
0.6966265
0.69655037
0.6965259
0.6968215
0.6965898
0.6966801
0.69663256
0.69662195
0.69675505
0.6966759
0.696753
0.6966407
0.6965716
0.69671726
0.6968184
0.6966299
0.69652855
0.69679075
0.69656223
0.69669265
0.69671136
0.69645834
0.6965973
0.6966015
0.69639164
0.69636834
0.6966716
0.6968124
0.6965946
0.6967483
0.6967186
0.6966011
0.6967051
0.6968321
0.6966341
0.6966041
0.6965473
0.6967831
0.6966602
0.6966195
0.6965262
0.6966456
0.6966301
0.6965539
0.69675833
0.69654316
0.6965067
0.69652367
0.69660425
0.6966027
0.69641525
0.6964325
0.6966243
0.6961384
0.696292
0.6965189
0.6965615
0.6964399
0.69654626
0.69654745
0.6965163
0.6965742
0.6967331
0.6966616
0.6965549
0.69659424
0.69656676
0.69642925
0.69648093
0.6966404
0.69665956
0.6965874
0.6966158
0.69659615
0.69677985
0.69665396
0.69652164
0.6967275
0.6965288
0.6966003
0.69641244
0.6964876
0.6967264
0.6964304
0.6966347
0.69649965
0.69674104
0.6967275
0.6965939
0.69674635
0.6966513
0.6966199
0.69653237
0.6968834
0.69674355
0.6965991
0.6966973
0.6965718
0.6966776
0.6965462
0.69654053
0.69658893
0.69662064
0.6967145
0.6965346
0.6966403
0.69650346
0.69657946
0.69653434
0.6964713
0.6966542
0.6965191
0.69658405
0.69658107
0.6968191
0.6966864
0.6966655
0.69670796
0.6967068
0.6966999
0.69640195
0.69678587
0.69646454
0.69676954
0.696637
0.69662553
0.6969323
0.6969485
0.6967289
0.6968429
0.69660383
0.6970436
0.69677883
0.6965729
0.69699675
0.696866
0.69649947
0.69677305
0.69694364
0.6966839
0.6967055
0.6969077
0.69659156
0.6967619
0.696785
0.6969625
0.6968684
0.69687515
0.69659036
0.69685596
0.696933
0.6966614
0.6963876
0.69637537
0.6967352
0.69677055
0.69649523
0.69686764
0.69676
0.69661576
0.6968246
0.6965979
0.6967658
0.69672686
0.6967567
0.69679725
0.6969126
0.69683915
0.6966394
0.696815
0.69677687
0.6970188
0.6970895
0.6969349
0.69683075
0.69690317
0.6966624
0.6967436
0.6967879
0.6966649
0.69665575
0.69670504
0.6967699
0.6965771
0.6966119
0.6965063
0.69691235
0.69676614
0.69666195
0.6968049
0.6968358
0.6969762
0.6969609
0.69685155
0.69692516
0.6967759
0.69688565
0.69676006
0.6968172
0.6966768
0.6965788
0.6968891
0.69691133
0.69679844
0.69670665
0.69713664
0.6967451
0.6966918
0.6969235
0.69672227
0.69691354
0.6967845
0.69693875
0.69675756
0.6968828
0.6968764
0.6966733
0.6967251
0.69640464
0.69685143
0.69661844
0.69644654
0.6968192
0.6968466
0.6970884
0.6970571
0.69692343
0.6971296
0.6968572
0.69709337
0.6969465
0.69706917
0.6970995
0.6968169
0.6968357
0.6966758
0.6967081
0.6968153
0.6969509
0.6966885
0.6965553
0.696886
0.69696766
0.69695073
0.6966957
0.6968657
0.6969162
0.69691944
0.6967687
0.69673043
0.69677085
0.69678706
0.6968927
0.6967638
0.69669867
0.69681853
0.6967397
0.69685394
0.69673836
0.6965507
0.6967834
0.6969017
0.69656795
0.6967982
0.6966571
0.69666785
0.6969277
0.69668657
0.69672596
0.69689924
0.6967718
0.6965757
0.69680816
0.69663626
0.69641644
0.6969215
0.6965273
0.69654596
0.6967097
0.6965095
0.69659823
0.6967147
0.69674784
0.69687355
0.6966255
0.69698054
0.6967824
0.69677025
0.69661
0.69673467
0.6968114
0.69663537
0.69675463
0.6965612
0.69660324
0.6963929
0.6966012
0.6963394
0.69668776
0.69677716
0.69676954
0.6967691
0.69669074
0.6969056
0.6971218
0.6970953
0.6968758
0.696798
0.696857
0.6967149
0.6970525
0.6968781
0.69684625
0.69676447
0.6966275
0.696789
0.6968519
0.69652295
0.69670177
0.6966359
0.69684726
0.6966494
0.69668704
0.69688845
0.6967834
0.696905
0.6967407
0.69694024
0.69696957
0.6968045
0.6969821
0.6968182
0.6969211
0.6970365
0.69673944
0.6967886
0.696844
0.6970319
0.69697165
0.69682235
0.6968871
0.6968211
0.6972072
0.6967353
0.69678533
0.6968482
0.6968065
0.6968296
0.69677466
0.69684696
0.6968666
0.69685036
0.69682366
0.6968805
0.69699377
0.6968265
0.69703364
0.696864
0.6968563
0.6968559
0.69671285
0.69675064
0.69689006
0.6968973
0.69660425
0.6969989
0.69694036
0.6969054
0.6969796
0.6972572
0.6968204
0.69694865
0.6969321
0.69707614
0.6969891
0.6970887
0.6969857
0.6970434
0.6970951
0.6970543
0.6968425
0.69716257
0.6970277
0.6967598
0.6971666
0.69693816
0.6967987
0.6968573
0.69675845
0.6967435
0.6970018
0.6966218
0.6968172
0.696526
0.6967736
0.69648886
0.6968813
0.69679815
0.69682235
0.69686246
0.6970057
0.6968917
0.6970652
0.6966875
0.6969268
0.6971963
0.69710165
0.6969603
0.69700295
0.696847
0.69708896
0.6969114
0.69687605
0.69715595
0.69726986
0.69694954
0.6970892
0.69692814
0.6971782
0.6971114
0.6971836
0.6971308
0.697106
0.6968567
0.69706476
0.6969489
0.69681627
0.6970161
0.697162
0.6968713
0.69689965
0.69704896
0.6970172
0.6974314
0.69711393
0.697393
0.69724673
0.6972548
0.6972748
0.6971812
0.69712687
0.6971585
0.6970456
0.69698143
0.6970658
0.6971578
0.69683385
0.69664973
0.69694704
0.6969412
0.697127
0.69689846
0.6969391
0.6970856
0.6970911
0.696969
0.69711775
0.6969493
0.6970573
0.69699746
0.69692093
0.6970203
0.6971491
0.69691294
0.6969543
0.69719815
0.6969676
0.6971716
0.69727594
0.6971016
0.6973118
0.6971568
0.69712836
0.6970817
0.6972536
0.6974055
0.6970596
0.69729817
0.6971917
0.6972795
0.69714624
0.6973284
0.6971391
0.69715834
0.69735867
0.69722164
0.69695544
0.69720864
0.69732976
0.69702834
0.69708854
0.6971882
0.6971037
0.69718313
0.6972094
0.6970299
0.69695204
0.6972668
0.6969312
0.6973347
0.6974149
0.6971181
0.6971772
0.6972953
0.6971769
0.69703525
0.69716364
0.697294
0.69729435
0.69748586
0.69719785
0.69722825
0.69712335
0.69720477
0.6969323
0.6972174
0.6974105
0.69731367
0.6972208
0.6973101
0.69717944
0.6974187
0.6973219
0.6971634
0.6971839
0.69708294
0.69718903
0.69704527
0.69728076
0.69710076
0.69718254
0.69698787
0.69710684
0.6973563
0.6970301
0.6972709
0.69738406
0.6973701
0.69708884
0.6973807
0.69733965
0.69743294
0.6972361
0.6973011
0.69733304
0.6975151
0.69751287
0.69755113
0.6972593
0.69706476
0.6969744
0.6972575
0.697171
0.6970404
0.69709665
0.69702303
0.6971235
0.6972121
0.6970167
0.6971381
0.6971679
0.6970871
0.6972124
0.6971943
0.6969932
0.6970464
0.6971151
0.6974082
0.69749844
0.69760203
0.69744575
0.6974831
0.6973854
0.6973228
0.6971732
0.69741416
0.6975532
0.6975265
0.69758266
0.6973093
0.69744414
0.69737065
0.69718534
0.69713867
0.6973286
0.69722575
0.69716394
0.697299
0.6971591
0.6971463
0.69718534
0.6972583
0.69745594
0.696977
0.6974327
0.69713736
0.69694996
0.6969962
0.6972776
0.69705516
0.69721365
0.69694936
0.6968987
0.697096
0.69711953
0.69740564
0.697357
0.6975195
0.6975538
0.69749117
0.697644
0.69745696
0.69720036
0.6975526
0.6974457
0.69738364
0.69687665
0.69721323
0.69696003
0.6969323
0.6972038
0.6970792
0.6969666
0.69677305
0.69695693
0.69710666
0.6970863
0.69709414
0.6975646
0.69756347
0.69722414
0.69725114
0.69728786
0.6970724
0.6970531
0.6974529
0.697202
0.6973771
0.6972055
0.69731665
0.6970683
0.6973158
0.6968102
0.6969931
0.6970871
0.69704026
0.6970722
0.6974346
0.69707346
0.6970002
0.69731647
0.6972371
0.6973698
0.6972728
0.6969874
0.6970627
0.6970703
0.6973465
0.697201
0.6973667
0.6973645
0.69722027
0.6971356
0.6971625
0.6972162
0.6971531
0.6970858
0.6975187
0.69720376
0.69737864
0.69726986
0.69715774
0.69709593
0.6971946
0.6970534
0.6970689
0.6970773
0.6971559
0.6973867
0.6972283
0.69701767
0.6972121
0.6973656
0.6971471
0.69703394
0.6971537
0.6972752
0.6973868
0.69737947
0.6971046
0.6971642
0.6973447
0.6972398
0.6970588
0.6972266
0.69677055
0.6972659
0.69724244
0.69696456
0.6973403
0.6969004
0.6970606
0.6969409
0.69710696
0.69728774
0.697068
0.69712585
0.696999
0.6970517
0.6971086
0.6972073
0.6974418
0.69705695
0.6972963
0.6968627
0.6969183
0.6972818
0.6973657
0.6972993
0.6972337
0.6973038
0.69714326
0.6972503
0.6972896
0.6971922
0.69727343
0.69705373
0.6973093
0.69719845
0.6971342
0.6971704
0.6972678
0.6972967
0.69711787
0.6971044
0.69712675
0.6972503
0.69732755
0.6972983
0.697213
0.69702905
0.6972998
0.6974984
0.6974872
0.6973512
0.69729894
0.6973788
0.6974289
0.6969463
0.6970354
0.6971145
0.6971529
0.69704735
0.6970884
0.69725245
0.6970709
0.69718945
0.6974686
0.6971628
0.6971991
0.6973609
0.6973633
0.697103
0.6972533
0.69698787
0.69712985
0.69735324
0.6971887
0.697089
0.69731647
0.6971792
0.6972728
0.6969918
0.6972146
0.6970929
0.69742817
0.6973999
0.6975007
0.69725144
0.69743174
0.69749975
0.69740945
0.6975246
0.69733727
0.6974296
0.69715154
0.6971028
0.69729614
0.6973032
0.6973552
0.69727427
0.6974082
0.6972725
0.69729877
0.6975249
0.69729143
0.69726634
0.6974629
0.6973813
0.69747657
0.6974123
0.69722676
0.6972433
0.6970264
0.6972146
0.6971217
0.6973667
0.69753176
0.6970825
0.6972119
0.69726324
0.6973236
0.6969599
0.69733936
0.6972298
0.69742054
0.6974455
0.69732064
0.6973135
0.69735265
0.69748306
0.6971879
0.6973815
0.69716376
0.6972761
0.69751567
0.6971917
0.697482
0.6972555
0.69733053
0.69737595
0.69725025
0.6971943
0.697239
0.6970601
0.69749546
0.69722766
0.69723314
0.69729745
0.69703096
0.69713926
0.6972602
0.69707626
0.6970612
0.6974729
0.69742525
0.69745404
0.69742113
0.6974375
0.69732225
0.69734144
0.6973386
0.6972465
0.6976578
0.69695586
0.6974098
0.6971936
0.69727653
0.6972825
0.6970554
0.69734824
0.69739157
0.6971614
0.69718915
0.69738436
0.6973748
0.6973656
0.69741887
0.69738233
0.6973766
0.6973581
0.697434
0.6972574
0.69699216
0.69746876
0.6968613
0.6974748
0.69714516
0.6971993
0.6972964
0.69704723
0.6972515
0.6973799
0.6971034
0.6970748
0.69722337
0.6970232
0.6971801
0.6968031
0.6971976
0.6970252
0.69732654
0.69689816
0.6973008
0.69723797
0.69711417
0.69694537
0.6970987
0.6969059
0.6972337
0.6975052
0.69727814
0.6973458
0.69719654
0.6970643
0.6974779
0.6971503
0.6969992
0.6969888
0.6968796
0.6971137
0.6968376
0.6972086
0.6971833
0.6973176
0.6969412
0.69714826
0.69699645
0.697243
0.69703764
0.69707197
0.69736576
0.69729424
0.69709396
0.69727784
0.69726956
0.6969605
0.6970401
0.69719225
0.69699144
0.69665664
0.69713044
0.6969975
0.69710064
0.69725233
0.69763595
0.69727474
0.69710493
0.69698256
0.6970607
0.6972304
0.6972181
0.6970691
0.69699574
0.6970159
0.6970491
0.696982
0.6970194
0.69695944
0.69701236
0.69726163
0.6971926
0.69708526
0.69699556
0.6970813
0.69708365
0.6971082
0.69722146
0.6970468
0.69696665
0.69704527
0.69682187
0.6968246
0.69710356
0.6972378
0.6971561
0.6971385
0.6970891
0.6970076
0.69709843
0.69714195
0.69717515
0.6970983
0.69714457
0.697124
0.6969938
0.6971822
0.6969235
0.69712704
0.6970131
0.697022
0.6969419
0.6968817
0.69678164
0.6970331
0.69694525
0.69687283
0.6966652
0.69703496
0.69664073
0.6969066
0.6968001
0.6968188
0.69696397
0.69705886
0.69679224
0.6968734
0.69690746
0.69687575
0.6967579
0.6967072
0.69687957
0.6969861
0.69700766
0.6967439
0.696857
0.6967408
0.6969829
0.69723934
0.6970091
0.6968211
0.6970002
0.6968746
0.6969054
0.6968396
0.6968656
0.69690675
0.69691133
0.6966764
0.696827
0.6968861
0.697089
0.6967405
0.6966911
0.6966789
0.6967718
0.69686466
0.69672525
0.69701785
0.6968748
0.6965741
0.69687396
0.69662946
0.69688016
0.69693965
0.69674885
0.69676924
0.6964927
0.6966676
0.69678396
0.6968166
0.69659114
0.69661725
0.696822
0.6967353
0.69671524
0.6965101
0.69669193
0.69683015
0.69671994
0.69657856
0.6962896
0.6964691
0.6965981
0.6966602
0.69663584
0.69660133
0.6964611
0.6964901
0.69659126
0.6965556
0.696685
0.6964882
0.69641894
0.6963272
0.69669884
0.69651353
0.69646543
0.6965352
0.6966455
0.6966365
0.6965533
0.69636875
0.696438
0.6965226
0.6963521
0.6963728
0.6960549
0.69659805
0.69656926
0.6964884
0.69640195
0.6962924
0.6965498
0.6964869
0.69658357
0.6966583
0.696573
0.69606066
0.69637287
0.6965826
0.69638336
0.696315
0.696529
0.6965841
0.6962408
0.69667506
0.6963429
0.696308
0.6964391
0.69658107
0.696087
0.6963391
0.6962853
0.69644594
0.6967098
0.6964901
0.6966415
0.6965083
0.69660455
0.6964814
0.69646585
0.69646764
0.6961139
0.6962092
0.6963978
0.6964805
0.6962835
0.6962609
0.6962644
0.6965255
0.69626963
0.69644564
0.69648904
0.6962238
0.69628274
0.6965103
0.69621766
0.6961996
0.6964833
0.6963057
0.69637567
0.69590294
0.696482
0.6962266
0.6963025
0.69638234
0.69636154
0.69617933
0.6960638
0.69632775
0.6962405
0.6964772
0.6964895
0.69629526
0.6961507
0.69611955
0.6962432
0.6960402
0.69634956
0.69624674
0.6964508
0.6963266
0.6962297
0.6960566
0.69647616
0.6963507
0.6961446
0.6962588
0.6961359
0.6963089
0.69637823
0.6960881
0.6961875
0.69630146
0.6960686
0.6963876
0.6963137
0.69587684
0.69603544
0.6961424
0.6962051
0.6961074
0.6960107
0.6959016
0.69592524
0.69624525
0.69608134
0.6962715
0.6960958
0.69601464
0.6963897
0.69621694
0.6961851
0.6960312
0.6963317
0.6960897
0.6963838
0.6959412
0.6961583
0.6960063
0.69622576
0.69627744
0.69613475
0.6965692
0.6964094
0.69632095
0.6961919
0.6960458
0.6960764
0.69621164
0.6957712
0.69601274
0.6957348
0.6964347
0.6962695
0.6961561
0.6961379
0.69598246
0.6962379
0.69589996
0.6959351
0.69641227
0.6960103
0.6958976
0.69588184
0.6960594
0.6958682
0.69603086
0.69575083
0.6959815
0.69563407
0.6958921
0.6958463
0.695922
0.6961789
0.69596636
0.69597465
0.6961324
0.6959139
0.69626063
0.6960881
0.69623804
0.69619864
0.6960537
0.6961897
0.6960029
0.6962015
0.6959003
0.69606864
0.6960254
0.695952
0.6961415
0.69576496
0.6962452
0.6961814
0.6961595
0.6961601
0.69618416
0.69574565
0.69587713
0.69599384
0.69612515
0.69586384
0.69590074
0.696039
0.6958395
0.6961074
0.69601655
0.6960117
0.6963995
0.6961632
0.6961691
0.69596934
0.6960403
0.69595987
0.695926
0.6960512
0.69607717
0.6959829
0.6959044
0.6961205
0.69597244
0.69598174
0.6959501
0.6963513
0.6960444
0.69602185
0.6960365
0.6957752
0.6957145
0.6962078
0.69607306
0.6960451
0.6958379
0.6959367
0.6957322
0.6958761
0.6961498
0.6956961
0.69621545
0.6960961
0.69601613
0.69583607
0.6956382
0.6959322
0.6961448
0.69589263
0.69597864
0.69595075
0.695882
0.6961663
0.69613135
0.6958549
0.6961551
0.6960017
0.69603443
0.6961484
0.69629306
0.6962371
0.69585055
0.6962061
0.6962326
0.69603497
0.696163
0.6961855
0.69615936
0.6959178
0.6961048
0.6958994
0.6959829
0.6960178
0.6960095
0.69600594
0.6958937
0.6962948
0.69622827
0.69629335
0.6960155
0.69613785
0.6961535
0.69608253
0.696226
0.6959055
0.69614863
0.69595164
0.69611424
0.6960621
0.6959658
0.69600296
0.6958008
0.69568264
0.6958833
0.6960322
0.6959097
0.69636714
0.6960569
0.6962662
0.6961312
0.69609594
0.6961684
0.69598943
0.6958227
0.69610786
0.695986
0.69588643
0.69593316
0.6956883
0.69594944
0.69594973
0.6959529
0.69596046
0.69594043
0.6962666
0.6963636
0.6964474
0.6960003
0.69612664
0.69619757
0.69612193
0.6959478
0.69597644
0.69609064
0.6960435
0.69634646
0.69620353
0.6959122
0.696067
0.6960112
0.69614524
0.6963031
0.6962193
0.6960029
0.6957225
0.69615597
0.696007
0.6960394
0.6961128
0.6963649
0.69607544
0.6963715
0.69604516
0.69630986
0.6960391
0.69609714
0.6960307
0.6959563
0.6960629
0.696224
0.6959983
0.696274
0.69597
0.69614244
0.6961029
0.69632256
0.6961172
0.6963515
0.69617325
0.6962111
0.6961724
0.69620395
0.69605386
0.69621646
0.6962406
0.6959928
0.6960591
0.6961201
0.6959792
0.69627
0.696004
0.6963157
0.6962637
0.69620055
0.6961099
0.69637835
0.69631094
0.69626
0.69648725
0.6962588
0.6959283
0.6964129
0.6964205
0.6956273
0.69614846
0.69602853
0.6962632
0.6964151
0.6963448
0.69640416
0.6962458
0.69637454
0.6961446
0.6958875
0.6959425
0.69601077
0.6960138
0.6961281
0.69619524
0.6961728
0.69606876
0.6962372
0.69618756
0.6960951
0.6960151
0.6960521
0.69610006
0.69593227
0.69616383
0.6961988
0.69641817
0.6959046
0.6962042
0.6961943
0.69642526
0.6964163
0.69607973
0.6962617
0.69627947
0.6963078
0.69621426
0.696086
0.69631505
0.69650733
0.6959854
0.6961125
0.6963734
0.6962375
0.6961031
0.6960174
0.69622874
0.69611377
0.6962209
0.69618964
0.69663715
0.6964613
0.69634336
0.69645965
0.6966845
0.69615465
0.6962476
0.6964033
0.6962527
0.6965518
0.69605833
0.6963363
0.6961932
0.69629943
0.6963133
0.6963487
0.6962641
0.69646615
0.69623846
0.69636613
0.6962649
0.69639075
0.69654924
0.69627094
0.69624007
0.69625825
0.6963628
0.69585
0.6963909
0.69621414
0.6961582
0.69609183
0.69624573
0.6963055
0.6964022
0.69632035
0.6962989
0.69650227
0.6964067
0.6965804
0.69634444
0.6965544
0.6966703
0.69664377
0.696421
0.69660646
0.6960423
0.6964645
0.696464
0.6962499
0.6964077
0.696333
0.6964215
0.6964573
0.69634825
0.6965623
0.696508
0.6967077
0.69665194
0.6963408
0.69631624
0.6965016
0.6964714
0.6965292
0.69641477
0.69646746
0.6961395
0.6963315
0.69644773
0.696583
0.69642866
0.6963962
0.69637275
0.6964784
0.6963394
0.6965429
0.69637597
0.6965208
0.69662625
0.6965923
0.69678175
0.6962266
0.69673115
0.6967281
0.69659835
0.69659257
0.6961805
0.6961938
0.6963636
0.696573
0.69671273
0.6967219
0.69657224
0.6963763
0.6965917
0.6964425
0.69652444
0.6963846
0.6965222
0.69637656
0.69613427
0.696389
0.69671744
0.69668704
0.6963639
0.6966575
0.6967389
0.69645405
0.6963431
0.69621515
0.69650054
0.6966126
0.696987
0.69665045
0.696601
0.6965553
0.6966922
0.69667673
0.6966605
0.6966082
0.6965588
0.6966549
0.6967846
0.696618
0.696691
0.69644696
0.6965705
0.6968526
0.6965241
0.6963849
0.69665337
0.69661844
0.6967357
0.6965587
0.6966606
0.69647
0.69648093
0.6964223
0.6963523
0.69652265
0.69676006
0.6967184
0.69653976
0.69634104
0.69663733
0.69652236
0.6967748
0.69667834
0.69674534
0.69664305
0.6966327
0.69671744
0.6967801
0.69629765
0.6964843
0.69643235
0.69660497
0.6965426
0.6964999
0.69670725
0.6964432
0.6965588
0.69641536
0.69648314
0.6963761
0.6966071
0.6964013
0.69648683
0.69662017
0.6966666
0.696514
0.69658804
0.6967161
0.6964574
0.6963376
0.69633734
0.69656295
0.696656
0.69643945
0.69671446
0.69646883
0.6964939
0.69678336
0.69646627
0.6966338
0.6964908
0.6965139
0.6967055
0.69666594
0.6962479
0.6965044
0.6965948
0.6963156
0.69645107
0.6966026
0.69635594
0.69631225
0.69683874
0.6966785
0.6966036
0.69684166
0.69681084
0.69654804
0.69658625
0.696492
0.69668347
0.6964256
0.6962463
0.69666845
0.69659036
0.6962084
0.6964781
0.69640446
0.69648486
0.69649357
0.6966026
0.6967806
0.69697005
0.69680583
0.6966591
0.6964676
0.69659364
0.6968943
0.69655347
0.69690555
0.696748
0.6964323
0.6964279
0.69676954
0.6967354
0.69672424
0.6966503
0.6967812
0.6967988
0.69670486
0.69693774
0.6968303
0.69654703
0.69641834
0.6966984
0.6968202
0.6965706
0.69663864
0.69666356
0.6966775
0.6967649
0.69653225
0.6967282
0.6966283
0.69668967
0.69684243
0.6966779
0.69649917
0.6964961
0.6964549
0.6966464
0.6968315
0.6965852
0.69652605
0.69652843
0.6965715
0.6966304
0.6966631
0.69641614
0.69665164
0.69687134
0.6963824
0.6966583
0.6966869
0.6965452
0.69680685
0.6964145
0.69647926
0.69650686
0.69650865
0.6964265
0.6967543
0.69660085
0.69686466
0.6966757
0.6968199
0.6966003
0.6967074
0.69662076
0.69634694
0.69647104
0.6969761
0.69628745
0.6967351
0.6965178
0.6965643
0.69661885
0.6967807
0.69678044
0.69671285
0.6965193
0.6967549
0.69624656
0.69658613
0.69648796
0.6966865
0.69657654
0.69680524
0.69654256
0.6966169
0.6967346
0.69669896
0.6968475
0.6964483
0.69665414
0.69641244
0.69662684
0.69681364
0.69692826
0.6967708
0.69690984
0.6965706
0.69665194
0.6966109
0.69672227
0.69685966
0.69688195
0.6965394
0.6968141
0.69668084
0.69644845
0.6965964
0.6966273
0.69674784
0.69664973
0.696798
0.6965949
0.6966448
0.69694334
0.6969948
0.6966118
0.69669336
0.69681054
0.69654197
0.6968102
0.6967864
0.69680685
0.6968281
0.69666165
0.6970998
0.69663835
0.69666964
0.6967071
0.6965584
0.69669956
0.6967204
0.69669634
0.6967392
0.6964917
0.6968448
0.6964367
0.69686747
0.697132
0.6972158
0.6968548
0.6967368
0.6967498
0.69671196
0.69645107
0.6965874
0.6966631
0.6967368
0.69665563
0.6968789
0.6964722
0.6969359
0.69670254
0.6968629
0.69677377
0.69656104
0.69671905
0.696709
0.6966281
0.69681084
0.6966663
0.6967467
0.6967775
0.6966233
0.6967561
0.6965782
0.696578
0.6968213
0.69696313
0.69676125
0.6968827
0.6968163
0.6968464
0.6963065
0.6966206
0.6970838
0.69666624
0.69682455
0.696795
0.6967237
0.696959
0.696813
0.69672465
0.69689065
0.6967137
0.6969434
0.6968692
0.6966992
0.6967135
0.696624
0.69685966
0.6967643
0.69662344
0.69659734
0.6968708
0.69666326
0.6965985
0.6967302
0.6966265
0.6970316
0.69667864
0.6966611
0.69661635
0.6966478
0.6969128
0.69688207
0.6966093
0.69673175
0.69672626
0.69681096
0.6968224
0.69704705
0.69701225
0.6969692
0.6968191
0.69697654
0.6965972
0.69659674
0.69678
0.6968271
0.69659954
0.69665587
0.6967492
0.6966768
0.69684577
0.6967678
0.69680214
0.6968312
0.697015
0.6969696
0.6966681
0.6965682
0.6971187
0.6968458
0.69666684
0.69694823
0.69692266
0.69659865
0.6968523
0.6970298
0.6967853
0.69688094
0.6969632
0.6972334
0.697157
0.69684595
0.6968143
0.696597
0.6971175
0.6966638
0.69661665
0.69684356
0.69668734
0.6968419
0.6969202
0.69689703
0.69659865
0.6967314
0.6967642
0.69687253
0.6969864
0.69670945
0.69684416
0.69712114
0.69695246
0.69675463
0.69672805
0.6967377
0.6966777
0.69688904
0.69695807
0.6970732
0.6968252
0.6972533
0.6965909
0.69689673
0.6968303
0.69674134
0.697089
0.6968332
0.6968551
0.69679946
0.69656783
0.69684845
0.69664854
0.6967703
0.6967771
0.6969132
0.6971189
0.6969227
0.69669414
0.6967665
0.6966502
0.69709694
0.69676423
0.69711494
0.6967141
0.6970346
0.6969235
0.6971297
0.69681376
0.6971951
0.69674236
0.6971439
0.69687885
0.6968903
0.69682497
0.6970007
0.6967126
0.69687194
0.6967015
0.69717175
0.69688594
0.69695616
0.6968674
0.6967637
0.6966768
0.69685507
0.69670606
0.6968859
0.69706786
0.69714653
0.6969317
0.69674814
0.6973566
0.6970017
0.6969775
0.6970722
0.6969935
0.6968506
0.69690603
0.69690675
0.69681185
0.69701844
0.69687766
0.69701713
0.6969499
0.69727445
0.6970549
0.6968513
0.69687515
0.69716763
0.69703704
0.6968244
0.6970331
0.69690704
0.6970233
0.69679755
0.696847
0.6966686
0.69679576
0.69703335
0.69696486
0.6970916
0.6966319
0.69710094
0.69700325
0.69716537
0.69702226
0.6968964
0.6968487
0.6967109
0.6967677
0.69689804
0.6970309
0.69670635
0.6968391
0.6970614
0.69742477
0.6971367
0.6970731
0.6972248
0.69728225
0.696778
0.6971266
0.6968887
0.69716376
0.6969256
0.6970186
0.6968412
0.6967193
0.6968251
0.6970112
0.69680524
0.6969978
0.6970272
0.6970999
0.696965
0.69685984
0.6968791
0.69708246
0.69707745
0.69715965
0.69693327
0.6968313
0.6969234
0.6971889
0.69691986
0.6968732
0.6969631
0.6971452
0.6970337
0.6969115
0.69704366
0.69696087
0.696792
0.6971765
0.6968789
0.6971225
0.6966831
0.6969466
0.69685024
0.6972563
0.69700414
0.69688964
0.6968045
0.6969789
0.6971956
0.6972025
0.697143
0.6969312
0.6972491
0.6972464
0.69729567
0.69683874
0.69693774
0.69704455
0.6970349
0.69701505
0.697279
0.6971461
0.6970206
0.6969494
0.69701225
0.6970416
0.6972755
0.6971922
0.69684005
0.6969723
0.697135
0.6968864
0.6971886
0.6970245
0.6974098
0.6971745
0.69682056
0.6970017
0.6969724
0.69709355
0.69698054
0.69733
0.69682205
0.69704413
0.69739306
0.6969794
0.6973415
0.6969172
0.6971281
0.69705945
0.6972055
0.6970794
0.6968112
0.6968191
0.6968959
0.69723177
0.69696647
0.696926
0.6971574
0.69707125
0.6969862
0.6968789
0.69712734
0.69714046
0.697429
0.6969384
0.6970745
0.6973892
0.6971198
0.6969592
0.6969077
0.6971558
0.69703853
0.6970772
0.6975491
0.69720936
0.69713694
0.69712406
0.697169
0.69692916
0.69696707
0.6972482
0.69728106
0.6971972
0.6970819
0.69721407
0.69701654
0.69707376
0.6968608
0.6969742
0.69719523
0.69688255
0.6971737
0.69711244
0.6973233
0.6970563
0.6971916
0.697067
0.6965437
0.69733554
0.6969935
0.6973439
0.6970906
0.6971261
0.6970089
0.6969624
0.6968552
0.6969889
0.6973672
0.6971661
0.69709826
0.697103
0.69704425
0.69689417
0.697027
0.69715875
0.69691324
0.69714147
0.69730705
0.6974049
0.6972266
0.697419
0.6970607
0.69711953
0.69708204
0.6970432
0.6971901
0.69693595
0.69711024
0.69684666
0.69714093
0.69696933
0.6968929
0.69704074
0.69742614
0.69700164
0.6967737
0.6969631
0.6973651
0.6972292
0.6970172
0.6971345
0.6969717
0.6970943
0.6973031
0.6972387
0.6971966
0.6971529
0.69722074
0.69691235
0.69707847
0.6973421
0.697093
0.6972882
0.6969638
0.6970068
0.69665754
0.69718117
0.6970883
0.69701165
0.69710433
0.6970965
0.69713
0.69714487
0.6970636
0.69712204
0.69726807
0.69702643
0.69715697
0.6970374
0.6972212
0.6970807
0.6973424
0.6969758
0.6971609
0.6971141
0.69708395
0.6971533
0.69720495
0.6971526
0.6969464
0.69688463
0.69725
0.69691265
0.697122
0.6970112
0.69717425
0.69706976
0.6971652
0.69725686
0.69706637
0.6969869
0.6970563
0.697234
0.6971812
0.69681287
0.6969241
0.6971502
0.69708425
0.6969593
0.69680846
0.6970083
0.69716936
0.6973837
0.6971056
0.6973732
0.69704014
0.69705975
0.69761485
0.6971638
0.69710475
0.69705683
0.6970721
0.6972578
0.6972213
0.6970794
0.6970241
0.6969446
0.6969668
0.6973814
0.6973398
0.6972669
0.6970048
0.6969403
0.6968242
0.6970834
0.69685596
0.6971226
0.69711924
0.6968419
0.6970153
0.6972536
0.6971469
0.69710153
0.69720054
0.69707793
0.696989
0.6972985
0.69718957
0.69668466
0.69704366
0.69691294
0.69742376
0.6972597
0.69719076
0.6974589
0.69711035
0.697256
0.697609
0.6972804
0.69684416
0.6970142
0.6972063
0.69736147
0.6972697
0.69706017
0.69767255
0.6973389
0.69710076
0.69700795
0.69718164
0.69737
0.69704133
0.69706243
0.6973564
0.6970032
0.69676095
0.6970288
0.69709826
0.6973887
0.6969981
0.6969066
0.69715893
0.6967191
0.69703037
0.69678974
0.6973201
0.69756603
0.69705534
0.69699854
0.69703597
0.6972725
0.6972409
0.69708616
0.69739485
0.6973753
0.6970943
0.6970299
0.6971295
0.6971824
0.69704276
0.6968719
0.6970097
0.69745314
0.697059
0.69680744
0.6969358
0.69727725
0.69707537
0.6970908
0.69737005
0.6970391
0.6969963
0.6972912
0.69720984
0.69712657
0.6972619
0.6973447
0.6970264
0.69680357
0.6969282
0.6970755
0.6970322
0.6971454
0.6970921
0.69710577
0.6968337
0.69685954
0.69715
0.69724464
0.6970312
0.6973201
0.697337
0.69696695
0.6971655
0.6972173
0.69703275
0.69704044
0.69719595
0.69704443
0.69694376
0.69732237
0.6968678
0.6969211
0.6971844
0.6969943
0.6974401
0.6970261
0.697348
0.6968894
0.69706076
0.69689435
0.697131
0.69705945
0.69704676
0.6968575
0.6971045
0.6971161
0.6972317
0.69713134
0.6972531
0.6971731
0.6971043
