0.6958062
0.6953654
0.6958206
0.696293
0.6963522
0.69662374
0.69651514
0.6964094
0.69639325
0.6963095
0.6965664
0.696441
0.6963497
0.69637007
0.6965957
0.69621736
0.6963464
0.69643545
0.69655067
0.6963909
0.69647294
0.696177
0.69627833
0.6962835
0.69634074
0.69636595
0.69635123
0.6965561
0.6963496
0.6964831
0.69645894
0.6964202
0.6963725
0.6964464
0.696142
0.6963601
0.6964898
0.69641745
0.6964276
0.6963866
0.69632465
0.69614035
0.6962899
0.6961023
0.69618344
0.6964398
0.6965163
0.69633263
0.6963361
0.6963214
0.6964372
0.69639534
0.69623137
0.69625944
0.6963381
0.696195
0.696206
0.6963553
0.6960368
0.6960679
0.69611245
0.6962484
0.69602567
0.69631433
0.69639856
0.69619626
0.6961575
0.6963003
0.69600713
0.69627935
0.6961046
0.6961541
0.69625515
0.6962148
0.6962258
0.6961697
0.6961855
0.69618684
0.69618237
0.6962348
0.69627374
0.6960817
0.69610333
0.69610214
0.6962602
0.69599843
0.6962767
0.69615203
0.6962036
0.6961196
0.6959103
0.69595426
0.69594973
0.6960299
0.6959377
0.696101
0.69606096
0.6959506
0.6958956
0.69608843
0.69608116
0.69600344
0.6958392
0.6960412
0.695918
0.69596034
0.69598603
0.6961258
0.6961337
0.6958389
0.6960791
0.6957323
0.6959116
0.6960545
0.69592553
0.6960954
0.69571257
0.6958094
0.6957943
0.6957621
0.69556075
0.69584924
0.695768
0.695815
0.69599295
0.69619733
0.69587225
0.6956173
0.6961379
0.6958499
0.69608635
0.6956763
0.69574976
0.69557816
0.69580203
0.6959081
0.6958662
0.69577223
0.69572204
0.69575423
0.695492
0.6959751
0.6957216
0.69569135
0.69555074
0.6958683
0.6956875
0.69558656
0.69583195
0.6957374
0.6956812
0.69554675
0.69563437
0.69573295
0.6956755
0.69584054
0.6957769
0.6954708
0.6956115
0.6955031
0.6956285
0.6955419
0.69552153
0.6956443
0.6956428
0.695483
0.6956255
0.6957095
0.69563407
0.6955675
0.6956548
0.6956173
0.69545096
0.695626
0.69560444
0.69556123
0.6953631
0.6953104
0.69548017
0.6956226
0.695503
0.69540113
0.695496
0.69565177
0.69547284
0.6952596
0.6956398
0.69533974
0.6954065
0.6953967
0.69547576
0.69554263
0.695323
0.69529724
0.69535714
0.6956279
0.69563746
0.69531953
0.6953421
0.6953632
0.69525915
0.6954717
0.6954794
0.69536304
0.6954007
0.6953898
0.69504166
0.69525576
0.6952056
0.6955251
0.69543076
0.69507325
0.695676
0.69534415
0.6953091
0.69502294
0.6952068
0.6950481
0.6953492
0.6951537
0.69507486
0.6951433
0.6951766
0.6952204
0.695309
0.6952941
0.6953141
0.69509673
0.6953031
0.6954013
0.6953151
0.6952276
0.6948307
0.69537395
0.69496447
0.6952857
0.6950771
0.6951699
0.69521147
0.6950406
0.6951046
0.6950197
0.6951328
0.6949296
0.6952189
0.69496113
0.69512045
0.69515115
0.6951625
0.69492316
0.69481945
0.6952452
0.6947965
0.69498605
0.69503987
0.69494456
0.69515246
0.6950732
0.6950421
0.6949588
0.69509894
0.6950857
0.69517434
0.6949207
0.69493914
0.69479686
0.69495076
0.69496554
0.69504845
0.695039
0.69483614
0.6949808
0.69474554
0.694944
0.6948838
0.6946661
0.69504654
0.69492054
0.6946344
0.6950659
0.6949936
0.6947551
0.6949574
0.69468427
0.694556
0.6946381
0.6948428
0.6947097
0.6948219
0.6947153
0.6947519
0.69485617
0.69485414
0.6945153
0.69485825
0.69481176
0.6949792
0.69482833
0.6947039
0.69476783
0.6948458
0.69485
0.6947357
0.69486505
0.6947613
0.69476455
0.6946385
0.6947733
0.6945938
0.69444287
0.694673
0.6946766
0.6948914
0.69471914
0.6948352
0.6948684
0.6945092
0.69472605
0.69463164
0.69466925
0.6947389
0.6946408
0.6946419
0.69459563
0.69481117
0.69478136
0.6948187
0.69476813
0.69463253
0.6947989
0.69447565
0.69457054
0.694422
0.6945426
0.6944827
0.6947304
0.6948635
0.6944807
0.6944515
0.6947469
0.69476306
0.6946626
0.69472045
0.6945463
0.6946393
0.6945825
0.69455224
0.6944695
0.69466156
0.69443
0.69457966
0.6945285
0.6947307
0.6947221
0.69466466
0.69476557
0.6944151
0.6945857
0.69451743
0.6945579
0.694509
0.6944807
0.6947697
0.69446915
0.6944303
0.69468874
0.69461954
0.69470316
0.69440717
0.69451064
0.69451326
0.6944067
0.6943876
0.694503
0.6946322
0.69452727
0.6944443
0.6944338
0.694653
0.69463223
0.69469684
0.6945561
0.6946167
0.69440913
0.6943342
0.69444674
0.6946223
0.6946719
0.6943441
0.6945469
0.69457626
0.6945426
0.694598
0.6944785
0.69457954
0.6942885
0.6945788
0.69458526
0.6945608
0.69457376
0.69450545
0.6943256
0.6947702
0.6942806
0.6944298
0.6944766
0.6945408
0.69481593
0.6945465
0.69453204
0.69453764
0.6942675
0.69442403
0.69452775
0.6947472
0.6943663
0.69479066
0.6945975
0.69456226
0.6944199
0.6947768
0.69459474
0.694256
0.6946517
0.6943435
0.6945018
0.6945418
0.69469935
0.69439393
0.69465286
0.69450796
0.6944544
0.6943947
0.69471294
0.6943755
0.6945009
0.6943521
0.6945859
0.6943676
0.694844
0.6946807
0.69467914
0.69446695
0.6946122
0.6944295
0.69461364
0.69446313
0.69434756
0.6946105
0.69445497
0.6944111
0.694587
0.69453096
0.6946514
0.69446164
0.69430256
0.6945708
0.6944592
0.69457394
0.69455576
0.6945494
0.6946171
0.694362
0.6943483
0.6946314
0.6946922
0.6947063
0.69432706
0.6946943
0.6946292
0.6945641
0.69470006
0.6944372
0.69444335
0.69459134
0.69478804
0.6945813
0.6945693
0.6945015
0.69445306
0.6946053
0.69469625
0.6944549
0.6945243
0.69460666
0.69460034
0.6946322
0.6945446
0.69457716
0.6946903
0.6945548
0.69448143
0.6945023
0.6944515
0.69471043
0.69453096
0.6945304
0.69478637
0.69451505
0.6947802
0.6946087
0.6946925
0.69467854
0.6945337
0.6946001
0.6948088
0.69451284
0.69459015
0.69477725
0.6947069
0.6945258
0.694665
0.6946676
0.6945459
0.694442
0.6945719
0.69462615
0.69463557
0.6946397
0.6945683
0.69446284
0.69456756
0.6946786
0.6944749
0.6945501
0.6946706
0.69458103
0.6946387
0.69439214
0.694868
0.6947429
0.6945202
0.6946276
0.6945754
0.6944231
0.6946912
0.69478714
0.6943944
0.69445664
0.69457954
0.6945572
0.6946123
0.6945335
0.69455713
0.69466245
0.69469815
0.6946782
0.6946729
0.6946657
0.69457203
0.69465286
0.69475114
0.694703
0.6945421
0.694359
0.69475836
0.6944703
0.69465345
0.69458956
0.6946203
0.6946941
0.6946162
0.6945131
0.69447416
0.69458467
0.6945917
0.6946927
0.69460917
0.6944832
0.69452107
0.6945853
0.6947812
0.6944433
0.6946281
0.69452477
0.694537
0.69460875
0.6944446
0.69450223
0.69453347
0.6944554
0.69461983
0.69455713
0.69449717
0.69452924
0.69454783
0.69442374
0.6944995
0.69456625
0.69489235
0.69464225
0.694701
0.6942229
0.6944849
0.69472474
0.69479203
0.6945112
0.69446003
0.69454634
0.69453853
0.69451976
0.69436413
0.69448674
0.6946712
0.6945329
0.69458604
0.69456244
0.69456595
0.6944634
0.69450265
0.6944319
0.69459534
0.6945383
0.6945421
0.6945036
0.69460416
0.694483
0.694573
0.6942876
0.69452167
0.69464505
0.6945022
0.69431937
0.6943645
0.6945993
0.69435424
0.6943357
0.69417
0.69459915
0.6945253
0.694411
0.6941267
0.69452053
0.6944086
0.69456434
0.69443303
0.69460374
0.69435334
0.69433564
0.6944418
0.6947671
0.6943784
0.6944938
0.694312
0.69429106
0.6944246
0.69448984
0.69455194
0.69449514
0.69461614
0.69437456
0.6945657
0.69431466
0.6945588
0.6944444
0.69462585
0.6944944
0.6944093
0.69454044
0.69455236
0.69451386
0.694449
0.6943988
0.6944263
0.69438106
0.6946092
0.69453794
0.6944433
0.6945895
0.69441414
0.6945179
0.69438607
0.6943488
0.694328
0.69454634
0.69437903
0.6942255
0.69445324
0.6945828
0.6943597
0.6943706
0.6943036
0.6945804
0.69424343
0.69433486
0.69428474
0.6944107
0.6946914
0.69452304
0.6943014
0.69447243
0.6944706
0.69453675
0.69435644
0.6944102
0.69432795
0.69434327
0.6942793
0.69441265
0.6942486
0.6943056
0.69457656
0.6946108
0.69429195
0.69432425
0.694611
0.69428426
0.6943133
0.6945511
0.6942522
0.6944744
0.69461375
0.6944229
0.69422996
0.6943882
0.694277
0.694531
0.69490165
0.69433635
0.69431406
0.694433
0.69435817
0.6942196
0.694638
0.69460374
0.69435424
0.6944697
0.69408983
0.6944352
0.6944603
0.69442683
0.6942108
0.69452983
0.6945894
0.6945025
0.69432783
0.6946802
0.6942221
0.69439256
0.6944756
0.6945154
0.6943546
0.6943968
0.6947303
0.6941716
0.69461554
0.6945634
0.6942611
0.69466966
0.6943539
0.69466037
0.6944172
0.6945907
0.69452685
0.69461584
0.694401
0.6946138
0.6942481
0.694588
0.69446737
0.69453907
0.69446677
0.6946931
0.6944299
0.6941978
0.69450706
0.69452643
0.6944375
0.6946836
0.69433314
0.6944189
0.69439447
0.6946117
0.6946113
0.69451743
0.69458795
0.6945202
0.69445103
0.69450396
0.6944061
0.69451123
0.6945393
0.69460326
0.6943973
0.69448984
0.6944738
0.69449896
0.69448674
0.6946909
0.6946132
0.69461495
0.69433224
0.69458956
0.6944804
0.6945109
0.69436693
0.6943598
0.69466406
0.69437295
0.69433993
0.6947017
0.69457924
0.69456816
0.69462025
0.6945979
0.69427276
0.69443095
0.6946188
0.6946308
0.6947587
0.6944807
0.6945375
0.6947998
0.6945013
0.69451827
0.6945304
0.6945026
0.69461995
0.6947052
0.69436586
0.6946437
0.69462967
0.6947337
0.6945609
0.69437903
0.6944575
0.694613
0.69454825
0.6945729
0.6946897
0.69449663
0.69463426
0.6945152
0.6946276
0.69452876
0.6946025
0.6945963
0.6943614
0.6946606
0.6945675
0.6944124
0.694464
0.6943964
0.6944052
0.6942382
0.69424963
0.6945112
0.6944953
0.6945631
0.69452536
0.69448674
0.69467986
0.69459
0.694506
0.69452053
0.6943803
0.69453514
0.6944009
0.69463545
0.6944229
0.6944786
0.69475776
0.6944512
0.6944969
0.69431907
0.6945066
0.69455135
0.6944938
0.6942712
0.69468117
0.69432205
0.69451255
0.6942042
0.69449306
0.69437253
0.6943277
0.69440407
0.69455624
0.69423026
0.6947891
0.69429713
0.6945589
0.69434106
0.69425386
0.6945122
0.6943852
0.6943288
0.694508
0.69435424
0.6945421
0.694506
0.6944197
0.6943739
0.69429225
0.6942102
0.6944925
0.69420856
0.6946172
0.6944503
0.69447076
0.69432074
0.6943504
0.6945888
0.6945332
0.6944025
0.69426584
0.69428897
0.6944293
0.6944672
0.69434565
0.6943278
0.6941778
0.69423074
0.69440806
0.6944005
0.6945014
0.69433737
0.6944416
0.6942901
0.69425917
0.69425
0.6943105
0.69435424
0.6943647
0.6945288
0.6942808
0.69446516
0.69446194
0.6943235
0.69425595
0.6941105
0.69466
0.6942954
0.694434
0.69423324
0.6942734
0.6939889
0.69417876
0.6941319
0.6944034
0.69422865
0.69417214
0.6946492
0.69418985
0.6942169
0.69422185
0.6941431
0.69430614
0.694211
0.6942863
0.69418246
0.69400436
0.69393855
0.69430333
0.69455713
0.69411486
0.69428146
0.694288
0.6943136
0.6940604
0.69404125
0.69425166
0.69420946
0.69407064
0.6941727
0.6942011
0.6942668
0.69430953
0.69410104
0.69418424
0.69407785
0.69447273
0.6940772
0.69382006
0.69420063
0.6939525
0.6937963
0.6940315
0.6939333
0.6939178
0.694087
0.69398654
0.6942333
0.6940117
0.6939571
0.69406086
0.69404066
0.69405323
0.6941321
0.694135
0.69404644
0.6940401
0.6938439
0.69406605
0.6939559
0.69404703
0.6938706
0.69391614
0.6942044
0.69386476
0.6942577
0.6938793
0.6936712
0.6938947
0.6940668
0.69413376
0.69388056
0.69394606
0.69391406
0.69400966
0.6939132
0.694104
0.69409716
0.6939435
0.69394666
0.6939468
0.694049
0.69400203
0.69386905
0.6941068
0.6940035
0.6941339
0.6937659
0.6938014
0.69384843
0.69386065
0.69386977
0.6940797
0.6938229
0.69374037
0.693985
0.69394636
0.69396406
0.6938072
0.69384116
0.693841
0.69382715
0.69385463
0.6939412
0.69391894
0.69383734
0.69407594
0.694019
0.6939271
0.69367874
0.69380075
0.69377226
0.69371104
0.6939314
0.69375354
0.6940385
0.69397414
0.6938293
0.6938567
0.69391567
0.6937592
0.6939619
0.69372535
0.69382226
0.6938574
0.6938216
0.6938386
0.69397795
0.69375616
0.6937608
0.69380265
0.69380134
0.6939507
0.6940465
0.6939369
0.6939759
0.69376737
0.6940653
0.6940271
0.69397384
0.69398963
0.6939442
0.69400847
0.69403356
0.69381654
0.69405323
0.6940186
0.69383407
0.69418776
0.69385123
0.69387084
0.6937537
0.6939138
0.69398916
0.69406235
0.6938702
0.6939906
0.6937168
0.69401014
0.694014
0.6940188
0.6939996
0.6938338
0.69407266
0.6939452
0.69389933
0.69396436
0.69408476
0.69386226
0.6941187
0.6940988
0.69385797
0.69372904
0.69389987
0.6940823
0.6938778
0.6938848
0.69409573
0.69403297
0.6939981
0.6940977
0.6939003
0.693895
0.6937874
0.69392025
0.6941536
0.6939064
0.6937303
0.69401497
0.6940996
0.6941889
0.69445246
0.69423854
0.6943096
0.6942501
0.6941388
0.6941184
0.694215
0.6939543
0.6937852
0.69419146
0.6941021
0.6941732
0.69407743
0.69409823
0.6939495
0.6940022
0.6942658
0.6941423
0.6943384
0.69406307
0.6940818
0.6943392
0.693959
0.6940802
0.69426936
0.69426167
0.69414586
0.6941228
0.69450045
0.69390154
0.69415396
0.69440585
0.6941815
0.6943062
0.6940229
0.6940791
0.6942447
0.69436437
0.6942633
0.69413567
0.6942375
0.6942758
0.6942269
0.69414747
0.6943868
0.6943013
0.6940611
0.694222
0.6942385
0.6943652
0.69427913
0.69421166
0.6943288
0.6941247
0.69443065
0.6942935
0.6942723
0.69416285
0.694233
0.69409984
0.69418794
0.69415206
0.69435376
0.69419307
0.69426316
0.69442236
0.6943393
0.69426364
0.69422036
0.69452757
0.69446945
0.6941145
0.6941426
0.6942756
0.6943217
0.6942754
0.69432396
0.6942626
0.69439775
0.6943191
0.6944073
0.694444
0.6946699
0.6944445
0.69426733
0.69438916
0.69435364
0.69419986
0.6947979
0.6943998
0.69434524
0.69417477
0.694425
0.6945224
0.69434464
0.694751
0.6944837
0.6943772
0.6943205
0.6943101
0.6944426
0.6943033
0.6945317
0.69420415
0.6943597
0.6943946
0.694355
0.6946206
0.6944596
0.69446385
0.6944534
0.69459355
0.69462067
0.6945211
0.6946289
0.6945032
0.69434214
0.69454306
0.6944787
0.69446564
0.6945332
0.6945271
0.6946757
0.6944583
0.6945047
0.69475967
0.69451594
0.6944892
0.69470835
0.69454
0.6944411
0.6944483
0.6947239
0.69462335
0.6945182
0.6945402
0.69449174
0.6944518
0.69443554
0.69457304
0.6947129
0.6945062
0.694596
0.6945791
0.6944949
0.6946882
0.6947916
0.69450647
0.6946302
0.69469017
0.69448584
0.6943649
0.694722
0.6945339
0.6946131
0.69462633
0.6944192
0.6945428
0.6943073
0.69461703
0.69467616
0.694613
0.6945154
0.6947029
0.69466305
0.694599
0.69454813
0.69468653
0.6946718
0.69476527
0.69455576
0.69464767
0.69454235
0.6945429
0.69450355
0.6946835
0.6946063
0.6946652
0.6946446
0.69482034
0.69457006
0.69443846
0.6944539
0.69491667
0.6945512
0.69464695
0.69485784
0.6945284
0.6944769
0.69445986
0.69476336
0.6946229
0.69468546
0.6944282
0.69462496
0.6944775
0.6946842
0.6945139
0.6944611
0.6948518
0.6946523
0.6947722
0.6947697
0.69439787
0.69446015
0.6944356
0.6943038
0.69439584
0.6944979
0.69439554
0.6944766
0.69451463
0.6945782
0.694727
0.6944927
0.6945271
0.6948637
0.69446486
0.6942868
0.69453096
0.6943926
0.69431347
0.694761
0.69449943
0.6946374
0.6943734
0.69442314
0.694602
0.6943217
0.69459724
0.69445246
0.6944773
0.6943729
0.69462526
0.6944001
0.6946429
0.69451255
0.6944448
0.6943084
0.6942201
0.6944363
0.6944388
0.6944205
0.6943383
0.694093
0.69463694
0.6945827
0.6942381
0.69416726
0.69439334
0.69423884
0.69434595
0.6944128
0.69440144
0.69454277
0.694479
0.6942455
0.69448334
0.6944283
0.69448805
0.6942856
0.69412833
0.6943952
0.69412583
0.69433653
0.694376
0.69417864
0.69438916
0.69430906
0.69419193
0.6940427
0.69428855
0.69435
0.6942526
0.6945882
0.6941063
0.6940342
0.6942252
0.6942807
0.6940355
0.6941174
0.6940482
0.6943356
0.69401246
0.69417566
0.6942229
0.6939751
0.69414264
0.6939912
0.69403017
0.69416755
0.6941405
0.69406176
0.6940215
0.6938756
0.6940963
0.69407225
0.6941534
0.6942989
0.6940995
0.694033
0.6937868
0.6940306
0.6939357
0.6939346
0.6939537
0.6940951
0.6941834
0.69396627
0.6938853
0.6939526
0.6937626
0.69397116
0.69381756
0.6938263
0.69377756
0.69402647
0.6939807
0.6939699
0.6939744
0.693825
0.6938087
0.6938281
0.6935735
0.69380265
0.69391906
0.69372225
0.6939192
0.69380724
0.6940494
0.69381803
0.69378966
0.69383574
0.69363976
0.69360644
0.6937029
0.6935962
0.6937122
0.6937288
0.69390017
0.69387364
0.69368124
0.693698
0.6934334
0.6934605
0.69377947
0.6935239
0.69361454
0.6933958
0.69380313
0.6932056
0.69345975
0.69374037
0.69348603
0.6936693
0.6938418
0.6937912
0.69366723
0.6936222
0.6935704
0.6937967
0.69370633
0.6935034
0.6934017
0.693473
0.6937851
0.6936269
0.6936566
0.6937194
0.6936304
0.69340897
0.69360435
0.6932866
0.6936091
0.69338274
0.6936383
0.6936428
0.6935455
0.693645
0.6934047
0.6934252
0.69363594
0.69372284
0.6935589
0.69357765
0.6936137
0.6933869
0.69340295
0.6935131
0.6931857
0.6936286
0.693714
0.69359815
0.69342476
0.6935538
0.69348884
0.6936491
0.69352186
0.6935692
0.69352406
0.6934492
0.6932579
0.6936098
0.6936533
0.69351494
0.69372064
0.6935003
0.69339025
0.69345766
0.6937006
0.6934244
0.6935559
0.69372326
0.6932823
0.69331807
0.69364405
0.69353276
0.69325763
0.69325525
0.69344527
0.69338477
0.693693
0.6933114
0.6935109
0.69357187
0.6936059
0.6935721
0.6933493
0.693259
0.6936
0.69364166
0.69351655
0.69350547
0.6934542
0.69349366
0.69345367
0.69342184
0.6936961
0.6934422
0.6937817
0.6935116
0.69358206
0.69363993
0.693355
0.6935566
0.6935833
0.6934096
0.6934234
0.69333124
0.69358015
0.6934521
0.69357604
0.69357294
0.6934781
0.6936153
0.69345784
0.693604
0.6933326
0.6935713
0.6936197
0.6934223
0.69381624
0.6934818
0.69359434
0.6936495
0.69353116
0.69345206
0.6935956
0.6937
0.6936736
0.69380987
0.6936562
0.6937271
0.6936178
0.6936662
0.69353455
0.6937136
0.693515
0.69357556
0.69356793
0.69368696
0.6935742
0.6936752
0.6938629
0.6933694
0.69374555
0.69359034
0.6939227
0.6933931
0.6939879
0.6937372
0.6935349
0.693612
0.6935682
0.6938672
0.6939206
0.6937445
0.6936279
0.69359994
0.69356585
0.6937237
0.6936352
0.69380367
0.6936142
0.6936774
0.693898
0.6937749
0.6939541
0.6936676
0.69355696
0.6936348
0.69369507
0.69399214
0.6936529
0.69368196
0.69381535
0.69355917
0.6937568
0.6938611
0.69382006
0.69407153
0.6940679
0.6939491
0.6937114
0.69378877
0.69376
0.6937005
0.69390917
0.69375944
0.6938138
0.6937106
0.69391793
0.693991
0.69377154
0.6938564
0.6937798
0.6939164
0.69388944
0.6938122
0.6937843
0.6938354
0.6939202
0.69378996
0.6938571
0.6940807
0.6938856
0.69402117
0.69380045
0.69384885
0.6938855
0.6939314
0.6938578
0.6938923
0.693882
0.6940367
0.69399893
0.6939547
0.6938792
0.6938485
0.6936696
0.6939304
0.69418
0.6939222
0.6941635
0.6939053
0.69362897
0.6938467
0.6939032
0.6940137
0.6940068
0.69401836
0.69403607
0.69371635
0.693868
0.6938461
0.69381845
0.6939004
0.6938383
0.6940454
0.6939411
0.6940505
0.6938235
0.69409543
0.6941789
0.69381475
0.6938685
0.6941042
0.69412756
0.6941754
0.69404584
0.6939502
0.69387037
0.6938634
0.6939645
0.6939813
0.69383234
0.6939656
0.69392824
0.6938999
0.69378185
0.69375205
0.6940983
0.6942081
0.6939793
0.69396913
0.69402933
0.69401425
0.6941557
0.694171
0.69399583
0.6939653
0.69406736
0.69398135
0.6939928
0.6939834
0.69411355
0.69414294
0.6940011
0.69420284
0.6942533
0.69392604
0.69404805
0.6939804
0.69409716
0.69403976
0.6938564
0.6940916
0.6942206
0.69409955
0.6941849
0.6941518
0.6942051
0.6940911
0.6938942
0.6942668
0.6941584
0.69420564
0.69412106
0.6942241
0.6939629
0.6940301
0.69411385
0.69396704
0.6941349
0.69407433
0.6939542
0.6942163
0.6941853
0.69397336
0.6943466
0.69412595
0.69426113
0.69408107
0.6940092
0.69405156
0.69386566
0.69434243
0.6938887
0.6940325
0.69410974
0.6941943
0.69417864
0.6943342
0.6941361
0.69404227
0.6939508
0.69394314
0.69407225
0.69431424
0.6942234
0.69416887
0.6941587
0.6941773
0.6941184
0.69416904
0.69409645
0.694077
0.6940753
0.6941209
0.69425535
0.69401854
0.69412756
0.6941923
0.6940654
0.69425666
0.6941479
0.6942612
0.6941654
0.6940432
0.6942703
0.694298
0.69418514
0.6942162
0.6943103
0.6940422
0.69416475
0.6942259
0.6940412
0.69412655
0.6942803
0.6941642
0.6941598
0.69406486
0.6941157
0.69411993
0.6943523
0.6942862
0.6941559
0.6942605
0.6941991
0.6941278
0.69412357
0.69413966
0.69395924
0.6941278
0.69425803
0.69436765
0.69425035
0.6941596
0.69398946
0.6940653
0.6941241
0.694164
0.69420654
0.6942612
0.6941431
0.69427234
0.6943892
0.69433403
0.69431716
0.69409823
0.6942092
0.694229
0.6940417
0.69386846
0.69435084
0.69408095
0.6941386
0.6942382
0.69405484
0.6940337
0.6943435
0.69423425
0.69438356
0.69423807
0.69424653
0.6939873
0.69434
0.6941909
0.69423926
0.69407654
0.69416296
0.6939841
0.69412726
0.6939464
0.69406986
0.6942066
0.6939733
0.69430727
0.6941551
0.6941635
0.6941603
0.6941727
0.6941549
0.6941725
0.69432193
0.6945619
0.6944006
0.6940004
0.6939066
0.69435275
0.6942266
0.69417346
0.6944979
0.6940548
0.6939415
0.69407666
0.6940916
0.69412786
0.69429415
0.69431746
0.6942319
0.6943645
0.6941715
0.69411886
0.6939231
0.6939325
0.69396776
0.69425625
0.69409907
0.6942606
0.6941078
0.69433635
0.6940036
0.69434977
0.69426316
0.69405526
0.69402206
0.6943205
0.6943526
0.6942544
0.69401664
0.6942702
0.6941064
0.6938394
0.694089
0.69398046
0.69404906
0.6940699
0.69421846
0.6943601
0.69416124
0.6940094
0.6941743
0.6938435
0.69394106
0.6942455
0.6940532
0.69402254
0.69401985
0.69404906
0.6940052
0.69400495
0.6942824
0.69411
0.69411355
0.6939526
0.69416875
0.6940151
0.69398344
0.69407576
0.69397455
0.6940196
0.6941231
0.6941559
0.6940671
0.69395995
0.69388944
0.69402593
0.6941769
0.6941921
0.6938763
0.6939395
0.69418854
0.69387746
0.69397503
0.69425595
0.6939633
0.69385445
0.693932
0.6939368
0.69403243
0.69401217
0.6941632
0.69398576
0.69404745
0.6942465
0.69413525
0.69420797
0.6940143
0.6940343
0.69395125
0.6939557
0.69396955
0.6940993
0.6942846
0.6941011
0.6940968
0.6938042
0.6939916
0.69409585
0.6939391
0.69387937
0.694088
0.6939568
0.6940189
0.6940834
0.69414645
0.6940058
0.69409734
0.6939746
0.6940477
0.6939702
0.694071
0.69410074
0.6940473
0.69414204
0.6938842
0.6937404
0.69385755
0.6939861
0.69402295
0.69401735
0.69391537
0.6938085
0.6939149
0.69401187
0.69388026
0.69411707
0.6941441
0.6941858
0.69391805
0.6941445
0.69374675
0.6940007
0.6940222
0.6939294
0.6940269
0.694002
0.69418204
0.69416976
0.6936746
0.6940148
0.6939529
0.69413316
0.6939361
0.6940835
0.69394964
0.6938175
0.6940318
0.6939724
0.6938291
0.6938589
0.6939055
0.69387984
0.6938863
0.69412684
0.6940373
0.6940928
0.69397295
0.6941062
0.69380456
0.69396377
0.6938467
0.6939289
0.69410306
0.6939378
0.6938554
0.69405913
0.69388235
0.6939159
0.6937965
0.6942013
0.6940668
0.6938183
0.69411635
0.6941177
0.6941925
0.6940414
0.6942096
0.69411165
0.69402766
0.69388115
0.6942601
0.6938914
0.69400984
0.6942528
0.6937332
0.69394827
0.69398355
0.69407666
0.6940437
0.69408375
0.6941253
0.69401675
0.69416004
0.6941301
0.6940493
0.69386286
0.6941527
0.6941541
0.6938953
0.6940443
0.6940841
0.6941021
0.6940623
0.6938885
0.69419485
0.6944832
0.69393337
0.69403034
0.69399285
0.69408184
0.6939192
0.69384307
0.69404143
0.6940412
0.6939563
0.6939917
0.69391614
0.69436044
0.6939156
0.6938824
0.6940306
0.6939162
0.6938799
0.6939625
0.6940029
0.6941447
0.6941373
0.6940443
0.69399613
0.6941284
0.6941915
0.6940445
0.6941511
0.69412106
0.69424284
0.69436526
0.69405293
0.69410294
0.6941363
0.69393355
0.6940622
0.69399196
0.69412935
0.6939926
0.6939394
0.694076
0.69433665
0.6938865
0.6939974
0.6941155
0.6940664
0.6940514
0.69412553
0.69412357
0.6939735
0.6941776
0.6941932
0.694201
0.694289
0.69420356
0.6940875
0.69394255
0.6941425
0.6943098
0.69398594
0.6940468
0.6941734
0.6941124
0.6940352
0.6940775
0.69420564
0.6940752
0.6942163
0.6943413
0.69396776
0.6941547
0.69386977
0.69427484
0.69403476
0.69437695
0.69421244
0.6939796
0.6940867
0.694145
0.69404966
0.69411975
0.6941106
0.6941088
0.69415045
0.694022
0.6941685
0.69427437
0.6942184
0.69419926
0.69443804
0.69400156
0.69423807
0.6941435
0.6941076
0.69435513
0.6941497
0.6940872
0.6944472
0.6943507
0.69407403
0.6942061
0.69401604
0.6940028
0.6943923
0.69409513
0.69430137
0.69413644
0.6942282
0.6944176
0.6940518
0.6941257
0.6942323
0.69410455
0.69429445
0.69410664
0.69421655
0.6941405
0.6944447
0.6943663
0.69420725
0.6941326
0.69429386
0.69426185
0.694344
0.6942504
0.6942883
0.69423735
0.69427013
0.69417495
0.6942461
0.6943451
0.6943655
0.69407123
0.694473
0.6943923
0.6943426
0.6945459
0.6943636
0.69438875
0.6942116
0.69403934
0.69420457
0.69437176
0.69417757
0.6943456
0.69442827
0.6943025
0.6941833
0.6943917
0.69426286
0.69423175
0.6945192
0.694157
0.6946804
0.69442856
0.6941573
0.6944235
0.6942976
0.6944459
0.69421315
0.6944726
0.69436705
0.6944791
0.6942401
0.694365
0.6943827
0.6940837
0.694572
0.6942337
0.6943407
0.6943874
0.6943405
0.6942344
0.694345
0.6944954
0.6941946
0.6944137
0.69436467
0.6943345
0.6944324
0.69433355
0.69457036
0.6942294
0.69426465
0.69453317
0.6943507
0.69428396
0.69417894
0.69423735
0.6943894
0.69455254
0.6944241
0.6944415
0.6944308
0.6945492
0.69441676
0.69449204
0.694456
0.69466037
0.6942328
0.6942202
0.6945413
0.69425124
0.69453937
0.69436127
0.69461966
0.69467986
0.6944976
0.6943397
0.6943781
0.6943661
0.6942455
0.6946424
0.6945734
0.6944632
0.69436496
0.69422656
0.69422954
0.6944581
0.6943135
0.6948492
0.6945246
0.69446653
0.69454306
0.6943886
0.69464946
0.69456285
0.69447345
0.69419044
0.69441336
0.69467455
0.69438034
0.6944516
0.69441193
0.6944607
0.6944954
0.6944267
0.6946289
0.6944407
0.69430584
0.6944947
0.69462645
0.6941705
0.69467115
0.6943171
0.6946206
0.6943947
0.6943446
0.69456047
0.69427913
0.69460046
0.69438887
0.69455445
0.69435644
0.6944051
0.6943601
0.6946098
0.69457763
0.69444484
0.694508
0.69465405
0.6944853
0.6942201
0.69432396
0.69412297
0.69437176
0.69442964
0.69429874
0.69426566
0.69445574
0.6945795
0.6942281
0.69466394
0.6943094
0.6943709
0.69430846
0.6947274
0.6947019
0.6942585
0.6945192
0.694468
0.6942887
0.69415605
0.69474095
0.6945517
0.6945656
0.69431645
0.6944049
0.6944998
0.69441783
0.69443893
0.694599
0.69441867
0.69435674
0.69419694
0.6945259
0.69452184
0.6942813
0.6943402
0.6944316
0.6944088
0.6943655
0.69446886
0.69447136
0.6942229
0.6942947
0.6942464
0.6945383
0.69421244
0.6947062
0.69440764
0.6945155
0.6944279
0.69443756
0.69458497
0.69437826
0.6943764
0.69437706
0.6941538
0.6942222
0.6942265
0.69436675
0.69441146
0.6940545
0.69427884
0.69432116
0.69421095
0.6940868
0.6940796
0.6943965
0.69417244
0.6942653
0.6943692
0.6942972
0.69406706
0.69410753
0.69429827
0.694289
0.6941562
0.6940827
0.69434434
0.6941861
0.69415057
0.6941307
0.6939574
0.69397944
0.6942187
0.69407636
0.6940716
0.6941892
0.69410706
0.69413096
0.69405425
0.6941889
0.6939791
0.694181
0.6939457
0.6942762
0.6941702
0.69397074
0.6941418
0.694139
0.6939708
0.6938672
0.69390786
0.6940284
0.6940371
0.69377
0.69393873
0.6942257
0.69411325
0.693997
0.6940986
0.69413126
0.69416434
0.6940992
0.69404095
0.6939256
0.69403195
0.6939728
0.69411325
0.6940138
0.69391435
0.69407004
0.69405645
0.6937423
0.69392157
0.6940834
0.69396126
0.6940585
0.6936126
0.69398534
0.6937679
0.6936709
0.69396734
0.6938657
0.69389296
0.6938275
0.69416004
0.69388366
0.6941058
0.6939934
0.6940985
0.6939122
0.69402045
0.6940783
0.6938129
0.69394857
0.6940042
0.69428617
0.69404507
0.6940026
0.6941012
0.69387066
0.6939296
0.6940684
0.6939175
0.6939733
0.6940294
0.69400203
0.6942611
0.6939295
0.6939981
0.69404525
0.694006
0.6942692
0.6942288
0.6942241
0.69426036
0.69418555
0.69407326
0.69412005
0.69422615
0.6939053
0.69422895
0.6942953
0.69404745
0.6939231
0.6940828
0.69395113
0.6940425
0.694094
0.6941989
0.6943761
0.69419175
0.69422853
0.69419307
0.69394153
0.694067
0.6942803
0.693993
0.69423616
0.6940853
0.69443226
0.6942769
0.6938655
0.6942349
0.69441813
0.6941193
0.69417584
0.69428444
0.69425476
0.69454265
0.69436586
0.69436353
0.694194
0.69420946
0.694094
0.6940977
0.6942502
0.6943192
0.6941066
0.69441295
0.69420207
0.6943511
0.6941465
0.69431734
0.6945321
0.69425714
0.69430804
0.69424164
0.6937842
0.69423354
0.6942258
0.69434667
0.6942336
0.69444895
0.69438154
0.6946079
0.6944593
0.69447875
0.694373
0.6943249
0.69427156
0.69410497
0.6944616
0.694101
0.69427115
0.69442576
0.6944341
0.694374
0.6945801
0.6944511
0.6943266
0.6941794
0.6943648
0.6944567
0.6944992
0.6944687
0.6942298
0.6945214
0.6943937
0.69449776
0.6942789
0.69436187
0.69431764
0.69433796
0.6944067
0.6945527
0.6943137
0.69411707
0.6940834
0.69422865
0.69439787
0.6945096
0.6947693
0.6943858
0.69443595
0.6945783
0.69435334
0.6943488
0.6945547
0.6944175
0.6944485
0.6942271
0.69443804
0.6945133
0.69429183
0.69457084
0.6945606
0.69463176
0.6943433
0.6944207
0.69461906
0.6944502
0.69451135
0.69438666
0.694373
0.6942854
0.6943185
0.6942931
0.6944213
0.6944172
0.6943457
0.6943989
0.69447225
0.69441146
0.6943769
0.6941467
0.69459534
0.69441926
0.69448096
0.6945314
0.69426775
0.69433975
0.69444066
0.6945248
0.6943724
0.6941123
0.6942943
0.6941793
0.694748
0.694248
0.69439197
0.6944418
0.69429034
0.69449157
0.6946625
0.6945794
0.6945023
0.69452995
0.694415
0.69424593
0.69460213
0.69440657
0.6943526
0.6943011
0.6945079
0.6942855
0.69462323
0.6945429
0.694208
0.6947024
0.6942544
0.6942042
0.69452375
0.6944038
0.6946063
0.6944878
0.69435465
0.69422096
0.6944379
0.6945799
0.6945616
0.69451886
0.69466543
0.6944651
0.6943968
0.6940719
0.6943203
0.69464695
0.69443315
0.6943763
0.69465584
0.69456905
0.6943514
0.6944394
0.69423866
0.69463307
0.69457656
0.694524
0.69443405
0.6943485
0.6945165
0.69445187
0.6945185
0.6942878
0.6945124
0.69452983
0.69458586
0.69436187
0.69461596
0.69436705
0.69429094
0.69453627
0.6945018
0.69466066
0.69441295
0.6943029
0.6946049
0.69456434
0.69457394
0.6941111
0.6945681
0.69462365
0.6948351
0.6946784
0.6944023
0.69447345
0.6945927
0.6945381
0.6944409
0.69455755
0.6944537
0.6946188
0.69452417
0.6943927
0.6946662
0.694464
0.6943282
0.694382
0.6943851
0.6945084
0.6945048
0.6948034
0.69485897
0.69444185
0.69450873
0.6947248
0.69403654
0.69440794
0.69440025
0.69429475
0.6944728
0.6947471
0.6945961
0.69459534
0.6945842
0.6943345
0.6946886
0.6945011
0.6943758
0.6946381
0.69466627
0.6944937
0.6945397
0.69454426
0.6941952
0.6945599
0.6943153
0.6943705
0.69453126
0.69436103
0.694556
0.69464105
0.69442886
0.6946244
0.6946586
0.69444644
0.6946762
0.6943279
0.69459796
0.6944782
0.6947284
0.6945947
0.69446135
0.6947113
0.6949724
0.69465345
0.69468856
0.6944863
0.69423056
0.6944676
0.6945239
0.6945754
0.6945298
0.6947276
0.6945574
0.69443977
0.6944983
0.6942833
0.69454217
0.6948232
0.69432163
0.69429195
0.6945875
0.6944853
0.6949474
0.69465464
0.6945888
0.6946578
0.69454485
0.69436586
0.6944
0.69432116
0.69431597
0.694698
0.6943756
0.6944516
0.6943339
0.69438505
0.6947176
0.6946091
0.6943762
0.6943679
0.69474036
0.69465953
0.694774
0.69482726
0.69429725
0.6945019
0.6949849
0.6946907
0.6945739
0.6946469
0.6944283
0.6944825
0.69446886
0.6947679
0.69475895
0.69444555
0.6946589
0.69447005
0.69455564
0.6944708
0.694587
0.69446343
0.6942824
0.69448894
0.6946252
0.69440544
0.6945874
0.69456005
0.6944782
0.6945238
0.69453925
0.69459873
0.694283
0.6943123
0.6946031
0.6946824
0.694752
0.6944872
0.6944752
0.69445723
0.6945414
0.69442713
0.69467837
0.6944414
0.69442576
0.69470614
0.6943856
0.69441557
0.6943221
0.69437975
0.69451034
0.6943838
0.69465953
0.6942844
0.6943078
0.69449335
0.694505
0.69455016
0.69481516
0.6944054
0.6945325
0.6944229
0.69442856
0.69438756
0.6942934
0.6944439
0.69446135
0.6945436
0.69440806
0.694339
0.69464326
0.69438124
0.69474864
0.6944358
0.6943306
0.69464713
0.69457096
0.69447887
0.6943445
0.694688
0.69414973
0.6946728
0.6942222
0.69446015
0.6944006
0.69448334
0.69436485
0.6945946
0.6942754
0.69431907
0.69459456
0.69442
0.6943364
0.6943185
0.69468766
0.69459003
0.6943078
0.6944667
0.6943304
0.69450325
0.6944848
0.69442993
0.6942521
0.6944431
0.6941314
0.6944743
0.69447434
0.69427806
0.6944033
0.6944019
0.6944378
0.6943437
0.69454837
0.6941056
0.6941972
0.6941912
0.6941452
0.6943944
0.6941543
0.6941066
0.6942939
0.6944323
0.6943391
0.69412154
0.6941207
0.694194
0.6943108
0.69417214
0.6943175
0.6942781
0.6940689
0.6941344
0.69411325
0.6940592
0.6943953
0.69403696
0.6939788
0.69426054
0.69427663
0.694228
0.69403124
0.69410247
0.69402283
0.69414145
0.6939132
0.69395995
0.6939733
0.6942649
0.6942676
0.69401294
0.6941044
0.6941794
0.6936736
0.6937789
0.69397837
0.69379354
0.6939347
0.69373775
0.6940411
0.6937981
0.6938463
0.6938544
0.69355917
0.6938495
0.6940474
0.6939819
0.693767
0.6938278
0.69370335
0.6936374
0.69382834
0.6935921
0.693591
0.6938172
0.6937841
0.6939765
0.69351315
0.69372874
0.69361764
0.69357723
0.6939475
0.69366926
0.693631
0.6934699
0.69342935
0.69359183
0.69362044
0.6936732
0.693487
0.69343776
0.69352126
0.69357795
0.693762
0.69361514
0.6935346
0.6935353
0.693695
0.69361967
0.69352335
0.69343066
0.69353116
0.69363844
0.69347024
0.6934585
0.69349265
0.69356745
0.6935078
0.6936111
0.6937034
0.69348735
0.69333816
0.6937415
0.6935687
0.6935775
0.6933893
0.6934591
0.69361454
0.6935482
0.6937362
0.6937127
0.6935464
0.6934613
0.69340926
0.6937337
0.6934705
0.6935319
0.6934953
0.69335747
0.6937944
0.6937866
0.69358623
0.69347525
0.69368166
0.69330645
0.6936503
0.693651
0.69354475
0.69371915
0.6934279
0.69355756
0.693631
0.69356644
0.6937292
0.69370335
0.69348454
0.6939874
0.6935428
0.6936693
0.69375426
0.69359577
0.6936576
0.6936952
0.6937853
0.6937227
0.69353026
0.6936482
0.6936397
0.6937483
0.69355506
0.69347423
0.6935336
0.6936721
0.6933657
0.69332916
0.69373226
0.6936539
0.69350636
0.6938515
0.6935363
0.6936615
0.69358116
0.6937191
0.69382685
0.6937815
0.6939028
0.69355404
0.69369036
0.6935999
0.6936251
0.6937356
0.6937524
0.6937089
0.6937477
0.6935884
0.69365704
0.69363517
0.6939499
0.6937678
0.6939428
0.6938188
0.6932925
0.69360715
0.6938225
0.6935576
0.6938932
0.69386154
0.6938294
0.693677
0.6937299
0.6936171
0.693947
0.6937252
0.6938718
0.69393176
0.6938215
0.69407654
0.693594
0.69410545
0.6939011
0.69385695
0.69392616
0.6939857
0.6935273
0.6940614
0.6937887
0.69377613
0.69393396
0.6936192
0.69402516
0.6941295
0.69390166
0.6939128
0.6938053
0.693958
0.693836
0.6938052
0.6939238
0.6936047
0.6936504
0.69373494
0.6941369
0.69363046
0.69374233
0.69381446
0.6936808
0.6939704
0.6937988
0.6938746
0.6937758
0.69384664
0.6938329
0.6938039
0.69402015
0.69361866
0.69387394
0.6937842
0.6937103
0.69420445
0.6941686
0.69381696
0.6938476
0.6937947
0.6938041
0.69376564
0.69394845
0.6936233
0.6936555
0.6937865
0.69372797
0.6936979
0.6938955
0.6938329
0.69394463
0.6939999
0.6940107
0.69398713
0.69387025
0.69413126
0.693914
0.6938303
0.69386464
0.69386554
0.69398946
0.69390684
0.693998
0.6938548
0.6940035
0.6939596
0.6936905
0.6937138
0.6941263
0.6939575
0.6936396
0.69398814
0.6939333
0.693844
0.6939024
0.69394577
0.6939135
0.6939519
0.69384503
0.6939041
0.6940662
0.693755
0.6937814
0.6940616
0.69385016
0.6937592
0.6939279
0.694009
0.6937708
0.6940704
0.693626
0.69377023
0.69406146
0.69389325
0.69381285
0.69394064
0.69374865
0.6937998
0.6937468
0.693807
0.69360524
0.69406873
0.6940337
0.6938046
0.6937866
0.69368434
0.69395775
0.69394237
0.6938994
0.69385016
0.6939025
0.69376934
0.6939249
0.693714
0.694188
0.69363767
0.6937298
0.693894
0.69382
0.69384134
0.69376516
0.6938655
0.6938345
0.69386125
0.6938973
0.6938707
0.69386643
0.69397086
0.69400245
0.69395036
0.69385153
0.6938526
0.693778
0.6939322
0.69388807
0.6941299
0.6936779
0.6936493
0.69413024
0.69371295
0.69399875
0.69386655
0.69382966
0.6938784
0.69414407
0.69388974
0.6937878
0.69354624
0.694015
0.6937589
0.693804
0.69384736
0.69390655
0.69379556
0.6941721
0.6938306
0.6939196
0.6938872
0.693636
0.6940622
0.693967
0.69387996
0.69392824
0.69395524
0.69393796
0.6939443
0.693504
0.6937991
0.6937786
0.6939948
0.69391006
0.6937833
0.6937732
0.69395864
0.69389397
0.69400173
0.6939598
0.6939699
0.6939025
0.6939171
0.6938273
0.6939738
0.6939918
0.6938793
0.6940226
0.6940033
0.6940341
0.6940727
0.6938138
0.69375265
0.6939744
0.6941325
0.6939892
0.6939603
0.6939735
0.69389385
0.6940349
0.69395757
0.6939212
0.6940291
0.6939647
0.6940122
0.694116
0.69398564
0.69413644
0.69401187
0.6940258
0.69395816
0.69379556
0.693921
0.6940868
0.693969
0.69376886
0.6939818
0.6940634
0.6938875
0.69394696
0.69394153
0.6937564
0.6939701
0.69371486
0.69401675
0.69409883
0.6939177
0.69407004
0.6939335
0.69396734
0.69398105
0.69411004
0.69380295
0.6940429
0.69419956
0.6939243
0.6941058
0.6938827
0.69411314
0.6939629
0.69400454
0.6940581
0.69400007
0.6940556
0.69382316
0.69372636
0.69395024
0.6938
0.6940811
0.6939238
0.69392294
0.69404936
0.6939147
0.69372636
0.69423205
0.69410145
0.69401723
0.694029
0.69407797
0.6939883
0.693707
0.6937527
0.69387764
0.69420666
0.6938672
0.69383246
0.69381446
0.6941859
0.6942757
0.6939232
0.6938969
0.69391614
0.6941944
0.6939974
0.6942605
0.6938471
0.69397074
0.6937115
0.69399256
0.69412416
0.69387424
0.6940827
0.69384307
0.6939638
0.69410914
0.6939653
0.6939594
0.6940194
0.693963
0.6938698
0.6939214
0.693872
0.69405824
0.6938313
0.69385594
0.6939108
0.6938195
0.69371027
0.6940421
0.6940755
0.693946
0.6938837
0.6942468
0.6939265
0.6940615
0.6939802
0.6942026
0.6939328
0.6939146
0.69387764
0.6938862
0.69423294
0.69383377
0.6940795
0.69360805
0.6940959
0.69380647
0.69390917
0.69416887
0.693998
0.694017
0.6939113
0.69379634
0.6940862
0.6937193
0.69370663
0.6937871
0.69391817
0.6940755
0.6939016
0.6941657
0.6938742
0.6938764
0.69399834
0.694061
0.6938129
0.6938795
0.69398576
0.69383246
0.6940859
0.6938631
0.6938789
0.69401705
0.6938491
0.6936973
0.69388705
0.693762
0.69399923
0.6939988
0.6939454
0.6940421
0.6939171
0.6936874
0.6936588
0.69391423
0.69401485
0.6938491
0.69384646
0.69396186
0.6936381
0.69393396
0.6938364
0.6939693
0.69404763
0.6939606
0.6938979
0.69380677
0.6937998
0.693911
0.6939018
0.69366294
0.6938391
0.6938187
0.6937318
0.6939467
0.6938557
0.69389105
0.69397146
0.6936836
0.6936505
0.69384915
0.69402134
0.6940165
0.69380146
0.694007
0.69364375
0.6936376
0.6935155
0.6937822
0.69382167
0.6938742
0.6937042
0.6938044
0.6937467
0.693716
0.6935311
0.69370914
0.69369245
0.6936374
0.69365525
0.6934409
0.6938102
0.6936254
0.6937805
0.6937699
0.6937092
0.6937359
0.69383705
0.6937683
0.69367015
0.69344693
0.6936348
0.6936945
0.69353276
0.6936412
0.69348705
0.6937868
0.6934466
0.6935419
0.6937064
0.6937946
0.69349873
0.6937349
0.69369644
0.6935506
0.6936481
0.69348735
0.69386816
0.69355726
0.6936033
0.6934412
0.6933609
0.69347477
0.69372463
0.6936099
0.6935259
0.6935348
0.693547
0.69328356
0.6935988
0.6936724
0.69348085
0.69348776
0.69336027
0.6936294
0.69357353
0.69363993
0.693482
0.6934941
0.69358337
0.6935269
0.6934618
0.6933344
0.69342023
0.69358593
0.6934549
0.69364476
0.6933118
0.693596
0.6936655
0.69365376
0.6936609
0.69348407
0.69348973
0.6935627
0.6933732
0.6936056
0.6935749
0.6936126
0.6934899
0.6937506
0.69330716
0.69322276
0.6934316
0.6934817
0.6935288
0.69357455
0.69353086
0.69377023
0.6936476
0.6935725
0.69367963
0.6936073
0.6937534
0.6935368
0.69350964
0.693566
0.6933908
0.6936935
0.6935408
0.6936201
0.6936259
0.693603
0.69360775
0.6934721
0.69344693
0.6936688
0.6939335
0.6935846
0.69360375
0.6936811
0.6937376
0.6936488
0.6936173
0.69355226
0.6937003
0.6935606
0.6937446
0.69372225
0.6935251
0.6937445
0.6937035
0.69372433
0.69355786
0.69351506
0.69394547
0.6938051
0.6939848
0.6935285
0.69365805
0.69393307
0.6939445
0.69366056
0.6938492
0.6937265
0.6935917
0.6936469
0.6938227
0.69368577
0.6939728
0.693726
0.69364774
0.6938039
0.6939015
0.69361526
0.69362956
0.6939388
0.69374555
0.69378954
0.69399166
0.69376487
0.6939658
0.6937052
0.6939944
0.69382864
0.69373083
0.69386625
0.69368315
0.69373435
0.6937072
0.6940912
0.69387484
0.69384325
0.694102
0.6938466
0.6938401
0.6937808
0.69392616
0.69399214
0.6939698
0.69389653
0.69375324
0.6940329
0.6938147
0.6940174
0.6937731
0.69425756
0.69373506
0.6939339
0.69401145
0.69396365
0.6940612
0.6940287
0.6939214
0.6940182
0.69401497
0.6940058
0.69374627
0.69392246
0.6940476
0.694008
0.6937245
0.69411993
0.6942042
0.6941062
0.6939326
0.69402903
0.6937323
0.6937004
0.6939922
0.6940513
0.69425005
0.6941595
0.6941978
0.6937096
0.6939524
0.6941158
0.6939432
0.69397455
0.694161
0.69401854
0.69392514
0.6940025
0.6940613
0.6940076
0.69405097
0.6940024
0.6938741
0.6942617
0.6939647
0.69394773
0.6939372
0.6940554
0.69404155
0.69423956
0.694232
0.6942568
0.69392824
0.6940427
0.6938458
0.6939182
0.6941009
0.69400465
0.69409883
0.6940836
0.6939631
0.6940713
0.6939959
0.6939556
0.6940989
0.6942012
0.69398654
0.69402343
0.694063
0.69413835
0.69422626
0.6940187
0.69423723
0.69386977
0.6939475
0.6940782
0.69396853
0.69414103
0.69412595
0.69420034
0.694194
0.69436896
0.6940786
0.6941756
0.6939538
0.6942083
0.69411415
0.69408447
0.6941689
0.6941212
0.69415486
0.6940239
0.69397813
0.6941991
0.6941592
0.6938391
0.6941262
0.694054
0.69394684
0.6938092
0.6941791
0.6941524
0.6939723
0.694193
0.69402105
0.6940897
0.69420403
0.69421047
0.69408274
0.6939379
0.69421047
0.69411707
0.6941657
0.6942071
0.694257
0.69414246
0.6941984
0.6943148
0.6942096
0.6940289
0.6942671
0.6942007
0.6943714
0.6942397
0.69390446
0.69413555
0.69422257
0.6940648
0.6939858
0.69417477
0.6941639
0.694236
0.69392854
0.6942153
0.6941603
0.69426006
0.69405574
0.6939972
0.69419754
0.6940176
0.69414026
0.6942118
0.6942499
0.69420815
0.69426364
0.6941958
0.69420165
0.69415474
0.6941526
0.69414663
0.69441164
0.6940773
0.6941067
0.6941248
0.6939697
0.694371
0.6944243
0.6943034
0.69438887
0.69415516
0.69410694
0.694007
0.6942022
0.6942374
0.6943418
0.69408685
0.69429785
0.6942623
0.6941622
0.6940971
0.6943006
0.69414866
0.694135
0.6940863
0.69392115
0.69420505
0.69417495
0.6940853
0.6941435
0.694194
0.69417393
0.6942604
0.6941476
0.6941724
0.69441575
0.6941351
0.6943298
0.6941684
0.6941768
0.6941966
0.6942756
0.6940048
0.6941724
0.6941375
0.6941241
0.69439316
0.6945018
0.69432634
0.6941541
0.69421506
0.69428205
0.6941961
0.69430286
0.6941561
0.6941019
0.69432676
0.6944407
0.6940625
0.69403905
0.69425434
0.6940503
0.6942973
0.69399995
0.6941273
0.694141
0.6943366
0.6940173
0.6942414
0.69437355
0.6941411
0.69418263
0.6941888
0.6940707
0.69438946
0.6944763
0.69438446
0.6941472
0.69439054
0.69429964
0.6943543
0.69407886
0.6942084
0.694376
0.69443226
0.693974
0.69420385
0.69430315
0.69409996
0.694324
0.694227
0.69425976
0.6941927
0.69444704
0.69433093
0.6945467
0.6943286
0.69447005
0.6943994
0.6940912
0.6944288
0.69432527
0.6942407
0.6942673
0.69430804
0.6941701
0.69427276
0.6941566
0.6941886
0.69436467
0.6941644
0.69408727
0.6942628
0.6944477
0.69422066
0.69438916
0.694116
0.69419366
0.6939684
0.6941269
0.69419265
0.6943567
0.69436866
0.6944559
0.69431114
0.6942753
0.6944625
0.69454974
0.69421405
0.69431716
0.69439167
0.6943242
0.69446087
0.69414014
0.6942104
0.694185
0.6940938
0.6945278
0.6941913
0.69441813
0.6941462
0.6942894
0.6944263
0.6943395
0.6944999
0.6943012
0.6942726
0.69414747
0.6944751
0.6942562
0.69443446
0.694342
0.69418085
0.6943631
0.69425255
0.69427
0.6942366
0.69446355
0.6944106
0.6943345
0.694265
0.6942311
0.694395
0.69413483
0.6943328
0.69427985
0.6942139
0.6942704
0.6941242
0.69439393
0.6942722
0.6942692
0.694372
0.6943626
0.6941579
0.6943656
0.69427186
0.694383
0.6942611
0.69427466
0.6944655
0.694311
0.6942913
0.6944332
0.69436055
0.69430184
0.6941395
0.6942833
0.69427085
0.6941682
0.6944916
0.69424254
0.6940798
0.69426394
0.69418335
0.6943332
0.6943132
0.6944147
0.6942997
0.6942951
0.6940861
0.69440997
0.69438154
0.69424725
0.6944098
0.6943217
0.6943755
0.69442457
0.694022
0.6941314
0.6943716
0.69438756
0.6942664
0.69419307
0.69434285
0.6942831
0.6942873
0.6942156
0.6940933
0.6944292
0.6941646
0.6941991
0.6942557
0.69404083
0.694031
0.694129
0.6942126
0.6942769
0.6943113
0.69445115
0.6943668
0.6942767
0.6941858
0.694322
0.69426984
0.69407564
0.6942473
0.6943433
0.6939956
0.6941219
0.6941617
0.69433576
0.6940875
0.6941993
0.6943594
0.694166
0.6940827
0.69414985
0.6942379
0.69407964
0.69415885
0.6941559
0.6939243
0.6939235
0.6940135
0.69423664
0.69406134
0.6940435
0.6941614
0.694116
0.69409734
0.69412214
0.69405806
0.6942877
0.69393843
0.6939578
0.6940626
0.6940593
0.69391584
0.69400257
0.6940906
0.69408906
0.6941826
0.6941607
0.69388026
0.69416857
0.6943517
0.6938071
0.69385064
0.6939689
0.69402903
0.69412744
0.69407773
0.69395673
0.6938021
0.69413996
0.6938634
0.6939938
0.6941116
0.6939556
0.69392294
0.6939363
0.69417584
0.69376224
0.6940538
0.69409925
0.6938612
0.69381255
0.69382185
0.6939837
0.6938161
0.69399166
0.6939941
0.694005
0.6938462
0.69362676
0.6935224
0.6939232
0.69385535
0.69361216
0.6936634
0.693707
0.69395757
0.69381696
0.6936839
0.6938859
0.69381243
0.6938101
0.6937271
0.69393146
0.6937015
0.69378537
0.69369036
0.693677
0.6936981
0.6938139
0.6937533
0.69371796
0.6936787
0.6934966
0.69376004
0.6937576
0.69395685
0.69370174
0.69358176
0.6937272
0.6939174
0.693924
0.69366884
0.6939202
0.6936501
0.69371986
0.69372773
0.6938891
0.69376373
0.69371426
0.6935209
0.6937909
0.6938331
0.6938491
0.6936442
0.6937552
0.6936924
0.69372386
0.69364655
0.69367075
0.6934399
0.6937546
0.69371516
0.6936628
0.69396484
0.69374055
0.69391805
0.6937238
0.6935727
0.6938502
0.6938099
0.69364256
0.69385105
0.69366604
0.69372475
0.6938719
0.693661
0.6935893
0.69349784
0.69351274
0.6934859
0.69377625
0.6938934
0.6938141
0.6938008
0.6937997
0.6936774
0.69380265
0.6937654
0.6938095
0.69396335
0.693966
0.6935907
0.69393927
0.6936138
0.6937581
0.69389474
0.6939059
0.6938508
0.69393367
0.6938032
0.6936641
0.6937642
0.6934066
0.6938994
0.6939937
0.6938219
0.6939238
0.69381297
0.6938266
0.6937224
0.694035
0.6937127
0.69379526
0.6937035
0.69413966
0.6933783
0.69407386
0.6937791
0.6935957
0.693706
0.6941195
0.6936986
0.6938823
0.6937296
0.6937187
0.6936535
0.6938758
0.6936711
0.6937725
0.6939116
0.69382167
0.6937084
0.6937269
0.6938698
0.6938367
0.69364184
0.6939101
0.6938162
0.6938774
0.6940365
0.6939604
0.69414026
0.6940121
0.69402033
0.69383967
0.6937955
0.69378465
0.69409746
0.693696
0.69403356
0.69388187
0.6939115
0.6938995
0.69385105
0.6937483
0.693975
0.6941852
0.6938793
0.6937878
0.6939066
0.6938208
0.69409204
0.69381773
0.69413805
0.69390965
0.69385225
0.69407254
0.6937979
0.69406927
0.69401217
0.6941213
0.6938196
0.69403225
0.6938431
0.6938186
0.69389516
0.6939212
0.69410414
0.69396925
0.69387174
0.6941055
0.694107
0.6939328
0.69383997
0.6939662
0.69384646
0.6941197
0.69395286
0.69388986
0.69389075
0.693949
0.6937644
0.6939448
0.6939412
0.6941199
0.6938089
0.6940083
0.69400847
0.6941075
0.69403505
0.6937595
0.6938475
0.6939781
0.6940663
0.69386244
0.69376796
0.69400996
0.6939577
0.6942997
0.69372094
0.6941859
0.69383067
0.69391805
0.6939947
0.6940403
0.6937923
0.693845
0.69408214
0.6940407
0.6940854
0.6939061
0.69403255
0.69400984
0.69412416
0.69411296
0.6941053
0.6938564
0.6941082
0.6939788
0.6939744
0.69415104
0.694026
0.69394565
0.6938903
0.69384027
0.69394684
0.69383705
0.69391847
0.69423395
0.693971
0.6941687
0.6941552
0.6940982
0.6940345
0.69369054
0.6940504
0.69394225
0.6940524
0.69391227
0.6941926
0.69391996
0.693902
0.69413006
0.6938507
0.6942269
0.6939623
0.6939471
0.6940791
0.69394094
0.6939919
0.6937865
0.69387555
0.6938327
0.6941963
0.69387716
0.6939113
0.694254
0.69390774
0.6940958
0.6941657
0.6940206
0.6939273
0.69388753
0.69391805
0.69412
0.6937179
0.69393307
0.6941612
0.69406116
0.69398063
0.6939578
0.69413555
0.6941161
0.69414854
0.6940401
0.6941001
0.69398874
0.69387317
0.6940194
0.694044
0.6938924
0.69404507
0.69361126
0.69406337
0.6938631
0.6937841
0.69388735
0.69406843
0.6940308
0.6940141
0.69401854
0.6939905
0.694303
0.6936627
0.6940903
0.69396067
0.6939199
0.6939712
0.69384366
0.69388455
0.693771
0.69405633
0.6939953
0.69406307
0.6938096
0.69372445
0.6938535
0.69373816
0.69370115
0.69409615
0.6939642
0.6937699
0.694053
0.6940015
0.6941428
0.6936206
0.6938896
0.69387263
0.6937175
0.6940343
0.6938615
0.6939619
0.694084
0.6939416
0.6938247
0.69395596
0.69359785
0.69379413
0.6938812
0.6941175
0.69408876
0.69393617
0.6937471
0.69375145
0.69376105
0.6938011
0.69414204
0.6938692
0.69386816
0.69368285
0.69396883
0.6939397
0.6939806
0.6936213
0.6938298
0.6938283
0.693845
0.6937762
0.6938739
0.6937645
0.6938279
0.6939308
0.6939523
0.6938821
0.6937869
0.6937532
0.69370943
0.6936062
0.69371516
0.6936908
0.6940614
0.69376594
0.6937285
0.69380474
0.69389933
0.6939102
0.6939544
0.6937138
0.6937838
0.693949
0.69411963
0.69388753
0.6939174
0.6939031
0.6939122
0.6937902
0.69365513
0.69399655
0.69374025
0.69369936
0.6939977
0.6940112
0.693813
0.69390184
0.6939671
0.6937557
0.69405884
0.69395715
0.6939795
0.6937628
0.69388044
0.69377375
0.6936834
0.6939015
0.69406605
0.6937623
0.6939097
0.6936107
0.69385177
0.69408274
0.6937092
0.6939573
0.6939603
0.69378954
0.69384474
0.69387305
0.6937427
0.693492
0.6940775
0.6935812
0.6939168
0.6936275
0.6938723
0.69370985
0.69375974
0.6939165
0.6938028
0.6937913
0.6936385
0.6937886
0.69401956
0.69374704
0.6939205
0.693829
0.69395834
0.6938656
0.69390345
0.6938522
0.6937191
0.6938961
0.69389755
0.6939702
0.69381094
0.69408816
0.6939537
0.6937755
0.69364583
0.69373333
0.69398886
0.6939794
0.69401854
0.6937855
0.69361335
0.6941251
0.6936958
0.6937642
0.6938738
0.69372386
0.69372714
0.69355583
0.6937507
0.6938732
0.69391143
0.69399565
0.69389653
0.69363636
0.69355756
0.6937928
0.69384277
0.69357383
0.6939442
0.6939134
0.6937238
0.69396424
0.69393134
0.69366866
0.69389856
0.6939123
0.6937905
0.6937586
0.69414383
0.6937671
0.69396764
0.69391423
0.6936029
0.6937413
0.69390166
0.6938727
0.69372094
0.6935404
0.69392
0.69375974
0.6937685
0.69384915
0.6936362
0.69386226
0.69392955
0.69391775
0.6938024
0.6937978
0.69410324
0.6938057
0.69375545
0.6938853
0.6936465
0.6939041
0.6939267
0.6937139
0.6939009
0.69391173
0.69359195
0.69357246
0.69389623
0.69377023
0.69390726
0.69377
0.6938228
0.6938436
0.6938306
0.6936081
0.6937112
0.6937
0.693755
0.693741
0.69391406
0.6939279
0.6938408
0.6938475
0.6939191
0.69369394
0.6937436
0.6934708
0.6936492
0.6935611
0.6940044
0.6938617
0.69371355
0.6936677
0.6938892
0.69400096
0.6939149
0.69379437
0.6936971
0.6938015
0.6938462
0.69401723
0.69388753
0.69373244
0.6937964
0.69385004
0.69370085
0.6936195
0.69383454
0.69373846
0.69385576
0.69382054
0.6937342
0.69387835
0.6938361
0.6936212
0.6937429
0.6938465
0.6938654
0.6938675
0.6936389
0.69383866
0.6937178
0.6936243
0.693733
0.69379246
0.6936558
0.6940294
0.6939714
0.6937863
0.6938555
0.6939406
0.69382745
0.6936558
0.69406915
0.6936819
0.6936737
0.69382966
0.6938481
0.6934921
0.6937437
0.6938013
0.6936333
0.6937535
0.69382244
0.6936838
0.69394517
0.6937866
0.6937299
0.69373554
0.6938777
0.69404864
0.6937395
0.69362617
0.6939228
0.6939111
0.6936725
0.69378996
0.6937944
0.69406164
0.6939098
0.6938351
0.6938872
0.6938416
0.6937285
0.6937727
0.69379187
0.6936825
0.69401973
0.6936038
0.69394475
0.693593
0.6940093
0.6937416
0.6939225
0.69374907
0.6937302
0.69389325
0.69352996
0.69384617
0.6939029
0.6937922
0.69382364
0.69393164
0.69395804
0.6935541
0.6938081
0.693515
0.69366956
0.6938251
0.69377327
0.69372386
0.6935449
0.6935955
0.6939514
0.6936688
0.69382477
0.6937716
0.6936634
0.6939352
0.69360906
0.693727
0.6936876
0.69373995
0.6937389
0.69381
0.6938374
0.6938055
0.69378287
0.6938365
0.69372237
0.69364375
0.6938889
0.6937828
0.69378734
0.69352895
0.6936985
0.6937821
0.69363075
0.6938065
0.6938372
0.693959
0.6937149
0.69375557
0.6934217
0.6936675
0.69376504
0.69359493
0.69381744
0.69363576
0.69366854
0.69358546
0.6937925
0.69358987
0.69399905
0.6937105
0.6937771
0.6936657
0.6938229
0.6936757
0.6936216
0.69370794
0.6937105
0.69369864
0.6938102
0.6935684
0.6938832
0.6935105
0.6939158
0.6937507
0.6935751
0.6935336
0.6937496
0.693785
0.6938548
0.6936517
0.6936277
0.6939266
0.69347304
0.6935738
0.69385463
0.6936269
0.69360703
0.6936653
0.693685
0.6936742
0.6936209
0.6935444
0.69362813
0.6937772
0.6936356
0.69358426
0.6937232
0.69356745
0.69375306
0.69376814
0.69372195
0.69376594
0.69357115
0.6936313
0.6935353
0.6937051
0.69362575
0.69371533
0.6939241
0.69363046
0.6938205
0.69363403
0.69365454
0.6934465
0.69374186
0.6936017
0.69367105
0.6936543
0.6937439
0.69373673
0.69350576
0.69383264
0.69356614
0.6936173
0.6936897
0.69377935
0.6935284
0.69378674
0.6938224
0.69354934
0.6935772
0.69360435
0.69365937
0.69380563
0.6937354
0.6939151
0.6937409
0.6935458
0.69364566
0.6937754
0.6935681
0.6935344
0.69356376
0.6936831
0.6935582
0.69356126
0.6935532
0.69346213
0.6937069
0.6936558
0.6936608
0.69357365
0.6934525
0.6935998
0.69352597
0.69342566
0.6935133
0.69386613
0.6937716
0.69374573
0.69362223
0.69342756
0.6937513
0.69385266
0.69364214
0.6936561
0.6935978
0.69370353
0.6936537
0.6934498
0.69339895
0.69367456
0.69393134
0.69362336
0.69359946
0.6937374
0.6937232
0.6936895
0.6936567
0.6937368
0.69361764
0.6935773
0.69346327
0.6936232
0.6935212
0.69350487
0.6937854
0.6936713
0.6935955
0.6937163
0.69361913
0.6935696
0.6936135
0.69362426
0.69378245
0.69369465
0.6935846
0.6938003
0.693871
0.6937149
0.69368476
0.6937518
0.6937206
0.69368964
0.6937728
0.69355124
0.6937554
0.69356227
0.6936903
0.6937285
0.6938392
0.6937105
0.69403446
0.6937271
0.6938005
0.69390684
0.6939533
0.69362354
0.6936801
0.69352955
0.6938032
0.6937874
0.69372445
0.6937235
0.6936822
0.69395757
0.6937047
0.69368637
0.6937112
0.69354105
0.69365233
0.69377756
0.6937738
0.6937626
0.693667
0.6937186
0.69363546
0.6936375
0.69360334
0.6936756
0.69385546
0.69375056
0.69374543
0.6938002
0.69373107
0.6938011
0.6939072
0.69369435
0.69375753
0.69370764
0.6937743
0.69386464
0.6939547
0.6936742
0.6939709
0.6940287
0.69379824
0.6939555
0.6936765
0.69395584
0.693734
0.6936314
0.6937701
0.69369584
0.69394916
0.6939047
0.6938772
0.6939311
0.69391054
0.69388694
0.6938491
0.69401133
0.6935582
0.69388527
0.6938617
0.693565
0.6939099
0.69406366
0.6939289
0.6939733
0.69411033
0.6937969
0.6940775
0.69393766
0.6940442
0.69406015
0.6936964
0.6939548
0.6937121
0.6939109
0.69372684
0.69412154
0.69372195
0.6939559
0.6940456
0.69385254
0.6939333
0.6937537
0.6939492
0.6939238
0.6938306
0.69380933
0.69407946
0.69388276
0.69415843
0.69409394
0.6939903
0.6940988
0.6939069
0.6940162
0.6939461
0.6937709
0.69373065
0.69387513
0.69410104
0.693762
0.6943183
0.6941168
0.69387233
0.6938797
0.69414306
0.69397813
0.693771
0.69439536
0.69393736
0.6941071
0.69408053
0.69407034
0.69383544
0.69423217
0.6941532
0.69394714
0.69413024
0.69383967
0.6940299
0.6939721
0.69402546
0.69389707
0.69399613
0.69413275
0.6940162
0.69390476
0.69396716
0.6940605
0.6943002
0.69399947
0.6940326
0.6942845
0.69415295
0.6940894
0.694014
0.6939565
0.6941433
0.69414276
0.6940154
0.6939474
0.6940415
0.69380707
0.69408506
0.69405127
0.6942679
0.69413024
0.69402486
0.69379574
0.6939829
0.6941916
0.6940957
0.694135
0.69396013
0.69379777
0.69394064
0.69396037
0.6939229
0.69423884
0.6941323
0.6940305
0.6937962
0.6941902
0.6939883
0.69406205
0.6941168
0.6940278
0.69416255
0.6941115
0.69400173
0.69395477
0.69413644
0.6942435
0.6939014
0.69412845
0.69403696
0.69394386
0.6939913
0.69403344
0.6940674
0.6939727
0.69383276
0.6941926
0.69376725
0.69397205
0.694043
0.6939942
0.6939638
0.6938936
0.6940724
0.69421583
0.693905
0.69420546
0.6938653
0.69400513
0.6940541
0.69400996
0.6939986
0.6939879
0.694001
0.69395524
0.69391185
0.6938469
0.69408053
0.69392735
0.69375914
0.6941439
0.6939847
0.6940349
0.6940895
0.6940617
0.6939972
0.6938491
0.6937802
0.69379437
0.6939416
0.69403404
0.6939857
0.69383466
0.6938086
0.6939848
0.69402796
0.6938918
0.6938814
0.69397366
0.69399756
0.6937782
0.6938747
0.69377667
0.6938641
0.69396985
0.69373876
0.693947
0.69399625
0.69387233
0.693931
0.6939934
0.69389653
0.69400185
0.69380796
0.6939587
0.69394374
0.6939025
0.6938503
0.69383246
0.6939336
0.69390935
0.6937804
0.69370097
0.69395393
0.6940475
0.69384253
0.6936701
0.69386345
0.6938599
0.69377214
0.6939379
0.69407487
0.6937615
0.6938307
0.693911
0.6940519
0.69384503
0.6937143
0.69402295
0.69350773
0.6935978
0.69356316
0.69404167
0.6938008
0.69370794
0.6938972
0.6936079
0.6937316
0.69365317
0.6935725
0.69387394
0.69382215
0.6939259
0.69390815
0.6938898
0.69370097
0.6936324
0.69363505
0.6937471
0.69363284
0.69369525
0.69370455
0.6937162
0.6937239
0.6937952
0.6937537
0.69359094
0.69384843
0.69394
0.6937726
0.6938413
0.6936965
0.693978
0.69368285
0.6935867
0.6938922
0.69354725
0.693501
0.69375795
0.6938129
0.69378626
0.69393796
0.6935215
0.6937303
0.6937745
0.69364107
0.69375396
0.69348985
0.69339806
0.6938675
0.693762
0.6937709
0.693707
0.6937919
0.6935984
0.6937592
0.6938837
0.69377583
0.6935951
0.6935315
0.693521
0.6938722
0.69382936
0.6937544
0.69380695
0.6934969
0.69364244
0.6937146
0.693658
0.69356334
0.6936151
0.69367933
0.6937083
0.6937398
0.69364566
0.69364125
0.69370633
0.69352823
0.69359136
0.6934668
0.6935772
0.6937182
0.6937368
0.69362044
0.6935433
0.6936973
0.69351625
0.6936462
0.6935881
0.69378483
0.6935633
0.693751
0.69363874
0.69400036
0.6935399
0.6936034
0.6936226
0.6936516
0.6936576
0.6935951
0.6936001
0.69327205
0.6936962
0.6936497
0.6935986
0.69365346
0.6937115
0.69356585
0.69369
0.6936608
0.69384223
0.6936832
0.6936911
0.69342244
0.6938097
0.6935786
0.6936901
0.69357055
0.69355786
0.6934562
0.69383067
0.6936839
0.69368976
0.69370306
0.69363755
0.6937859
0.6935851
0.69369966
0.6937213
0.6935722
0.6938878
0.6936543
0.69386023
0.69331664
0.69378567
0.69367045
0.6937379
0.69359475
0.6935652
0.69340825
0.69358367
0.6935771
0.693705
0.6935768
0.6936992
0.69356763
0.69344
0.693626
0.6933625
0.6936333
0.6936734
0.6934882
0.6937534
0.69346195
0.6936801
0.6937509
0.6935525
0.693587
0.6934063
0.69366544
0.6936334
0.6937561
0.6938139
0.69356203
0.6934552
0.6935768
0.6932857
0.69356465
0.69362074
0.69353276
0.6937818
0.69365335
0.69351196
0.6936631
0.6936901
0.69375545
0.6936767
0.6937488
0.693665
0.6937585
0.69352007
0.6936092
0.69359386
0.6936515
0.69359696
0.69339925
0.6937165
0.69338
0.69363195
0.6933963
0.69363433
0.6934331
0.69364
0.69363177
0.693872
0.69348323
0.69364464
0.69339323
0.69344634
0.69364065
0.6936725
0.6937089
0.6937434
0.69375163
0.6935078
0.6934746
0.6935613
0.69366026
0.69382894
0.69388676
0.69374007
0.6935547
0.6933928
0.69366175
0.69344693
0.6934736
0.69343776
0.6934748
0.69377446
0.6934684
0.6936886
0.6934481
0.6937186
0.69354236
0.6937121
0.6938957
0.69377416
0.6936599
0.6934478
0.6936164
0.6937713
0.69355464
0.6936054
0.69376636
0.6934111
0.6936142
0.69354355
0.69367975
0.69353217
0.6937062
0.6935372
0.6935489
0.6935439
0.6937043
0.6937084
0.6935364
0.69360834
0.6936995
0.6934428
0.6937388
0.6936465
0.6937092
0.69371176
0.69379145
0.693871
0.6935732
0.69368607
0.69346756
0.6936459
0.6936185
0.6936288
0.6935786
0.6936624
0.69360435
0.6937716
0.6936106
0.6936021
0.6936242
0.6937085
0.6936611
0.6934023
0.69355357
0.6938575
0.6936735
0.69356143
0.69379747
0.69371104
0.6935852
0.69379157
0.693717
0.6937693
0.69373655
0.6938668
0.6937486
0.69368494
0.6936556
0.693531
0.6937601
0.693735
0.69372004
0.6935595
0.6939151
0.69387406
0.6935932
0.6935502
0.6937006
0.6938732
0.69350696
0.69388604
0.6935396
0.69343036
0.6936449
0.693873
0.6937478
0.69358194
0.69376373
0.69387233
0.69381636
0.69354963
0.6937162
0.693755
0.6936993
0.6938454
0.69375855
0.693727
0.6937302
0.69372433
0.6937251
0.6936819
0.6937825
0.69359064
0.69380426
0.6936186
0.69387907
0.6937292
0.69365513
0.6936459
0.69359034
0.693822
0.69388044
0.6936786
0.6937965
0.6939577
0.6935036
0.69372416
0.69380724
0.6936383
0.6938398
0.69383585
0.6936596
0.69388026
0.6938538
0.69374347
0.69399184
0.69358736
0.6938512
0.6935122
0.6935538
0.6937056
0.6937226
0.69394046
0.69360375
0.69378525
0.69360656
0.6937513
0.693815
0.6938828
0.69374293
0.6938463
0.69379234
0.6938165
0.6936599
0.6937988
0.6937096
0.69368505
0.6939838
0.6938063
0.69389486
0.6939798
0.693414
0.69393885
0.6939061
0.6937407
0.6939178
0.6939275
0.69379056
0.6937791
0.6937242
0.6938719
0.69352114
0.69362634
0.6937383
0.69365233
0.6937647
0.6937664
0.69391817
0.6937499
0.6937609
0.6937914
0.6937748
0.69375753
0.6937653
0.6936907
0.6936428
0.69384617
0.6938524
0.6938726
0.6940649
0.6938373
0.6937256
0.69389826
0.69384867
0.6937172
0.69367
0.69387716
0.6940331
0.6937101
0.6939148
0.6937322
0.69372773
0.6936259
0.6939098
0.69379663
0.69379026
0.69409025
0.6938169
0.6937762
0.69373494
0.69373983
0.693821
0.69390965
0.69375813
0.6937024
0.6938192
0.6936483
0.69392985
0.69396496
0.69373095
0.69369966
0.6939605
0.6938076
0.6939025
0.693724
0.69384575
0.6939134
0.6938259
0.6939341
0.69389105
0.69389176
0.69391066
0.69394886
0.69389963
0.69394416
0.6937519
0.6936603
0.6939161
0.6938288
0.693729
0.6937397
0.69378453
0.6940488
0.69378763
0.69377345
0.69374424
0.69399995
0.69373417
0.69385755
0.69372076
0.6936162
0.6938618
0.69395304
0.693721
0.6939179
0.6938256
0.6938543
0.6937435
0.6937334
0.69374615
0.693772
0.69370794
0.69375396
0.69369173
0.69385004
0.69379926
0.69391596
0.69396585
0.6938508
0.69401366
0.6938689
0.6937025
0.6937486
0.6938045
0.69386256
0.6938441
0.69383055
0.69390166
0.69392675
0.69380146
0.69368094
0.69359547
0.69383806
0.69382775
0.6939499
0.6939258
0.69385344
0.69411486
0.6938603
0.69378775
0.69387597
0.69393736
0.6937866
0.6937502
0.6937266
0.6937688
0.69365007
0.693779
0.69373584
0.6937427
0.69378614
0.69377637
0.693926
0.6936025
0.69378805
0.6939738
0.6938663
0.69386065
0.6939892
0.6936914
0.6939131
0.6936546
0.6938443
0.6937534
0.6937191
0.69369113
0.69404334
0.6937308
0.69393456
0.6938068
0.6939014
0.6939095
0.6938517
0.6940315
0.69374406
0.69389594
0.6935433
0.69389445
0.69376117
0.693898
0.6938176
0.6937826
0.6939816
0.6938186
0.6937787
0.69386965
0.6937682
0.69386375
0.69397104
0.69375247
0.69393766
0.6939253
0.694073
0.6938181
0.69381326
0.6939638
0.69383866
0.693693
0.6935807
0.6938604
0.69394857
0.6938224
0.6939251
0.69387954
0.6940176
0.69405484
0.6938215
0.6938755
0.69358903
0.6938705
0.69384897
0.6936397
0.69383264
0.69393367
0.6939785
0.69399506
0.69385207
0.6938069
0.69382876
0.6940087
0.6938294
0.69386905
0.6937303
0.6939459
0.693707
0.69396836
0.6937269
0.69386554
0.69377375
0.6938937
0.69416904
0.6938393
0.6939521
0.69384736
0.69381356
0.69403976
0.69384235
0.6937554
0.6938102
0.69389594
0.6938322
0.6937383
0.69395363
0.69376945
0.6939928
0.6939754
0.6938574
0.693824
0.69385207
0.6938681
0.693882
0.6938851
0.69395494
0.6936331
0.69371945
0.6938558
0.6937426
0.69372785
0.69383585
0.6938694
0.69373834
0.6937451
0.6936174
0.6937706
0.6938203
0.69392985
0.693635
0.6936518
0.69392914
0.6938216
0.69361496
0.6939502
0.69378394
0.69356745
0.6938537
0.6935607
0.6937651
0.6938851
0.69387174
0.6937651
0.6937529
0.6938087
0.6938275
0.69373983
0.69383466
0.6937488
0.69377625
0.6935693
0.69364184
0.69372064
0.6936344
0.69362766
0.6937975
0.69353163
0.6937937
0.69396704
0.6939761
0.69374925
0.69388974
0.6937001
0.69387376
0.6937633
0.6936869
0.69384646
0.6936477
0.6939129
0.6935988
0.6937506
0.6934733
0.69380265
0.6939759
0.6936837
0.69380426
0.6936554
0.69387686
0.6935614
0.6936814
0.6938628
0.6936653
0.69359064
0.6935421
0.69381785
0.6937374
0.6937693
0.6937772
0.69367087
0.69381
0.6939944
0.693864
0.69381547
0.6938917
0.6938505
0.693835
0.6937712
0.6937905
0.69362545
0.6936703
0.6938532
0.6936883
0.6939257
0.69372225
0.6937067
0.69378084
0.6937782
0.69370115
0.6937063
0.69405115
0.69380134
0.6938426
0.6938546
0.69385755
0.69379246
0.69367695
0.69404393
0.6937591
0.69398844
0.6938979
0.69382304
0.694131
0.6938738
0.6940455
0.69382024
0.6938797
0.69359505
0.69377905
0.6938775
0.69367296
0.6938569
0.694183
0.6939782
0.6938135
0.6940271
0.6938918
0.69388974
0.6939844
0.6940758
0.6940736
0.6939327
0.69397175
0.6938524
0.6941741
0.69400734
0.69395435
0.6939379
0.69413334
0.6941069
0.6942686
0.69408184
0.6938735
0.6940754
0.69400567
0.6940997
0.69403756
0.69418705
0.6940922
0.69411165
0.6939925
0.6940705
0.6940567
0.6939904
0.6941294
0.6939809
0.69366944
0.6942332
0.6941477
0.69424963
0.69400793
0.69419754
0.69414103
0.6941363
0.6942946
0.6941532
0.6942152
0.69430643
0.6941956
0.69398034
0.69421774
0.69404966
0.6943646
0.6944016
0.69422424
0.69404936
0.6942691
0.6941278
0.69430494
0.6943157
0.6941646
0.6941981
0.6942505
0.69404066
0.69415265
0.69415677
0.6942467
0.694257
0.6942652
0.69433373
0.694062
0.69433224
0.6941193
0.69452673
0.6944036
0.6943465
0.6943552
0.69404274
0.6943014
0.69420713
0.69436824
0.69455296
0.6941425
0.694307
0.69424367
0.69415617
0.6943863
0.69424784
0.69456244
0.6943793
0.6945746
0.6943047
0.6945107
0.694262
0.69441485
0.69423103
0.6943809
0.6943917
0.6943927
0.69421536
0.6945746
0.69432235
0.6941972
0.6945044
0.69426805
0.6946763
0.6944992
0.6944788
0.69428116
0.6945672
0.69429654
0.6946534
0.694253
0.6945696
0.6944366
0.6943986
0.6946646
0.69447166
0.69450456
0.6941103
0.69422704
0.69451857
0.6946899
0.69441044
0.69427377
0.6942768
0.6944452
0.6944344
0.69444317
0.69430774
0.6943491
0.69456464
0.694364
0.694422
0.69429195
0.6943446
0.6945735
0.6944501
0.69448715
0.69447154
0.6942543
0.6945368
0.69435775
0.6945044
0.69459623
0.6942642
0.69456977
0.6943367
0.6944985
0.69446594
0.69449943
0.6943732
0.6945361
0.69451576
0.69438547
0.6945175
0.6944847
0.69442403
0.69445026
0.6942635
0.6944597
0.69471383
0.6943388
0.6947431
0.69433796
0.69451386
0.69454765
0.6948087
0.6944826
0.6944564
0.69426346
0.6943938
0.69439954
0.69441813
0.6945819
0.69437927
0.69441414
0.6944817
0.6943484
0.69434595
0.6943403
0.69440323
0.69468045
0.69429904
0.69439906
0.69422954
0.69447184
0.69431895
0.69451815
0.6945379
0.6944785
0.6946543
0.6943269
0.6944109
0.694458
0.69435406
0.6944496
0.6943376
0.69428414
0.69418436
0.6946342
0.69449145
0.6942592
0.6941179
0.6942722
0.69460684
0.69429916
0.69443613
0.6944221
0.6941012
0.69430304
0.69415945
0.69407904
0.6943624
0.694418
0.6943546
0.69434905
0.6941142
0.69427854
0.6942469
0.6943924
0.69413614
0.6943942
0.69442946
0.6942509
0.6944867
0.6941884
0.6942254
0.6940789
0.69407946
0.69428456
0.69443065
0.69417936
0.69439584
0.6944185
0.694112
0.69437546
0.6942571
0.69405204
0.69426346
0.69432837
0.6941374
0.69442225
0.69428796
0.69413894
0.69410056
0.69406825
0.6940058
0.6941677
0.69406027
0.69420856
0.6941865
0.6939659
0.6942581
0.694227
0.6943514
0.6940958
0.69412416
0.6939634
0.6941009
0.69406855
0.6940873
0.6942256
0.6941259
0.6941233
0.6940318
0.6938122
0.69405526
0.69379807
0.6939392
0.69390947
0.69376975
0.6938868
0.6941639
0.69397867
0.69403034
0.6941708
0.69385415
0.69385195
0.6938074
0.69374865
0.6940968
0.6938257
0.6939028
0.6936323
0.69394976
0.6939787
0.69376767
0.6938436
0.693844
0.693941
0.69363546
0.69395053
0.69380885
0.6939589
0.69396573
0.6936933
0.69352597
0.69397545
0.6936722
0.69385654
0.69405687
0.6935125
0.69358134
0.69386697
0.69399667
0.6936631
0.6938545
0.6935828
0.6936997
0.6936911
0.6937285
0.6937925
0.69358474
0.69360983
0.6937273
0.69364345
0.6936513
0.69374496
0.6936167
0.6936206
0.6937661
0.6938337
0.69377214
0.6935614
0.69365114
0.69364756
0.6934548
0.6935483
0.6936117
0.693595
0.69380575
0.6936026
0.69353664
0.69387865
0.6936241
0.6935053
0.69354904
0.6936262
0.69340473
0.693617
0.6935836
0.69374907
0.69379914
0.6935058
0.6934414
0.69350576
0.6935439
0.6935946
0.6934674
0.6933989
0.6936265
0.69351476
0.6931001
0.6932982
0.69351655
0.6933394
0.69361544
0.693367
0.69349754
0.69350296
0.6935195
0.6935869
0.69347554
0.69342685
0.69353867
0.6936258
0.69361395
0.69353884
0.69334036
0.6935205
0.69355434
0.6934966
0.69322735
0.6935169
0.69343203
0.69371283
0.69334185
0.69336116
0.69341516
0.69342077
0.6935054
0.69338334
0.69342786
0.6931699
0.6934692
0.6933378
0.6936037
0.6933814
0.6932861
0.6933887
0.69362044
0.69338304
0.69345385
0.69352806
0.69338274
0.6933266
0.6934449
0.69320923
0.69354206
0.69357127
0.693528
0.6935339
0.69327533
0.6934071
0.69347095
0.6932457
0.6932327
0.6935665
0.69355965
0.69331926
0.6934149
0.69350415
0.6934264
0.69319487
0.693351
0.6935207
0.69341487
0.6932421
0.6935714
0.6936584
0.693188
0.6933516
0.6933419
0.6934234
0.6935319
0.69363713
0.693436
0.69335866
0.69328415
0.6935456
0.69338614
0.6934176
0.69325113
0.69336146
0.69337344
0.69354266
0.69338304
0.69336784
0.6934233
0.69364965
0.6935472
0.6936214
0.6935627
0.69325167
0.6933352
0.69333315
0.69336176
0.69343156
0.69332695
0.6935889
0.69353193
0.6935522
0.6934377
0.6935311
0.693532
0.69358724
0.6936627
0.6935467
0.69333696
0.69351596
0.69358635
0.6934711
0.6936222
0.69349635
0.69352144
0.69336116
0.6939179
0.69354683
0.69352204
0.693718
0.6935078
0.693708
0.69363946
0.69368374
0.6933944
0.69354904
0.69350713
0.69335395
0.69360715
0.6933993
0.693417
0.69350356
0.6939078
0.6936669
0.6934035
0.6935018
0.6934684
0.6935528
0.6935912
0.6936943
0.6935802
0.69362533
0.6935811
0.6936701
0.69372064
0.693837
0.6937323
0.69360524
0.6935827
0.6934056
0.6936307
0.6937814
0.69336075
0.693633
0.6936925
0.69355303
0.6937345
0.69358754
0.69368476
0.6937168
0.6936473
0.69374937
0.6936672
0.69363993
0.6940054
0.6937895
0.6936712
0.6936657
0.69383353
0.6935991
0.6938173
0.69371915
0.6939333
0.69354486
0.6936266
0.6937279
0.6937656
0.6938535
0.69365996
0.69381857
0.69390786
0.6935865
0.6935239
0.6936634
0.69387215
0.6938457
0.6940203
0.6938385
0.6939496
0.69374424
0.69376415
0.6938233
0.6937738
0.6939849
0.6939213
0.6939268
