0.0587928369641304, 0
0.0558997318148613, 1
0.05583195760846138, 2
0.055708032101392746, 3
0.05547470599412918, 4
0.05528905242681503, 5
0.055111613124608994, 6
0.055034685879945755, 7
0.054992809891700745, 8
0.05492662638425827, 9
0.054916735738515854, 10
0.05485157668590546, 11
0.054766956716775894, 12
0.05463777855038643, 13
0.05450445041060448, 14
0.05415041744709015, 15
0.05384986102581024, 16
0.05346979200839996, 17
0.05306810513138771, 18
0.05281788110733032, 19
0.05244685336947441, 20
0.05213432386517525, 21
0.05185960605740547, 22
0.05167250335216522, 23
0.05133775994181633, 24
0.051154475659132004, 25
0.051015518605709076, 26
0.0508752316236496, 27
0.050822317600250244, 28
0.05081915110349655, 29
0.05081915110349655, 29
0.05081915110349655, 29
0.05081915110349655, 29
0.05081915110349655, 29
0.05081915110349655, 29
0.05081915110349655, 29
0.05081915110349655, 29
0.05081915110349655, 29
0.05081915110349655, 29
0.0506393127143383, 39
0.05040237307548523, 40
0.050215430557727814, 41
0.050016000866889954, 42
0.049982812255620956, 43
0.04986104369163513, 44
0.04978317394852638, 45
0.04959584400057793, 46
0.049551527947187424, 47
0.04947769641876221, 48
0.049456559121608734, 49
0.04944205656647682, 50
0.04941198229789734, 51
0.04941198229789734, 51
0.04941198229789734, 51
0.04941198229789734, 51
0.049353256821632385, 55
0.049353256821632385, 55
0.049353256821632385, 55
0.049353256821632385, 55
0.049353256821632385, 55
0.049353256821632385, 55
0.04933701828122139, 61
0.04923384264111519, 62
0.049142107367515564, 63
0.04911305010318756, 64
0.048991527408361435, 65
0.048969417810440063, 66
0.04889391362667084, 67
0.048736851662397385, 68
0.048736851662397385, 68
0.048736851662397385, 68
0.048736851662397385, 68
0.048736851662397385, 68
0.048736851662397385, 68
0.0487235002219677, 74
0.04869319126009941, 75
0.04869319126009941, 75
0.04869319126009941, 75
0.0486491434276104, 78
0.04850204661488533, 79
0.04850204661488533, 79
0.04850170016288757, 81
0.04850170016288757, 81
0.04850170016288757, 81
0.04850170016288757, 81
0.04850170016288757, 81
0.04850170016288757, 81
0.048439960926771164, 87
0.04839959368109703, 88
0.04837633669376373, 89
0.04837633669376373, 89
0.04837633669376373, 89
0.04837633669376373, 89
0.04837633669376373, 89
0.04837633669376373, 89
0.04837633669376373, 89
0.04837633669376373, 89
0.04837633669376373, 89
0.04837633669376373, 89
0.04837633669376373, 89
0.04837633669376373, 89
0.04837633669376373, 89
0.04837633669376373, 89
0.04837633669376373, 89
0.04837633669376373, 89
0.04837633669376373, 89
0.04837633669376373, 89
0.04837633669376373, 89
0.04837633669376373, 89
0.04837633669376373, 89
0.04837633669376373, 89
0.04837633669376373, 89
0.04837633669376373, 89
0.04837633669376373, 89
0.04837633669376373, 89
0.04837633669376373, 89
0.04837633669376373, 89
0.04837633669376373, 89
0.04837633669376373, 89
0.04837633669376373, 89
0.04837633669376373, 89
0.04837633669376373, 89
0.04837633669376373, 89
0.04837633669376373, 89
0.04837633669376373, 89
0.04837633669376373, 89
0.04837633669376373, 89
0.04837633669376373, 89
0.04837633669376373, 89
0.04837633669376373, 89
0.04837633669376373, 89
0.04837633669376373, 89
0.04837633669376373, 89
0.04837633669376373, 89
0.04837633669376373, 89
0.04837633669376373, 89
0.04837633669376373, 89
0.04837633669376373, 89
0.04837633669376373, 89
0.04837633669376373, 89
0.04837633669376373, 89
0.04837633669376373, 89
0.04837633669376373, 89
0.04837633669376373, 89
0.04837633669376373, 89
0.04837633669376373, 89
0.04837633669376373, 89
0.04837633669376373, 89
0.04837633669376373, 89
0.04837633669376373, 89
0.04837633669376373, 89
0.04837633669376373, 89
0.04837633669376373, 89
0.04837633669376373, 89
0.04837633669376373, 89
0.04837633669376373, 89
0.04837633669376373, 89
0.04837633669376373, 89
0.04837633669376373, 89
0.04837633669376373, 89
0.04837633669376373, 89
0.04837633669376373, 89
0.04837633669376373, 89
0.04837633669376373, 89
0.04837633669376373, 89
0.04837633669376373, 89
0.04837633669376373, 89
0.04837633669376373, 89
0.04837633669376373, 89
0.04837633669376373, 89
0.04837633669376373, 89
0.04837633669376373, 89
0.04837633669376373, 89
0.04837633669376373, 89
0.04837633669376373, 89
0.04837633669376373, 89
0.04837633669376373, 89
0.04837633669376373, 89
0.04837633669376373, 89
0.04837633669376373, 89
0.04837633669376373, 89
0.04837633669376373, 89
0.04837633669376373, 89
0.04837633669376373, 89
0.04837633669376373, 89
0.04837633669376373, 89
0.04837633669376373, 89
0.04837633669376373, 89
0.04837633669376373, 89
0.04837633669376373, 89
0.04837633669376373, 89
0.04837633669376373, 89
0.04837633669376373, 89
0.04837633669376373, 89
0.04837633669376373, 89
0.04837633669376373, 89
0.04837633669376373, 89
0.04837633669376373, 89
0.04837633669376373, 89
0.04837633669376373, 89
0.04837633669376373, 89
0.04837633669376373, 89
0.04837633669376373, 89
0.04837633669376373, 89
0.04837633669376373, 89
0.04837633669376373, 89
0.04837633669376373, 89
0.04837633669376373, 89
0.04837633669376373, 89
0.04837633669376373, 89
0.04837633669376373, 89
0.04837633669376373, 89
0.04837633669376373, 89
0.04837633669376373, 89
0.04837633669376373, 89
0.04837633669376373, 89
0.04837633669376373, 89
0.04837633669376373, 89
0.04837633669376373, 89
0.04837633669376373, 89
0.04837633669376373, 89
0.04837633669376373, 89
0.04837633669376373, 89
0.04837633669376373, 89
0.04837633669376373, 89
0.04837633669376373, 89
0.04837633669376373, 89
0.04837633669376373, 89
0.04837633669376373, 89
0.04837633669376373, 89
0.04837633669376373, 89
0.04837633669376373, 89
0.04837633669376373, 89
0.04837633669376373, 89
0.04837633669376373, 89
0.04837633669376373, 89
0.04837633669376373, 89
0.04837633669376373, 89
0.04837633669376373, 89
0.04837633669376373, 89
0.04837633669376373, 89
0.04837633669376373, 89
0.04837633669376373, 89
0.04837633669376373, 89
0.04837633669376373, 89
0.04837633669376373, 89
0.04837633669376373, 89
0.04837633669376373, 89
0.04837633669376373, 89
0.04837633669376373, 89
0.04837633669376373, 89
0.04837633669376373, 89
0.04837633669376373, 89
0.04837633669376373, 89
0.04837633669376373, 89
0.04837633669376373, 89
0.04837633669376373, 89
0.04837633669376373, 89
0.04837633669376373, 89
0.04837633669376373, 89
0.04837633669376373, 89
0.04837633669376373, 89
0.04837633669376373, 89
0.0482923798263073, 263
0.0482923798263073, 263
0.0482923798263073, 263
0.0482923798263073, 263
0.0482923798263073, 263
0.0482923798263073, 263
0.0482923798263073, 263
0.0482923798263073, 263
0.0482923798263073, 263
0.0482923798263073, 263
0.0482923798263073, 263
0.0482923798263073, 263
0.0482923798263073, 263
0.0482923798263073, 263
0.0482923798263073, 263
0.0482923798263073, 263
0.0482923798263073, 263
0.0482923798263073, 263
0.0482923798263073, 263
0.0482923798263073, 263
0.0482923798263073, 263
0.0482923798263073, 263
0.0482923798263073, 263
0.0482923798263073, 263
0.0482923798263073, 263
0.0482923798263073, 263
0.0482923798263073, 263
0.048152633011341095, 290
0.04795221611857414, 291
0.04789144545793533, 292
0.04775086045265198, 293
0.04766421020030975, 294
0.04747256636619568, 295
0.04735463112592697, 296
0.04721565917134285, 297
0.046942614018917084, 298
0.04687418416142464, 299
0.04671530798077583, 300
0.0466410331428051, 301
0.04639049619436264, 302
0.04639049619436264, 302
0.04615012928843498, 304
0.04601738974452019, 305
0.04600761458277702, 306
0.04590174928307533, 307
0.04590174928307533, 307
0.04590174928307533, 307
0.045800987631082535, 310
0.04578219726681709, 311
0.04578219726681709, 311
0.04578219726681709, 311
0.04578219726681709, 311
0.04578219726681709, 311
0.04578219726681709, 311
0.04578219726681709, 311
0.04578219726681709, 311
0.04578219726681709, 311
0.04578219726681709, 311
0.04578219726681709, 311
0.04578219726681709, 311
0.04578219726681709, 311
0.04578219726681709, 311
0.04578219726681709, 311
0.04578219726681709, 311
0.04578219726681709, 311
0.04578219726681709, 311
0.04578219726681709, 311
0.04578219726681709, 311
0.04578219726681709, 311
0.04578219726681709, 311
0.04578219726681709, 311
0.04562542214989662, 334
0.045444607734680176, 335
0.04515386372804642, 336
0.04494868218898773, 337
0.04476628452539444, 338
0.04464113712310791, 339
0.04442804306745529, 340
0.044256046414375305, 341
0.044030699878931046, 342
0.04377545043826103, 343
0.043661102652549744, 344
0.0434582345187664, 345
0.04328495264053345, 346
0.04328495264053345, 346
0.04327734187245369, 348
0.04320595785975456, 349
0.04320595785975456, 349
0.04320595785975456, 349
0.04320595785975456, 349
0.04320595785975456, 349
0.04320595785975456, 349
0.04320595785975456, 349
0.04320595785975456, 349
0.04320595785975456, 349
0.04320595785975456, 349
0.04320595785975456, 349
0.04320595785975456, 349
0.04320595785975456, 349
0.04320595785975456, 349
0.04320595785975456, 349
0.04320595785975456, 349
0.04320595785975456, 349
0.04320595785975456, 349
0.04320595785975456, 349
0.04320595785975456, 349
0.04320595785975456, 349
0.04320595785975456, 349
0.04320595785975456, 349
0.04320595785975456, 349
0.04320595785975456, 349
0.043205879628658295, 374
0.04293796047568321, 375
0.042807918041944504, 376
0.04263492301106453, 377
0.0424419641494751, 378
0.04243430495262146, 379
0.042224202305078506, 380
0.04207097738981247, 381
0.0419328473508358, 382
0.0419328473508358, 382
0.0419328473508358, 382
0.0418771468102932, 385
0.04182801395654678, 386
0.04175344854593277, 387
0.04173649847507477, 388
0.041603025048971176, 389
0.041603025048971176, 389
0.041603025048971176, 389
0.041603025048971176, 389
0.041603025048971176, 389
0.041603025048971176, 389
0.041603025048971176, 389
0.041603025048971176, 389
0.041603025048971176, 389
0.041603025048971176, 389
0.041603025048971176, 389
0.041603025048971176, 389
0.041603025048971176, 389
0.041603025048971176, 389
0.041603025048971176, 389
0.041603025048971176, 389
0.041603025048971176, 389
0.041603025048971176, 389
0.041603025048971176, 389
0.041603025048971176, 389
0.041595328599214554, 409
0.041391320526599884, 410
0.04134465754032135, 411
0.041228778660297394, 412
0.041051868349313736, 413
0.0408497080206871, 414
0.04081274941563606, 415
0.04081274941563606, 415
0.04081274941563606, 415
0.04081274941563606, 415
0.040811676532030106, 419
0.04064042866230011, 420
0.04058939218521118, 421
0.04058939218521118, 421
0.04053773730993271, 423
0.040521953254938126, 424
0.0405099131166935, 425
0.0405099131166935, 425
0.0405099131166935, 425
0.04047710821032524, 428
0.04036229848861694, 429
0.04036229848861694, 429
0.04036229848861694, 429
0.04036229848861694, 429
0.04036229848861694, 429
0.04036229848861694, 429
0.040359657257795334, 435
0.040359657257795334, 435
0.040359657257795334, 435
0.040359657257795334, 435
0.040359657257795334, 435
0.040359657257795334, 435
0.040359657257795334, 435
0.040359657257795334, 435
0.040359657257795334, 435
0.040359657257795334, 435
0.040359657257795334, 435
0.040359657257795334, 435
0.040359657257795334, 435
0.040359657257795334, 435
0.040359657257795334, 435
0.040359657257795334, 435
0.040308352559804916, 451
0.04017601162195206, 452
0.04008001089096069, 453
0.04008001089096069, 453
0.0400567464530468, 455
0.039939481765031815, 456
0.03992898017168045, 457
0.03992898017168045, 457
0.03992898017168045, 457
0.03992898017168045, 457
0.03992898017168045, 457
0.03989152982831001, 462
0.039846763014793396, 463
0.039846763014793396, 463
0.039846763014793396, 463
0.039846763014793396, 463
0.039846763014793396, 463
0.039846763014793396, 463
0.039846763014793396, 463
0.039846763014793396, 463
0.039846763014793396, 463
0.039846763014793396, 463
0.039846763014793396, 463
0.039846763014793396, 463
0.039846763014793396, 463
0.039846763014793396, 463
0.039846763014793396, 463
0.039846763014793396, 463
0.039846763014793396, 463
0.039846763014793396, 463
0.039846763014793396, 463
0.039846763014793396, 463
0.039846763014793396, 463
0.039846763014793396, 463
0.0398101843893528, 485
0.03970184177160263, 486
0.03966662287712097, 487
0.039545051753520966, 488
0.039436426013708115, 489
0.039394695311784744, 490
0.03937993198633194, 491
0.039299942553043365, 492
0.039299942553043365, 492
0.03922506049275398, 494
0.03922506049275398, 494
0.03922506049275398, 494
0.03922506049275398, 494
0.03922506049275398, 494
0.03922506049275398, 494
0.03922506049275398, 494
0.03922506049275398, 494
0.03922506049275398, 494
0.03922506049275398, 494
0.03922506049275398, 494
0.03922506049275398, 494
0.03922506049275398, 494
0.03922506049275398, 494
0.03922506049275398, 494
0.03922506049275398, 494
0.03922506049275398, 494
0.03922506049275398, 494
0.03922506049275398, 494
0.03922506049275398, 494
0.03922506049275398, 494
0.03922506049275398, 494
0.03922506049275398, 494
0.03922506049275398, 494
0.03922506049275398, 494
0.03922506049275398, 494
0.03922506049275398, 494
0.03922506049275398, 494
0.03922506049275398, 494
0.03922506049275398, 494
0.03922506049275398, 494
0.03922506049275398, 494
0.03922506049275398, 494
0.03922506049275398, 494
0.03922506049275398, 494
0.03922506049275398, 494
0.03922506049275398, 494
0.03922506049275398, 494
0.03922506049275398, 494
0.03922506049275398, 494
0.03922506049275398, 494
0.03922506049275398, 494
0.03922506049275398, 494
0.03922506049275398, 494
0.03922506049275398, 494
0.03922506049275398, 494
0.03922506049275398, 494
0.03922506049275398, 494
0.03922506049275398, 494
0.03922506049275398, 494
0.03922506049275398, 494
0.03922506049275398, 494
0.03922506049275398, 494
0.03922506049275398, 494
0.03922506049275398, 494
0.03922506049275398, 494
0.03922506049275398, 494
0.03922506049275398, 494
0.03922506049275398, 494
0.03922506049275398, 494
0.03922506049275398, 494
0.03922506049275398, 494
0.03922506049275398, 494
0.03922506049275398, 494
0.03922506049275398, 494
0.03922506049275398, 494
0.03922506049275398, 494
0.03922506049275398, 494
0.03922506049275398, 494
0.03922506049275398, 494
0.03922506049275398, 494
0.03922506049275398, 494
0.03922506049275398, 494
0.03922506049275398, 494
0.03922506049275398, 494
0.03922506049275398, 494
0.03922506049275398, 494
0.03922506049275398, 494
0.03922506049275398, 494
0.03922506049275398, 494
0.03922506049275398, 494
0.03922506049275398, 494
0.03922506049275398, 494
0.03922506049275398, 494
0.03922506049275398, 494
0.03922506049275398, 494
0.03922506049275398, 494
0.03922506049275398, 494
0.03922506049275398, 494
0.03922506049275398, 494
0.03922506049275398, 494
0.03922506049275398, 494
0.03922506049275398, 494
0.03922506049275398, 494
0.03922506049275398, 494
0.03922506049275398, 494
0.03922506049275398, 494
0.03922506049275398, 494
0.03922506049275398, 494
0.03922506049275398, 494
0.03922506049275398, 494
0.03922506049275398, 494
0.03922506049275398, 494
0.03922506049275398, 494
0.03922506049275398, 494
0.03922506049275398, 494
0.03922506049275398, 494
0.03922506049275398, 494
0.03922506049275398, 494
0.03922506049275398, 494
0.03922506049275398, 494
0.03922506049275398, 494
0.03922506049275398, 494
0.03922506049275398, 494
0.03922506049275398, 494
0.03922506049275398, 494
0.03922506049275398, 494
0.03922506049275398, 494
0.03922506049275398, 494
0.03922506049275398, 494
0.03922506049275398, 494
0.03922506049275398, 494
0.03922506049275398, 494
0.03922506049275398, 494
0.03922506049275398, 494
0.03922506049275398, 494
0.03922506049275398, 494
0.03922506049275398, 494
0.03922506049275398, 494
0.03922506049275398, 494
0.03922506049275398, 494
0.03922506049275398, 494
0.03922506049275398, 494
0.03922506049275398, 494
0.03922506049275398, 494
0.03922506049275398, 494
0.03922506049275398, 494
0.03922506049275398, 494
0.03922506049275398, 494
0.03922506049275398, 494
0.03922506049275398, 494
0.03922506049275398, 494
0.03922506049275398, 494
0.03922506049275398, 494
0.03922506049275398, 494
0.03922506049275398, 494
0.03922506049275398, 494
0.03922506049275398, 494
0.03922506049275398, 494
0.03922506049275398, 494
0.03922506049275398, 494
0.03922506049275398, 494
0.03922506049275398, 494
0.03922506049275398, 494
0.03922506049275398, 494
0.03922506049275398, 494
0.03922506049275398, 494
0.03922506049275398, 494
0.03922506049275398, 494
0.03922506049275398, 494
0.03922506049275398, 494
0.03922506049275398, 494
0.03922506049275398, 494
0.03922506049275398, 494
0.03922506049275398, 494
0.03922506049275398, 494
0.03922506049275398, 494
0.03922506049275398, 494
0.03922506049275398, 494
0.03922506049275398, 494
0.03922506049275398, 494
0.03922506049275398, 494
0.03922506049275398, 494
0.03922506049275398, 494
0.03922506049275398, 494
0.03922506049275398, 494
0.03922506049275398, 494
0.03922506049275398, 494
0.03922506049275398, 494
0.03922506049275398, 494
0.03922506049275398, 494
0.03922506049275398, 494
0.03922506049275398, 494
0.03922506049275398, 494
0.03922506049275398, 494
0.03922506049275398, 494
0.03922506049275398, 494
0.03922506049275398, 494
0.03922506049275398, 494
0.03922506049275398, 494
0.03922506049275398, 494
0.03922506049275398, 494
0.03922506049275398, 494
0.03922506049275398, 494
0.03922506049275398, 494
0.03922506049275398, 494
0.03922506049275398, 494
0.03922506049275398, 494
0.03922506049275398, 494
0.03922506049275398, 494
0.03922506049275398, 494
0.03922506049275398, 494
0.03922506049275398, 494
0.03922506049275398, 494
0.03922506049275398, 494
0.03922506049275398, 494
0.03922506049275398, 494
0.03922506049275398, 494
0.03922506049275398, 494
0.03922506049275398, 494
0.03922506049275398, 494
0.03922506049275398, 494
0.03922506049275398, 494
0.03922506049275398, 494
0.03922506049275398, 494
0.03922506049275398, 494
0.03922506049275398, 494
0.03922506049275398, 494
0.03922506049275398, 494
0.03922506049275398, 494
0.03922506049275398, 494
0.03922506049275398, 494
0.03922506049275398, 494
0.03922506049275398, 494
0.03922506049275398, 494
0.03922506049275398, 494
0.03922506049275398, 494
0.03922506049275398, 494
0.03922506049275398, 494
0.03922506049275398, 494
0.03922506049275398, 494
0.03922506049275398, 494
0.03922506049275398, 494
0.03922506049275398, 494
0.03922506049275398, 494
0.03922506049275398, 494
0.03922506049275398, 494
0.03922506049275398, 494
0.03922506049275398, 494
0.03922506049275398, 494
0.03922506049275398, 494
0.03922506049275398, 494
0.03922506049275398, 494
0.03922506049275398, 494
0.03922506049275398, 494
0.03922506049275398, 494
0.03922506049275398, 494
0.03922506049275398, 494
0.03922506049275398, 494
0.03922506049275398, 494
0.03922506049275398, 494
0.03922506049275398, 494
0.03922506049275398, 494
0.03922506049275398, 494
0.03922506049275398, 494
0.03922506049275398, 494
0.03922506049275398, 494
0.03922506049275398, 494
0.03922506049275398, 494
0.03922506049275398, 494
0.03922506049275398, 494
0.03922506049275398, 494
0.03922506049275398, 494
0.03922506049275398, 494
0.03922506049275398, 494
0.03922506049275398, 494
0.03922506049275398, 494
0.03922506049275398, 494
0.03922506049275398, 494
0.03922506049275398, 494
0.03922506049275398, 494
0.03922506049275398, 494
0.03922506049275398, 494
0.03922506049275398, 494
0.03922506049275398, 494
0.03922506049275398, 494
0.03922506049275398, 494
0.03922506049275398, 494
0.03922506049275398, 494
0.03922506049275398, 494
0.03922506049275398, 494
0.03922506049275398, 494
0.03922506049275398, 494
0.03922506049275398, 494
0.03922506049275398, 494
0.03922506049275398, 494
0.03922506049275398, 494
0.03922506049275398, 494
0.03922506049275398, 494
0.03922506049275398, 494
0.03922506049275398, 494
0.03922506049275398, 494
0.03922506049275398, 494
0.03922506049275398, 494
0.03922506049275398, 494
0.03922506049275398, 494
0.03922506049275398, 494
0.03922506049275398, 494
0.03922506049275398, 494
0.03922506049275398, 494
0.03922506049275398, 494
0.03922506049275398, 494
0.03922506049275398, 494
0.03922506049275398, 494
0.03922506049275398, 494
0.03922506049275398, 494
0.03922506049275398, 494
0.03922506049275398, 494
0.03922506049275398, 494
0.03922506049275398, 494
0.03922506049275398, 494
0.03922506049275398, 494
0.03922506049275398, 494
0.03922506049275398, 494
0.03922506049275398, 494
0.03922506049275398, 494
0.03922506049275398, 494
0.03922506049275398, 494
0.03922506049275398, 494
0.03922506049275398, 494
0.03922506049275398, 494
0.03922506049275398, 494
0.03922506049275398, 494
0.03922506049275398, 494
0.03922506049275398, 494
0.03922506049275398, 494
0.03922506049275398, 494
0.03922506049275398, 494
0.03922506049275398, 494
0.03922506049275398, 494
0.03922506049275398, 494
0.03922506049275398, 494
0.03922506049275398, 494
0.03922506049275398, 494
0.03922506049275398, 494
0.03922506049275398, 494
0.03922506049275398, 494
0.03922506049275398, 494
0.03922506049275398, 494
0.03922506049275398, 494
0.03922506049275398, 494
0.03922506049275398, 494
0.03922506049275398, 494
0.03922506049275398, 494
0.03922506049275398, 494
0.03922506049275398, 494
0.03922506049275398, 494
0.03922506049275398, 494
0.03922506049275398, 494
0.03922506049275398, 494
0.03922506049275398, 494
0.03922506049275398, 494
0.03922506049275398, 494
0.03922506049275398, 494
0.03922506049275398, 494
0.03922506049275398, 494
0.03922506049275398, 494
0.03922506049275398, 494
0.03922506049275398, 494
0.03922506049275398, 494
0.03922506049275398, 494
0.03922506049275398, 494
0.03922506049275398, 494
0.03922506049275398, 494
0.03922506049275398, 494
0.03922506049275398, 494
0.03922506049275398, 494
0.03922506049275398, 494
0.03922506049275398, 494
0.03922506049275398, 494
0.03922506049275398, 494
0.03922506049275398, 494
0.03922506049275398, 494
0.03922506049275398, 494
0.03922506049275398, 494
0.03922506049275398, 494
0.03922506049275398, 494
0.03922506049275398, 494
0.03922506049275398, 494
0.03922506049275398, 494
0.03922506049275398, 494
0.03922506049275398, 494
0.03922506049275398, 494
0.03922506049275398, 494
0.03922506049275398, 494
0.03922506049275398, 494
0.03922506049275398, 494
0.03922506049275398, 494
0.03922506049275398, 494
0.03922506049275398, 494
0.03922506049275398, 494
0.03922506049275398, 494
0.03922506049275398, 494
0.03922506049275398, 494
0.03922506049275398, 494
0.03922506049275398, 494
0.03922506049275398, 494
0.03922506049275398, 494
0.03922506049275398, 494
0.03922506049275398, 494
0.03922506049275398, 494
0.03922506049275398, 494
0.03922506049275398, 494
0.03922506049275398, 494
0.03922506049275398, 494
0.03922506049275398, 494
0.03922506049275398, 494
0.03922506049275398, 494
0.03922506049275398, 494
0.03922506049275398, 494
0.03922506049275398, 494
0.03922506049275398, 494
0.03922506049275398, 494
0.03922506049275398, 494
0.03922506049275398, 494
0.03922506049275398, 494
0.03922506049275398, 494
0.03922506049275398, 494
0.03922506049275398, 494
0.03922506049275398, 494
0.03922506049275398, 494
0.03922506049275398, 494
0.03922506049275398, 494
0.03922506049275398, 494
0.03922506049275398, 494
0.03922506049275398, 494
0.03922506049275398, 494
0.03922506049275398, 494
0.03922506049275398, 494
0.03922506049275398, 494
0.03922506049275398, 494
0.03922506049275398, 494
0.03922506049275398, 494
0.03922506049275398, 494
0.03922506049275398, 494
0.03922506049275398, 494
0.03922506049275398, 494
0.03922506049275398, 494
0.03922506049275398, 494
0.03922506049275398, 494
0.03922506049275398, 494
0.03922506049275398, 494
0.03922506049275398, 494
0.03922506049275398, 494
0.03922506049275398, 494
0.03922506049275398, 494
0.03922506049275398, 494
0.03922506049275398, 494
0.03922506049275398, 494
0.03922506049275398, 494
0.03922506049275398, 494
0.03922506049275398, 494
0.03922506049275398, 494
0.03922506049275398, 494
0.03922506049275398, 494
0.03922506049275398, 494
0.03922506049275398, 494
0.03922506049275398, 494
0.03922506049275398, 494
0.03922506049275398, 494
0.03922506049275398, 494
0.03922506049275398, 494
0.03922506049275398, 494
0.03922506049275398, 494
0.03922506049275398, 494
0.03922506049275398, 494
0.03922506049275398, 494
0.03922506049275398, 494
0.03922506049275398, 494
0.03922506049275398, 494
0.03922506049275398, 494
0.03922506049275398, 494
0.03922506049275398, 494
0.03922506049275398, 494
0.03922506049275398, 494
0.03922506049275398, 494
0.03922506049275398, 494
0.03922506049275398, 494
0.03922506049275398, 494
0.03922506049275398, 494
0.03922506049275398, 494
0.03922506049275398, 494
0.03922506049275398, 494
0.03922506049275398, 494
0.03922506049275398, 494
0.03922506049275398, 494
0.03922506049275398, 494
0.03922506049275398, 494
0.03922506049275398, 494
0.03922506049275398, 494
0.03922506049275398, 494
0.03922506049275398, 494
0.03922506049275398, 494
0.03922506049275398, 494
0.03922506049275398, 494
0.03922506049275398, 494
0.03922506049275398, 494
0.03922506049275398, 494
0.03922506049275398, 494
0.03922506049275398, 494
0.03922506049275398, 494
0.03922506049275398, 494
0.03922506049275398, 494
0.03922506049275398, 494
0.03922506049275398, 494
0.03922506049275398, 494
0.03922506049275398, 494
0.03922506049275398, 494
0.03922506049275398, 494
0.03922506049275398, 494
0.03922506049275398, 494
0.03922506049275398, 494
0.03922506049275398, 494
0.03922506049275398, 494
0.03922506049275398, 494
0.03922506049275398, 494
0.03922506049275398, 494
0.03922506049275398, 494
0.03922506049275398, 494
0.03922506049275398, 494
0.03922506049275398, 494
0.03922506049275398, 494
0.03922506049275398, 494
0.03922506049275398, 494
0.03922506049275398, 494
0.03922506049275398, 494
0.03922506049275398, 494
0.03922506049275398, 494
0.03922506049275398, 494
0.03922506049275398, 494
0.03922506049275398, 494
0.03922506049275398, 494
0.03922506049275398, 494
0.03922506049275398, 494
0.03922506049275398, 494
0.03922506049275398, 494
0.03922506049275398, 494
0.03922506049275398, 494
0.03922506049275398, 494
0.03922506049275398, 494
0.03922506049275398, 494
0.03922506049275398, 494
0.03922506049275398, 494
0.03922506049275398, 494
0.03922506049275398, 494
0.03922506049275398, 494
0.03922506049275398, 494
0.03922506049275398, 494
0.03922506049275398, 494
0.03922506049275398, 494
0.03922506049275398, 494
0.03922506049275398, 494
0.03922506049275398, 494
0.03922506049275398, 494
0.03922506049275398, 494
0.03922506049275398, 494
0.03922506049275398, 494
0.03922506049275398, 494
0.03922506049275398, 494
0.03922506049275398, 494
0.03922506049275398, 494
0.03922506049275398, 494
0.03922506049275398, 494
0.03922506049275398, 494
0.03922506049275398, 494
0.03922506049275398, 494
0.03922506049275398, 494
0.03922506049275398, 494
0.03922506049275398, 494
0.03922506049275398, 494
0.03922506049275398, 494
0.03922506049275398, 494
0.03922506049275398, 494
0.03922506049275398, 494
0.03922506049275398, 494
0.03922506049275398, 494
0.03922506049275398, 494
0.03922506049275398, 494
0.03922506049275398, 494
0.03922506049275398, 494
0.03922506049275398, 494
0.03922506049275398, 494
0.03922506049275398, 494
0.03922506049275398, 494
0.03922506049275398, 494
0.03922506049275398, 494
0.03922506049275398, 494
0.03922506049275398, 494
0.03922506049275398, 494
0.03922506049275398, 494
0.03922506049275398, 494
0.03922506049275398, 494
0.03922506049275398, 494
0.03922506049275398, 494
0.03922506049275398, 494
0.03922506049275398, 494
0.03922506049275398, 494
0.03922506049275398, 494
0.03922506049275398, 494
0.03922506049275398, 494
0.03922506049275398, 494
0.03922506049275398, 494
0.03922506049275398, 494
0.03922506049275398, 494
0.03922506049275398, 494
0.03922506049275398, 494
0.03922506049275398, 494
0.03922506049275398, 494
0.03922506049275398, 494
0.03922506049275398, 494
0.03922506049275398, 494
0.03922506049275398, 494
0.03922506049275398, 494
0.03922506049275398, 494
0.03922506049275398, 494
0.03922506049275398, 494
0.03922506049275398, 494
0.03922506049275398, 494
0.03922506049275398, 494
0.03922506049275398, 494
0.03922506049275398, 494
0.03922506049275398, 494
0.03922506049275398, 494
0.03922506049275398, 494
0.03922506049275398, 494
0.03922506049275398, 494
0.03922506049275398, 494
0.03922506049275398, 494
0.03922506049275398, 494
0.03922506049275398, 494
0.03922506049275398, 494
0.03922506049275398, 494
0.03922506049275398, 494
0.03922506049275398, 494
0.03922506049275398, 494
0.03922506049275398, 494
0.03922506049275398, 494
0.03922506049275398, 494
0.03922506049275398, 494
0.03922506049275398, 494
0.03922506049275398, 494
0.03922506049275398, 494
0.03922506049275398, 494
0.03922506049275398, 494
0.03922506049275398, 494
0.03922506049275398, 494
0.03922506049275398, 494
0.03922506049275398, 494
0.03922506049275398, 494
0.03922506049275398, 494
0.03922506049275398, 494
0.03922506049275398, 494
0.03922506049275398, 494
0.03922506049275398, 494
0.03922506049275398, 494
0.03922506049275398, 494
0.03922506049275398, 494
0.03922506049275398, 494
0.03922506049275398, 494
0.03922506049275398, 494
0.03922506049275398, 494
0.03922506049275398, 494
0.03922506049275398, 494
0.03922506049275398, 494
0.03922506049275398, 494
0.03922506049275398, 494
0.03922506049275398, 494
0.03922506049275398, 494
0.03922506049275398, 494
0.03922506049275398, 494
0.03922506049275398, 494
0.03922506049275398, 494
0.03922506049275398, 494
0.03922506049275398, 494
0.03922506049275398, 494
0.03922506049275398, 494
0.03922506049275398, 494
0.03922506049275398, 494
0.03922506049275398, 494
0.03922506049275398, 494
0.03922506049275398, 494
0.03922506049275398, 494
0.03922506049275398, 494
0.03922506049275398, 494
0.03922506049275398, 494
0.03922506049275398, 494
0.03922506049275398, 494
0.03922506049275398, 494
0.03922506049275398, 494
0.03922506049275398, 494
0.03922506049275398, 494
0.03922506049275398, 494
0.03922506049275398, 494
0.03922506049275398, 494
0.03922506049275398, 494
0.03922506049275398, 494
0.03922506049275398, 494
0.03922506049275398, 494
0.03922506049275398, 494
0.03922506049275398, 494
0.03922506049275398, 494
0.03922506049275398, 494
0.03922506049275398, 494
0.03922506049275398, 494
0.03922506049275398, 494
0.03922506049275398, 494
0.03922506049275398, 494
0.03922506049275398, 494
0.03922506049275398, 494
0.03922506049275398, 494
0.03922506049275398, 494
0.03922506049275398, 494
0.03922506049275398, 494
0.03922506049275398, 494
0.03922506049275398, 494
0.03922506049275398, 494
0.03922506049275398, 494
0.03922506049275398, 494
0.03922506049275398, 494
0.03922506049275398, 494
0.03922506049275398, 494
0.03922506049275398, 494
0.03922506049275398, 494
0.03922506049275398, 494
0.03922506049275398, 494
0.03922506049275398, 494
0.03922506049275398, 494
0.03922506049275398, 494
0.03922506049275398, 494
0.03922506049275398, 494
0.03922506049275398, 494
0.03922506049275398, 494
0.03922506049275398, 494
0.03922506049275398, 494
0.03922506049275398, 494
0.03922506049275398, 494
0.03922506049275398, 494
0.03922506049275398, 494
0.03922506049275398, 494
0.03922506049275398, 494
0.03922506049275398, 494
0.03922506049275398, 494
0.03922506049275398, 494
0.03922506049275398, 494
0.03922506049275398, 494
0.03922506049275398, 494
0.03922506049275398, 494
0.03922506049275398, 494
0.03922506049275398, 494
0.03922506049275398, 494
0.03922506049275398, 494
0.03922506049275398, 494
0.03922506049275398, 494
0.03922506049275398, 494
0.03922506049275398, 494
0.03922506049275398, 494
0.03922506049275398, 494
0.03922506049275398, 494
0.03922506049275398, 494
0.03922506049275398, 494
0.03922506049275398, 494
0.03922506049275398, 494
0.03922506049275398, 494
0.03922506049275398, 494
0.03922506049275398, 494
0.03922506049275398, 494
0.03922506049275398, 494
0.03922506049275398, 494
0.03922506049275398, 494
0.03922506049275398, 494
0.03922506049275398, 494
0.03922506049275398, 494
0.03922506049275398, 494
0.03922506049275398, 494
0.03922506049275398, 494
0.03922506049275398, 494
0.03922506049275398, 494
0.03922506049275398, 494
0.03922506049275398, 494
0.03922506049275398, 494
0.03922506049275398, 494
0.03922506049275398, 494
0.03922506049275398, 494
0.03922506049275398, 494
0.03922506049275398, 494
0.03922506049275398, 494
0.03922506049275398, 494
0.03922506049275398, 494
0.03922506049275398, 494
0.03922506049275398, 494
0.03922506049275398, 494
0.03922506049275398, 494
0.03922506049275398, 494
0.03922506049275398, 494
0.03922506049275398, 494
0.03922506049275398, 494
0.03922506049275398, 494
0.03922506049275398, 494
0.03922506049275398, 494
0.03922506049275398, 494
0.03922506049275398, 494
0.03922506049275398, 494
0.03922506049275398, 494
0.03922506049275398, 494
0.03922506049275398, 494
0.03922506049275398, 494
0.03922506049275398, 494
0.03922506049275398, 494
0.03922506049275398, 494
0.03922506049275398, 494
0.03922506049275398, 494
0.03922506049275398, 494
0.03922506049275398, 494
0.03922506049275398, 494
0.03922506049275398, 494
0.03922506049275398, 494
0.03922506049275398, 494
0.03922506049275398, 494
0.03922506049275398, 494
0.03922506049275398, 494
0.03922506049275398, 494
0.03922506049275398, 494
0.03922506049275398, 494
0.03922506049275398, 494
0.03922506049275398, 494
0.03922506049275398, 494
0.03922506049275398, 494
0.03922506049275398, 494
0.03922506049275398, 494
0.03922506049275398, 494
0.03922506049275398, 494
0.03922506049275398, 494
0.03922506049275398, 494
0.03922506049275398, 494
0.03922506049275398, 494
0.03922506049275398, 494
0.03922506049275398, 494
0.03922506049275398, 494
0.03922506049275398, 494
0.03922506049275398, 494
0.03922506049275398, 494
0.03922506049275398, 494
0.03922506049275398, 494
0.03922506049275398, 494
0.03922506049275398, 494
0.03922506049275398, 494
0.03922506049275398, 494
0.03922506049275398, 494
0.03922506049275398, 494
0.03922506049275398, 494
0.03922506049275398, 494
0.03922506049275398, 494
0.03922506049275398, 494
0.03922506049275398, 494
0.03922506049275398, 494
0.03922506049275398, 494
0.03922506049275398, 494
0.03922506049275398, 494
0.03922506049275398, 494
0.03922506049275398, 494
0.03922506049275398, 494
0.03922506049275398, 494
0.03922506049275398, 494
0.03922506049275398, 494
0.03922506049275398, 494
0.03922506049275398, 494
0.03922506049275398, 494
0.03922506049275398, 494
0.03922506049275398, 494
0.03922506049275398, 494
0.03922506049275398, 494
0.03922506049275398, 494
0.03922506049275398, 494
0.03922506049275398, 494
0.03922506049275398, 494
0.03922506049275398, 494
0.03922506049275398, 494
0.03922506049275398, 494
0.03922506049275398, 494
0.03922506049275398, 494
0.03922506049275398, 494
0.03922506049275398, 494
0.03922506049275398, 494
0.03922506049275398, 494
0.03922506049275398, 494
0.03922506049275398, 494
0.03922506049275398, 494
0.03922506049275398, 494
0.03922506049275398, 494
0.03922506049275398, 494
0.03922506049275398, 494
0.03922506049275398, 494
0.03922506049275398, 494
0.03922506049275398, 494
0.03922506049275398, 494
0.03922506049275398, 494
0.03922506049275398, 494
0.03922506049275398, 494
0.03922506049275398, 494
0.03922506049275398, 494
0.03922506049275398, 494
0.03922506049275398, 494
0.03922506049275398, 494
0.03922506049275398, 494
0.03922506049275398, 494
0.03922506049275398, 494
0.03922506049275398, 494
0.03922506049275398, 494
0.03922506049275398, 494
0.03922506049275398, 494
0.03922506049275398, 494
0.03922506049275398, 494
0.03922506049275398, 494
0.03922506049275398, 494
0.03922506049275398, 494
0.03922506049275398, 494
0.03922506049275398, 494
0.03922506049275398, 494
0.03922506049275398, 494
0.03922506049275398, 494
0.03922506049275398, 494
0.03922506049275398, 494
0.03922506049275398, 494
0.03922506049275398, 494
0.03922506049275398, 494
0.03922506049275398, 494
0.03922506049275398, 494
0.03922506049275398, 494
0.03922506049275398, 494
0.03922506049275398, 494
0.03922506049275398, 494
0.03922506049275398, 494
0.03922506049275398, 494
0.03922506049275398, 494
0.03922506049275398, 494
0.03922506049275398, 494
0.03922506049275398, 494
0.03922506049275398, 494
0.03922506049275398, 494
0.03922506049275398, 494
0.03922506049275398, 494
0.03922506049275398, 494
0.03922506049275398, 494
0.03922506049275398, 494
0.03922506049275398, 494
0.03922506049275398, 494
0.03922506049275398, 494
0.03922506049275398, 494
0.03922506049275398, 494
0.03922506049275398, 494
0.03922506049275398, 494
0.03922506049275398, 494
0.03922506049275398, 494
0.03922506049275398, 494
0.03922506049275398, 494
0.03922506049275398, 494
0.03922506049275398, 494
0.03922506049275398, 494
0.03922506049275398, 494
0.03922506049275398, 494
0.03922506049275398, 494
0.03922506049275398, 494
0.03922506049275398, 494
0.03922506049275398, 494
0.03922506049275398, 494
0.03922506049275398, 494
0.03922506049275398, 494
0.03922506049275398, 494
0.03922506049275398, 494
0.03922506049275398, 494
0.03922506049275398, 494
0.03922506049275398, 494
0.03922506049275398, 494
0.03922506049275398, 494
0.03922506049275398, 494
0.03922506049275398, 494
0.03922506049275398, 494
0.03922506049275398, 494
0.03922506049275398, 494
0.03922506049275398, 494
0.03922506049275398, 494
0.03922506049275398, 494
0.03922506049275398, 494
0.03922506049275398, 494
0.03922506049275398, 494
0.03922506049275398, 494
0.03922506049275398, 494
0.03922506049275398, 494
0.03922506049275398, 494
0.03922506049275398, 494
0.03922506049275398, 494
0.03922506049275398, 494
0.03922506049275398, 494
0.03922506049275398, 494
0.03922506049275398, 494
0.03922506049275398, 494
0.03922506049275398, 494
0.03922506049275398, 494
0.03922506049275398, 494
0.03922506049275398, 494
0.03922506049275398, 494
0.03922506049275398, 494
0.03922506049275398, 494
0.03922506049275398, 494
0.03922506049275398, 494
0.03922506049275398, 494
0.03922506049275398, 494
0.03922506049275398, 494
0.03922506049275398, 494
0.03922506049275398, 494
0.03922506049275398, 494
0.03922506049275398, 494
0.03922506049275398, 494
0.03922506049275398, 494
0.03922506049275398, 494
0.03922506049275398, 494
0.03922506049275398, 494
0.03922506049275398, 494
0.03922506049275398, 494
0.03922506049275398, 494
0.03922506049275398, 494
0.03922506049275398, 494
0.03922506049275398, 494
0.03922506049275398, 494
0.03922506049275398, 494
0.03922506049275398, 494
0.03922506049275398, 494
0.03922506049275398, 494
0.03922506049275398, 494
0.03922506049275398, 494
0.03922506049275398, 494
0.03922506049275398, 494
0.03922506049275398, 494
0.03922506049275398, 494
0.03922506049275398, 494
0.03922506049275398, 494
0.03922506049275398, 494
0.03922506049275398, 494
0.03922506049275398, 494
0.03922506049275398, 494
0.03922506049275398, 494
0.03922506049275398, 494
0.03922506049275398, 494
0.03922506049275398, 494
0.03922506049275398, 494
0.03922506049275398, 494
0.03922506049275398, 494
0.03922506049275398, 494
0.03922506049275398, 494
0.03922506049275398, 494
0.03922506049275398, 494
0.03922506049275398, 494
0.03922506049275398, 494
0.03922506049275398, 494
0.03922506049275398, 494
0.03922506049275398, 494
0.03922506049275398, 494
0.03922506049275398, 494
0.03922506049275398, 494
0.03922506049275398, 494
0.03922506049275398, 494
0.03922506049275398, 494
0.03922506049275398, 494
0.03922506049275398, 494
0.03922506049275398, 494
0.03922506049275398, 494
0.03922506049275398, 494
0.03922506049275398, 494
0.03922506049275398, 494
0.03922506049275398, 494
0.03922506049275398, 494
0.03922506049275398, 494
0.03922506049275398, 494
0.03922506049275398, 494
0.03922506049275398, 494
0.03922506049275398, 494
0.03922506049275398, 494
0.03922506049275398, 494
0.03922506049275398, 494
0.03922506049275398, 494
0.03922506049275398, 494
0.03922506049275398, 494
0.03922506049275398, 494
0.03922506049275398, 494
0.03922506049275398, 494
0.03922506049275398, 494
0.03922506049275398, 494
0.03922506049275398, 494
0.03922506049275398, 494
0.03922506049275398, 494
0.03922506049275398, 494
0.03922506049275398, 494
0.03922506049275398, 494
0.03922506049275398, 494
0.03922506049275398, 494
0.03922506049275398, 494
0.03922506049275398, 494
0.03922506049275398, 494
0.03922506049275398, 494
0.03922506049275398, 494
0.03922506049275398, 494
0.03922506049275398, 494
0.03922506049275398, 494
0.03922506049275398, 494
0.03922506049275398, 494
0.03922506049275398, 494
0.03922506049275398, 494
0.03922506049275398, 494
0.03922506049275398, 494
0.03922506049275398, 494
0.03922506049275398, 494
0.03922506049275398, 494
0.03922506049275398, 494
0.03922506049275398, 494
0.03922506049275398, 494
0.03922506049275398, 494
0.03922506049275398, 494
0.03922506049275398, 494
0.03922506049275398, 494
0.03922506049275398, 494
0.03922506049275398, 494
0.03922506049275398, 494
0.03922506049275398, 494
0.03922506049275398, 494
0.03922506049275398, 494
0.03922506049275398, 494
0.03922506049275398, 494
0.03922506049275398, 494
0.03922506049275398, 494
0.03922506049275398, 494
0.03922506049275398, 494
0.03922506049275398, 494
0.03922506049275398, 494
0.03922506049275398, 494
0.03922506049275398, 494
0.03922506049275398, 494
0.03922506049275398, 494
0.03922506049275398, 494
0.03922506049275398, 494
0.03922506049275398, 494
0.03922506049275398, 494
0.03922506049275398, 494
0.03922506049275398, 494
0.03922506049275398, 494
0.03922506049275398, 494
0.03922506049275398, 494
0.03922506049275398, 494
0.03922506049275398, 494
0.03922506049275398, 494
0.03922506049275398, 494
0.03922506049275398, 494
0.03922506049275398, 494
0.03922506049275398, 494
0.03922506049275398, 494
0.03922506049275398, 494
0.03922506049275398, 494
0.03922506049275398, 494
0.03922506049275398, 494
0.03922506049275398, 494
0.03922506049275398, 494
0.03922506049275398, 494
0.03922506049275398, 494
0.03922506049275398, 494
0.03922506049275398, 494
0.03922506049275398, 494
0.03922506049275398, 494
0.03922506049275398, 494
0.03922506049275398, 494
0.03922506049275398, 494
0.03922506049275398, 494
0.03922506049275398, 494
0.03922506049275398, 494
0.03922506049275398, 494
0.03922506049275398, 494
0.03922506049275398, 494
0.03922506049275398, 494
0.03922506049275398, 494
0.03922506049275398, 494
0.03922506049275398, 494
0.03922506049275398, 494
0.03922506049275398, 494
0.03922506049275398, 494
0.03922506049275398, 494
0.03922506049275398, 494
0.03922506049275398, 494
0.03922506049275398, 494
0.03922506049275398, 494
0.03922506049275398, 494
0.03922506049275398, 494
0.03922506049275398, 494
0.03922506049275398, 494
0.03922506049275398, 494
0.03922506049275398, 494
0.03922506049275398, 494
0.03922506049275398, 494
0.03922506049275398, 494
0.03922506049275398, 494
0.03922506049275398, 494
0.03922506049275398, 494
0.03922506049275398, 494
0.03922506049275398, 494
0.03922506049275398, 494
0.03922506049275398, 494
0.03922506049275398, 494
0.03922506049275398, 494
0.03922506049275398, 494
0.03922506049275398, 494
0.03922506049275398, 494
0.03922506049275398, 494
0.03922506049275398, 494
0.03922506049275398, 494
0.03922506049275398, 494
0.03922506049275398, 494
0.03922506049275398, 494
0.03922506049275398, 494
0.03922506049275398, 494
0.03922506049275398, 494
0.03922506049275398, 494
0.03922506049275398, 494
0.03922506049275398, 494
0.03922506049275398, 494
0.03922506049275398, 494
0.03922506049275398, 494
0.03922506049275398, 494
0.03922506049275398, 494
0.03922506049275398, 494
0.03922506049275398, 494
0.03922506049275398, 494
0.03922506049275398, 494
0.03922506049275398, 494
0.03922506049275398, 494
0.03922506049275398, 494
0.03922506049275398, 494
0.03922506049275398, 494
0.03922506049275398, 494
0.03922506049275398, 494
0.03922506049275398, 494
0.03922506049275398, 494
0.03922506049275398, 494
0.03922506049275398, 494
0.03922506049275398, 494
0.03922506049275398, 494
0.03922506049275398, 494
0.03922506049275398, 494
0.03922506049275398, 494
0.03922506049275398, 494
0.03922506049275398, 494
0.03922506049275398, 494
0.03922506049275398, 494
0.03922506049275398, 494
0.03922506049275398, 494
0.03922506049275398, 494
0.03922506049275398, 494
0.03922506049275398, 494
0.03922506049275398, 494
0.03922506049275398, 494
0.03922506049275398, 494
0.03922506049275398, 494
0.03922506049275398, 494
0.03922506049275398, 494
0.03922506049275398, 494
0.03922506049275398, 494
0.03922506049275398, 494
0.03922506049275398, 494
0.03922506049275398, 494
0.03922506049275398, 494
0.03922506049275398, 494
0.03922506049275398, 494
0.03922506049275398, 494
0.03922506049275398, 494
0.03922506049275398, 494
0.03922506049275398, 494
0.03922506049275398, 494
0.03922506049275398, 494
0.03922506049275398, 494
0.03922506049275398, 494
0.03922506049275398, 494
0.03922506049275398, 494
0.03922506049275398, 494
0.03922506049275398, 494
0.03922506049275398, 494
0.03922506049275398, 494
0.03922506049275398, 494
0.03922506049275398, 494
0.03922506049275398, 494
0.03922506049275398, 494
0.03922506049275398, 494
0.03922506049275398, 494
0.03922506049275398, 494
0.03922506049275398, 494
0.03922506049275398, 494
0.03922506049275398, 494
0.03922506049275398, 494
0.03922506049275398, 494
0.03922506049275398, 494
0.03922506049275398, 494
0.03922506049275398, 494
0.03922506049275398, 494
0.03922506049275398, 494
0.03922506049275398, 494
0.03922506049275398, 494
0.03922506049275398, 494
0.03922506049275398, 494
0.03922506049275398, 494
0.03922506049275398, 494
0.03922506049275398, 494
0.03922506049275398, 494
0.03922506049275398, 494
0.03922506049275398, 494
0.03922506049275398, 494
0.03922506049275398, 494
0.03922506049275398, 494
0.03922506049275398, 494
0.03922506049275398, 494
0.03922506049275398, 494
0.03922506049275398, 494
0.03922506049275398, 494
0.03922506049275398, 494
0.03922506049275398, 494
0.03922506049275398, 494
0.03922506049275398, 494
0.03922506049275398, 494
0.03922506049275398, 494
0.03922506049275398, 494
0.03922506049275398, 494
0.03922506049275398, 494
0.03922506049275398, 494
0.03922506049275398, 494
0.03922506049275398, 494
0.03922506049275398, 494
0.03922506049275398, 494
0.03922506049275398, 494
0.03922506049275398, 494
0.03922506049275398, 494
0.03922506049275398, 494
0.03922506049275398, 494
0.03922506049275398, 494
0.03922506049275398, 494
0.03922506049275398, 494
0.03922506049275398, 494
0.03922506049275398, 494
0.03922506049275398, 494
0.03922506049275398, 494
0.03922506049275398, 494
0.03922506049275398, 494
0.03922506049275398, 494
0.03922506049275398, 494
0.03922506049275398, 494
0.03922506049275398, 494
0.03922506049275398, 494
0.03922506049275398, 494
0.03922506049275398, 494
0.03922506049275398, 494
0.03922506049275398, 494
0.03922506049275398, 494
0.03922506049275398, 494
0.03922506049275398, 494
0.03922506049275398, 494
0.03922506049275398, 494
0.03922506049275398, 494
0.03922506049275398, 494
0.03922506049275398, 494
0.03922506049275398, 494
0.03922506049275398, 494
0.03922506049275398, 494
0.03922506049275398, 494
0.03922506049275398, 494
0.03922506049275398, 494
0.03922506049275398, 494
0.03922506049275398, 494
0.03922506049275398, 494
0.03922506049275398, 494
0.03922506049275398, 494
0.03922506049275398, 494
0.03922506049275398, 494
0.03922506049275398, 494
0.03922506049275398, 494
0.03922506049275398, 494
0.03922506049275398, 494
0.03922506049275398, 494
0.03922506049275398, 494
0.03922506049275398, 494
0.03922506049275398, 494
0.03922506049275398, 494
0.03922506049275398, 494
0.03922506049275398, 494
0.03922506049275398, 494
0.03922506049275398, 494
0.03922506049275398, 494
0.03922506049275398, 494
0.03922506049275398, 494
0.03922506049275398, 494
0.03922506049275398, 494
0.03922506049275398, 494
0.03922506049275398, 494
0.03922506049275398, 494
0.03922506049275398, 494
0.03922506049275398, 494
0.03922506049275398, 494
0.03922506049275398, 494
0.03922506049275398, 494
0.03922506049275398, 494
0.03922506049275398, 494
0.03922506049275398, 494
0.03922506049275398, 494
0.03922506049275398, 494
0.03922506049275398, 494
0.03922506049275398, 494
0.03922506049275398, 494
0.03922506049275398, 494
0.03922506049275398, 494
0.03922506049275398, 494
0.03922506049275398, 494
0.03922506049275398, 494
0.03922506049275398, 494
0.03922506049275398, 494
0.03922506049275398, 494
0.03922506049275398, 494
0.03922506049275398, 494
0.03922506049275398, 494
0.03922506049275398, 494
0.03922506049275398, 494
0.03922506049275398, 494
0.03922506049275398, 494
0.03922506049275398, 494
0.03922506049275398, 494
0.03922506049275398, 494
0.03922506049275398, 494
0.03922506049275398, 494
0.03922506049275398, 494
0.03922506049275398, 494
0.03922506049275398, 494
0.03922506049275398, 494
0.03922506049275398, 494
0.03922506049275398, 494
0.03922506049275398, 494
0.03922506049275398, 494
0.03922506049275398, 494
0.03922506049275398, 494
0.03922506049275398, 494
0.03922506049275398, 494
0.03922506049275398, 494
0.03922506049275398, 494
0.03922506049275398, 494
0.03922506049275398, 494
0.03922506049275398, 494
0.03922506049275398, 494
0.03922506049275398, 494
0.03922506049275398, 494
0.03922506049275398, 494
0.03922506049275398, 494
0.03922506049275398, 494
0.03922506049275398, 494
0.03922506049275398, 494
0.03922506049275398, 494
0.03922506049275398, 494
0.03922506049275398, 494
0.03922506049275398, 494
0.03922506049275398, 494
0.03922506049275398, 494
0.03922506049275398, 494
0.03922506049275398, 494
0.03922506049275398, 494
0.03922506049275398, 494
0.03922506049275398, 494
0.03922506049275398, 494
0.03922506049275398, 494
0.03922506049275398, 494
0.03922506049275398, 494
0.03922506049275398, 494
0.03922506049275398, 494
0.03922506049275398, 494
0.03922506049275398, 494
0.03922506049275398, 494
0.03922506049275398, 494
0.03922506049275398, 494
0.03922506049275398, 494
0.03922506049275398, 494
0.03922506049275398, 494
0.03922506049275398, 494
0.03922506049275398, 494
0.03922506049275398, 494
0.03922506049275398, 494
0.03922506049275398, 494
0.03922506049275398, 494
0.03922506049275398, 494
0.03922506049275398, 494
0.03922506049275398, 494
0.03922506049275398, 494
0.03922506049275398, 494
0.03922506049275398, 494
0.03922506049275398, 494
0.03922506049275398, 494
0.03922506049275398, 494
0.03922506049275398, 494
0.03922506049275398, 494
0.03922506049275398, 494
0.03922506049275398, 494
0.03922506049275398, 494
0.03922506049275398, 494
0.03922506049275398, 494
0.03922506049275398, 494
0.03922506049275398, 494
0.03922506049275398, 494
0.03922506049275398, 494
0.03922506049275398, 494
0.03922506049275398, 494
0.03922506049275398, 494
0.03922506049275398, 494
0.03922506049275398, 494
0.03922506049275398, 494
0.03922506049275398, 494
0.03922506049275398, 494
0.03922506049275398, 494
0.03922506049275398, 494
0.03922506049275398, 494
0.03922506049275398, 494
0.03922506049275398, 494
0.03922506049275398, 494
0.03922506049275398, 494
0.03922506049275398, 494
0.03922506049275398, 494
0.03922506049275398, 494
0.03922506049275398, 494
0.03922506049275398, 494
0.03922506049275398, 494
0.03922506049275398, 494
0.03922506049275398, 494
0.03922506049275398, 494
0.03922506049275398, 494
0.03922506049275398, 494
0.03922506049275398, 494
0.03922506049275398, 494
0.03922506049275398, 494
0.03922506049275398, 494
0.03922506049275398, 494
0.03922506049275398, 494
0.03922506049275398, 494
0.03922506049275398, 494
0.03922506049275398, 494
0.03922506049275398, 494
0.03922506049275398, 494
0.03922506049275398, 494
0.03922506049275398, 494
0.03922506049275398, 494
0.03922506049275398, 494
0.03922506049275398, 494
0.03922506049275398, 494
0.03922506049275398, 494
0.03922506049275398, 494
0.03922506049275398, 494
0.03922506049275398, 494
0.03922506049275398, 494
0.03922506049275398, 494
0.03922506049275398, 494
0.03922506049275398, 494
0.03922506049275398, 494
0.03922506049275398, 494
0.03922506049275398, 494
0.03922506049275398, 494
0.03922506049275398, 494
0.03922506049275398, 494
0.03922506049275398, 494
0.03922506049275398, 494
0.03922506049275398, 494
0.03922506049275398, 494
0.03922506049275398, 494
0.03922506049275398, 494
0.03922506049275398, 494
0.03922506049275398, 494
0.03922506049275398, 494
0.03922506049275398, 494
0.03922506049275398, 494
0.03922506049275398, 494
0.03922506049275398, 494
0.03922506049275398, 494
0.03922506049275398, 494
0.03922506049275398, 494
0.03922506049275398, 494
0.03922506049275398, 494
0.03922506049275398, 494
0.03922506049275398, 494
0.03922506049275398, 494
0.03922506049275398, 494
0.03922506049275398, 494
0.03922506049275398, 494
0.03922506049275398, 494
0.03922506049275398, 494
0.03922506049275398, 494
0.03922506049275398, 494
0.03922506049275398, 494
0.03922506049275398, 494
0.03922506049275398, 494
0.03922506049275398, 494
0.03922506049275398, 494
0.03922506049275398, 494
0.03922506049275398, 494
0.03922506049275398, 494
0.03922506049275398, 494
0.03922506049275398, 494
0.03922506049275398, 494
0.03922506049275398, 494
0.03922506049275398, 494
0.03922506049275398, 494
0.03922506049275398, 494
0.03922506049275398, 494
0.03922506049275398, 494
0.03922506049275398, 494
0.03922506049275398, 494
0.03922506049275398, 494
0.03922506049275398, 494
0.03922506049275398, 494
0.03922506049275398, 494
0.03922506049275398, 494
0.03922506049275398, 494
0.03922506049275398, 494
0.03922506049275398, 494
0.03922506049275398, 494
0.03922506049275398, 494
0.03922506049275398, 494
0.03922506049275398, 494
0.03922506049275398, 494
0.03922506049275398, 494
0.03922506049275398, 494
0.03922506049275398, 494
0.03922506049275398, 494
0.03922506049275398, 494
0.03922506049275398, 494
0.03922506049275398, 494
0.03922506049275398, 494
0.03922506049275398, 494
0.03922506049275398, 494
0.03922506049275398, 494
0.03922506049275398, 494
0.03922506049275398, 494
0.03922506049275398, 494
0.03922506049275398, 494
0.03922506049275398, 494
0.03922506049275398, 494
0.03922506049275398, 494
0.03922506049275398, 494
0.03922506049275398, 494
0.03922506049275398, 494
0.03922506049275398, 494
0.03922506049275398, 494
0.03922506049275398, 494
0.03922506049275398, 494
0.03922506049275398, 494
0.03922506049275398, 494
0.03922506049275398, 494
0.03922506049275398, 494
0.03922506049275398, 494
0.03922506049275398, 494
0.03922506049275398, 494
0.03922506049275398, 494
0.03922506049275398, 494
0.03922506049275398, 494
0.03922506049275398, 494
0.03922506049275398, 494
0.03922506049275398, 494
0.03922506049275398, 494
0.03922506049275398, 494
0.03922506049275398, 494
0.03922506049275398, 494
0.03922506049275398, 494
0.03922506049275398, 494
0.03922506049275398, 494
0.03922506049275398, 494
0.03922506049275398, 494
0.03922506049275398, 494
0.03922506049275398, 494
0.03922506049275398, 494
0.03922506049275398, 494
0.03922506049275398, 494
0.03922506049275398, 494
0.03922506049275398, 494
0.03922506049275398, 494
0.03922506049275398, 494
0.03922506049275398, 494
0.03922506049275398, 494
0.03922506049275398, 494
0.03922506049275398, 494
0.03922506049275398, 494
0.03922506049275398, 494
0.03922506049275398, 494
0.03922506049275398, 494
0.03922506049275398, 494
0.03922506049275398, 494
0.03922506049275398, 494
0.03922506049275398, 494
0.03922506049275398, 494
0.03922506049275398, 494
0.03922506049275398, 494
0.03922506049275398, 494
0.03922506049275398, 494
0.03922506049275398, 494
0.03922506049275398, 494
0.03922506049275398, 494
0.03922506049275398, 494
0.03922506049275398, 494
0.03922506049275398, 494
0.03922506049275398, 494
0.03922506049275398, 494
0.03922506049275398, 494
0.03922506049275398, 494
0.03922506049275398, 494
0.03922506049275398, 494
0.03922506049275398, 494
0.03922506049275398, 494
0.03922506049275398, 494
0.03922506049275398, 494
0.03922506049275398, 494
0.03922506049275398, 494
0.03922506049275398, 494
0.03922506049275398, 494
0.03922506049275398, 494
0.03922506049275398, 494
0.03922506049275398, 494
0.03922506049275398, 494
0.03922506049275398, 494
0.03922506049275398, 494
0.03922506049275398, 494
0.03922506049275398, 494
0.03922506049275398, 494
0.03922506049275398, 494
0.03922506049275398, 494
0.03922506049275398, 494
0.03922506049275398, 494
0.03922506049275398, 494
0.03922506049275398, 494
0.03922506049275398, 494
0.03922506049275398, 494
0.03922506049275398, 494
0.03922506049275398, 494
0.03922506049275398, 494
0.03922506049275398, 494
0.03922506049275398, 494
0.03922506049275398, 494
0.03922506049275398, 494
0.03922506049275398, 494
0.03922506049275398, 494
0.03922506049275398, 494
0.03922506049275398, 494
0.03922506049275398, 494
0.03922506049275398, 494
0.03922506049275398, 494
0.03922506049275398, 494
0.03922506049275398, 494
0.03922506049275398, 494
0.03922506049275398, 494
0.03922506049275398, 494
0.03922506049275398, 494
0.03922506049275398, 494
0.03922506049275398, 494
0.03922506049275398, 494
0.03922506049275398, 494
0.03922506049275398, 494
0.03922506049275398, 494
0.03922506049275398, 494
0.03922506049275398, 494
0.03922506049275398, 494
0.03922506049275398, 494
0.03922506049275398, 494
0.03922506049275398, 494
0.03922506049275398, 494
0.03922506049275398, 494
0.03922506049275398, 494
0.03922506049275398, 494
0.03922506049275398, 494
0.03922506049275398, 494
0.03922506049275398, 494
0.03922506049275398, 494
0.03922506049275398, 494
0.03922506049275398, 494
0.03922506049275398, 494
0.03922506049275398, 494
0.03922506049275398, 494
0.03922506049275398, 494
0.03922506049275398, 494
0.03922506049275398, 494
0.03922506049275398, 494
0.03922506049275398, 494
0.03922506049275398, 494
0.03922506049275398, 494
0.03922506049275398, 494
0.03922506049275398, 494
0.03922506049275398, 494
0.03922506049275398, 494
0.03922506049275398, 494
0.03922506049275398, 494
0.03922506049275398, 494
0.03922506049275398, 494
0.03922506049275398, 494
0.03922506049275398, 494
0.03922506049275398, 494
0.03922506049275398, 494
0.03922506049275398, 494
0.03922506049275398, 494
0.03922506049275398, 494
0.03922506049275398, 494
0.03922506049275398, 494
0.03922506049275398, 494
0.03922506049275398, 494
0.03922506049275398, 494
0.03922506049275398, 494
0.03922506049275398, 494
0.03922506049275398, 494
0.03922506049275398, 494
0.03922506049275398, 494
0.03922506049275398, 494
0.03922506049275398, 494
0.03922506049275398, 494
0.03922506049275398, 494
0.03922506049275398, 494
0.03922506049275398, 494
0.03922506049275398, 494
0.03922506049275398, 494
0.03922506049275398, 494
0.03922506049275398, 494
0.03922506049275398, 494
0.03922506049275398, 494
0.03922506049275398, 494
0.03922506049275398, 494
0.03922506049275398, 494
0.03922506049275398, 494
0.03922506049275398, 494
0.03922506049275398, 494
0.03922506049275398, 494
0.03922506049275398, 494
0.03922506049275398, 494
0.03922506049275398, 494
0.03922506049275398, 494
0.03922506049275398, 494
0.03922506049275398, 494
0.03922506049275398, 494
0.03922506049275398, 494
0.03922506049275398, 494
0.03922506049275398, 494
0.03922506049275398, 494
0.03922506049275398, 494
0.03922506049275398, 494
0.03922506049275398, 494
0.03922506049275398, 494
0.03922506049275398, 494
0.03922506049275398, 494
0.03922506049275398, 494
0.03922506049275398, 494
0.03922506049275398, 494
0.03922506049275398, 494
0.03922506049275398, 494
0.03922506049275398, 494
0.03922506049275398, 494
0.03922506049275398, 494
0.03922506049275398, 494
0.03922506049275398, 494
0.03922506049275398, 494
0.03922506049275398, 494
0.03922506049275398, 494
0.03922506049275398, 494
0.03922506049275398, 494
0.03922506049275398, 494
0.03922506049275398, 494
0.03922506049275398, 494
0.03922506049275398, 494
0.03922506049275398, 494
0.03922506049275398, 494
0.03922506049275398, 494
0.03922506049275398, 494
0.03922506049275398, 494
0.03922506049275398, 494
0.03922506049275398, 494
0.03922506049275398, 494
0.03922506049275398, 494
0.03922506049275398, 494
0.03922506049275398, 494
0.03922506049275398, 494
0.03922506049275398, 494
0.03922506049275398, 494
0.03922506049275398, 494
0.03922506049275398, 494
0.03922506049275398, 494
0.03922506049275398, 494
0.03922506049275398, 494
0.03922506049275398, 494
0.03922506049275398, 494
0.03922506049275398, 494
0.03922506049275398, 494
0.03922506049275398, 494
0.03922506049275398, 494
0.03922506049275398, 494
0.03922506049275398, 494
0.03922506049275398, 494
0.03922506049275398, 494
0.03922506049275398, 494
0.03922506049275398, 494
0.03922506049275398, 494
0.03922506049275398, 494
0.03922506049275398, 494
0.03922506049275398, 494
0.03922506049275398, 494
0.03922506049275398, 494
0.03922506049275398, 494
0.03922506049275398, 494
0.03922506049275398, 494
0.03922506049275398, 494
0.03922506049275398, 494
0.03922506049275398, 494
0.03922506049275398, 494
0.03922506049275398, 494
0.03922506049275398, 494
0.03922506049275398, 494
0.03922506049275398, 494
0.03922506049275398, 494
0.03922506049275398, 494
0.03922506049275398, 494
0.03922506049275398, 494
0.03922506049275398, 494
0.03922506049275398, 494
0.03922506049275398, 494
0.03922506049275398, 494
0.03922506049275398, 494
0.03922506049275398, 494
0.03922506049275398, 494
0.03922506049275398, 494
0.03922506049275398, 494
0.03922506049275398, 494
0.03922506049275398, 494
0.03922506049275398, 494
0.03922506049275398, 494
0.03922506049275398, 494
0.03922506049275398, 494
0.03922506049275398, 494
0.03922506049275398, 494
0.03922506049275398, 494
0.03922506049275398, 494
0.03922506049275398, 494
0.03922506049275398, 494
0.03922506049275398, 494
0.03922506049275398, 494
0.03922506049275398, 494
0.03922506049275398, 494
0.03922506049275398, 494
0.03922506049275398, 494
0.03922506049275398, 494
0.03922506049275398, 494
0.03922506049275398, 494
0.03922506049275398, 494
0.03922506049275398, 494
0.03922506049275398, 494
0.03922506049275398, 494
0.03922506049275398, 494
0.03922506049275398, 494
0.03922506049275398, 494
0.03922506049275398, 494
0.03922506049275398, 494
0.03922506049275398, 494
0.03922506049275398, 494
0.03922506049275398, 494
0.03922506049275398, 494
0.03922506049275398, 494
0.03922506049275398, 494
0.03922506049275398, 494
0.03922506049275398, 494
0.03922506049275398, 494
0.03922506049275398, 494
0.03922506049275398, 494
0.03922506049275398, 494
0.03922506049275398, 494
0.03922506049275398, 494
0.03922506049275398, 494
0.03922506049275398, 494
0.03922506049275398, 494
0.03922506049275398, 494
0.03922506049275398, 494
0.03922506049275398, 494
0.03922506049275398, 494
0.03922506049275398, 494
0.03922506049275398, 494
0.03922506049275398, 494
0.03922506049275398, 494
0.03922506049275398, 494
0.03922506049275398, 494
0.03922506049275398, 494
0.03922506049275398, 494
0.03922506049275398, 494
0.03922506049275398, 494
0.03922506049275398, 494
0.03922506049275398, 494
0.03922506049275398, 494
0.03922506049275398, 494
0.03922506049275398, 494
0.03922506049275398, 494
0.03922506049275398, 494
0.03922506049275398, 494
0.03922506049275398, 494
0.03922506049275398, 494
0.03922506049275398, 494
0.03922506049275398, 494
0.03922506049275398, 494
0.03922506049275398, 494
0.03922506049275398, 494
0.03922506049275398, 494
0.03922506049275398, 494
0.03922506049275398, 494
0.03922506049275398, 494
0.03922506049275398, 494
0.03922506049275398, 494
0.03922506049275398, 494
0.03922506049275398, 494
0.03922506049275398, 494
0.03922506049275398, 494
0.03922506049275398, 494
0.03922506049275398, 494
0.03922506049275398, 494
0.03922506049275398, 494
0.03922506049275398, 494
0.03922506049275398, 494
0.03922506049275398, 494
0.03922506049275398, 494
0.03922506049275398, 494
0.03922506049275398, 494
0.03922506049275398, 494
0.03922506049275398, 494
0.03922506049275398, 494
0.03922506049275398, 494
0.03922506049275398, 494
0.03922506049275398, 494
0.03922506049275398, 494
0.03922506049275398, 494
0.03922506049275398, 494
0.03922506049275398, 494
0.03922506049275398, 494
0.03922506049275398, 494
0.03922506049275398, 494
0.03922506049275398, 494
0.03922506049275398, 494
0.03922506049275398, 494
0.03922506049275398, 494
0.03922506049275398, 494
0.03922506049275398, 494
0.03922506049275398, 494
0.03922506049275398, 494
0.03922506049275398, 494
0.03922506049275398, 494
0.03922506049275398, 494
0.03922506049275398, 494
0.03922506049275398, 494
0.03922506049275398, 494
0.03922506049275398, 494
0.03922506049275398, 494
0.03922506049275398, 494
0.03922506049275398, 494
0.03922506049275398, 494
0.03922506049275398, 494
0.03922506049275398, 494
0.03922506049275398, 494
0.03922506049275398, 494
0.03922506049275398, 494
0.03922506049275398, 494
0.03922506049275398, 494
0.03922506049275398, 494
0.03922506049275398, 494
0.03922506049275398, 494
0.03922506049275398, 494
0.03922506049275398, 494
0.03922506049275398, 494
0.03922506049275398, 494
0.03922506049275398, 494
0.03922506049275398, 494
0.03922506049275398, 494
0.03922506049275398, 494
0.03922506049275398, 494
0.03922506049275398, 494
0.03922506049275398, 494
0.03922506049275398, 494
0.03922506049275398, 494
0.03922506049275398, 494
0.03922506049275398, 494
0.03922506049275398, 494
0.03922506049275398, 494
0.03922506049275398, 494
0.03922506049275398, 494
0.03922506049275398, 494
0.03922506049275398, 494
0.03922506049275398, 494
0.03922506049275398, 494
0.03922506049275398, 494
0.03922506049275398, 494
0.03922506049275398, 494
0.03922506049275398, 494
0.03922506049275398, 494
0.03922506049275398, 494
0.03922506049275398, 494
0.03922506049275398, 494
0.03922506049275398, 494
0.03922506049275398, 494
0.03922506049275398, 494
0.03922506049275398, 494
0.03922506049275398, 494
0.03922506049275398, 494
0.03922506049275398, 494
0.03922506049275398, 494
0.03922506049275398, 494
0.03922506049275398, 494
0.03922506049275398, 494
0.03922506049275398, 494
0.03922506049275398, 494
0.03922506049275398, 494
0.03922506049275398, 494
0.03922506049275398, 494
0.03922506049275398, 494
0.03922506049275398, 494
0.03922506049275398, 494
0.03922506049275398, 494
0.03922506049275398, 494
0.03922506049275398, 494
0.03922506049275398, 494
0.03922506049275398, 494
0.03922506049275398, 494
0.03922506049275398, 494
0.03922506049275398, 494
0.03922506049275398, 494
0.03922506049275398, 494
0.03922506049275398, 494
0.03922506049275398, 494
0.03922506049275398, 494
0.03922506049275398, 494
0.03922506049275398, 494
0.03922506049275398, 494
0.03922506049275398, 494
0.03922506049275398, 494
0.03922506049275398, 494
0.03922506049275398, 494
0.03922506049275398, 494
0.03922506049275398, 494
0.03922506049275398, 494
0.03922506049275398, 494
0.03922506049275398, 494
0.03922506049275398, 494
0.03922506049275398, 494
0.03922506049275398, 494
0.03922506049275398, 494
0.03922506049275398, 494
0.03922506049275398, 494
0.03922506049275398, 494
0.03922506049275398, 494
0.03922506049275398, 494
0.03922506049275398, 494
0.03922506049275398, 494
0.03922506049275398, 494
0.03922506049275398, 494
0.03922506049275398, 494
0.03922506049275398, 494
0.03922506049275398, 494
0.03922506049275398, 494
0.03922506049275398, 494
0.03922506049275398, 494
0.03922506049275398, 494
0.03922506049275398, 494
0.03922506049275398, 494
0.03922506049275398, 494
0.03922506049275398, 494
0.03922506049275398, 494
0.03922506049275398, 494
0.03922506049275398, 494
0.03922506049275398, 494
0.03922506049275398, 494
0.03922506049275398, 494
0.03922506049275398, 494
0.03922506049275398, 494
0.03922506049275398, 494
0.03922506049275398, 494
0.03922506049275398, 494
0.03922506049275398, 494
0.03922506049275398, 494
0.03922506049275398, 494
0.03922506049275398, 494
0.03922506049275398, 494
0.03922506049275398, 494
0.03922506049275398, 494
0.03922506049275398, 494
0.03922506049275398, 494
0.03922506049275398, 494
0.03922506049275398, 494
0.03922506049275398, 494
0.03922506049275398, 494
0.03922506049275398, 494
0.03922506049275398, 494
0.03922506049275398, 494
0.03922506049275398, 494
0.03922506049275398, 494
0.03922506049275398, 494
0.03922506049275398, 494
0.03922506049275398, 494
0.03922506049275398, 494
0.03922506049275398, 494
0.03922506049275398, 494
0.03922506049275398, 494
0.03922506049275398, 494
0.03922506049275398, 494
0.03922506049275398, 494
0.03922506049275398, 494
0.03922506049275398, 494
0.03922506049275398, 494
0.03922506049275398, 494
0.03922506049275398, 494
0.03922506049275398, 494
0.03922506049275398, 494
0.03922506049275398, 494
0.03922506049275398, 494
0.03922506049275398, 494
0.03922506049275398, 494
0.03922506049275398, 494
0.03922506049275398, 494
0.03922506049275398, 494
0.03922506049275398, 494
0.03922506049275398, 494
0.03922506049275398, 494
0.03922506049275398, 494
0.03922506049275398, 494
0.03922506049275398, 494
0.03922506049275398, 494
0.03922506049275398, 494
0.03922506049275398, 494
0.03922506049275398, 494
0.03922506049275398, 494
0.03922506049275398, 494
0.03922506049275398, 494
0.03922506049275398, 494
0.03922506049275398, 494
0.03922506049275398, 494
0.03922506049275398, 494
0.03922506049275398, 494
0.03922506049275398, 494
0.03922506049275398, 494
0.03922506049275398, 494
0.03922506049275398, 494
0.03922506049275398, 494
0.03922506049275398, 494
0.03922506049275398, 494
0.03922506049275398, 494
0.03922506049275398, 494
0.03922506049275398, 494
0.03922506049275398, 494
0.03922506049275398, 494
0.03922506049275398, 494
0.03922506049275398, 494
0.03922506049275398, 494
0.03922506049275398, 494
0.03922506049275398, 494
0.03922506049275398, 494
0.03922506049275398, 494
0.03922506049275398, 494
0.03922506049275398, 494
0.03922506049275398, 494
0.03922506049275398, 494
0.03922506049275398, 494
0.03922506049275398, 494
0.03922506049275398, 494
0.03922506049275398, 494
0.03922506049275398, 494
0.03922506049275398, 494
0.03922506049275398, 494
0.03922506049275398, 494
0.03922506049275398, 494
0.03922506049275398, 494
0.03922506049275398, 494
0.03922506049275398, 494
0.03922506049275398, 494
0.03922506049275398, 494
0.03922506049275398, 494
0.03922506049275398, 494
0.03922506049275398, 494
0.03922506049275398, 494
0.03922506049275398, 494
0.03922506049275398, 494
0.03922506049275398, 494
0.03922506049275398, 494
0.03922506049275398, 494
0.03922506049275398, 494
0.03922506049275398, 494
0.03922506049275398, 494
0.03922506049275398, 494
0.03922506049275398, 494
0.03922506049275398, 494
0.03922506049275398, 494
0.03922506049275398, 494
0.03922506049275398, 494
0.03922506049275398, 494
0.03922506049275398, 494
0.03922506049275398, 494
0.03922506049275398, 494
0.03922506049275398, 494
0.03922506049275398, 494
0.03922506049275398, 494
0.03922506049275398, 494
0.03922506049275398, 494
0.03922506049275398, 494
0.03922506049275398, 494
0.03922506049275398, 494
0.03922506049275398, 494
0.03922506049275398, 494
0.03922506049275398, 494
0.03922506049275398, 494
0.03922506049275398, 494
0.03922506049275398, 494
0.03922506049275398, 494
0.03922506049275398, 494
0.03922506049275398, 494
0.03922506049275398, 494
0.03922506049275398, 494
0.03922506049275398, 494
0.03922506049275398, 494
0.03922506049275398, 494
0.03922506049275398, 494
0.03922506049275398, 494
0.03922506049275398, 494
0.03922506049275398, 494
0.03922506049275398, 494
0.03922506049275398, 494
0.03922506049275398, 494
0.03922506049275398, 494
0.03922506049275398, 494
0.03922506049275398, 494
0.03922506049275398, 494
0.03922506049275398, 494
0.03922506049275398, 494
0.03922506049275398, 494
0.03922506049275398, 494
0.03922506049275398, 494
0.03922506049275398, 494
0.03922506049275398, 494
0.03922506049275398, 494
0.03922506049275398, 494
0.03922506049275398, 494
0.03922506049275398, 494
0.03922506049275398, 494
0.03922506049275398, 494
0.03922506049275398, 494
0.03922506049275398, 494
0.03922506049275398, 494
0.03922506049275398, 494
0.03922506049275398, 494
0.03922506049275398, 494
0.03922506049275398, 494
0.03922506049275398, 494
0.03922506049275398, 494
0.03922506049275398, 494
0.03922506049275398, 494
0.03922506049275398, 494
0.03922506049275398, 494
0.03922506049275398, 494
0.03922506049275398, 494
0.03922506049275398, 494
0.03922506049275398, 494
0.03922506049275398, 494
0.03922506049275398, 494
0.03922506049275398, 494
0.03922506049275398, 494
0.03922506049275398, 494
0.03922506049275398, 494
0.03922506049275398, 494
0.03922506049275398, 494
0.03922506049275398, 494
0.03922506049275398, 494
0.03922506049275398, 494
0.03922506049275398, 494
0.03922506049275398, 494
0.03922506049275398, 494
0.03922506049275398, 494
0.03922506049275398, 494
0.03922506049275398, 494
0.03922506049275398, 494
0.03922506049275398, 494
0.03922506049275398, 494
0.03922506049275398, 494
0.03922506049275398, 494
0.03922506049275398, 494
0.03922506049275398, 494
0.03922506049275398, 494
0.03922506049275398, 494
0.03922506049275398, 494
0.03922506049275398, 494
0.03922506049275398, 494
0.03922506049275398, 494
0.03922506049275398, 494
0.03922506049275398, 494
0.03922506049275398, 494
0.03922506049275398, 494
0.03922506049275398, 494
0.03922506049275398, 494
0.03922506049275398, 494
0.03922506049275398, 494
0.03922506049275398, 494
0.03922506049275398, 494
0.03922506049275398, 494
0.03922506049275398, 494
0.03922506049275398, 494
0.03922506049275398, 494
0.03922506049275398, 494
0.03922506049275398, 494
0.03922506049275398, 494
0.03922506049275398, 494
0.03922506049275398, 494
0.03922506049275398, 494
0.03922506049275398, 494
0.03922506049275398, 494
0.03922506049275398, 494
0.03922506049275398, 494
0.03922506049275398, 494
0.03922506049275398, 494
0.03922506049275398, 494
0.03922506049275398, 494
0.03922506049275398, 494
0.03922506049275398, 494
0.03922506049275398, 494
0.03922506049275398, 494
0.03922506049275398, 494
0.03922506049275398, 494
0.03922506049275398, 494
0.03922506049275398, 494
0.03922506049275398, 494
0.03922506049275398, 494
0.03922506049275398, 494
0.03922506049275398, 494
0.03922506049275398, 494
0.03922506049275398, 494
0.03922506049275398, 494
0.03922506049275398, 494
0.03922506049275398, 494
0.03922506049275398, 494
0.03922506049275398, 494
0.03922506049275398, 494
0.03922506049275398, 494
0.03922506049275398, 494
0.03922506049275398, 494
0.03922506049275398, 494
0.03922506049275398, 494
0.03922506049275398, 494
0.03922506049275398, 494
0.03922506049275398, 494
0.03922506049275398, 494
0.03922506049275398, 494
0.03922506049275398, 494
0.03922506049275398, 494
0.03922506049275398, 494
0.03922506049275398, 494
0.03922506049275398, 494
0.03922506049275398, 494
0.03922506049275398, 494
0.03922506049275398, 494
0.03922506049275398, 494
0.03922506049275398, 494
0.03922506049275398, 494
0.03922506049275398, 494
0.03922506049275398, 494
0.03922506049275398, 494
0.03922506049275398, 494
0.03922506049275398, 494
0.03922506049275398, 494
0.03922506049275398, 494
0.03922506049275398, 494
0.03922506049275398, 494
0.03922506049275398, 494
0.03922506049275398, 494
0.03922506049275398, 494
0.03922506049275398, 494
0.03922506049275398, 494
0.03922506049275398, 494
0.03922506049275398, 494
0.03922506049275398, 494
0.03922506049275398, 494
0.03922506049275398, 494
0.03922506049275398, 494
0.03922506049275398, 494
0.03922506049275398, 494
0.03922506049275398, 494
0.03922506049275398, 494
0.03922506049275398, 494
0.03922506049275398, 494
0.03922506049275398, 494
0.03922506049275398, 494
0.03922506049275398, 494
0.03922506049275398, 494
0.03922506049275398, 494
0.03922506049275398, 494
0.03922506049275398, 494
0.03922506049275398, 494
0.03922506049275398, 494
0.03922506049275398, 494
0.03922506049275398, 494
0.03922506049275398, 494
0.03922506049275398, 494
0.03922506049275398, 494
0.03922506049275398, 494
0.03922506049275398, 494
0.03922506049275398, 494
0.03922506049275398, 494
0.03922506049275398, 494
0.03922506049275398, 494
0.03922506049275398, 494
0.03922506049275398, 494
0.03922506049275398, 494
0.03922506049275398, 494
0.03922506049275398, 494
0.03922506049275398, 494
0.03922506049275398, 494
0.03922506049275398, 494
0.03922506049275398, 494
0.03922506049275398, 494
0.03922506049275398, 494
0.03922506049275398, 494
0.03922506049275398, 494
0.03922506049275398, 494
0.03922506049275398, 494
0.03922506049275398, 494
0.03922506049275398, 494
0.03922506049275398, 494
0.03922506049275398, 494
0.03922506049275398, 494
0.03922506049275398, 494
0.03922506049275398, 494
0.03922506049275398, 494
0.03922506049275398, 494
0.03922506049275398, 494
0.03922506049275398, 494
0.03922506049275398, 494
0.03922506049275398, 494
0.03922506049275398, 494
0.03922506049275398, 494
0.03922506049275398, 494
0.03922506049275398, 494
0.03922506049275398, 494
0.03922506049275398, 494
0.03922506049275398, 494
0.03922506049275398, 494
0.03922506049275398, 494
0.03922506049275398, 494
0.03922506049275398, 494
0.03922506049275398, 494
0.03922506049275398, 494
0.03922506049275398, 494
0.03922506049275398, 494
0.03922506049275398, 494
0.03922506049275398, 494
0.03922506049275398, 494
0.03922506049275398, 494
0.03922506049275398, 494
0.03922506049275398, 494
0.03922506049275398, 494
0.03922506049275398, 494
0.03922506049275398, 494
0.03922506049275398, 494
0.03922506049275398, 494
0.03922506049275398, 494
0.03922506049275398, 494
0.03922506049275398, 494
0.03922506049275398, 494
0.03922506049275398, 494
0.03922506049275398, 494
0.03922506049275398, 494
0.03922506049275398, 494
0.03922506049275398, 494
0.03922506049275398, 494
0.03922506049275398, 494
0.03922506049275398, 494
0.03922506049275398, 494
0.03922506049275398, 494
0.03922506049275398, 494
0.03922506049275398, 494
0.03922506049275398, 494
0.03922506049275398, 494
0.03922506049275398, 494
0.03922506049275398, 494
0.03922506049275398, 494
0.03922506049275398, 494
0.03922506049275398, 494
0.03922506049275398, 494
0.03922506049275398, 494
0.03922506049275398, 494
0.03922506049275398, 494
0.03922506049275398, 494
0.03922506049275398, 494
0.03922506049275398, 494
0.03922506049275398, 494
0.03922506049275398, 494
0.03922506049275398, 494
0.03922506049275398, 494
0.03922506049275398, 494
0.03922506049275398, 494
0.03922506049275398, 494
0.03922506049275398, 494
0.03922506049275398, 494
0.03922506049275398, 494
0.03922506049275398, 494
0.03922506049275398, 494
0.03922506049275398, 494
0.03922506049275398, 494
0.03922506049275398, 494
0.03922506049275398, 494
0.03922506049275398, 494
0.03922506049275398, 494
0.03922506049275398, 494
0.03922506049275398, 494
0.03922506049275398, 494
0.03922506049275398, 494
0.03922506049275398, 494
0.03922506049275398, 494
0.03922506049275398, 494
0.03922506049275398, 494
0.03922506049275398, 494
0.03922506049275398, 494
0.03922506049275398, 494
0.03922506049275398, 494
0.03922506049275398, 494
0.03922506049275398, 494
0.03922506049275398, 494
0.03922506049275398, 494
0.03922506049275398, 494
0.03922506049275398, 494
0.03922506049275398, 494
0.03922506049275398, 494
0.03922506049275398, 494
0.03922506049275398, 494
0.03922506049275398, 494
0.03922506049275398, 494
0.03922506049275398, 494
0.03922506049275398, 494
0.03922506049275398, 494
0.03922506049275398, 494
0.03922506049275398, 494
0.03922506049275398, 494
0.03922506049275398, 494
0.03922506049275398, 494
0.03922506049275398, 494
0.03922506049275398, 494
0.03922506049275398, 494
0.03922506049275398, 494
0.03922506049275398, 494
0.03922506049275398, 494
0.03922506049275398, 494
0.03922506049275398, 494
0.03922506049275398, 494
0.03922506049275398, 494
0.03922506049275398, 494
0.03922506049275398, 494
0.03922506049275398, 494
0.03922506049275398, 494
0.03922506049275398, 494
0.03922506049275398, 494
0.03922506049275398, 494
0.03922506049275398, 494
0.03922506049275398, 494
0.03922506049275398, 494
0.03922506049275398, 494
0.03922506049275398, 494
0.03922506049275398, 494
0.03922506049275398, 494
0.03922506049275398, 494
0.03922506049275398, 494
0.03922506049275398, 494
0.03922506049275398, 494
0.03922506049275398, 494
0.03922506049275398, 494
0.03922506049275398, 494
0.03922506049275398, 494
0.03922506049275398, 494
0.03922506049275398, 494
0.03922506049275398, 494
0.03922506049275398, 494
0.03922506049275398, 494
0.03922506049275398, 494
0.03922506049275398, 494
0.03922506049275398, 494
0.03922506049275398, 494
0.03922506049275398, 494
0.03922506049275398, 494
0.03922506049275398, 494
0.03922506049275398, 494
0.03922506049275398, 494
0.03922506049275398, 494
0.03922506049275398, 494
0.03922506049275398, 494
0.03922506049275398, 494
0.03922506049275398, 494
0.03922506049275398, 494
0.03922506049275398, 494
0.03922506049275398, 494
0.03922506049275398, 494
0.03922506049275398, 494
0.03922506049275398, 494
0.03922506049275398, 494
0.03922506049275398, 494
0.03922506049275398, 494
0.03922506049275398, 494
0.03922506049275398, 494
0.03922506049275398, 494
0.03922506049275398, 494
0.03922506049275398, 494
0.03922506049275398, 494
0.03922506049275398, 494
0.03922506049275398, 494
0.03922506049275398, 494
0.03922506049275398, 494
0.03922506049275398, 494
0.03922506049275398, 494
0.03922506049275398, 494
0.03922506049275398, 494
0.03922506049275398, 494
0.03922506049275398, 494
0.03922506049275398, 494
0.03922506049275398, 494
0.03922506049275398, 494
0.03922506049275398, 494
0.03922506049275398, 494
0.03922506049275398, 494
0.03922506049275398, 494
0.03922506049275398, 494
0.03922506049275398, 494
0.03922506049275398, 494
0.03922506049275398, 494
0.03922506049275398, 494
0.03922506049275398, 494
0.03922506049275398, 494
0.03922506049275398, 494
0.03922506049275398, 494
0.03922506049275398, 494
0.03922506049275398, 494
0.03922506049275398, 494
0.03922506049275398, 494
0.03922506049275398, 494
0.03922506049275398, 494
0.03922506049275398, 494
0.03922506049275398, 494
0.03922506049275398, 494
0.03922506049275398, 494
0.03922506049275398, 494
0.03922506049275398, 494
0.03922506049275398, 494
0.03922506049275398, 494
0.03922506049275398, 494
0.03922506049275398, 494
0.03922506049275398, 494
0.03922506049275398, 494
0.03922506049275398, 494
0.03922506049275398, 494
0.03922506049275398, 494
0.03922506049275398, 494
0.03922506049275398, 494
0.03922506049275398, 494
0.03922506049275398, 494
0.03922506049275398, 494
0.03922506049275398, 494
0.03922506049275398, 494
0.03922506049275398, 494
0.03922506049275398, 494
0.03922506049275398, 494
0.03922506049275398, 494
0.03922506049275398, 494
0.03922506049275398, 494
0.03922506049275398, 494
0.03922506049275398, 494
0.03922506049275398, 494
0.03922506049275398, 494
0.03922506049275398, 494
0.03922506049275398, 494
0.03922506049275398, 494
0.03922506049275398, 494
0.03922506049275398, 494
0.03922506049275398, 494
0.03922506049275398, 494
0.03922506049275398, 494
0.03922506049275398, 494
0.03922506049275398, 494
0.03922506049275398, 494
0.03922506049275398, 494
0.03922506049275398, 494
0.03922506049275398, 494
0.03922506049275398, 494
0.03922506049275398, 494
0.03922506049275398, 494
0.03922506049275398, 494
0.03922506049275398, 494
0.03922506049275398, 494
0.03922506049275398, 494
0.03922506049275398, 494
0.03922506049275398, 494
0.03922506049275398, 494
0.03922506049275398, 494
0.03922506049275398, 494
0.03922506049275398, 494
0.03922506049275398, 494
0.03922506049275398, 494
0.03922506049275398, 494
0.03922506049275398, 494
0.03922506049275398, 494
0.03922506049275398, 494
0.03922506049275398, 494
0.03922506049275398, 494
0.03922506049275398, 494
0.03922506049275398, 494
0.03922506049275398, 494
0.03922506049275398, 494
0.03922506049275398, 494
0.03922506049275398, 494
0.03922506049275398, 494
0.03922506049275398, 494
0.03922506049275398, 494
0.03922506049275398, 494
0.03922506049275398, 494
0.03922506049275398, 494
0.03922506049275398, 494
0.03922506049275398, 494
0.03922506049275398, 494
0.03922506049275398, 494
0.03922506049275398, 494
0.03922506049275398, 494
0.03922506049275398, 494
0.03922506049275398, 494
0.03922506049275398, 494
0.03922506049275398, 494
0.03922506049275398, 494
0.03922506049275398, 494
0.03922506049275398, 494
0.03922506049275398, 494
0.03922506049275398, 494
0.03922506049275398, 494
0.03922506049275398, 494
0.03922506049275398, 494
0.03922506049275398, 494
0.03922506049275398, 494
0.03922506049275398, 494
0.03922506049275398, 494
0.03922506049275398, 494
0.03922506049275398, 494
0.03922506049275398, 494
0.03922506049275398, 494
0.03922506049275398, 494
0.03922506049275398, 494
0.03922506049275398, 494
0.03922506049275398, 494
0.03922506049275398, 494
0.03922506049275398, 494
0.03922506049275398, 494
0.03922506049275398, 494
0.03922506049275398, 494
0.03922506049275398, 494
0.03922506049275398, 494
0.03922506049275398, 494
0.03922506049275398, 494
0.03922506049275398, 494
0.03922506049275398, 494
0.03922506049275398, 494
0.03922506049275398, 494
0.03922506049275398, 494
0.03922506049275398, 494
0.03922506049275398, 494
0.03922506049275398, 494
0.03922506049275398, 494
0.03922506049275398, 494
0.03922506049275398, 494
0.03922506049275398, 494
0.03922506049275398, 494
0.03922506049275398, 494
0.03922506049275398, 494
0.03922506049275398, 494
0.03922506049275398, 494
0.03922506049275398, 494
0.03922506049275398, 494
0.03922506049275398, 494
0.03922506049275398, 494
0.03922506049275398, 494
0.03922506049275398, 494
0.03922506049275398, 494
0.03922506049275398, 494
0.03922506049275398, 494
0.03922506049275398, 494
0.03922506049275398, 494
0.03922506049275398, 494
0.03922506049275398, 494
0.03922506049275398, 494
0.03922506049275398, 494
0.03922506049275398, 494
0.03922506049275398, 494
0.03922506049275398, 494
0.03922506049275398, 494
0.03922506049275398, 494
0.03922506049275398, 494
0.03922506049275398, 494
0.03922506049275398, 494
0.03922506049275398, 494
0.03922506049275398, 494
0.03922506049275398, 494
0.03922506049275398, 494
0.03922506049275398, 494
0.03922506049275398, 494
0.03922506049275398, 494
0.03922506049275398, 494
0.03922506049275398, 494
0.03922506049275398, 494
0.03922506049275398, 494
0.03922506049275398, 494
0.03922506049275398, 494
0.03922506049275398, 494
0.03922506049275398, 494
0.03922506049275398, 494
0.03922506049275398, 494
0.03922506049275398, 494
0.03922506049275398, 494
0.03922506049275398, 494
0.03922506049275398, 494
0.03922506049275398, 494
0.03922506049275398, 494
0.03922506049275398, 494
0.03922506049275398, 494
0.03922506049275398, 494
0.03922506049275398, 494
0.03922506049275398, 494
0.03922506049275398, 494
0.03922506049275398, 494
0.03922506049275398, 494
0.03922506049275398, 494
0.03922506049275398, 494
0.03922506049275398, 494
0.03922506049275398, 494
0.03922506049275398, 494
0.03922506049275398, 494
0.03922506049275398, 494
0.03922506049275398, 494
0.03922506049275398, 494
0.03922506049275398, 494
0.03922506049275398, 494
0.03922506049275398, 494
0.03922506049275398, 494
0.03922506049275398, 494
0.03922506049275398, 494
0.03922506049275398, 494
0.03922506049275398, 494
0.03922506049275398, 494
0.03922506049275398, 494
0.03922506049275398, 494
0.03922506049275398, 494
0.03922506049275398, 494
0.03922506049275398, 494
0.03922506049275398, 494
0.03922506049275398, 494
0.03922506049275398, 494
0.03922506049275398, 494
0.03922506049275398, 494
0.03922506049275398, 494
0.03922506049275398, 494
0.03922506049275398, 494
0.03922506049275398, 494
0.03922506049275398, 494
0.03922506049275398, 494
0.03922506049275398, 494
0.03922506049275398, 494
0.03922506049275398, 494
0.03922506049275398, 494
0.03922506049275398, 494
0.03922506049275398, 494
0.03922506049275398, 494
0.03922506049275398, 494
0.03922506049275398, 494
0.03922506049275398, 494
0.03922506049275398, 494
0.03922506049275398, 494
0.03922506049275398, 494
0.03922506049275398, 494
0.03922506049275398, 494
0.03922506049275398, 494
0.03922506049275398, 494
0.03922506049275398, 494
0.03922506049275398, 494
0.03922506049275398, 494
0.03922506049275398, 494
0.03922506049275398, 494
0.03922506049275398, 494
0.03922506049275398, 494
0.03922506049275398, 494
0.03922506049275398, 494
0.03922506049275398, 494
0.03922506049275398, 494
0.03922506049275398, 494
0.03922506049275398, 494
0.03922506049275398, 494
0.03922506049275398, 494
0.03922506049275398, 494
0.03922506049275398, 494
0.03922506049275398, 494
0.03922506049275398, 494
0.03922506049275398, 494
0.03922506049275398, 494
0.03922506049275398, 494
0.03922506049275398, 494
0.03922506049275398, 494
0.03922506049275398, 494
0.03922506049275398, 494
0.03922506049275398, 494
0.03922506049275398, 494
0.03922506049275398, 494
0.03922506049275398, 494
0.03922506049275398, 494
0.03922506049275398, 494
0.03922506049275398, 494
0.03922506049275398, 494
0.03922506049275398, 494
0.03922506049275398, 494
0.03922506049275398, 494
0.03922506049275398, 494
0.03922506049275398, 494
0.03922506049275398, 494
0.03922506049275398, 494
0.03922506049275398, 494
0.03922506049275398, 494
0.03922506049275398, 494
0.03922506049275398, 494
0.03922506049275398, 494
0.03922506049275398, 494
0.03922506049275398, 494
0.03922506049275398, 494
0.03922506049275398, 494
0.03922506049275398, 494
0.03922506049275398, 494
0.03922506049275398, 494
0.03922506049275398, 494
0.03922506049275398, 494
0.03922506049275398, 494
0.03922506049275398, 494
0.03922506049275398, 494
0.03922506049275398, 494
0.03922506049275398, 494
0.03922506049275398, 494
0.03922506049275398, 494
0.03922506049275398, 494
0.03922506049275398, 494
0.03922506049275398, 494
0.03922506049275398, 494
0.03922506049275398, 494
0.03922506049275398, 494
0.03922506049275398, 494
0.03922506049275398, 494
0.03922506049275398, 494
0.03922506049275398, 494
0.03922506049275398, 494
0.03922506049275398, 494
0.03922506049275398, 494
0.03922506049275398, 494
0.03922506049275398, 494
0.03922506049275398, 494
0.03922506049275398, 494
0.03922506049275398, 494
0.03922506049275398, 494
0.03922506049275398, 494
0.03922506049275398, 494
0.03922506049275398, 494
0.03922506049275398, 494
0.03922506049275398, 494
0.03922506049275398, 494
0.03922506049275398, 494
0.03922506049275398, 494
0.03922506049275398, 494
0.03922506049275398, 494
0.03922506049275398, 494
0.03922506049275398, 494
0.03922506049275398, 494
0.03922506049275398, 494
0.03922506049275398, 494
0.03922506049275398, 494
0.03922506049275398, 494
0.03922506049275398, 494
0.03922506049275398, 494
0.03922506049275398, 494
0.03922506049275398, 494
0.03922506049275398, 494
0.03922506049275398, 494
0.03922506049275398, 494
0.03922506049275398, 494
0.03922506049275398, 494
0.03922506049275398, 494
0.03922506049275398, 494
0.03922506049275398, 494
0.03922506049275398, 494
0.03922506049275398, 494
0.03922506049275398, 494
0.03922506049275398, 494
0.03922506049275398, 494
0.03922506049275398, 494
0.03922506049275398, 494
0.03922506049275398, 494
0.03922506049275398, 494
0.03922506049275398, 494
0.03922506049275398, 494
0.03922506049275398, 494
0.03922506049275398, 494
0.03922506049275398, 494
0.03922506049275398, 494
0.03922506049275398, 494
0.03922506049275398, 494
0.03922506049275398, 494
0.03922506049275398, 494
0.03922506049275398, 494
0.03922506049275398, 494
0.03922506049275398, 494
0.03922506049275398, 494
0.03922506049275398, 494
0.03922506049275398, 494
0.03922506049275398, 494
0.03922506049275398, 494
0.03922506049275398, 494
0.03922506049275398, 494
0.03922506049275398, 494
0.03922506049275398, 494
0.03922506049275398, 494
0.03922506049275398, 494
0.03922506049275398, 494
0.03922506049275398, 494
0.03922506049275398, 494
0.03922506049275398, 494
0.03922506049275398, 494
0.03922506049275398, 494
0.03922506049275398, 494
0.03922506049275398, 494
0.03922506049275398, 494
0.03922506049275398, 494
0.03922506049275398, 494
0.03922506049275398, 494
0.03922506049275398, 494
0.03922506049275398, 494
0.03922506049275398, 494
0.03922506049275398, 494
0.03922506049275398, 494
0.03922506049275398, 494
0.03922506049275398, 494
