0.08113861829042435, 0
0.0656966045498848, 1
0.05913890525698662, 2
0.0565311573445797, 3
0.05461052805185318, 4
0.052654724568128586, 5
0.05151679366827011, 6
0.05031471699476242, 7
0.04918498173356056, 8
0.048103466629981995, 9
0.046925246715545654, 10
0.046351686120033264, 11
0.04556959867477417, 12
0.04490293189883232, 13
0.04446917772293091, 14
0.04388417676091194, 15
0.04313609004020691, 16
0.04256490617990494, 17
0.04215766489505768, 18
0.04152360558509827, 19
0.04089713469147682, 20
0.04058077931404114, 21
0.04000736400485039, 22
0.03984296694397926, 23
0.03982352092862129, 24
0.039701271802186966, 25
0.03962951898574829, 26
0.03920288756489754, 27
0.03914767503738403, 28
0.03870021179318428, 29
0.03810437396168709, 30
0.03720098361372948, 31
0.03691524639725685, 32
0.03638489916920662, 33
0.036085162311792374, 34
0.03589431196451187, 35
0.03556547313928604, 36
0.0352824367582798, 37
0.034993354231119156, 38
0.03453247621655464, 39
0.03421531990170479, 40
0.03381132334470749, 41
0.03373115882277489, 42
0.03349527716636658, 43
0.03349527716636658, 43
0.03349527716636658, 43
0.03349527716636658, 43
0.03349527716636658, 43
0.033176302909851074, 48
0.03306929022073746, 49
0.032833509147167206, 50
0.03258761391043663, 51
0.032344184815883636, 52
0.032344184815883636, 52
0.032344184815883636, 52
0.032344184815883636, 52
0.032344184815883636, 52
0.032344184815883636, 52
0.032344184815883636, 52
0.032196927815675735, 59
0.032196927815675735, 59
0.03193731606006622, 61
0.03193731606006622, 61
0.03161213546991348, 63
0.03150369971990585, 64
0.031466320157051086, 65
0.031466320157051086, 65
0.03117731772363186, 67
0.031079204753041267, 68
0.030906669795513153, 69
0.030851265415549278, 70
0.030782051384449005, 71
0.03065238706767559, 72
0.03001388907432556, 73
0.029534317553043365, 74
0.029508503153920174, 75
0.02921976149082184, 76
0.028859276324510574, 77
0.028859276324510574, 77
0.028716962784528732, 79
0.02852742187678814, 80
0.028495285660028458, 81
0.028271669521927834, 82
0.028271669521927834, 82
0.028271669521927834, 82
0.028271669521927834, 82
0.028242595493793488, 86
0.028242595493793488, 86
0.028057651594281197, 88
0.02788858860731125, 89
0.02788858860731125, 89
0.027607813477516174, 91
0.027404675260186195, 92
0.027023857459425926, 93
0.026847513392567635, 94
0.02652456797659397, 95
0.026334470137953758, 96
0.0262437853962183, 97
0.02610831893980503, 98
0.02590586245059967, 99
0.025654764845967293, 100
0.025654764845967293, 100
0.025576496496796608, 102
0.025452733039855957, 103
0.025094514712691307, 104
0.024968579411506653, 105
0.024938883259892464, 106
0.024822328239679337, 107
0.024661436676979065, 108
0.024513501673936844, 109
0.024279996752738953, 110
0.02405634894967079, 111
0.02405634894967079, 111
0.023900356143712997, 113
0.02386368066072464, 114
0.02386368066072464, 114
0.02386368066072464, 114
0.02386368066072464, 114
0.02386368066072464, 114
0.023790642619132996, 119
0.023790642619132996, 119
0.023790642619132996, 119
0.023790642619132996, 119
0.0236929040402174, 123
0.02369023859500885, 124
0.02369023859500885, 124
0.023663906380534172, 126
0.023630456998944283, 127
0.023630456998944283, 127
0.023630456998944283, 127
0.023630456998944283, 127
0.023630456998944283, 127
0.023630456998944283, 127
0.023630456998944283, 127
0.023630456998944283, 127
0.023630456998944283, 127
0.023630456998944283, 127
0.023630456998944283, 127
0.023630456998944283, 127
0.023630456998944283, 127
0.023630456998944283, 127
0.023630456998944283, 127
0.023630456998944283, 127
0.023630456998944283, 127
0.023630456998944283, 127
0.023630456998944283, 127
0.023630456998944283, 127
0.023630456998944283, 127
0.023630456998944283, 127
0.023630456998944283, 127
0.023630456998944283, 127
0.023630456998944283, 127
0.023630456998944283, 127
0.023630456998944283, 127
0.023630456998944283, 127
0.023630456998944283, 127
0.023630456998944283, 127
0.023630456998944283, 127
0.023630456998944283, 127
0.023630456998944283, 127
0.023630456998944283, 127
0.023630456998944283, 127
0.023630456998944283, 127
0.023630456998944283, 127
0.023630456998944283, 127
0.023630456998944283, 127
0.023630456998944283, 127
0.023630456998944283, 127
0.023630456998944283, 127
0.023630456998944283, 127
0.023630456998944283, 127
0.023630456998944283, 127
0.023630456998944283, 127
0.023630456998944283, 127
0.023630456998944283, 127
0.023630456998944283, 127
0.023630456998944283, 127
0.023630456998944283, 127
0.023630456998944283, 127
0.023630456998944283, 127
0.023630456998944283, 127
0.023630456998944283, 127
0.023630456998944283, 127
0.023630456998944283, 127
0.023630456998944283, 127
0.023630456998944283, 127
0.023630456998944283, 127
0.023630456998944283, 127
0.023630456998944283, 127
0.023630456998944283, 127
0.023630456998944283, 127
0.023630456998944283, 127
0.023630456998944283, 127
0.023630456998944283, 127
0.023630456998944283, 127
0.023630456998944283, 127
0.023630456998944283, 127
0.023630456998944283, 127
0.023630456998944283, 127
0.023630456998944283, 127
0.023630456998944283, 127
0.023630456998944283, 127
0.023630456998944283, 127
0.023630456998944283, 127
0.023630456998944283, 127
0.023630456998944283, 127
0.023630456998944283, 127
0.023630456998944283, 127
0.023630456998944283, 127
0.023630456998944283, 127
0.023630456998944283, 127
0.023630456998944283, 127
0.023630456998944283, 127
0.023630456998944283, 127
0.023630456998944283, 127
0.023630456998944283, 127
0.023630456998944283, 127
0.023630456998944283, 127
0.023630456998944283, 127
0.023630456998944283, 127
0.023630456998944283, 127
0.023630456998944283, 127
0.023630456998944283, 127
0.023630456998944283, 127
0.023630456998944283, 127
0.023630456998944283, 127
0.023630456998944283, 127
0.023630456998944283, 127
0.023630456998944283, 127
0.023630456998944283, 127
0.023630456998944283, 127
0.023630456998944283, 127
0.023630456998944283, 127
0.023630456998944283, 127
0.023630456998944283, 127
0.023630456998944283, 127
0.023630456998944283, 127
0.023630456998944283, 127
0.023630456998944283, 127
0.023630456998944283, 127
0.023630456998944283, 127
0.023630456998944283, 127
0.023630456998944283, 127
0.023630456998944283, 127
0.023630456998944283, 127
0.023630456998944283, 127
0.023630456998944283, 127
0.023630456998944283, 127
0.023630456998944283, 127
0.023630456998944283, 127
0.023630456998944283, 127
0.023630456998944283, 127
0.023630456998944283, 127
0.023630456998944283, 127
0.023630456998944283, 127
0.023630456998944283, 127
0.023630456998944283, 127
0.023630456998944283, 127
0.023630456998944283, 127
0.023630456998944283, 127
0.023630456998944283, 127
0.023630456998944283, 127
0.023630456998944283, 127
0.023630456998944283, 127
0.023630456998944283, 127
0.023630456998944283, 127
0.023630456998944283, 127
0.023630456998944283, 127
0.023630456998944283, 127
0.023630456998944283, 127
0.023630456998944283, 127
0.023630456998944283, 127
0.023630456998944283, 127
0.023630456998944283, 127
0.023630456998944283, 127
0.023630456998944283, 127
0.023630456998944283, 127
0.023630456998944283, 127
0.023630456998944283, 127
0.023630456998944283, 127
0.023630456998944283, 127
0.023630456998944283, 127
0.023630456998944283, 127
0.023630456998944283, 127
0.023630456998944283, 127
0.023630456998944283, 127
0.023630456998944283, 127
0.023630456998944283, 127
0.023630456998944283, 127
0.023630456998944283, 127
0.023630456998944283, 127
0.023630456998944283, 127
0.023630456998944283, 127
0.023630456998944283, 127
0.023630456998944283, 127
0.023630456998944283, 127
0.023630456998944283, 127
0.023630456998944283, 127
0.023630456998944283, 127
0.023630456998944283, 127
0.023630456998944283, 127
0.023630456998944283, 127
0.023630456998944283, 127
0.023630456998944283, 127
0.023630456998944283, 127
0.023630456998944283, 127
0.023630456998944283, 127
0.023630456998944283, 127
0.023630456998944283, 127
0.023630456998944283, 127
0.023630456998944283, 127
0.023630456998944283, 127
0.023630456998944283, 127
0.023630456998944283, 127
0.023630456998944283, 127
0.023630456998944283, 127
0.023630456998944283, 127
0.023630456998944283, 127
0.023630456998944283, 127
0.023630456998944283, 127
0.023630456998944283, 127
0.023630456998944283, 127
0.023630456998944283, 127
0.023630456998944283, 127
0.023630456998944283, 127
0.023630456998944283, 127
0.023630456998944283, 127
0.023630456998944283, 127
0.023630456998944283, 127
0.023630456998944283, 127
0.023630456998944283, 127
0.02348919026553631, 331
0.023343412205576897, 332
0.0231979638338089, 333
0.0231979638338089, 333
0.02313028648495674, 335
0.02313028648495674, 335
0.023052893579006195, 337
0.022929448634386063, 338
0.02291797660291195, 339
0.022813409566879272, 340
0.022813409566879272, 340
0.022813409566879272, 340
0.022813409566879272, 340
0.022813409566879272, 340
0.022813409566879272, 340
0.022813409566879272, 340
0.022813409566879272, 340
0.022813409566879272, 340
0.022813409566879272, 340
0.022813409566879272, 340
0.022813409566879272, 340
0.022813409566879272, 340
0.022813409566879272, 340
0.022813409566879272, 340
0.022813409566879272, 340
0.022813409566879272, 340
0.022813409566879272, 340
0.022813409566879272, 340
0.022813409566879272, 340
0.022813409566879272, 340
0.022813409566879272, 340
0.022813409566879272, 340
0.022813409566879272, 340
0.022813409566879272, 340
0.022813409566879272, 340
0.022813409566879272, 340
0.022813409566879272, 340
0.022813409566879272, 340
0.022813409566879272, 340
0.022813409566879272, 340
0.022813409566879272, 340
0.022813409566879272, 340
0.022813409566879272, 340
0.022813409566879272, 340
0.022813409566879272, 340
0.022813409566879272, 340
0.022813409566879272, 340
0.022813409566879272, 340
0.022813409566879272, 340
0.022813409566879272, 340
0.022813409566879272, 340
0.022813409566879272, 340
0.022813409566879272, 340
0.022813409566879272, 340
0.022813409566879272, 340
0.022813409566879272, 340
0.022813409566879272, 340
0.022813409566879272, 340
0.022813409566879272, 340
0.022813409566879272, 340
0.022813409566879272, 340
0.022813409566879272, 340
0.022813409566879272, 340
0.022813409566879272, 340
0.022813409566879272, 340
0.022813409566879272, 340
0.022813409566879272, 340
0.022813409566879272, 340
0.022813409566879272, 340
0.022813409566879272, 340
0.022813409566879272, 340
0.022813409566879272, 340
0.022813409566879272, 340
0.022813409566879272, 340
0.022813409566879272, 340
0.022813409566879272, 340
0.022813409566879272, 340
0.022813409566879272, 340
0.022813409566879272, 340
0.022813409566879272, 340
0.022813409566879272, 340
0.022813409566879272, 340
0.022813409566879272, 340
0.022813409566879272, 340
0.022813409566879272, 340
0.022813409566879272, 340
0.022813409566879272, 340
0.022813409566879272, 340
0.022813409566879272, 340
0.022813409566879272, 340
0.022813409566879272, 340
0.022813409566879272, 340
0.022813409566879272, 340
0.022813409566879272, 340
0.022813409566879272, 340
0.022813409566879272, 340
0.022813409566879272, 340
0.022813409566879272, 340
0.022813409566879272, 340
0.022813409566879272, 340
0.022813409566879272, 340
0.022813409566879272, 340
0.022813409566879272, 340
0.022813409566879272, 340
0.022813409566879272, 340
0.022813409566879272, 340
0.022813409566879272, 340
0.022813409566879272, 340
0.022813409566879272, 340
0.022813409566879272, 340
0.022813409566879272, 340
0.022813409566879272, 340
0.022813409566879272, 340
0.022813409566879272, 340
0.022813409566879272, 340
0.022813409566879272, 340
0.022813409566879272, 340
0.022813409566879272, 340
0.022813409566879272, 340
0.022813409566879272, 340
0.022813409566879272, 340
0.022813409566879272, 340
0.022813409566879272, 340
0.022813409566879272, 340
0.022813409566879272, 340
0.022813409566879272, 340
0.022813409566879272, 340
0.022813409566879272, 340
0.022813409566879272, 340
0.022813409566879272, 340
0.022813409566879272, 340
0.022813409566879272, 340
0.022813409566879272, 340
0.022813409566879272, 340
0.022813409566879272, 340
0.022813409566879272, 340
0.022813409566879272, 340
0.022813409566879272, 340
0.022813409566879272, 340
0.022813409566879272, 340
0.022813409566879272, 340
0.022813409566879272, 340
0.022813409566879272, 340
0.022813409566879272, 340
0.022813409566879272, 340
0.022813409566879272, 340
0.022813409566879272, 340
0.022813409566879272, 340
0.022813409566879272, 340
0.022813409566879272, 340
0.022813409566879272, 340
0.022813409566879272, 340
0.022813409566879272, 340
0.022813409566879272, 340
0.022813409566879272, 340
0.022813409566879272, 340
0.022813409566879272, 340
0.022813409566879272, 340
0.022813409566879272, 340
0.022813409566879272, 340
0.022813409566879272, 340
0.022813409566879272, 340
0.022813409566879272, 340
0.022813409566879272, 340
0.022813409566879272, 340
0.022813409566879272, 340
0.022813409566879272, 340
0.022813409566879272, 340
0.022813409566879272, 340
0.022813409566879272, 340
0.022813409566879272, 340
0.022813409566879272, 340
0.022813409566879272, 340
0.022813409566879272, 340
0.022813409566879272, 340
0.022813409566879272, 340
0.022813409566879272, 340
0.022813409566879272, 340
0.022813409566879272, 340
0.022813409566879272, 340
0.022813409566879272, 340
0.022813409566879272, 340
0.022813409566879272, 340
0.022813409566879272, 340
0.022813409566879272, 340
0.022813409566879272, 340
0.022813409566879272, 340
0.022813409566879272, 340
0.022813409566879272, 340
0.022813409566879272, 340
0.022813409566879272, 340
0.022813409566879272, 340
0.022813409566879272, 340
0.022813409566879272, 340
0.022813409566879272, 340
0.022813409566879272, 340
0.022813409566879272, 340
0.022813409566879272, 340
0.022813409566879272, 340
0.022813409566879272, 340
0.022813409566879272, 340
0.022813409566879272, 340
0.022813409566879272, 340
0.022813409566879272, 340
0.022813409566879272, 340
0.022813409566879272, 340
0.022813409566879272, 340
0.022813409566879272, 340
0.022813409566879272, 340
0.022813409566879272, 340
0.022813409566879272, 340
0.022813409566879272, 340
0.022813409566879272, 340
0.022813409566879272, 340
0.022813409566879272, 340
0.022813409566879272, 340
0.022813409566879272, 340
0.022813409566879272, 340
0.022813409566879272, 340
0.022813409566879272, 340
0.022813409566879272, 340
0.022813409566879272, 340
0.022813409566879272, 340
0.022813409566879272, 340
0.022813409566879272, 340
0.022813409566879272, 340
0.022813409566879272, 340
0.022813409566879272, 340
0.022813409566879272, 340
0.022813409566879272, 340
0.022813409566879272, 340
0.022813409566879272, 340
0.022813409566879272, 340
0.022813409566879272, 340
0.022813409566879272, 340
0.022813409566879272, 340
0.022813409566879272, 340
0.022813409566879272, 340
0.022813409566879272, 340
0.022813409566879272, 340
0.022813409566879272, 340
0.022813409566879272, 340
0.022813409566879272, 340
0.022813409566879272, 340
0.022813409566879272, 340
0.022813409566879272, 340
0.022813409566879272, 340
0.022813409566879272, 340
0.022813409566879272, 340
0.022813409566879272, 340
0.022813409566879272, 340
0.022813409566879272, 340
0.022813409566879272, 340
0.022813409566879272, 340
0.022813409566879272, 340
0.022813409566879272, 340
0.022813409566879272, 340
0.022813409566879272, 340
0.022813409566879272, 340
0.022813409566879272, 340
0.022813409566879272, 340
0.022813409566879272, 340
0.022813409566879272, 340
0.022813409566879272, 340
0.022813409566879272, 340
0.022813409566879272, 340
0.022813409566879272, 340
0.022813409566879272, 340
0.022813409566879272, 340
0.022813409566879272, 340
0.022813409566879272, 340
0.022393200546503067, 602
0.022304153069853783, 603
0.022304153069853783, 603
0.022304153069853783, 603
0.022304153069853783, 603
0.022304153069853783, 603
0.022304153069853783, 603
0.022304153069853783, 603
0.022304153069853783, 603
0.022304153069853783, 603
0.022304153069853783, 603
0.022304153069853783, 603
0.022304153069853783, 603
0.022304153069853783, 603
0.022304153069853783, 603
0.022304153069853783, 603
0.022304153069853783, 603
0.022304153069853783, 603
0.022304153069853783, 603
0.022304153069853783, 603
0.022304153069853783, 603
0.022304153069853783, 603
0.022304153069853783, 603
0.022304153069853783, 603
0.022304153069853783, 603
0.022304153069853783, 603
0.022304153069853783, 603
0.02229670062661171, 629
0.02229670062661171, 629
0.02223006635904312, 631
0.02211660146713257, 632
0.02211660146713257, 632
0.02211660146713257, 632
0.02211660146713257, 632
0.02211660146713257, 632
0.02211660146713257, 632
0.02211660146713257, 632
0.02211660146713257, 632
0.02211660146713257, 632
0.02211660146713257, 632
0.02211660146713257, 632
0.02211660146713257, 632
0.02211660146713257, 632
0.02211660146713257, 632
0.02211660146713257, 632
0.02211660146713257, 632
0.02211660146713257, 632
0.02211660146713257, 632
0.02211660146713257, 632
0.02211660146713257, 632
0.02211660146713257, 632
0.02211660146713257, 632
0.02211660146713257, 632
0.02211660146713257, 632
0.02211660146713257, 632
0.022089848294854164, 657
0.022089848294854164, 657
0.022089848294854164, 657
0.022089848294854164, 657
0.022089848294854164, 657
0.022089848294854164, 657
0.022089848294854164, 657
0.022089848294854164, 657
0.022089848294854164, 657
0.022089848294854164, 657
0.022089848294854164, 657
0.022089848294854164, 657
0.022089848294854164, 657
0.022089848294854164, 657
0.022089848294854164, 657
0.022089848294854164, 657
0.022089848294854164, 657
0.022089848294854164, 657
0.022089848294854164, 657
0.022089848294854164, 657
0.022089848294854164, 657
0.021936900913715363, 678
0.021936900913715363, 678
0.021936900913715363, 678
0.021936900913715363, 678
0.021936900913715363, 678
0.02187027409672737, 683
0.021791983395814896, 684
0.02142198756337166, 685
0.021384412422776222, 686
0.021171556785702705, 687
0.02099674381315708, 688
0.02099674381315708, 688
0.020973436534404755, 690
0.020973436534404755, 690
0.020973436534404755, 690
0.020973436534404755, 690
0.020973436534404755, 690
0.020973436534404755, 690
0.020973436534404755, 690
0.020973436534404755, 690
0.020973436534404755, 690
0.020973436534404755, 690
0.020973436534404755, 690
0.020973436534404755, 690
0.020973436534404755, 690
0.020973436534404755, 690
0.020973436534404755, 690
0.020973436534404755, 690
0.020973436534404755, 690
0.020973436534404755, 690
0.020973436534404755, 690
0.020973436534404755, 690
0.020973436534404755, 690
0.020973436534404755, 690
0.020973436534404755, 690
0.020973436534404755, 690
0.020973436534404755, 690
0.02085959166288376, 715
0.02085959166288376, 715
0.02085959166288376, 715
0.020755572244524956, 718
0.02051345258951187, 719
0.02051345258951187, 719
0.02051345258951187, 719
0.02051345258951187, 719
0.02051345258951187, 719
0.02051345258951187, 719
0.02051345258951187, 719
0.02051345258951187, 719
0.02051345258951187, 719
0.02051345258951187, 719
0.02051345258951187, 719
0.02051345258951187, 719
0.02051345258951187, 719
0.02051345258951187, 719
0.02051345258951187, 719
0.02051345258951187, 719
0.02051345258951187, 719
0.02051345258951187, 719
0.02051345258951187, 719
0.02051345258951187, 719
0.02051345258951187, 719
0.02051345258951187, 719
0.02051345258951187, 719
0.02051345258951187, 719
0.02051345258951187, 719
0.02051345258951187, 719
0.02051345258951187, 719
0.02051345258951187, 719
0.02051345258951187, 719
0.02051345258951187, 719
0.02051345258951187, 719
0.02051345258951187, 719
0.0204424150288105, 751
0.020410481840372086, 752
0.02039824239909649, 753
0.02039824239909649, 753
0.02039824239909649, 753
0.02039824239909649, 753
0.02039824239909649, 753
0.02039824239909649, 753
0.02039824239909649, 753
0.02039824239909649, 753
0.02039824239909649, 753
0.02039824239909649, 753
0.02039824239909649, 753
0.02039824239909649, 753
0.02039824239909649, 753
0.02039824239909649, 753
0.02039824239909649, 753
0.02039824239909649, 753
0.02039824239909649, 753
0.02039824239909649, 753
0.02039824239909649, 753
0.02039824239909649, 753
0.02039824239909649, 753
0.02039824239909649, 753
0.02039824239909649, 753
0.02039824239909649, 753
0.020230062305927277, 777
0.020230062305927277, 777
0.020174644887447357, 779
0.020174644887447357, 779
0.02009623311460018, 781
0.019819149747490883, 782
0.01981261745095253, 783
0.01981261745095253, 783
0.01981261745095253, 783
0.01981261745095253, 783
0.01981261745095253, 783
0.01981261745095253, 783
0.01981261745095253, 783
0.01981261745095253, 783
0.01981261745095253, 783
0.01981261745095253, 783
0.01981261745095253, 783
0.01981261745095253, 783
0.01981261745095253, 783
0.01981261745095253, 783
0.01981261745095253, 783
0.01981261745095253, 783
0.01981261745095253, 783
0.01981261745095253, 783
0.01981261745095253, 783
0.01981261745095253, 783
0.01981261745095253, 783
0.01981261745095253, 783
0.019453926011919975, 805
0.019453926011919975, 805
0.019234688952565193, 807
0.019229216501116753, 808
0.019229216501116753, 808
0.019229216501116753, 808
0.019164346158504486, 811
0.01912032626569271, 812
0.01912032626569271, 812
0.01912032626569271, 812
0.01912032626569271, 812
0.01912032626569271, 812
0.01912032626569271, 812
0.01912032626569271, 812
0.01912032626569271, 812
0.01912032626569271, 812
0.01912032626569271, 812
0.01912032626569271, 812
0.01912032626569271, 812
0.01912032626569271, 812
0.01912032626569271, 812
0.01912032626569271, 812
0.01912032626569271, 812
0.01912032626569271, 812
0.01912032626569271, 812
0.01912032626569271, 812
0.01912032626569271, 812
0.01912032626569271, 812
0.01912032626569271, 812
0.01912032626569271, 812
0.01912032626569271, 812
0.01912032626569271, 812
0.01912032626569271, 812
0.01912032626569271, 812
0.01912032626569271, 812
0.01912032626569271, 812
0.01912032626569271, 812
0.01912032626569271, 812
0.01912032626569271, 812
0.019079985097050667, 844
0.019079985097050667, 844
0.019079985097050667, 844
0.019079985097050667, 844
0.019079985097050667, 844
0.019079985097050667, 844
0.019079985097050667, 844
0.019079985097050667, 844
0.019079985097050667, 844
0.019079985097050667, 844
0.019079985097050667, 844
0.019079985097050667, 844
0.019079985097050667, 844
0.019079985097050667, 844
0.019079985097050667, 844
0.019079985097050667, 844
0.019079985097050667, 844
0.019079985097050667, 844
0.019079985097050667, 844
0.019079985097050667, 844
0.019079985097050667, 844
0.019079985097050667, 844
0.019079985097050667, 844
0.019079985097050667, 844
0.019079985097050667, 844
0.018956774845719337, 869
0.018956774845719337, 869
0.018956774845719337, 869
0.018956774845719337, 869
0.018956774845719337, 869
0.018865933641791344, 874
0.018865933641791344, 874
0.018865933641791344, 874
0.018865933641791344, 874
0.018865933641791344, 874
0.018865933641791344, 874
0.018865933641791344, 874
0.018865933641791344, 874
0.018865933641791344, 874
0.018865933641791344, 874
0.018865933641791344, 874
0.018865933641791344, 874
0.018865933641791344, 874
0.018865933641791344, 874
0.018865933641791344, 874
0.018865933641791344, 874
0.018865933641791344, 874
0.018865933641791344, 874
0.018865933641791344, 874
0.018865933641791344, 874
0.018865933641791344, 874
0.018816787749528885, 895
0.018763380125164986, 896
0.018763380125164986, 896
0.018763380125164986, 896
0.01875751093029976, 899
0.01875751093029976, 899
0.01875751093029976, 899
0.01875751093029976, 899
0.01875751093029976, 899
0.01875751093029976, 899
0.01875751093029976, 899
0.01875751093029976, 899
0.01875751093029976, 899
0.01875751093029976, 899
0.01875751093029976, 899
0.01875751093029976, 899
0.01875751093029976, 899
0.01875751093029976, 899
0.01875751093029976, 899
0.01857832819223404, 914
0.01851704716682434, 915
0.018441036343574524, 916
0.018441036343574524, 916
0.018441036343574524, 916
0.018366023898124695, 919
0.018334025517106056, 920
0.018334025517106056, 920
0.018334025517106056, 920
0.018334025517106056, 920
0.018334025517106056, 920
0.018334025517106056, 920
0.018334025517106056, 920
0.018334025517106056, 920
0.018334025517106056, 920
0.018334025517106056, 920
0.018334025517106056, 920
0.018334025517106056, 920
0.018334025517106056, 920
0.018334025517106056, 920
0.018334025517106056, 920
0.018334025517106056, 920
0.018334025517106056, 920
0.018334025517106056, 920
0.018334025517106056, 920
0.018334025517106056, 920
0.018334025517106056, 920
0.018334025517106056, 920
0.018334025517106056, 920
0.018334025517106056, 920
0.018334025517106056, 920
0.018334025517106056, 920
0.018229354172945023, 946
0.018115878105163574, 947
0.018115878105163574, 947
0.018115878105163574, 947
0.018115878105163574, 947
0.018072640523314476, 951
0.018072640523314476, 951
0.017978666350245476, 953
0.017862774431705475, 954
0.017862774431705475, 954
0.017862774431705475, 954
0.017862774431705475, 954
0.017862774431705475, 954
0.017862774431705475, 954
0.017862774431705475, 954
0.017862774431705475, 954
0.017862774431705475, 954
0.017862774431705475, 954
0.017862774431705475, 954
0.017862774431705475, 954
0.017862774431705475, 954
0.017862774431705475, 954
0.017862774431705475, 954
0.017862774431705475, 954
0.017862774431705475, 954
0.017862774431705475, 954
0.017862774431705475, 954
0.017862774431705475, 954
0.017862774431705475, 954
0.017793839797377586, 975
0.017618007957935333, 976
0.017550474032759666, 977
0.017550474032759666, 977
0.017550474032759666, 977
0.01748020015656948, 980
0.017369640991091728, 981
0.017369640991091728, 981
0.017369640991091728, 981
0.017369640991091728, 981
0.017369640991091728, 981
0.017369640991091728, 981
0.017369640991091728, 981
0.017369640991091728, 981
0.017369640991091728, 981
0.017369640991091728, 981
0.017369640991091728, 981
0.017369640991091728, 981
0.017369640991091728, 981
0.017369640991091728, 981
0.017369640991091728, 981
0.017369640991091728, 981
0.017369640991091728, 981
0.017369640991091728, 981
0.017330365255475044, 999
0.017238251864910126, 1000
0.01703202724456787, 1001
0.01703202724456787, 1001
0.01703202724456787, 1001
0.01703202724456787, 1001
0.01703202724456787, 1001
0.01703202724456787, 1001
0.01703202724456787, 1001
0.01703202724456787, 1001
0.01703202724456787, 1001
0.01703202724456787, 1001
0.01703202724456787, 1001
0.01703202724456787, 1001
0.01703202724456787, 1001
0.01703202724456787, 1001
0.01703202724456787, 1001
0.01703202724456787, 1001
0.01703202724456787, 1001
0.01703202724456787, 1001
0.01703202724456787, 1001
0.01703202724456787, 1001
0.01703202724456787, 1001
0.01703202724456787, 1001
0.01703202724456787, 1001
0.01703202724456787, 1001
0.01703202724456787, 1001
0.01703202724456787, 1001
0.01703202724456787, 1001
0.01703202724456787, 1001
0.01703202724456787, 1001
0.01703202724456787, 1001
0.01703202724456787, 1001
0.01703202724456787, 1001
0.01703202724456787, 1001
0.01703202724456787, 1001
0.01703202724456787, 1001
0.01703202724456787, 1001
0.01703202724456787, 1001
0.01703202724456787, 1001
0.01703202724456787, 1001
0.01703202724456787, 1001
0.01703202724456787, 1001
0.01703202724456787, 1001
0.01703202724456787, 1001
0.01703202724456787, 1001
0.01703202724456787, 1001
0.01703202724456787, 1001
0.01703202724456787, 1001
0.01703202724456787, 1001
0.01703202724456787, 1001
0.01703202724456787, 1001
0.01703202724456787, 1001
0.01703202724456787, 1001
0.01703202724456787, 1001
0.01703202724456787, 1001
0.01703202724456787, 1001
0.017009427770972252, 1056
0.017009427770972252, 1056
0.017009427770972252, 1056
0.017009427770972252, 1056
0.017009427770972252, 1056
0.017009427770972252, 1056
0.017009427770972252, 1056
0.017009427770972252, 1056
0.01697283238172531, 1064
0.016912084072828293, 1065
0.016912084072828293, 1065
0.016793416813015938, 1067
0.016793416813015938, 1067
0.016793416813015938, 1067
0.016793416813015938, 1067
0.016793416813015938, 1067
0.016793416813015938, 1067
0.016793416813015938, 1067
0.016793416813015938, 1067
0.016793416813015938, 1067
0.016793416813015938, 1067
0.016793416813015938, 1067
0.016793416813015938, 1067
0.016793416813015938, 1067
0.016793416813015938, 1067
0.016793416813015938, 1067
0.016793416813015938, 1067
0.016793416813015938, 1067
0.016793416813015938, 1067
0.016793416813015938, 1067
0.016793416813015938, 1067
0.016793416813015938, 1067
0.016793416813015938, 1067
0.016793416813015938, 1067
0.016793416813015938, 1067
0.016793416813015938, 1067
0.016793416813015938, 1067
0.016793416813015938, 1067
0.016785863786935806, 1094
0.016746733337640762, 1095
0.016746733337640762, 1095
0.016746733337640762, 1095
0.016718652099370956, 1098
0.016718652099370956, 1098
0.016701051965355873, 1100
0.016701051965355873, 1100
0.016701051965355873, 1100
0.016701051965355873, 1100
0.016701051965355873, 1100
0.016701051965355873, 1100
0.016701051965355873, 1100
0.016701051965355873, 1100
0.016701051965355873, 1100
0.016701051965355873, 1100
0.016701051965355873, 1100
0.016701051965355873, 1100
0.016701051965355873, 1100
0.016701051965355873, 1100
0.016701051965355873, 1100
0.016701051965355873, 1100
0.016701051965355873, 1100
0.016701051965355873, 1100
0.016701051965355873, 1100
0.016701051965355873, 1100
0.016701051965355873, 1100
0.01656654104590416, 1121
0.016480861231684685, 1122
0.016242405399680138, 1123
0.016211755573749542, 1124
0.01620158739387989, 1125
0.01620158739387989, 1125
0.01620158739387989, 1125
0.01620158739387989, 1125
0.01620158739387989, 1125
0.01620158739387989, 1125
0.01620158739387989, 1125
0.01620158739387989, 1125
0.01620158739387989, 1125
0.01620158739387989, 1125
0.01620158739387989, 1125
0.01620158739387989, 1125
0.01620158739387989, 1125
0.01620158739387989, 1125
0.01620158739387989, 1125
0.01620158739387989, 1125
0.01620158739387989, 1125
0.01620158739387989, 1125
0.01620158739387989, 1125
0.01620158739387989, 1125
0.01620158739387989, 1125
0.01620158739387989, 1125
0.01620158739387989, 1125
0.01620158739387989, 1125
0.01620158739387989, 1125
0.016139395534992218, 1150
0.016111882403492928, 1151
0.01600048691034317, 1152
0.015892397612333298, 1153
0.015892397612333298, 1153
0.015892397612333298, 1153
0.015892397612333298, 1153
0.015892397612333298, 1153
0.015892397612333298, 1153
0.015892397612333298, 1153
0.015892397612333298, 1153
0.015892397612333298, 1153
0.015892397612333298, 1153
0.015892397612333298, 1153
0.015892397612333298, 1153
0.015892397612333298, 1153
0.015892397612333298, 1153
0.015892397612333298, 1153
0.015892397612333298, 1153
0.015892397612333298, 1153
0.015892397612333298, 1153
0.015892397612333298, 1153
0.015892397612333298, 1153
0.015892397612333298, 1153
0.015892397612333298, 1153
0.015892397612333298, 1153
0.015892397612333298, 1153
0.015892397612333298, 1153
0.015892397612333298, 1153
0.01588311977684498, 1179
0.01588311977684498, 1179
0.01588311977684498, 1179
0.01588311977684498, 1179
0.01588311977684498, 1179
0.01588311977684498, 1179
0.01588311977684498, 1179
0.01588311977684498, 1179
0.01588311977684498, 1179
0.01588311977684498, 1179
0.01588311977684498, 1179
0.01588311977684498, 1179
0.01588311977684498, 1179
0.01588311977684498, 1179
0.01588311977684498, 1179
0.01588311977684498, 1179
0.01588311977684498, 1179
0.01588311977684498, 1179
0.01588311977684498, 1179
0.01588311977684498, 1179
0.01588311977684498, 1179
0.01588311977684498, 1179
0.01588311977684498, 1179
0.01588311977684498, 1179
0.01588311977684498, 1179
0.01588311977684498, 1179
0.01588311977684498, 1179
0.01588311977684498, 1179
0.01588311977684498, 1179
0.01588311977684498, 1179
0.01588311977684498, 1179
0.01588311977684498, 1179
0.01588311977684498, 1179
0.01588311977684498, 1179
0.01588311977684498, 1179
0.01588311977684498, 1179
0.01588311977684498, 1179
0.01588311977684498, 1179
0.01588311977684498, 1179
0.01588311977684498, 1179
0.01588311977684498, 1179
0.01588311977684498, 1179
0.01588311977684498, 1179
0.01588311977684498, 1179
0.01588311977684498, 1179
0.015803024172782898, 1224
0.015752116218209267, 1225
0.015700358897447586, 1226
0.015700358897447586, 1226
0.015700358897447586, 1226
0.015700358897447586, 1226
0.015700358897447586, 1226
0.015700358897447586, 1226
0.015700358897447586, 1226
0.015700358897447586, 1226
0.015700358897447586, 1226
0.015700358897447586, 1226
0.015700358897447586, 1226
0.015700358897447586, 1226
0.015700358897447586, 1226
0.015700358897447586, 1226
0.015700358897447586, 1226
0.015700358897447586, 1226
0.015700358897447586, 1226
0.015700358897447586, 1226
0.015700358897447586, 1226
0.015700358897447586, 1226
0.015700358897447586, 1226
0.015700358897447586, 1226
0.015562362968921661, 1248
0.015531366690993309, 1249
0.0154695063829422, 1250
0.015460362657904625, 1251
0.015460362657904625, 1251
0.015460362657904625, 1251
0.015460362657904625, 1251
0.015460362657904625, 1251
0.015460362657904625, 1251
0.015460362657904625, 1251
0.015460362657904625, 1251
0.015460362657904625, 1251
0.015460362657904625, 1251
0.015460362657904625, 1251
0.015460362657904625, 1251
0.015460362657904625, 1251
0.015460362657904625, 1251
0.015460362657904625, 1251
0.015460362657904625, 1251
0.015460362657904625, 1251
0.015460362657904625, 1251
0.015460362657904625, 1251
0.015460362657904625, 1251
0.015460362657904625, 1251
0.015460362657904625, 1251
0.015416453592479229, 1273
0.01538666058331728, 1274
0.015364418737590313, 1275
0.015311782248318195, 1276
0.015311782248318195, 1276
0.015311782248318195, 1276
0.015311782248318195, 1276
0.015311782248318195, 1276
0.015311782248318195, 1276
0.015311782248318195, 1276
0.015311782248318195, 1276
0.015311782248318195, 1276
0.015311782248318195, 1276
0.015311782248318195, 1276
0.015311782248318195, 1276
0.015311782248318195, 1276
0.015311782248318195, 1276
0.015311782248318195, 1276
0.015311782248318195, 1276
0.015311782248318195, 1276
0.015311782248318195, 1276
0.015311782248318195, 1276
0.015311782248318195, 1276
0.015311782248318195, 1276
0.015311782248318195, 1276
0.015311782248318195, 1276
0.015311782248318195, 1276
0.015311782248318195, 1276
0.015311782248318195, 1276
0.015311782248318195, 1276
0.015311782248318195, 1276
0.015311782248318195, 1276
0.015311782248318195, 1276
0.015311782248318195, 1276
0.015311782248318195, 1276
0.015311782248318195, 1276
0.015311782248318195, 1276
0.015311782248318195, 1276
0.015311782248318195, 1276
0.015311782248318195, 1276
0.015311782248318195, 1276
0.015311782248318195, 1276
0.015311782248318195, 1276
0.015311782248318195, 1276
0.015311782248318195, 1276
0.015311782248318195, 1276
0.015311782248318195, 1276
0.015311782248318195, 1276
0.015311782248318195, 1276
0.015311782248318195, 1276
0.015311782248318195, 1276
0.015311782248318195, 1276
0.015311782248318195, 1276
0.015311782248318195, 1276
0.015311782248318195, 1276
0.015311782248318195, 1276
0.015311782248318195, 1276
0.015311782248318195, 1276
0.015311782248318195, 1276
0.015311782248318195, 1276
0.015311782248318195, 1276
0.015311782248318195, 1276
0.015311782248318195, 1276
0.015311782248318195, 1276
0.015311782248318195, 1276
0.015311782248318195, 1276
0.015311782248318195, 1276
0.015311782248318195, 1276
0.015311782248318195, 1276
0.015311782248318195, 1276
0.015311782248318195, 1276
0.015311782248318195, 1276
0.015311782248318195, 1276
0.015311782248318195, 1276
0.015311782248318195, 1276
0.015311782248318195, 1276
0.015311782248318195, 1276
0.015311782248318195, 1276
0.015311782248318195, 1276
0.015311782248318195, 1276
0.015311782248318195, 1276
0.015311782248318195, 1276
0.015311782248318195, 1276
0.015311782248318195, 1276
0.015311782248318195, 1276
0.015311782248318195, 1276
0.015311782248318195, 1276
0.015311782248318195, 1276
0.015311782248318195, 1276
0.015311782248318195, 1276
0.015311782248318195, 1276
0.015311782248318195, 1276
0.015311782248318195, 1276
0.015311782248318195, 1276
0.015311782248318195, 1276
0.015311782248318195, 1276
0.015311782248318195, 1276
0.015311782248318195, 1276
0.015311782248318195, 1276
0.015311782248318195, 1276
0.015311782248318195, 1276
0.015311782248318195, 1276
0.015311782248318195, 1276
0.015311782248318195, 1276
0.015311782248318195, 1276
0.015311782248318195, 1276
0.015311782248318195, 1276
0.015311782248318195, 1276
0.015311782248318195, 1276
0.015311782248318195, 1276
0.015311782248318195, 1276
0.015311782248318195, 1276
0.015311782248318195, 1276
0.015311782248318195, 1276
0.015311782248318195, 1276
0.015311782248318195, 1276
0.015311782248318195, 1276
0.015311782248318195, 1276
0.015311782248318195, 1276
0.015311782248318195, 1276
0.015311782248318195, 1276
0.015311782248318195, 1276
0.015311782248318195, 1276
0.015311782248318195, 1276
0.015311782248318195, 1276
0.015311782248318195, 1276
0.015311782248318195, 1276
0.015311782248318195, 1276
0.015311782248318195, 1276
0.015311782248318195, 1276
0.015311782248318195, 1276
0.015311782248318195, 1276
0.015311782248318195, 1276
0.015311782248318195, 1276
0.015311782248318195, 1276
0.015311782248318195, 1276
0.015311782248318195, 1276
0.015311782248318195, 1276
0.015311782248318195, 1276
0.015311782248318195, 1276
0.015311782248318195, 1276
0.015311782248318195, 1276
0.015311782248318195, 1276
0.015311782248318195, 1276
0.015311782248318195, 1276
0.015311782248318195, 1276
0.015311782248318195, 1276
0.015311782248318195, 1276
0.015311782248318195, 1276
0.015311782248318195, 1276
0.015311782248318195, 1276
0.015311782248318195, 1276
0.015311782248318195, 1276
0.015311782248318195, 1276
0.015311782248318195, 1276
0.015311782248318195, 1276
0.015311782248318195, 1276
0.015311782248318195, 1276
0.015311782248318195, 1276
0.015311782248318195, 1276
0.015311782248318195, 1276
0.015311782248318195, 1276
0.015311782248318195, 1276
0.015311782248318195, 1276
0.015311782248318195, 1276
0.015311782248318195, 1276
0.015311782248318195, 1276
0.015311782248318195, 1276
0.015311782248318195, 1276
0.015311782248318195, 1276
0.015311782248318195, 1276
0.015311782248318195, 1276
0.015311782248318195, 1276
0.015311782248318195, 1276
0.015311782248318195, 1276
0.015311782248318195, 1276
0.015311782248318195, 1276
0.015311782248318195, 1276
0.015311782248318195, 1276
0.015311782248318195, 1276
0.015311782248318195, 1276
0.015311782248318195, 1276
0.015311782248318195, 1276
0.015311782248318195, 1276
0.015311782248318195, 1276
0.015311782248318195, 1276
0.015311782248318195, 1276
0.015311782248318195, 1276
0.015311782248318195, 1276
0.015311782248318195, 1276
0.015311782248318195, 1276
0.015311782248318195, 1276
0.015311782248318195, 1276
0.015311782248318195, 1276
0.015311782248318195, 1276
0.015311782248318195, 1276
0.015311782248318195, 1276
0.015311782248318195, 1276
0.015311782248318195, 1276
0.015311782248318195, 1276
0.015311782248318195, 1276
0.015311782248318195, 1276
0.015311782248318195, 1276
0.015311782248318195, 1276
0.015311782248318195, 1276
0.015311782248318195, 1276
0.015311782248318195, 1276
0.015311782248318195, 1276
0.015311782248318195, 1276
0.015311782248318195, 1276
0.015311782248318195, 1276
0.015311782248318195, 1276
0.015311782248318195, 1276
0.015311782248318195, 1276
0.015311782248318195, 1276
0.015311782248318195, 1276
0.015311782248318195, 1276
0.015311782248318195, 1276
0.015311782248318195, 1276
0.015311782248318195, 1276
0.015311782248318195, 1276
0.015311782248318195, 1276
0.015311782248318195, 1276
0.015311782248318195, 1276
0.015311782248318195, 1276
0.015311782248318195, 1276
0.015311782248318195, 1276
0.015311782248318195, 1276
0.015311782248318195, 1276
0.015311782248318195, 1276
0.015311782248318195, 1276
0.015311782248318195, 1276
0.015311782248318195, 1276
0.015311782248318195, 1276
0.015311782248318195, 1276
0.015311782248318195, 1276
0.015311782248318195, 1276
0.015311782248318195, 1276
0.015311782248318195, 1276
0.015311782248318195, 1276
0.015311782248318195, 1276
0.015311782248318195, 1276
0.015311782248318195, 1276
0.015311782248318195, 1276
0.015311782248318195, 1276
0.015311782248318195, 1276
0.015311782248318195, 1276
0.015311782248318195, 1276
0.015311782248318195, 1276
0.015311782248318195, 1276
0.015311782248318195, 1276
0.015311782248318195, 1276
0.015311782248318195, 1276
0.015311782248318195, 1276
0.015311782248318195, 1276
0.015311782248318195, 1276
0.015311782248318195, 1276
0.015311782248318195, 1276
0.015311782248318195, 1276
0.015311782248318195, 1276
0.015311782248318195, 1276
0.015311782248318195, 1276
0.015311782248318195, 1276
0.015311782248318195, 1276
0.015311782248318195, 1276
0.015311782248318195, 1276
0.015311782248318195, 1276
0.015311782248318195, 1276
0.015311782248318195, 1276
0.015311782248318195, 1276
0.015311782248318195, 1276
0.015311782248318195, 1276
0.015311782248318195, 1276
0.015311782248318195, 1276
0.015311782248318195, 1276
0.015311782248318195, 1276
0.015311782248318195, 1276
0.015311782248318195, 1276
0.015311782248318195, 1276
0.015311782248318195, 1276
0.015311782248318195, 1276
0.015311782248318195, 1276
0.015311782248318195, 1276
0.015311782248318195, 1276
0.015311782248318195, 1276
0.015311782248318195, 1276
0.015311782248318195, 1276
0.015311782248318195, 1276
0.015311782248318195, 1276
0.015311782248318195, 1276
0.015311782248318195, 1276
0.015311782248318195, 1276
0.015311782248318195, 1276
0.015311782248318195, 1276
0.015311782248318195, 1276
0.015311782248318195, 1276
0.015311782248318195, 1276
0.015311782248318195, 1276
0.015311782248318195, 1276
0.015311782248318195, 1276
0.015311782248318195, 1276
0.015311782248318195, 1276
0.015311782248318195, 1276
0.015311782248318195, 1276
0.015311782248318195, 1276
0.015311782248318195, 1276
0.015311782248318195, 1276
0.015311782248318195, 1276
0.015311782248318195, 1276
0.015311782248318195, 1276
0.015311782248318195, 1276
0.015311782248318195, 1276
0.015311782248318195, 1276
0.015311782248318195, 1276
0.015311782248318195, 1276
0.015311782248318195, 1276
0.015311782248318195, 1276
0.015311782248318195, 1276
0.015311782248318195, 1276
0.015311782248318195, 1276
0.015311782248318195, 1276
0.015311782248318195, 1276
0.015311782248318195, 1276
0.015311782248318195, 1276
0.015311782248318195, 1276
0.015311782248318195, 1276
0.015311782248318195, 1276
0.015311782248318195, 1276
0.015311782248318195, 1276
0.015311782248318195, 1276
0.015311782248318195, 1276
0.015311782248318195, 1276
0.015311782248318195, 1276
0.015311782248318195, 1276
0.015311782248318195, 1276
0.015311782248318195, 1276
0.015311782248318195, 1276
0.015311782248318195, 1276
0.015311782248318195, 1276
0.015311782248318195, 1276
0.015311782248318195, 1276
0.015311782248318195, 1276
0.015311782248318195, 1276
0.015311782248318195, 1276
0.015311782248318195, 1276
0.015311782248318195, 1276
0.015311782248318195, 1276
0.015311782248318195, 1276
0.015311782248318195, 1276
0.015311782248318195, 1276
0.015311782248318195, 1276
0.015311782248318195, 1276
0.015311782248318195, 1276
0.015311782248318195, 1276
0.015311782248318195, 1276
0.015311782248318195, 1276
0.015311782248318195, 1276
0.015311782248318195, 1276
0.015311782248318195, 1276
0.015311782248318195, 1276
0.015311782248318195, 1276
0.015311782248318195, 1276
0.015311782248318195, 1276
0.015311782248318195, 1276
0.015311782248318195, 1276
0.015311782248318195, 1276
0.015311782248318195, 1276
0.015311782248318195, 1276
0.015311782248318195, 1276
0.015311782248318195, 1276
0.015311782248318195, 1276
0.015311782248318195, 1276
0.015311782248318195, 1276
0.015311782248318195, 1276
0.015311782248318195, 1276
0.015311782248318195, 1276
0.015311782248318195, 1276
0.015311782248318195, 1276
0.015311782248318195, 1276
0.015311782248318195, 1276
0.015311782248318195, 1276
0.015311782248318195, 1276
0.015311782248318195, 1276
0.015311782248318195, 1276
0.015311782248318195, 1276
0.015311782248318195, 1276
0.015311782248318195, 1276
0.015311782248318195, 1276
0.015311782248318195, 1276
0.015311782248318195, 1276
0.015311782248318195, 1276
0.015311782248318195, 1276
0.015311782248318195, 1276
0.015311782248318195, 1276
0.015311782248318195, 1276
0.015311782248318195, 1276
0.015311782248318195, 1276
0.015311782248318195, 1276
0.015311782248318195, 1276
0.015311782248318195, 1276
0.015311782248318195, 1276
0.015311782248318195, 1276
0.015311782248318195, 1276
0.015311782248318195, 1276
0.015311782248318195, 1276
0.015311782248318195, 1276
0.015311782248318195, 1276
0.015311782248318195, 1276
0.015311782248318195, 1276
0.015311782248318195, 1276
0.015311782248318195, 1276
0.015311782248318195, 1276
0.015311782248318195, 1276
0.015311782248318195, 1276
0.015311782248318195, 1276
0.015311782248318195, 1276
0.015311782248318195, 1276
0.015311782248318195, 1276
0.015311782248318195, 1276
0.015311782248318195, 1276
0.015311782248318195, 1276
0.015311782248318195, 1276
0.015311782248318195, 1276
0.015311782248318195, 1276
0.015311782248318195, 1276
0.015311782248318195, 1276
0.015311782248318195, 1276
0.015311782248318195, 1276
0.015311782248318195, 1276
0.015311782248318195, 1276
0.015311782248318195, 1276
0.015311782248318195, 1276
0.015311782248318195, 1276
0.015311782248318195, 1276
0.015311782248318195, 1276
0.015311782248318195, 1276
0.015311782248318195, 1276
0.015311782248318195, 1276
0.015311782248318195, 1276
0.015311782248318195, 1276
0.015311782248318195, 1276
0.015311782248318195, 1276
0.015311782248318195, 1276
0.015311782248318195, 1276
0.015311782248318195, 1276
0.015311782248318195, 1276
0.015311782248318195, 1276
0.015311782248318195, 1276
0.015311782248318195, 1276
0.015311782248318195, 1276
0.015311782248318195, 1276
0.015311782248318195, 1276
0.015311782248318195, 1276
0.015311782248318195, 1276
0.015311782248318195, 1276
0.015311782248318195, 1276
0.015311782248318195, 1276
0.015311782248318195, 1276
0.015311782248318195, 1276
0.015311782248318195, 1276
0.015311782248318195, 1276
0.015311782248318195, 1276
0.015311782248318195, 1276
0.015311782248318195, 1276
0.015311782248318195, 1276
0.015311782248318195, 1276
0.015311782248318195, 1276
0.015311782248318195, 1276
0.015311782248318195, 1276
0.015311782248318195, 1276
0.015311782248318195, 1276
0.015311782248318195, 1276
0.015311782248318195, 1276
0.015311782248318195, 1276
0.015311782248318195, 1276
0.015311782248318195, 1276
0.015311782248318195, 1276
0.015311782248318195, 1276
0.015311782248318195, 1276
0.015311782248318195, 1276
0.015311782248318195, 1276
0.015311782248318195, 1276
0.015311782248318195, 1276
0.015311782248318195, 1276
0.015311782248318195, 1276
0.015311782248318195, 1276
0.015311782248318195, 1276
0.015311782248318195, 1276
0.015311782248318195, 1276
0.015311782248318195, 1276
0.015311782248318195, 1276
0.015311782248318195, 1276
0.015311782248318195, 1276
0.015311782248318195, 1276
0.015311782248318195, 1276
0.015311782248318195, 1276
0.015311782248318195, 1276
0.015311782248318195, 1276
0.015311782248318195, 1276
0.015311782248318195, 1276
0.015311782248318195, 1276
0.015311782248318195, 1276
0.015311782248318195, 1276
0.015311782248318195, 1276
0.015311782248318195, 1276
0.015311782248318195, 1276
0.015311782248318195, 1276
0.015311782248318195, 1276
0.015311782248318195, 1276
0.015311782248318195, 1276
0.015311782248318195, 1276
0.015311782248318195, 1276
0.015311782248318195, 1276
0.015311782248318195, 1276
0.015311782248318195, 1276
0.015311782248318195, 1276
0.015311782248318195, 1276
0.015311782248318195, 1276
0.015311782248318195, 1276
0.015311782248318195, 1276
0.015311782248318195, 1276
0.015311782248318195, 1276
0.015311782248318195, 1276
0.015311782248318195, 1276
0.015311782248318195, 1276
0.015311782248318195, 1276
0.015311782248318195, 1276
0.015311782248318195, 1276
0.015311782248318195, 1276
0.015311782248318195, 1276
0.015311782248318195, 1276
0.015311782248318195, 1276
0.015311782248318195, 1276
0.015311782248318195, 1276
0.015311782248318195, 1276
0.015311782248318195, 1276
0.015311782248318195, 1276
0.015311782248318195, 1276
0.015311782248318195, 1276
0.015311782248318195, 1276
0.015311782248318195, 1276
0.015311782248318195, 1276
0.015311782248318195, 1276
0.015311782248318195, 1276
0.015311782248318195, 1276
0.015311782248318195, 1276
0.015311782248318195, 1276
0.015311782248318195, 1276
0.015311782248318195, 1276
0.015311782248318195, 1276
0.015311782248318195, 1276
0.015311782248318195, 1276
0.015311782248318195, 1276
0.015311782248318195, 1276
0.015311782248318195, 1276
0.015311782248318195, 1276
0.015311782248318195, 1276
0.015311782248318195, 1276
0.015311782248318195, 1276
0.015311782248318195, 1276
0.015311782248318195, 1276
0.015311782248318195, 1276
0.015311782248318195, 1276
0.015311782248318195, 1276
0.015311782248318195, 1276
0.015311782248318195, 1276
0.015311782248318195, 1276
0.015311782248318195, 1276
0.015311782248318195, 1276
0.015311782248318195, 1276
0.015311782248318195, 1276
0.015311782248318195, 1276
0.015311782248318195, 1276
0.015311782248318195, 1276
0.015311782248318195, 1276
0.015311782248318195, 1276
0.015311782248318195, 1276
0.015311782248318195, 1276
0.015311782248318195, 1276
0.015311782248318195, 1276
0.015311782248318195, 1276
0.015311782248318195, 1276
0.015311782248318195, 1276
0.015311782248318195, 1276
0.015311782248318195, 1276
0.015311782248318195, 1276
0.015311782248318195, 1276
0.015311782248318195, 1276
0.015311782248318195, 1276
0.015311782248318195, 1276
0.015311782248318195, 1276
0.015311782248318195, 1276
0.015311782248318195, 1276
0.015311782248318195, 1276
0.015311782248318195, 1276
0.015311782248318195, 1276
0.015311782248318195, 1276
0.015311782248318195, 1276
0.015311782248318195, 1276
0.015311782248318195, 1276
0.015311782248318195, 1276
0.015311782248318195, 1276
0.015311782248318195, 1276
0.015311782248318195, 1276
0.015311782248318195, 1276
0.015311782248318195, 1276
0.015311782248318195, 1276
0.015311782248318195, 1276
0.015311782248318195, 1276
0.015311782248318195, 1276
0.015311782248318195, 1276
0.015311782248318195, 1276
0.015311782248318195, 1276
0.015311782248318195, 1276
0.015311782248318195, 1276
0.015311782248318195, 1276
0.015311782248318195, 1276
0.015311782248318195, 1276
0.015311782248318195, 1276
0.015311782248318195, 1276
0.015311782248318195, 1276
0.015311782248318195, 1276
0.015311782248318195, 1276
0.015311782248318195, 1276
0.015311782248318195, 1276
0.015311782248318195, 1276
0.015311782248318195, 1276
0.015311782248318195, 1276
0.015311782248318195, 1276
0.015311782248318195, 1276
0.015311782248318195, 1276
0.015311782248318195, 1276
0.015311782248318195, 1276
0.015311782248318195, 1276
0.015311782248318195, 1276
0.015311782248318195, 1276
0.015311782248318195, 1276
0.015311782248318195, 1276
0.015311782248318195, 1276
0.015311782248318195, 1276
0.015311782248318195, 1276
0.015311782248318195, 1276
0.015311782248318195, 1276
0.015311782248318195, 1276
0.015311782248318195, 1276
0.015311782248318195, 1276
0.015311782248318195, 1276
0.015311782248318195, 1276
0.015311782248318195, 1276
0.015311782248318195, 1276
0.015311782248318195, 1276
0.015311782248318195, 1276
0.015311782248318195, 1276
0.015311782248318195, 1276
0.015311782248318195, 1276
0.015311782248318195, 1276
0.015311782248318195, 1276
0.015311782248318195, 1276
0.015311782248318195, 1276
0.015311782248318195, 1276
0.015311782248318195, 1276
0.015311782248318195, 1276
0.015311782248318195, 1276
0.015311782248318195, 1276
0.015311782248318195, 1276
0.015311782248318195, 1276
0.015311782248318195, 1276
0.015311782248318195, 1276
0.015311782248318195, 1276
0.015311782248318195, 1276
0.015311782248318195, 1276
0.015311782248318195, 1276
0.015311782248318195, 1276
0.015311782248318195, 1276
0.015311782248318195, 1276
0.015311782248318195, 1276
0.015311782248318195, 1276
0.015311782248318195, 1276
0.015311782248318195, 1276
0.015311782248318195, 1276
0.015311782248318195, 1276
0.015311782248318195, 1276
0.015311782248318195, 1276
0.015311782248318195, 1276
0.015311782248318195, 1276
0.015311782248318195, 1276
0.015311782248318195, 1276
0.015311782248318195, 1276
0.015311782248318195, 1276
0.015311782248318195, 1276
0.015311782248318195, 1276
0.015311782248318195, 1276
0.015311782248318195, 1276
0.015311782248318195, 1276
0.015311782248318195, 1276
0.015311782248318195, 1276
0.015311782248318195, 1276
0.015311782248318195, 1276
0.015311782248318195, 1276
0.015311782248318195, 1276
0.015311782248318195, 1276
0.015311782248318195, 1276
0.015311782248318195, 1276
0.015311782248318195, 1276
0.015311782248318195, 1276
0.015311782248318195, 1276
0.015311782248318195, 1276
0.015311782248318195, 1276
0.015311782248318195, 1276
0.015311782248318195, 1276
0.015311782248318195, 1276
0.015311782248318195, 1276
0.015311782248318195, 1276
0.015311782248318195, 1276
0.015311782248318195, 1276
0.015311782248318195, 1276
0.015311782248318195, 1276
0.015311782248318195, 1276
0.015311782248318195, 1276
0.015311782248318195, 1276
0.015311782248318195, 1276
0.015311782248318195, 1276
0.015311782248318195, 1276
0.015311782248318195, 1276
0.015311782248318195, 1276
0.015311782248318195, 1276
0.015311782248318195, 1276
0.015311782248318195, 1276
0.015311782248318195, 1276
0.015311782248318195, 1276
0.015311782248318195, 1276
0.015311782248318195, 1276
0.015311782248318195, 1276
0.015311782248318195, 1276
0.015311782248318195, 1276
0.015311782248318195, 1276
0.015311782248318195, 1276
0.015311782248318195, 1276
0.015311782248318195, 1276
0.015311782248318195, 1276
0.015311782248318195, 1276
0.015311782248318195, 1276
0.015311782248318195, 1276
0.015311782248318195, 1276
0.015311782248318195, 1276
0.015311782248318195, 1276
0.015311782248318195, 1276
0.015311782248318195, 1276
0.015311782248318195, 1276
0.015311782248318195, 1276
0.015311782248318195, 1276
0.015311782248318195, 1276
0.015311782248318195, 1276
0.015311782248318195, 1276
0.015311782248318195, 1276
0.015311782248318195, 1276
0.015311782248318195, 1276
0.015311782248318195, 1276
0.015311782248318195, 1276
0.015311782248318195, 1276
0.015311782248318195, 1276
0.015311782248318195, 1276
0.015311782248318195, 1276
0.015311782248318195, 1276
0.015311782248318195, 1276
0.015311782248318195, 1276
0.015311782248318195, 1276
0.015311782248318195, 1276
0.015311782248318195, 1276
0.015311782248318195, 1276
0.015311782248318195, 1276
0.015311782248318195, 1276
0.015311782248318195, 1276
0.015311782248318195, 1276
0.015311782248318195, 1276
0.015311782248318195, 1276
0.015311782248318195, 1276
0.015311782248318195, 1276
0.015311782248318195, 1276
0.015311782248318195, 1276
0.015311782248318195, 1276
0.015311782248318195, 1276
0.015311782248318195, 1276
0.015311782248318195, 1276
0.015311782248318195, 1276
0.015311782248318195, 1276
0.015311782248318195, 1276
0.015311782248318195, 1276
0.015311782248318195, 1276
0.015311782248318195, 1276
0.015311782248318195, 1276
0.015311782248318195, 1276
0.015311782248318195, 1276
0.015311782248318195, 1276
0.015311782248318195, 1276
0.015311782248318195, 1276
0.015311782248318195, 1276
0.015311782248318195, 1276
0.015311782248318195, 1276
0.015311782248318195, 1276
0.015311782248318195, 1276
0.015311782248318195, 1276
0.015311782248318195, 1276
0.015311782248318195, 1276
0.015311782248318195, 1276
0.015311782248318195, 1276
0.015311782248318195, 1276
0.015311782248318195, 1276
0.015311782248318195, 1276
0.015311782248318195, 1276
0.015311782248318195, 1276
0.015311782248318195, 1276
0.015311782248318195, 1276
0.015311782248318195, 1276
0.015311782248318195, 1276
0.015311782248318195, 1276
0.015311782248318195, 1276
0.015311782248318195, 1276
0.015311782248318195, 1276
0.015311782248318195, 1276
0.015311782248318195, 1276
0.015311782248318195, 1276
0.015311782248318195, 1276
0.015311782248318195, 1276
0.015311782248318195, 1276
0.015311782248318195, 1276
0.015311782248318195, 1276
0.015311782248318195, 1276
0.015311782248318195, 1276
0.015311782248318195, 1276
0.015311782248318195, 1276
0.015311782248318195, 1276
0.015311782248318195, 1276
0.015311782248318195, 1276
0.015311782248318195, 1276
0.015311782248318195, 1276
0.015311782248318195, 1276
0.015311782248318195, 1276
0.015311782248318195, 1276
0.015311782248318195, 1276
0.015311782248318195, 1276
0.015311782248318195, 1276
0.015311782248318195, 1276
0.015311782248318195, 1276
0.015311782248318195, 1276
0.015311782248318195, 1276
0.015311782248318195, 1276
0.015311782248318195, 1276
0.015311782248318195, 1276
0.015311782248318195, 1276
0.015311782248318195, 1276
0.015311782248318195, 1276
0.015311782248318195, 1276
0.015311782248318195, 1276
0.015311782248318195, 1276
0.015311782248318195, 1276
0.015311782248318195, 1276
0.015311782248318195, 1276
0.015311782248318195, 1276
0.015311782248318195, 1276
0.015311782248318195, 1276
0.015311782248318195, 1276
0.015311782248318195, 1276
0.015311782248318195, 1276
0.015311782248318195, 1276
0.015311782248318195, 1276
0.015311782248318195, 1276
0.015311782248318195, 1276
0.015311782248318195, 1276
0.015311782248318195, 1276
0.015311782248318195, 1276
0.015311782248318195, 1276
0.015311782248318195, 1276
0.015311782248318195, 1276
0.015311782248318195, 1276
0.015311782248318195, 1276
0.015311782248318195, 1276
0.015311782248318195, 1276
0.015311782248318195, 1276
0.015311782248318195, 1276
0.015311782248318195, 1276
0.015311782248318195, 1276
0.015311782248318195, 1276
0.015311782248318195, 1276
0.015311782248318195, 1276
0.015311782248318195, 1276
0.015311782248318195, 1276
0.015311782248318195, 1276
0.015311782248318195, 1276
0.015311782248318195, 1276
0.015311782248318195, 1276
0.015311782248318195, 1276
0.015311782248318195, 1276
0.015311782248318195, 1276
0.015311782248318195, 1276
0.015311782248318195, 1276
0.015311782248318195, 1276
0.015311782248318195, 1276
0.015311782248318195, 1276
0.015311782248318195, 1276
0.015311782248318195, 1276
0.015311782248318195, 1276
0.015311782248318195, 1276
0.015311782248318195, 1276
0.015311782248318195, 1276
0.015311782248318195, 1276
0.015311782248318195, 1276
0.015311782248318195, 1276
0.015311782248318195, 1276
0.015311782248318195, 1276
0.015311782248318195, 1276
0.015311782248318195, 1276
0.015311782248318195, 1276
0.015311782248318195, 1276
0.015311782248318195, 1276
0.015311782248318195, 1276
0.015311782248318195, 1276
0.015311782248318195, 1276
0.015311782248318195, 1276
0.015311782248318195, 1276
0.015311782248318195, 1276
0.015311782248318195, 1276
0.015311782248318195, 1276
0.015311782248318195, 1276
0.015311782248318195, 1276
0.015311782248318195, 1276
0.015311782248318195, 1276
0.015311782248318195, 1276
0.015311782248318195, 1276
0.015311782248318195, 1276
0.015311782248318195, 1276
0.015311782248318195, 1276
0.015311782248318195, 1276
0.015311782248318195, 1276
0.015311782248318195, 1276
0.015311782248318195, 1276
0.015311782248318195, 1276
0.015311782248318195, 1276
0.015311782248318195, 1276
0.015311782248318195, 1276
0.015311782248318195, 1276
0.015311782248318195, 1276
0.015311782248318195, 1276
0.015311782248318195, 1276
0.015311782248318195, 1276
0.015311782248318195, 1276
0.015311782248318195, 1276
0.015311782248318195, 1276
0.015311782248318195, 1276
0.015311782248318195, 1276
0.015311782248318195, 1276
0.015311782248318195, 1276
0.015311782248318195, 1276
0.015311782248318195, 1276
0.015311782248318195, 1276
0.015311782248318195, 1276
0.015311782248318195, 1276
0.015311782248318195, 1276
0.015311782248318195, 1276
0.015311782248318195, 1276
0.015311782248318195, 1276
0.015311782248318195, 1276
0.015311782248318195, 1276
0.015311782248318195, 1276
0.015311782248318195, 1276
0.015311782248318195, 1276
0.015311782248318195, 1276
0.015311782248318195, 1276
0.015311782248318195, 1276
0.015311782248318195, 1276
0.015311782248318195, 1276
0.015311782248318195, 1276
0.015311782248318195, 1276
0.015311782248318195, 1276
0.015311782248318195, 1276
0.015311782248318195, 1276
0.015311782248318195, 1276
0.015311782248318195, 1276
0.015311782248318195, 1276
0.015311782248318195, 1276
0.015311782248318195, 1276
0.015311782248318195, 1276
0.015311782248318195, 1276
0.015311782248318195, 1276
0.015311782248318195, 1276
0.015311782248318195, 1276
0.015311782248318195, 1276
0.015311782248318195, 1276
0.015311782248318195, 1276
0.015311782248318195, 1276
0.015311782248318195, 1276
0.015311782248318195, 1276
0.015311782248318195, 1276
0.015311782248318195, 1276
0.015311782248318195, 1276
0.015311782248318195, 1276
0.015311782248318195, 1276
0.015311782248318195, 1276
0.015311782248318195, 1276
0.015311782248318195, 1276
0.015311782248318195, 1276
0.015311782248318195, 1276
0.015311782248318195, 1276
0.015311782248318195, 1276
0.015311782248318195, 1276
0.015311782248318195, 1276
0.015311782248318195, 1276
0.015311782248318195, 1276
0.015311782248318195, 1276
0.015311782248318195, 1276
0.015311782248318195, 1276
0.015311782248318195, 1276
0.015311782248318195, 1276
0.015311782248318195, 1276
0.015311782248318195, 1276
0.015311782248318195, 1276
0.015311782248318195, 1276
0.015311782248318195, 1276
0.015311782248318195, 1276
0.015311782248318195, 1276
0.015311782248318195, 1276
0.015311782248318195, 1276
0.015311782248318195, 1276
0.015311782248318195, 1276
0.015311782248318195, 1276
0.015311782248318195, 1276
0.015311782248318195, 1276
0.015311782248318195, 1276
0.015311782248318195, 1276
0.015311782248318195, 1276
0.015311782248318195, 1276
0.015311782248318195, 1276
0.015311782248318195, 1276
0.015311782248318195, 1276
0.015311782248318195, 1276
0.015311782248318195, 1276
0.015311782248318195, 1276
0.015311782248318195, 1276
0.015311782248318195, 1276
0.015311782248318195, 1276
0.015311782248318195, 1276
0.015311782248318195, 1276
0.015311782248318195, 1276
0.015311782248318195, 1276
0.015311782248318195, 1276
0.015311782248318195, 1276
0.015311782248318195, 1276
0.015311782248318195, 1276
0.015311782248318195, 1276
0.015311782248318195, 1276
0.015311782248318195, 1276
0.015311782248318195, 1276
0.015311782248318195, 1276
0.015311782248318195, 1276
0.015311782248318195, 1276
0.015311782248318195, 1276
0.015311782248318195, 1276
0.015311782248318195, 1276
0.015311782248318195, 1276
0.015311782248318195, 1276
0.015311782248318195, 1276
0.015311782248318195, 1276
0.015311782248318195, 1276
0.015311782248318195, 1276
0.015311782248318195, 1276
0.015311782248318195, 1276
0.015311782248318195, 1276
0.015311782248318195, 1276
0.015311782248318195, 1276
0.015311782248318195, 1276
0.015311782248318195, 1276
0.015311782248318195, 1276
0.015311782248318195, 1276
0.015311782248318195, 1276
0.015311782248318195, 1276
0.015311782248318195, 1276
0.015311782248318195, 1276
0.015311782248318195, 1276
0.015311782248318195, 1276
0.015311782248318195, 1276
0.015311782248318195, 1276
0.015311782248318195, 1276
0.015311782248318195, 1276
0.015311782248318195, 1276
0.015311782248318195, 1276
0.015311782248318195, 1276
0.015311782248318195, 1276
0.015311782248318195, 1276
0.015311782248318195, 1276
0.015311782248318195, 1276
0.015311782248318195, 1276
0.015311782248318195, 1276
0.015311782248318195, 1276
0.015311782248318195, 1276
0.015311782248318195, 1276
0.015311782248318195, 1276
0.015311782248318195, 1276
0.015311782248318195, 1276
0.015311782248318195, 1276
0.015311782248318195, 1276
0.015311782248318195, 1276
0.015311782248318195, 1276
0.015311782248318195, 1276
0.015311782248318195, 1276
0.015311782248318195, 1276
0.015311782248318195, 1276
0.015311782248318195, 1276
0.015311782248318195, 1276
0.015311782248318195, 1276
0.015311782248318195, 1276
0.015311782248318195, 1276
0.015311782248318195, 1276
0.015311782248318195, 1276
0.015311782248318195, 1276
0.015311782248318195, 1276
0.015311782248318195, 1276
0.015311782248318195, 1276
0.015311782248318195, 1276
0.015311782248318195, 1276
0.015311782248318195, 1276
0.015311782248318195, 1276
0.015311782248318195, 1276
0.015311782248318195, 1276
0.015311782248318195, 1276
0.015311782248318195, 1276
0.015311782248318195, 1276
0.015311782248318195, 1276
0.015311782248318195, 1276
0.015311782248318195, 1276
0.015311782248318195, 1276
0.015311782248318195, 1276
0.015311782248318195, 1276
0.015311782248318195, 1276
0.015311782248318195, 1276
0.015311782248318195, 1276
0.015311782248318195, 1276
0.015311782248318195, 1276
0.015311782248318195, 1276
0.015311782248318195, 1276
0.015311782248318195, 1276
0.015311782248318195, 1276
0.015311782248318195, 1276
0.015311782248318195, 1276
0.015311782248318195, 1276
0.015311782248318195, 1276
0.015311782248318195, 1276
0.015311782248318195, 1276
0.015311782248318195, 1276
0.015311782248318195, 1276
0.015311782248318195, 1276
0.015311782248318195, 1276
0.015311782248318195, 1276
0.015311782248318195, 1276
0.015311782248318195, 1276
0.015311782248318195, 1276
0.015311782248318195, 1276
0.015311782248318195, 1276
0.015311782248318195, 1276
0.015311782248318195, 1276
0.015311782248318195, 1276
0.015311782248318195, 1276
0.015311782248318195, 1276
0.015311782248318195, 1276
0.015311782248318195, 1276
0.015311782248318195, 1276
0.015311782248318195, 1276
0.015311782248318195, 1276
0.015311782248318195, 1276
0.015311782248318195, 1276
0.015311782248318195, 1276
0.015311782248318195, 1276
0.015311782248318195, 1276
0.015311782248318195, 1276
0.015311782248318195, 1276
0.015311782248318195, 1276
0.015311782248318195, 1276
0.015311782248318195, 1276
0.015311782248318195, 1276
0.015311782248318195, 1276
0.015311782248318195, 1276
0.015311782248318195, 1276
0.015311782248318195, 1276
0.015311782248318195, 1276
0.015311782248318195, 1276
0.015311782248318195, 1276
0.015311782248318195, 1276
0.015311782248318195, 1276
0.015311782248318195, 1276
0.015311782248318195, 1276
0.015311782248318195, 1276
0.015311782248318195, 1276
0.015311782248318195, 1276
0.015311782248318195, 1276
0.015311782248318195, 1276
0.015311782248318195, 1276
0.015311782248318195, 1276
0.015311782248318195, 1276
0.015311782248318195, 1276
0.015311782248318195, 1276
0.015311782248318195, 1276
0.015311782248318195, 1276
0.015311782248318195, 1276
0.015311782248318195, 1276
0.015311782248318195, 1276
0.015311782248318195, 1276
0.015311782248318195, 1276
0.015311782248318195, 1276
0.015311782248318195, 1276
0.015311782248318195, 1276
0.015311782248318195, 1276
0.015311782248318195, 1276
0.015311782248318195, 1276
0.015311782248318195, 1276
0.015311782248318195, 1276
0.015311782248318195, 1276
0.015311782248318195, 1276
0.015311782248318195, 1276
0.015311782248318195, 1276
0.015311782248318195, 1276
0.015311782248318195, 1276
0.015311782248318195, 1276
0.015311782248318195, 1276
0.015311782248318195, 1276
0.015311782248318195, 1276
0.015311782248318195, 1276
0.015311782248318195, 1276
0.015311782248318195, 1276
0.015311782248318195, 1276
0.015311782248318195, 1276
0.015311782248318195, 1276
0.015311782248318195, 1276
0.015311782248318195, 1276
0.015311782248318195, 1276
0.015311782248318195, 1276
0.015311782248318195, 1276
0.015311782248318195, 1276
0.015311782248318195, 1276
0.015311782248318195, 1276
0.015311782248318195, 1276
0.015311782248318195, 1276
0.015311782248318195, 1276
0.015311782248318195, 1276
0.015311782248318195, 1276
0.015311782248318195, 1276
0.015311782248318195, 1276
0.015311782248318195, 1276
0.015311782248318195, 1276
0.015311782248318195, 1276
0.015311782248318195, 1276
0.015311782248318195, 1276
0.015311782248318195, 1276
0.015311782248318195, 1276
0.015311782248318195, 1276
0.015311782248318195, 1276
0.015311782248318195, 1276
0.015311782248318195, 1276
0.015311782248318195, 1276
0.015311782248318195, 1276
0.015311782248318195, 1276
0.015311782248318195, 1276
0.015311782248318195, 1276
0.015311782248318195, 1276
0.015311782248318195, 1276
0.015311782248318195, 1276
0.015311782248318195, 1276
0.015311782248318195, 1276
0.015311782248318195, 1276
0.015311782248318195, 1276
0.015311782248318195, 1276
0.015311782248318195, 1276
0.015311782248318195, 1276
0.015311782248318195, 1276
0.015311782248318195, 1276
0.015311782248318195, 1276
0.015311782248318195, 1276
0.015311782248318195, 1276
0.015311782248318195, 1276
0.015311782248318195, 1276
0.015311782248318195, 1276
0.015311782248318195, 1276
0.015311782248318195, 1276
0.015311782248318195, 1276
0.015311782248318195, 1276
0.015311782248318195, 1276
0.015311782248318195, 1276
0.015311782248318195, 1276
0.015311782248318195, 1276
0.015311782248318195, 1276
0.015311782248318195, 1276
0.015311782248318195, 1276
0.015311782248318195, 1276
0.015311782248318195, 1276
0.015311782248318195, 1276
0.015311782248318195, 1276
0.015311782248318195, 1276
0.015311782248318195, 1276
0.015311782248318195, 1276
0.015311782248318195, 1276
0.015311782248318195, 1276
0.015311782248318195, 1276
0.015311782248318195, 1276
0.015311782248318195, 1276
0.015311782248318195, 1276
0.015311782248318195, 1276
0.015311782248318195, 1276
0.015311782248318195, 1276
0.015311782248318195, 1276
0.015311782248318195, 1276
0.015311782248318195, 1276
0.015311782248318195, 1276
0.015311782248318195, 1276
0.015311782248318195, 1276
0.015311782248318195, 1276
0.015311782248318195, 1276
0.015311782248318195, 1276
0.015311782248318195, 1276
0.015311782248318195, 1276
0.015311782248318195, 1276
0.015311782248318195, 1276
0.015311782248318195, 1276
0.015311782248318195, 1276
0.015311782248318195, 1276
0.015311782248318195, 1276
0.015311782248318195, 1276
0.015311782248318195, 1276
0.015311782248318195, 1276
0.015311782248318195, 1276
0.015311782248318195, 1276
0.015311782248318195, 1276
0.015311782248318195, 1276
0.015311782248318195, 1276
0.015311782248318195, 1276
0.015311782248318195, 1276
0.015311782248318195, 1276
0.015311782248318195, 1276
0.015311782248318195, 1276
0.015311782248318195, 1276
0.015311782248318195, 1276
0.015311782248318195, 1276
0.015311782248318195, 1276
0.015311782248318195, 1276
0.015311782248318195, 1276
0.015311782248318195, 1276
0.015311782248318195, 1276
0.015311782248318195, 1276
0.015311782248318195, 1276
0.015311782248318195, 1276
0.015311782248318195, 1276
0.015311782248318195, 1276
0.015311782248318195, 1276
0.015311782248318195, 1276
0.015311782248318195, 1276
0.015311782248318195, 1276
0.015311782248318195, 1276
0.015311782248318195, 1276
0.015311782248318195, 1276
0.015311782248318195, 1276
0.015311782248318195, 1276
0.015311782248318195, 1276
0.015311782248318195, 1276
0.015311782248318195, 1276
0.015311782248318195, 1276
0.015311782248318195, 1276
0.015311782248318195, 1276
0.015311782248318195, 1276
0.015311782248318195, 1276
0.015311782248318195, 1276
0.015311782248318195, 1276
0.015311782248318195, 1276
0.015311782248318195, 1276
0.015311782248318195, 1276
0.015311782248318195, 1276
0.015311782248318195, 1276
0.015311782248318195, 1276
0.015311782248318195, 1276
0.015311782248318195, 1276
0.015311782248318195, 1276
0.015311782248318195, 1276
0.015311782248318195, 1276
0.015311782248318195, 1276
0.015311782248318195, 1276
0.015311782248318195, 1276
0.015311782248318195, 1276
0.015311782248318195, 1276
0.015311782248318195, 1276
0.015311782248318195, 1276
0.015311782248318195, 1276
0.015311782248318195, 1276
0.015311782248318195, 1276
0.015311782248318195, 1276
0.015311782248318195, 1276
0.015311782248318195, 1276
0.015311782248318195, 1276
0.015311782248318195, 1276
0.015311782248318195, 1276
0.015311782248318195, 1276
0.015311782248318195, 1276
0.015311782248318195, 1276
0.015311782248318195, 1276
0.015311782248318195, 1276
0.015311782248318195, 1276
0.015311782248318195, 1276
0.015311782248318195, 1276
0.015311782248318195, 1276
0.015311782248318195, 1276
0.015311782248318195, 1276
0.015311782248318195, 1276
0.015311782248318195, 1276
0.015311782248318195, 1276
0.015311782248318195, 1276
0.015311782248318195, 1276
0.015311782248318195, 1276
0.015311782248318195, 1276
0.015311782248318195, 1276
0.015311782248318195, 1276
0.015311782248318195, 1276
0.015311782248318195, 1276
0.015311782248318195, 1276
0.015311782248318195, 1276
0.015311782248318195, 1276
0.015311782248318195, 1276
0.015311782248318195, 1276
0.015311782248318195, 1276
0.015311782248318195, 1276
0.015311782248318195, 1276
0.015311782248318195, 1276
0.015311782248318195, 1276
0.015311782248318195, 1276
0.015311782248318195, 1276
0.015311782248318195, 1276
0.015311782248318195, 1276
0.015311782248318195, 1276
0.015311782248318195, 1276
0.015311782248318195, 1276
0.015311782248318195, 1276
0.015311782248318195, 1276
0.015311782248318195, 1276
0.015311782248318195, 1276
0.015311782248318195, 1276
0.015311782248318195, 1276
0.015311782248318195, 1276
0.015311782248318195, 1276
0.015311782248318195, 1276
0.015311782248318195, 1276
0.015311782248318195, 1276
0.015311782248318195, 1276
0.015311782248318195, 1276
0.015311782248318195, 1276
0.015311782248318195, 1276
0.015311782248318195, 1276
0.015311782248318195, 1276
0.015311782248318195, 1276
0.015311782248318195, 1276
0.015311782248318195, 1276
0.015311782248318195, 1276
0.015311782248318195, 1276
0.015311782248318195, 1276
0.015311782248318195, 1276
0.015311782248318195, 1276
0.015311782248318195, 1276
0.015311782248318195, 1276
0.015311782248318195, 1276
0.015311782248318195, 1276
0.015311782248318195, 1276
0.015311782248318195, 1276
0.015311782248318195, 1276
0.015311782248318195, 1276
0.015311782248318195, 1276
0.015311782248318195, 1276
0.015311782248318195, 1276
0.015311782248318195, 1276
0.015311782248318195, 1276
0.015311782248318195, 1276
0.015311782248318195, 1276
0.015311782248318195, 1276
0.015311782248318195, 1276
0.015311782248318195, 1276
0.015311782248318195, 1276
0.015311782248318195, 1276
0.015311782248318195, 1276
0.015311782248318195, 1276
0.015311782248318195, 1276
0.015311782248318195, 1276
0.015311782248318195, 1276
0.015311782248318195, 1276
0.015311782248318195, 1276
0.015311782248318195, 1276
0.015311782248318195, 1276
0.015311782248318195, 1276
0.015311782248318195, 1276
0.015311782248318195, 1276
0.015311782248318195, 1276
0.015311782248318195, 1276
0.015311782248318195, 1276
0.015311782248318195, 1276
0.015311782248318195, 1276
0.015311782248318195, 1276
0.015311782248318195, 1276
0.015311782248318195, 1276
0.015311782248318195, 1276
0.015311782248318195, 1276
0.015311782248318195, 1276
0.015311782248318195, 1276
0.015311782248318195, 1276
0.015311782248318195, 1276
0.015311782248318195, 1276
0.015311782248318195, 1276
0.015311782248318195, 1276
0.015311782248318195, 1276
0.015311782248318195, 1276
0.015311782248318195, 1276
0.015311782248318195, 1276
0.015311782248318195, 1276
0.015311782248318195, 1276
0.015311782248318195, 1276
0.015311782248318195, 1276
0.015311782248318195, 1276
0.015311782248318195, 1276
0.015311782248318195, 1276
0.015311782248318195, 1276
0.015311782248318195, 1276
0.015311782248318195, 1276
0.015311782248318195, 1276
0.015311782248318195, 1276
0.015311782248318195, 1276
0.015311782248318195, 1276
0.015311782248318195, 1276
0.015311782248318195, 1276
0.015311782248318195, 1276
0.015311782248318195, 1276
0.015311782248318195, 1276
0.015311782248318195, 1276
0.015311782248318195, 1276
0.015311782248318195, 1276
0.015311782248318195, 1276
0.015311782248318195, 1276
0.015311782248318195, 1276
0.015311782248318195, 1276
0.015311782248318195, 1276
0.015311782248318195, 1276
0.015311782248318195, 1276
0.015311782248318195, 1276
0.015311782248318195, 1276
0.015311782248318195, 1276
0.015311782248318195, 1276
0.015311782248318195, 1276
0.015311782248318195, 1276
0.015311782248318195, 1276
0.015311782248318195, 1276
0.015311782248318195, 1276
0.015311782248318195, 1276
0.015311782248318195, 1276
0.015311782248318195, 1276
0.015311782248318195, 1276
0.015311782248318195, 1276
0.015311782248318195, 1276
0.015311782248318195, 1276
0.015311782248318195, 1276
0.015311782248318195, 1276
0.015311782248318195, 1276
0.015311782248318195, 1276
0.015311782248318195, 1276
0.015311782248318195, 1276
0.015311782248318195, 1276
0.015311782248318195, 1276
0.015311782248318195, 1276
0.015311782248318195, 1276
0.015311782248318195, 1276
0.015311782248318195, 1276
0.015311782248318195, 1276
0.015311782248318195, 1276
0.015311782248318195, 1276
0.015311782248318195, 1276
0.015311782248318195, 1276
0.015311782248318195, 1276
0.015311782248318195, 1276
0.015311782248318195, 1276
0.015311782248318195, 1276
0.015311782248318195, 1276
0.015311782248318195, 1276
0.015311782248318195, 1276
0.015311782248318195, 1276
0.015311782248318195, 1276
0.015311782248318195, 1276
0.015311782248318195, 1276
0.015311782248318195, 1276
0.015311782248318195, 1276
0.015311782248318195, 1276
0.015311782248318195, 1276
0.015311782248318195, 1276
0.015311782248318195, 1276
0.015311782248318195, 1276
0.015311782248318195, 1276
0.015311782248318195, 1276
0.015311782248318195, 1276
0.015311782248318195, 1276
0.015311782248318195, 1276
0.015311782248318195, 1276
0.015311782248318195, 1276
0.015311782248318195, 1276
0.015311782248318195, 1276
0.015311782248318195, 1276
0.015311782248318195, 1276
0.015311782248318195, 1276
0.015311782248318195, 1276
0.015311782248318195, 1276
0.015311782248318195, 1276
0.015311782248318195, 1276
0.015311782248318195, 1276
0.015311782248318195, 1276
0.015311782248318195, 1276
0.015311782248318195, 1276
0.015311782248318195, 1276
0.015311782248318195, 1276
0.015311782248318195, 1276
0.015311782248318195, 1276
0.015311782248318195, 1276
0.015311782248318195, 1276
0.015311782248318195, 1276
0.015311782248318195, 1276
0.015311782248318195, 1276
0.015311782248318195, 1276
0.015311782248318195, 1276
0.015311782248318195, 1276
0.015311782248318195, 1276
0.015311782248318195, 1276
0.015311782248318195, 1276
0.015311782248318195, 1276
0.015311782248318195, 1276
0.015311782248318195, 1276
0.015311782248318195, 1276
0.015311782248318195, 1276
0.015311782248318195, 1276
0.015311782248318195, 1276
0.015311782248318195, 1276
0.015311782248318195, 1276
0.015311782248318195, 1276
0.015311782248318195, 1276
0.015311782248318195, 1276
0.015311782248318195, 1276
0.015311782248318195, 1276
0.015311782248318195, 1276
0.015311782248318195, 1276
0.015311782248318195, 1276
0.015311782248318195, 1276
0.015311782248318195, 1276
0.015311782248318195, 1276
0.015311782248318195, 1276
0.015311782248318195, 1276
0.015311782248318195, 1276
0.015311782248318195, 1276
0.015311782248318195, 1276
0.015311782248318195, 1276
0.015311782248318195, 1276
0.015311782248318195, 1276
0.015311782248318195, 1276
0.015311782248318195, 1276
0.015311782248318195, 1276
0.015311782248318195, 1276
0.015311782248318195, 1276
0.015311782248318195, 1276
0.015311782248318195, 1276
0.015311782248318195, 1276
0.015311782248318195, 1276
0.015311782248318195, 1276
0.015311782248318195, 1276
0.015311782248318195, 1276
0.015311782248318195, 1276
0.015311782248318195, 1276
0.015311782248318195, 1276
0.015311782248318195, 1276
0.015311782248318195, 1276
0.015311782248318195, 1276
0.015311782248318195, 1276
0.015311782248318195, 1276
0.015311782248318195, 1276
0.015311782248318195, 1276
0.015311782248318195, 1276
0.015311782248318195, 1276
0.015311782248318195, 1276
0.015311782248318195, 1276
0.015311782248318195, 1276
0.015311782248318195, 1276
0.015311782248318195, 1276
0.015311782248318195, 1276
0.015311782248318195, 1276
0.015311782248318195, 1276
0.015311782248318195, 1276
0.015311782248318195, 1276
0.015311782248318195, 1276
0.015311782248318195, 1276
0.015311782248318195, 1276
0.015311782248318195, 1276
0.015311782248318195, 1276
0.015311782248318195, 1276
0.015311782248318195, 1276
0.015311782248318195, 1276
0.015311782248318195, 1276
0.015311782248318195, 1276
0.015311782248318195, 1276
0.015311782248318195, 1276
0.015311782248318195, 1276
0.015311782248318195, 1276
0.015311782248318195, 1276
0.015311782248318195, 1276
0.015311782248318195, 1276
0.015311782248318195, 1276
0.015311782248318195, 1276
0.015311782248318195, 1276
0.015311782248318195, 1276
0.015311782248318195, 1276
0.015311782248318195, 1276
0.015311782248318195, 1276
0.015311782248318195, 1276
0.015311782248318195, 1276
0.015311782248318195, 1276
0.015311782248318195, 1276
0.015311782248318195, 1276
0.015311782248318195, 1276
0.015311782248318195, 1276
0.015311782248318195, 1276
0.015311782248318195, 1276
0.015311782248318195, 1276
0.015311782248318195, 1276
0.015311782248318195, 1276
0.015311782248318195, 1276
0.015311782248318195, 1276
0.015311782248318195, 1276
0.015311782248318195, 1276
0.015311782248318195, 1276
0.015311782248318195, 1276
0.015311782248318195, 1276
0.015311782248318195, 1276
0.015311782248318195, 1276
0.015311782248318195, 1276
0.015311782248318195, 1276
0.015311782248318195, 1276
0.015311782248318195, 1276
0.015311782248318195, 1276
0.015311782248318195, 1276
0.015311782248318195, 1276
0.015311782248318195, 1276
0.015311782248318195, 1276
0.015311782248318195, 1276
0.015311782248318195, 1276
0.015311782248318195, 1276
0.015311782248318195, 1276
0.015311782248318195, 1276
0.015311782248318195, 1276
0.015311782248318195, 1276
0.015311782248318195, 1276
0.015311782248318195, 1276
0.015311782248318195, 1276
0.015311782248318195, 1276
0.015311782248318195, 1276
0.015311782248318195, 1276
0.015311782248318195, 1276
0.015311782248318195, 1276
0.015311782248318195, 1276
0.015311782248318195, 1276
0.015311782248318195, 1276
0.015311782248318195, 1276
0.015311782248318195, 1276
0.015311782248318195, 1276
0.015311782248318195, 1276
0.015311782248318195, 1276
0.015311782248318195, 1276
0.015311782248318195, 1276
0.015311782248318195, 1276
0.015311782248318195, 1276
0.015311782248318195, 1276
0.015311782248318195, 1276
0.015311782248318195, 1276
0.015311782248318195, 1276
0.015311782248318195, 1276
0.015311782248318195, 1276
0.015311782248318195, 1276
0.015311782248318195, 1276
0.015311782248318195, 1276
0.015311782248318195, 1276
0.015311782248318195, 1276
0.015311782248318195, 1276
0.015311782248318195, 1276
0.015311782248318195, 1276
0.015311782248318195, 1276
0.015311782248318195, 1276
0.015311782248318195, 1276
0.015311782248318195, 1276
0.015311782248318195, 1276
0.015311782248318195, 1276
0.015311782248318195, 1276
0.015311782248318195, 1276
0.015311782248318195, 1276
0.015311782248318195, 1276
0.015311782248318195, 1276
0.015311782248318195, 1276
0.015311782248318195, 1276
0.015311782248318195, 1276
0.015311782248318195, 1276
0.015311782248318195, 1276
0.015311782248318195, 1276
0.015311782248318195, 1276
0.015311782248318195, 1276
0.015311782248318195, 1276
0.015311782248318195, 1276
0.015311782248318195, 1276
0.015311782248318195, 1276
0.015311782248318195, 1276
0.015311782248318195, 1276
0.015311782248318195, 1276
0.015311782248318195, 1276
0.015311782248318195, 1276
0.015311782248318195, 1276
0.015311782248318195, 1276
0.015311782248318195, 1276
0.015311782248318195, 1276
0.015311782248318195, 1276
0.015311782248318195, 1276
0.015311782248318195, 1276
0.015311782248318195, 1276
0.015311782248318195, 1276
0.015311782248318195, 1276
0.015311782248318195, 1276
0.015311782248318195, 1276
0.015311782248318195, 1276
0.015311782248318195, 1276
0.015311782248318195, 1276
0.015311782248318195, 1276
0.015311782248318195, 1276
0.015311782248318195, 1276
0.015311782248318195, 1276
0.015311782248318195, 1276
0.015311782248318195, 1276
0.015311782248318195, 1276
0.015311782248318195, 1276
0.015311782248318195, 1276
0.015311782248318195, 1276
0.015311782248318195, 1276
0.015311782248318195, 1276
0.015311782248318195, 1276
0.015311782248318195, 1276
0.015311782248318195, 1276
0.015311782248318195, 1276
0.015311782248318195, 1276
0.015311782248318195, 1276
0.015311782248318195, 1276
0.015311782248318195, 1276
0.015311782248318195, 1276
0.015311782248318195, 1276
0.015311782248318195, 1276
0.015311782248318195, 1276
0.015311782248318195, 1276
0.015311782248318195, 1276
0.015311782248318195, 1276
0.015311782248318195, 1276
0.015311782248318195, 1276
0.015311782248318195, 1276
0.015311782248318195, 1276
0.015311782248318195, 1276
0.015311782248318195, 1276
0.015311782248318195, 1276
0.015311782248318195, 1276
0.015311782248318195, 1276
0.015311782248318195, 1276
0.015311782248318195, 1276
0.015311782248318195, 1276
0.015311782248318195, 1276
0.015311782248318195, 1276
0.015311782248318195, 1276
0.015311782248318195, 1276
0.015311782248318195, 1276
0.015311782248318195, 1276
0.015311782248318195, 1276
0.015311782248318195, 1276
0.015311782248318195, 1276
0.015311782248318195, 1276
0.015311782248318195, 1276
0.015311782248318195, 1276
0.015311782248318195, 1276
0.015311782248318195, 1276
0.015311782248318195, 1276
0.015311782248318195, 1276
0.015311782248318195, 1276
0.015311782248318195, 1276
0.015311782248318195, 1276
0.015311782248318195, 1276
0.015311782248318195, 1276
0.015311782248318195, 1276
0.015311782248318195, 1276
0.015311782248318195, 1276
0.015311782248318195, 1276
0.015311782248318195, 1276
0.015311782248318195, 1276
0.015311782248318195, 1276
0.015311782248318195, 1276
0.015311782248318195, 1276
0.015311782248318195, 1276
0.015311782248318195, 1276
0.015311782248318195, 1276
0.015311782248318195, 1276
0.015311782248318195, 1276
0.015311782248318195, 1276
0.015311782248318195, 1276
0.015311782248318195, 1276
0.015311782248318195, 1276
0.015311782248318195, 1276
0.015311782248318195, 1276
0.015311782248318195, 1276
0.015311782248318195, 1276
0.015311782248318195, 1276
0.015311782248318195, 1276
0.015311782248318195, 1276
0.015311782248318195, 1276
0.015311782248318195, 1276
0.015311782248318195, 1276
0.015311782248318195, 1276
0.015311782248318195, 1276
0.015311782248318195, 1276
0.015311782248318195, 1276
0.015311782248318195, 1276
0.015311782248318195, 1276
0.015311782248318195, 1276
0.015311782248318195, 1276
0.015311782248318195, 1276
0.015311782248318195, 1276
0.015311782248318195, 1276
0.015311782248318195, 1276
0.015311782248318195, 1276
0.015311782248318195, 1276
0.015311782248318195, 1276
0.015311782248318195, 1276
0.015311782248318195, 1276
0.015311782248318195, 1276
0.015311782248318195, 1276
0.015311782248318195, 1276
0.015311782248318195, 1276
0.015311782248318195, 1276
0.015311782248318195, 1276
0.015311782248318195, 1276
0.015311782248318195, 1276
0.015311782248318195, 1276
0.015311782248318195, 1276
0.015311782248318195, 1276
0.015311782248318195, 1276
0.015311782248318195, 1276
0.015311782248318195, 1276
0.015311782248318195, 1276
0.015311782248318195, 1276
0.015311782248318195, 1276
0.015311782248318195, 1276
0.015311782248318195, 1276
0.015311782248318195, 1276
0.015311782248318195, 1276
0.015311782248318195, 1276
0.015311782248318195, 1276
0.015311782248318195, 1276
0.015311782248318195, 1276
0.015311782248318195, 1276
0.015311782248318195, 1276
0.015311782248318195, 1276
0.015311782248318195, 1276
0.015311782248318195, 1276
0.015311782248318195, 1276
0.015311782248318195, 1276
0.015311782248318195, 1276
0.015311782248318195, 1276
0.015311782248318195, 1276
0.015311782248318195, 1276
0.015311782248318195, 1276
0.015311782248318195, 1276
0.015311782248318195, 1276
0.015311782248318195, 1276
0.015311782248318195, 1276
0.015311782248318195, 1276
0.015311782248318195, 1276
0.015311782248318195, 1276
0.015311782248318195, 1276
0.015311782248318195, 1276
0.015311782248318195, 1276
0.015311782248318195, 1276
0.015311782248318195, 1276
0.015311782248318195, 1276
0.015311782248318195, 1276
0.015311782248318195, 1276
0.015311782248318195, 1276
0.015311782248318195, 1276
0.015311782248318195, 1276
0.015311782248318195, 1276
0.015311782248318195, 1276
0.015311782248318195, 1276
0.015311782248318195, 1276
0.015311782248318195, 1276
0.015311782248318195, 1276
0.015311782248318195, 1276
0.015311782248318195, 1276
0.015311782248318195, 1276
0.015311782248318195, 1276
0.015311782248318195, 1276
0.015311782248318195, 1276
0.015311782248318195, 1276
0.015311782248318195, 1276
0.015311782248318195, 1276
0.015311782248318195, 1276
0.015311782248318195, 1276
0.015311782248318195, 1276
0.015311782248318195, 1276
0.015311782248318195, 1276
0.015311782248318195, 1276
0.015311782248318195, 1276
0.015311782248318195, 1276
0.015311782248318195, 1276
0.015311782248318195, 1276
0.015311782248318195, 1276
0.015311782248318195, 1276
0.015311782248318195, 1276
0.015311782248318195, 1276
0.015311782248318195, 1276
0.015311782248318195, 1276
0.015311782248318195, 1276
0.015311782248318195, 1276
0.015311782248318195, 1276
0.015311782248318195, 1276
0.015311782248318195, 1276
0.015311782248318195, 1276
0.015311782248318195, 1276
0.015311782248318195, 1276
0.015311782248318195, 1276
0.015311782248318195, 1276
0.015311782248318195, 1276
0.015311782248318195, 1276
0.015311782248318195, 1276
0.015311782248318195, 1276
0.015311782248318195, 1276
0.015311782248318195, 1276
0.015311782248318195, 1276
0.015311782248318195, 1276
0.015311782248318195, 1276
0.015311782248318195, 1276
0.015311782248318195, 1276
0.015311782248318195, 1276
0.015311782248318195, 1276
0.015311782248318195, 1276
0.015311782248318195, 1276
0.015311782248318195, 1276
0.015311782248318195, 1276
0.015311782248318195, 1276
0.015311782248318195, 1276
0.015311782248318195, 1276
0.015311782248318195, 1276
0.015311782248318195, 1276
0.015311782248318195, 1276
0.015311782248318195, 1276
0.015311782248318195, 1276
0.015311782248318195, 1276
0.015311782248318195, 1276
0.015311782248318195, 1276
0.015311782248318195, 1276
0.015311782248318195, 1276
0.015311782248318195, 1276
0.015311782248318195, 1276
0.015311782248318195, 1276
0.015311782248318195, 1276
0.015311782248318195, 1276
0.015311782248318195, 1276
0.015311782248318195, 1276
0.015311782248318195, 1276
0.015311782248318195, 1276
0.015311782248318195, 1276
0.015311782248318195, 1276
0.015311782248318195, 1276
0.015311782248318195, 1276
0.015311782248318195, 1276
0.015311782248318195, 1276
0.015311782248318195, 1276
0.015311782248318195, 1276
0.015311782248318195, 1276
0.015311782248318195, 1276
0.015311782248318195, 1276
0.015311782248318195, 1276
0.015311782248318195, 1276
0.015311782248318195, 1276
0.015311782248318195, 1276
0.015311782248318195, 1276
0.015311782248318195, 1276
0.015311782248318195, 1276
0.015311782248318195, 1276
0.015311782248318195, 1276
0.015311782248318195, 1276
0.015311782248318195, 1276
0.015311782248318195, 1276
0.015311782248318195, 1276
0.015311782248318195, 1276
0.015311782248318195, 1276
0.015311782248318195, 1276
0.015311782248318195, 1276
0.015311782248318195, 1276
0.015311782248318195, 1276
0.015311782248318195, 1276
0.015311782248318195, 1276
0.015311782248318195, 1276
0.015311782248318195, 1276
0.015311782248318195, 1276
0.015311782248318195, 1276
0.015311782248318195, 1276
0.015311782248318195, 1276
0.015311782248318195, 1276
0.015311782248318195, 1276
0.015311782248318195, 1276
0.015311782248318195, 1276
0.015311782248318195, 1276
0.015311782248318195, 1276
0.015311782248318195, 1276
0.015311782248318195, 1276
0.015311782248318195, 1276
0.015311782248318195, 1276
0.015311782248318195, 1276
0.015311782248318195, 1276
0.015311782248318195, 1276
0.015311782248318195, 1276
0.015311782248318195, 1276
0.015311782248318195, 1276
0.015311782248318195, 1276
0.015311782248318195, 1276
0.015311782248318195, 1276
0.015311782248318195, 1276
0.015311782248318195, 1276
0.015311782248318195, 1276
0.015311782248318195, 1276
0.015311782248318195, 1276
0.015311782248318195, 1276
0.015311782248318195, 1276
0.015311782248318195, 1276
0.015311782248318195, 1276
0.015311782248318195, 1276
0.015311782248318195, 1276
0.015311782248318195, 1276
0.015311782248318195, 1276
0.015311782248318195, 1276
0.015311782248318195, 1276
0.015311782248318195, 1276
0.015311782248318195, 1276
0.015311782248318195, 1276
0.015311782248318195, 1276
0.015311782248318195, 1276
0.015311782248318195, 1276
0.015311782248318195, 1276
0.015311782248318195, 1276
0.015311782248318195, 1276
0.015311782248318195, 1276
0.015311782248318195, 1276
0.015311782248318195, 1276
0.015311782248318195, 1276
0.015311782248318195, 1276
0.015311782248318195, 1276
0.015311782248318195, 1276
0.015311782248318195, 1276
0.015311782248318195, 1276
0.015311782248318195, 1276
0.015311782248318195, 1276
0.015311782248318195, 1276
0.015311782248318195, 1276
0.015311782248318195, 1276
0.015311782248318195, 1276
0.015311782248318195, 1276
0.015311782248318195, 1276
0.015311782248318195, 1276
0.015311782248318195, 1276
0.015311782248318195, 1276
0.015311782248318195, 1276
0.015311782248318195, 1276
0.015311782248318195, 1276
0.015311782248318195, 1276
0.015311782248318195, 1276
0.015311782248318195, 1276
0.015311782248318195, 1276
0.015311782248318195, 1276
0.015311782248318195, 1276
0.015311782248318195, 1276
0.015311782248318195, 1276
0.015311782248318195, 1276
0.015311782248318195, 1276
0.015311782248318195, 1276
0.015311782248318195, 1276
0.015311782248318195, 1276
0.015311782248318195, 1276
0.015311782248318195, 1276
0.015311782248318195, 1276
0.015311782248318195, 1276
0.015311782248318195, 1276
0.015311782248318195, 1276
0.015311782248318195, 1276
0.015311782248318195, 1276
0.015311782248318195, 1276
0.015311782248318195, 1276
0.015311782248318195, 1276
0.015311782248318195, 1276
0.015311782248318195, 1276
0.015311782248318195, 1276
0.015311782248318195, 1276
0.015311782248318195, 1276
0.015311782248318195, 1276
0.015311782248318195, 1276
0.015311782248318195, 1276
0.015311782248318195, 1276
0.015311782248318195, 1276
0.015311782248318195, 1276
0.015311782248318195, 1276
0.015311782248318195, 1276
0.015311782248318195, 1276
0.015311782248318195, 1276
0.015311782248318195, 1276
0.015311782248318195, 1276
0.015311782248318195, 1276
0.015311782248318195, 1276
0.015311782248318195, 1276
0.015311782248318195, 1276
0.015311782248318195, 1276
0.015311782248318195, 1276
0.015311782248318195, 1276
0.015311782248318195, 1276
0.015311782248318195, 1276
0.015311782248318195, 1276
0.015311782248318195, 1276
0.015311782248318195, 1276
0.015311782248318195, 1276
0.015311782248318195, 1276
0.015311782248318195, 1276
0.015311782248318195, 1276
0.015311782248318195, 1276
0.015311782248318195, 1276
0.015311782248318195, 1276
0.015311782248318195, 1276
0.015311782248318195, 1276
0.015311782248318195, 1276
0.015311782248318195, 1276
0.015311782248318195, 1276
0.015311782248318195, 1276
0.015311782248318195, 1276
0.015311782248318195, 1276
0.015311782248318195, 1276
0.015311782248318195, 1276
0.015311782248318195, 1276
0.015311782248318195, 1276
0.015311782248318195, 1276
0.015311782248318195, 1276
0.015311782248318195, 1276
0.015311782248318195, 1276
0.015311782248318195, 1276
0.015311782248318195, 1276
0.015311782248318195, 1276
0.015311782248318195, 1276
0.015311782248318195, 1276
0.015311782248318195, 1276
0.015311782248318195, 1276
0.015311782248318195, 1276
0.015311782248318195, 1276
0.015311782248318195, 1276
0.015311782248318195, 1276
0.015311782248318195, 1276
0.015311782248318195, 1276
0.015311782248318195, 1276
0.015311782248318195, 1276
0.015311782248318195, 1276
0.015311782248318195, 1276
0.015311782248318195, 1276
0.015311782248318195, 1276
0.015311782248318195, 1276
0.015311782248318195, 1276
0.015311782248318195, 1276
0.015311782248318195, 1276
0.015311782248318195, 1276
0.015311782248318195, 1276
0.015311782248318195, 1276
0.015311782248318195, 1276
0.015311782248318195, 1276
0.015311782248318195, 1276
0.015311782248318195, 1276
0.015311782248318195, 1276
0.015311782248318195, 1276
0.015311782248318195, 1276
0.015311782248318195, 1276
0.015311782248318195, 1276
0.015311782248318195, 1276
0.015311782248318195, 1276
0.015311782248318195, 1276
0.015311782248318195, 1276
0.015311782248318195, 1276
0.015311782248318195, 1276
0.015311782248318195, 1276
0.015311782248318195, 1276
0.015311782248318195, 1276
0.015311782248318195, 1276
0.015311782248318195, 1276
0.015311782248318195, 1276
0.015311782248318195, 1276
0.015311782248318195, 1276
0.015311782248318195, 1276
0.015311782248318195, 1276
0.015311782248318195, 1276
0.015311782248318195, 1276
0.015311782248318195, 1276
0.015311782248318195, 1276
0.015311782248318195, 1276
0.015311782248318195, 1276
0.015311782248318195, 1276
0.015311782248318195, 1276
0.015311782248318195, 1276
0.015311782248318195, 1276
0.015311782248318195, 1276
0.015311782248318195, 1276
0.015311782248318195, 1276
0.015311782248318195, 1276
0.015311782248318195, 1276
0.015311782248318195, 1276
0.015311782248318195, 1276
0.015311782248318195, 1276
0.015311782248318195, 1276
0.015311782248318195, 1276
0.015311782248318195, 1276
0.015311782248318195, 1276
0.015311782248318195, 1276
0.015311782248318195, 1276
0.015311782248318195, 1276
0.015311782248318195, 1276
0.015311782248318195, 1276
0.015311782248318195, 1276
0.015311782248318195, 1276
0.015311782248318195, 1276
0.015311782248318195, 1276
0.015311782248318195, 1276
0.015311782248318195, 1276
0.015311782248318195, 1276
0.015311782248318195, 1276
0.015311782248318195, 1276
0.015311782248318195, 1276
0.015311782248318195, 1276
0.015311782248318195, 1276
0.015311782248318195, 1276
0.015311782248318195, 1276
0.015311782248318195, 1276
0.015311782248318195, 1276
0.015311782248318195, 1276
0.015311782248318195, 1276
0.015311782248318195, 1276
0.015311782248318195, 1276
0.015311782248318195, 1276
0.015311782248318195, 1276
0.015311782248318195, 1276
0.015311782248318195, 1276
0.015311782248318195, 1276
0.015311782248318195, 1276
0.015311782248318195, 1276
0.015311782248318195, 1276
0.015311782248318195, 1276
0.015311782248318195, 1276
0.015311782248318195, 1276
0.015311782248318195, 1276
0.015311782248318195, 1276
0.015311782248318195, 1276
0.015311782248318195, 1276
0.015311782248318195, 1276
0.015311782248318195, 1276
0.015311782248318195, 1276
0.015311782248318195, 1276
0.015311782248318195, 1276
0.015311782248318195, 1276
0.015311782248318195, 1276
0.015311782248318195, 1276
0.015311782248318195, 1276
0.015311782248318195, 1276
0.015311782248318195, 1276
0.015311782248318195, 1276
0.015311782248318195, 1276
0.015311782248318195, 1276
0.015311782248318195, 1276
0.015311782248318195, 1276
0.015311782248318195, 1276
