0.08113861829042435
0.0656966045498848
0.05913890525698662
0.0565311573445797
0.05461052805185318
0.052654724568128586
0.05151679366827011
0.05031471699476242
0.04918498173356056
0.048103466629981995
0.046925246715545654
0.046351686120033264
0.04556959867477417
0.04490293189883232
0.04446917772293091
0.04388417676091194
0.04313609004020691
0.04256490617990494
0.04215766489505768
0.04152360558509827
0.04089713469147682
0.04058077931404114
0.04000736400485039
0.03984296694397926
0.03982352092862129
0.039701271802186966
0.03962951898574829
0.03920288756489754
0.03914767503738403
0.03870021179318428
0.03810437396168709
0.03720098361372948
0.03691524639725685
0.03638489916920662
0.036085162311792374
0.03589431196451187
0.03556547313928604
0.0352824367582798
0.034993354231119156
0.03453247621655464
0.03421531990170479
0.03381132334470749
0.03373115882277489
0.03349527716636658
0.033856820315122604
0.03371145948767662
0.033586468547582626
0.03351220488548279
0.033176302909851074
0.03306929022073746
0.032833509147167206
0.03258761391043663
0.032344184815883636
0.032476756721735
0.03248501941561699
0.03254216909408569
0.03279315307736397
0.03268314525485039
0.0323716439306736
0.032196927815675735
0.032266777008771896
0.03193731606006622
0.03208258002996445
0.03161213546991348
0.03150369971990585
0.031466320157051086
0.03147011995315552
0.03117731772363186
0.031079204753041267
0.030906669795513153
0.030851265415549278
0.030782051384449005
0.03065238706767559
0.03001388907432556
0.029534317553043365
0.029508503153920174
0.02921976149082184
0.028859276324510574
0.02901427634060383
0.028716962784528732
0.02852742187678814
0.028495285660028458
0.028271669521927834
0.02829434908926487
0.028550857678055763
0.028275148943066597
0.028242595493793488
0.02826647274196148
0.028057651594281197
0.02788858860731125
0.02792709693312645
0.027607813477516174
0.027404675260186195
0.027023857459425926
0.026847513392567635
0.02652456797659397
0.026334470137953758
0.0262437853962183
0.02610831893980503
0.02590586245059967
0.025654764845967293
0.025783827528357506
0.025576496496796608
0.025452733039855957
0.025094514712691307
0.024968579411506653
0.024938883259892464
0.024822328239679337
0.024661436676979065
0.024513501673936844
0.024279996752738953
0.02405634894967079
0.024129904806613922
0.023900356143712997
0.02386368066072464
0.023875882849097252
0.023968908935785294
0.02395877055823803
0.023901276290416718
0.023790642619132996
0.0238498542457819
0.023961946368217468
0.023827984929084778
0.0236929040402174
0.02369023859500885
0.023714937269687653
0.023663906380534172
0.023630456998944283
0.02372129075229168
0.023645319044589996
0.02366296760737896
0.02374589815735817
0.023737801238894463
0.023865606635808945
0.023981288075447083
0.024034036323428154
0.023991858586668968
0.024013904854655266
0.024055367335677147
0.02398395910859108
0.023980967700481415
0.023987269029021263
0.024000851437449455
0.02418706566095352
0.02429129183292389
0.024390809237957
0.02453354373574257
0.024672266095876694
0.024980921298265457
0.02518807165324688
0.025316329672932625
0.02538226544857025
0.02530427649617195
0.025339830666780472
0.02535957843065262
0.02526210993528366
0.025332467630505562
0.025368468835949898
0.02542751468718052
0.025521066039800644
0.02567133493721485
0.025790559127926826
0.025968264788389206
0.026206886395812035
0.026400847360491753
0.026664236560463905
0.026861201971769333
0.026983946561813354
0.02714475989341736
0.027194619178771973
0.02721056342124939
0.027165863662958145
0.02714872546494007
0.02720733918249607
0.027307050302624702
0.0274085383862257
0.027682244777679443
0.027824727818369865
0.027846813201904297
0.02792566642165184
0.028102263808250427
0.028202584013342857
0.028320882469415665
0.028404876589775085
0.02858828939497471
0.02868345007300377
0.02875949814915657
0.02877798117697239
0.028767244890332222
0.02877127379179001
0.02886876091361046
0.0289558544754982
0.02896353416144848
0.02904858998954296
0.02914232201874256
0.029275059700012207
0.02941596880555153
0.029494108632206917
0.02960384078323841
0.029651930555701256
0.029730306938290596
0.029699629172682762
0.029754091054201126
0.029860850423574448
0.029939895495772362
0.030053813010454178
0.0300862118601799
0.030070530250668526
0.03016042709350586
0.030122166499495506
0.030226444825530052
0.03013373538851738
0.03014199435710907
0.030133185908198357
0.030214006081223488
0.030287520959973335
0.030318353325128555
0.030379880219697952
0.0305246040225029
0.03063875436782837
0.03077727183699608
0.03082583285868168
0.030853645876049995
0.03080187365412712
0.030796637758612633
0.03079540841281414
0.030889691784977913
0.030936820432543755
0.030898986384272575
0.03094475343823433
0.031007487326860428
0.03113173507153988
0.031076032668352127
0.031136583536863327
0.031184816733002663
0.031195903196930885
0.031147796660661697
0.031135179102420807
0.031191864982247353
0.03127860277891159
0.03130343556404114
0.031208688393235207
0.031199613586068153
0.03109787590801716
0.03113422729074955
0.031104182824492455
0.031060440465807915
0.0310621690005064
0.031067578122019768
0.031071363016963005
0.031053729355335236
0.03101983666419983
0.03110431134700775
0.03102109581232071
0.030986426398158073
0.03098701685667038
0.030857685953378677
0.0308506079018116
0.030765319243073463
0.030777467414736748
0.030762849375605583
0.03068048693239689
0.03064177930355072
0.03055967018008232
0.03055392950773239
0.03046588972210884
0.030443402007222176
0.03032827377319336
0.030252592638134956
0.03015800565481186
0.03004920296370983
0.029955806210637093
0.029876884073019028
0.029802603647112846
0.02962820790708065
0.029549790546298027
0.02954704500734806
0.029419275000691414
0.02930886670947075
0.029204215854406357
0.029048701748251915
0.028971485793590546
0.02885841205716133
0.028786445036530495
0.02876337245106697
0.028727121651172638
0.02861040085554123
0.028518950566649437
0.02843395061790943
0.02840317226946354
0.028348226100206375
0.0283049326390028
0.028150996193289757
0.027941929176449776
0.02779795043170452
0.027609851211309433
0.027460306882858276
0.027326218783855438
0.02726992405951023
0.027197858318686485
0.027060281485319138
0.02688382938504219
0.026684699580073357
0.02655879221856594
0.026410263031721115
0.026257170364260674
0.02607913687825203
0.0259370319545269
0.025814339518547058
0.025684861466288567
0.025550086051225662
0.025445032864809036
0.025242045521736145
0.02510085143148899
0.024960730224847794
0.024867748841643333
0.024782398715615273
0.024710536003112793
0.024610573425889015
0.024462807923555374
0.024302590638399124
0.0241765808314085
0.02413664385676384
0.024128951132297516
0.024110304191708565
0.023985182866454124
0.023952536284923553
0.023883504793047905
0.023742523044347763
0.023712072521448135
0.023682232946157455
0.02348919026553631
0.023343412205576897
0.0231979638338089
0.023211227729916573
0.02313028648495674
0.02314205840229988
0.023052893579006195
0.022929448634386063
0.02291797660291195
0.022813409566879272
0.022952260449528694
0.023048145696520805
0.023213457316160202
0.023338424041867256
0.02316693216562271
0.023108435794711113
0.023096583783626556
0.02301081456243992
0.023238826543092728
0.023344822227954865
0.023391827940940857
0.02334483526647091
0.023260008543729782
0.023100830614566803
0.023147741332650185
0.023330455645918846
0.023509657010436058
0.023479038849473
0.02349545620381832
0.023596445098519325
0.023882918059825897
0.023937780410051346
0.024146340787410736
0.024257032200694084
0.024348750710487366
0.02457859180867672
0.024601269513368607
0.024616440758109093
0.02479986660182476
0.0247997734695673
0.024838022887706757
0.02518482320010662
0.025273172184824944
0.025131193920969963
0.025233520194888115
0.025508658960461617
0.025294234976172447
0.025385376065969467
0.025772085413336754
0.025932498276233673
0.025926079601049423
0.026243092492222786
0.026078559458255768
0.026211779564619064
0.02647259645164013
0.026449721306562424
0.026573173701763153
0.02676495537161827
0.02675066702067852
0.026767319068312645
0.0264960378408432
0.027096746489405632
0.027588797733187675
0.02778131142258644
0.027812518179416656
0.027821343392133713
0.02843238227069378
0.02844676747918129
0.028439277783036232
0.028783202171325684
0.02892402932047844
0.028973018750548363
0.029484335333108902
0.029275061562657356
0.029421791434288025
0.02943536825478077
0.02925465814769268
0.029252711683511734
0.029301267117261887
0.028988368809223175
0.02870464138686657
0.028511427342891693
0.02864963188767433
0.028557270765304565
0.02880283258855343
0.029044682160019875
0.029672756791114807
0.030575310811400414
0.030383646488189697
0.030136970803141594
0.02979225106537342
0.029330028221011162
0.02912524715065956
0.028890375047922134
0.029222028329968452
0.0294495839625597
0.029151776805520058
0.028541037812829018
0.02821146510541439
0.02840450033545494
0.028642062097787857
0.029000135138630867
0.029200319200754166
0.029897963628172874
0.030208420008420944
0.03059825487434864
0.030483713373541832
0.030763985589146614
0.030417410656809807
0.030010303482413292
0.029719479382038116
0.029806802049279213
0.029377732425928116
0.029329614713788033
0.02879161946475506
0.02891424670815468
0.028377410024404526
0.028612863272428513
0.029030639678239822
0.029075192287564278
0.02969084493815899
0.029959091916680336
0.030579442158341408
0.030782219022512436
0.030512448400259018
0.030121156945824623
0.03006790205836296
0.029898058623075485
0.02992156147956848
0.02920416370034218
0.029203161597251892
0.02857058122754097
0.028443381190299988
0.02800711803138256
0.02768310159444809
0.027863983064889908
0.027958128601312637
0.02806568704545498
0.028546975925564766
0.028714360669255257
0.028686124831438065
0.028675787150859833
0.028696518391370773
0.029295075684785843
0.029285095632076263
0.02969273179769516
0.02927018515765667
0.02884252928197384
0.028689566999673843
0.028553344309329987
0.028275061398744583
0.028013447299599648
0.02757946588099003
0.027331320568919182
0.027435265481472015
0.02679392695426941
0.02680765651166439
0.026522783562541008
0.02700614370405674
0.027211207896471024
0.02695014886558056
0.027500679716467857
0.027732649818062782
0.02809099666774273
0.028350206092000008
0.028556769713759422
0.028904259204864502
0.028853489086031914
0.028678767383098602
0.02861449122428894
0.027799997478723526
0.027594631537795067
0.026798918843269348
0.026677867397665977
0.02632942423224449
0.026072464883327484
0.02583596669137478
0.025747263804078102
0.025536416098475456
0.025569697842001915
0.025588858872652054
0.02595079503953457
0.026023095473647118
0.026392066851258278
0.026563966646790504
0.026751404628157616
0.026883617043495178
0.027379684150218964
0.02753671631217003
0.027164412662386894
0.027239900082349777
0.0268190149217844
0.026715466752648354
0.026454033330082893
0.02679426409304142
0.02652115747332573
0.02639470063149929
0.025891652330756187
0.026022499427199364
0.02577796019613743
0.0252163577824831
0.025229917839169502
0.025036565959453583
0.0254083052277565
0.025500403717160225
0.025740519165992737
0.02575148455798626
0.026090307161211967
0.026162542402744293
0.02633376605808735
0.026974381878972054
0.02736140973865986
0.027287831529974937
0.0269088763743639
0.02684256248176098
0.02633928507566452
0.026493743062019348
0.026063969358801842
0.025635387748479843
0.025265613570809364
0.025021107867360115
0.024738913401961327
0.0245144534856081
0.024078544229269028
0.023743385449051857
0.02403215691447258
0.02407355047762394
0.024211950600147247
0.024196533486247063
0.023945000022649765
0.023947466164827347
0.024566859006881714
0.02475961484014988
0.02509671449661255
0.025935648009181023
0.026613648980855942
0.027176978066563606
0.027569731697440147
0.027532733976840973
0.026948243379592896
0.026189742609858513
0.02561066672205925
0.025254713371396065
0.0244708601385355
0.024126818403601646
0.02365138567984104
0.02362728863954544
0.023364854976534843
0.0229157954454422
0.023114802315831184
0.022968819364905357
0.023297369480133057
0.023431288078427315
0.02381504699587822
0.024173079058527946
0.02481217123568058
0.02541690692305565
0.02571910433471203
0.026100145652890205
0.025998231023550034
0.026030097156763077
0.02621985226869583
0.02580123580992222
0.025704821571707726
0.025644175708293915
0.02501959167420864
0.025086134672164917
0.024358944967389107
0.023923564702272415
0.023438746109604836
0.023010747507214546
0.022393200546503067
0.022304153069853783
0.022588882595300674
0.02256990596652031
0.022800782695412636
0.022837920114398003
0.022948892787098885
0.023502185940742493
0.02380705066025257
0.023786909878253937
0.024192769080400467
0.024065587669610977
0.02459794096648693
0.024906044825911522
0.02509336732327938
0.024549229070544243
0.02433432824909687
0.023746000602841377
0.023319348692893982
0.023150788620114326
0.02310914359986782
0.022870289161801338
0.02310917153954506
0.022957203909754753
0.02275453880429268
0.022828003391623497
0.022734928876161575
0.02229670062661171
0.022297915071249008
0.02223006635904312
0.02211660146713257
0.022592749446630478
0.022776857018470764
0.022765694186091423
0.022957196459174156
0.02330034039914608
0.023261792957782745
0.02326052635908127
0.023195160552859306
0.023467006161808968
0.023514866828918457
0.02332260273396969
0.023106086999177933
0.023206738755106926
0.02294718660414219
0.02277248725295067
0.022662203758955002
0.022466937080025673
0.0223359614610672
0.02253693901002407
0.022457722574472427
0.022300010547041893
0.022226562723517418
0.022412031888961792
0.022152313962578773
0.022089848294854164
0.02239016816020012
0.022222332656383514
0.02210945449769497
0.02222219668328762
0.022468307986855507
0.022524219006299973
0.02269585430622101
0.022959651425480843
0.022983841598033905
0.02284439094364643
0.022929491475224495
0.023369723930954933
0.023565728217363358
0.02331123873591423
0.023292813450098038
0.02367362566292286
0.023441819474101067
0.023059191182255745
0.02309366501867771
0.022713536396622658
0.021936900913715363
0.021954989060759544
0.022272678092122078
0.02222834900021553
0.02197306975722313
0.02187027409672737
0.021791983395814896
0.02142198756337166
0.021384412422776222
0.021171556785702705
0.02099674381315708
0.021152853965759277
0.020973436534404755
0.021243635565042496
0.021290555596351624
0.0215243399143219
0.02159949578344822
0.02192850410938263
0.021931888535618782
0.02222057245671749
0.021821629256010056
0.022078873589634895
0.022032054141163826
0.022124173119664192
0.022052302956581116
0.02181127667427063
0.021827753633260727
0.021706487983465195
0.02142040804028511
0.021454162895679474
0.021268505603075027
0.021165354177355766
0.021364983171224594
0.02125491574406624
0.02139509841799736
0.021446209400892258
0.021268289536237717
0.02085959166288376
0.020998355001211166
0.02087160013616085
0.020755572244524956
0.02051345258951187
0.02068273164331913
0.02084438130259514
0.02085505612194538
0.020808259025216103
0.02103225141763687
0.021039679646492004
0.021077895537018776
0.0212344191968441
0.021215684711933136
0.021253157407045364
0.021349940448999405
0.021744219586253166
0.022003604099154472
0.02219914086163044
0.021892357617616653
0.02172786183655262
0.021444907411932945
0.020998327061533928
0.020952172577381134
0.02110428921878338
0.021239669993519783
0.02120472863316536
0.02112431451678276
0.02094276063144207
0.02083735354244709
0.020904632285237312
0.021014399826526642
0.02109268307685852
0.020749593153595924
0.020611314103007317
0.02056354098021984
0.0204424150288105
0.020410481840372086
0.02039824239909649
0.020403454080224037
0.02065572887659073
0.020719090476632118
0.02108587697148323
0.021361712366342545
0.021248070523142815
0.02168535441160202
0.02188512682914734
0.021745853126049042
0.021524865180253983
0.021665142849087715
0.021781548857688904
0.02170538902282715
0.0214439295232296
0.021328847855329514
0.021542130038142204
0.02118978090584278
0.020962059497833252
0.02074720710515976
0.020632361993193626
0.020543290302157402
0.020616700872778893
0.02044859156012535
0.020230062305927277
0.020264260470867157
0.020174644887447357
0.020187530666589737
0.02009623311460018
0.019819149747490883
0.01981261745095253
0.0199617687612772
0.020303713157773018
0.020680386573076248
0.020726362243294716
0.021002499386668205
0.020899714902043343
0.021137094125151634
0.021148832514882088
0.021256597712635994
0.0214709360152483
0.02189498580992222
0.021525587886571884
0.021294137462973595
0.0207720585167408
0.020912978798151016
0.020669545978307724
0.020615095272660255
0.020387321710586548
0.02025046944618225
0.020210599526762962
0.0198836587369442
0.019453926011919975
0.01949404366314411
0.019234688952565193
0.019229216501116753
0.019237933680415154
0.019346805289387703
0.019164346158504486
0.01912032626569271
0.019321763888001442
0.01961875520646572
0.019560465589165688
0.019465627148747444
0.019468244165182114
0.01935916393995285
0.01923351176083088
0.01947769522666931
0.0198159608989954
0.01991780661046505
0.019751066341996193
0.019766584038734436
0.0196718480437994
0.019681943580508232
0.01981155388057232
0.02013920247554779
0.02059883438050747
0.020882902666926384
0.020812885835766792
0.020543145015835762
0.020283149555325508
0.01999294012784958
0.01985352300107479
0.019595982506871223
0.01965840719640255
0.019941706210374832
0.01970672607421875
0.019767995923757553
0.01974344439804554
0.01936304196715355
0.01921730861067772
0.019079985097050667
0.019148224964737892
0.01941213198006153
0.01950477994978428
0.019636068493127823
0.019808415323495865
0.01963123306632042
0.019567908719182014
0.019705960527062416
0.019588971510529518
0.019493678584694862
0.019506298005580902
0.019273949787020683
0.01920270547270775
0.01927357167005539
0.019273193553090096
0.019156789407134056
0.01921173371374607
0.019273003563284874
0.01936241239309311
0.01928502321243286
0.01954413764178753
0.019361764192581177
0.019218288362026215
0.019205547869205475
0.018956774845719337
0.01905026286840439
0.018959708511829376
0.019075341522693634
0.019080311059951782
0.018865933641791344
0.01904822140932083
0.019081493839621544
0.01892869547009468
0.018946127966046333
0.018870016559958458
0.018906449899077415
0.019076772034168243
0.019120479002594948
0.019083021208643913
0.019227787852287292
0.01940995454788208
0.01949165016412735
0.01970072090625763
0.019465919584035873
0.019456837326288223
0.019478291273117065
0.019494934007525444
0.019322138279676437
0.01927436701953411
0.019057098776102066
0.018816787749528885
0.018763380125164986
0.01882406882941723
0.018876180052757263
0.01875751093029976
0.018868429586291313
0.01902574859559536
0.019096296280622482
0.019139936193823814
0.019089501351118088
0.019216541200876236
0.019252967089414597
0.01919090934097767
0.019199620932340622
0.019083725288510323
0.019106058403849602
0.019115500152111053
0.01904996484518051
0.018792465329170227
0.01857832819223404
0.01851704716682434
0.018441036343574524
0.018463436514139175
0.018512053415179253
0.018366023898124695
0.018334025517106056
0.018382549285888672
0.018506480380892754
0.018428388983011246
0.018366146832704544
0.018563175573945045
0.018596457317471504
0.01845407299697399
0.018442079424858093
0.018703054636716843
0.018782053142786026
0.01867322064936161
0.018957320600748062
0.018793052062392235
0.018900258466601372
0.018805989995598793
0.019129671156406403
0.019108908250927925
0.01916767656803131
0.01925862953066826
0.019203750416636467
0.019092092290520668
0.01902484893798828
0.01887347921729088
0.01856294274330139
0.018449880182743073
0.018229354172945023
0.018115878105163574
0.018163343891501427
0.018249589949846268
0.018189143389463425
0.018072640523314476
0.018229465931653976
0.017978666350245476
0.017862774431705475
0.0182085819542408
0.018089037388563156
0.01835719309747219
0.01849331706762314
0.018692538142204285
0.01867772452533245
0.01872718147933483
0.018710339441895485
0.018714308738708496
0.018970204517245293
0.01904655620455742
0.01917107030749321
0.01892179436981678
0.018754014745354652
0.01872287131845951
0.018633147701621056
0.018486734479665756
0.018342150375247
0.0182022862136364
0.01802174560725689
0.017793839797377586
0.017618007957935333
0.017550474032759666
0.017683904618024826
0.017573541030287743
0.01748020015656948
0.017369640991091728
0.01750189997255802
0.017908409237861633
0.018547074869275093
0.01920093409717083
0.0192665234208107
0.019312221556901932
0.01924813911318779
0.01932639628648758
0.019048992544412613
0.018816184252500534
0.01872391067445278
0.018314333632588387
0.01830480806529522
0.017857665196061134
0.01783299818634987
0.017760666087269783
0.01752372458577156
0.017330365255475044
0.017238251864910126
0.01703202724456787
0.01718958467245102
0.017173979431390762
0.017389047890901566
0.017389055341482162
0.017305750399827957
0.0176540557295084
0.017780160531401634
0.017725860700011253
0.017809676006436348
0.017762523144483566
0.018129045143723488
0.0182782132178545
0.018082113936543465
0.01818069815635681
0.01816558465361595
0.018241915851831436
0.018269233405590057
0.018115507438778877
0.017913678660988808
0.017909221351146698
0.01782512292265892
0.017938027158379555
0.017824500799179077
0.017885712906718254
0.017930733039975166
0.017787104472517967
0.017862627282738686
0.01766473613679409
0.01761169172823429
0.017377808690071106
0.01751909963786602
0.017391802743077278
0.017320169135928154
0.017242789268493652
0.01732645183801651
0.017302948981523514
0.01737290807068348
0.017542406916618347
0.017535516992211342
0.017508406192064285
0.017468830570578575
0.017500022426247597
0.01760706678032875
0.017746228724718094
0.017906852066516876
0.0181034617125988
0.018100136891007423
0.017952529713511467
0.017888406291604042
0.017699109390378
0.01740879938006401
0.017399469390511513
0.017378371208906174
0.01716114766895771
0.017009427770972252
0.01703849621117115
0.01709456741809845
0.01704007014632225
0.017019040882587433
0.017270298674702644
0.01726384274661541
0.01714443415403366
0.01697283238172531
0.016912084072828293
0.016912130638957024
0.016793416813015938
0.01692419871687889
0.017102153971791267
0.017051639035344124
0.01709802635014057
0.017104310914874077
0.017086559906601906
0.017225828021764755
0.017160532996058464
0.017273474484682083
0.017438238486647606
0.01728246547281742
0.0173448845744133
0.017260544002056122
0.017253635451197624
0.017418423667550087
0.017315976321697235
0.017310310155153275
0.017208930104970932
0.01712595485150814
0.017243999987840652
0.017229419201612473
0.017209582030773163
0.01706041768193245
0.016959190368652344
0.01697864755988121
0.016873642802238464
0.016785863786935806
0.016746733337640762
0.016784923151135445
0.016747429966926575
0.016718652099370956
0.016801591962575912
0.016701051965355873
0.01676478609442711
0.016864797100424767
0.016842082142829895
0.016914311796426773
0.01682046428322792
0.01675327867269516
0.016967548057436943
0.016964146867394447
0.016997555270791054
0.01709725894033909
0.017176246270537376
0.017095791175961494
0.017120664939284325
0.01722298376262188
0.017227325588464737
0.017076533287763596
0.016908705234527588
0.016961757093667984
0.016798868775367737
0.016751518473029137
0.01656654104590416
0.016480861231684685
0.016242405399680138
0.016211755573749542
0.01620158739387989
0.016280032694339752
0.016386399045586586
0.016398835927248
0.016406984999775887
0.0165859367698431
0.01661181077361107
0.0165693499147892
0.016658714041113853
0.01671692356467247
0.01690458133816719
0.017108147963881493
0.017176246270537376
0.017202671617269516
0.017078112810850143
0.017124207690358162
0.01706438884139061
0.016919834539294243
0.016950152814388275
0.01681501790881157
0.01653648354113102
0.01644466631114483
0.016405031085014343
0.016329264268279076
0.016257477924227715
0.016139395534992218
0.016111882403492928
0.01600048691034317
0.015892397612333298
0.01598402112722397
0.01594221405684948
0.01595594733953476
0.01603769138455391
0.01605811156332493
0.016087254509329796
0.016051016747951508
0.01613953895866871
0.01615905947983265
0.01615053042769432
0.016225868836045265
0.016273682937026024
0.016459185630083084
0.016476457938551903
0.01646975800395012
0.016451207920908928
0.01645676977932453
0.016388922929763794
0.01634594239294529
0.016276804730296135
0.0162625964730978
0.01611155830323696
0.0159903597086668
0.0160193033516407
0.01601503975689411
0.01588311977684498
0.015934308990836143
0.015885889530181885
0.016067972406744957
0.016235806047916412
0.016483891755342484
0.016568830236792564
0.016739409416913986
0.016788389533758163
0.016886726021766663
0.016857707872986794
0.016818514093756676
0.016821248456835747
0.016837801784276962
0.016882017254829407
0.0168136116117239
0.01672530733048916
0.016569243744015694
0.016419751569628716
0.016187870875000954
0.01608780026435852
0.016058193519711494
0.016016943380236626
0.016036514192819595
0.016035737469792366
0.016068868339061737
0.01615969091653824
0.0160856731235981
0.016141671687364578
0.01619693450629711
0.01626252755522728
0.016283849254250526
0.01635095849633217
0.01644190400838852
0.016362328082323074
0.01636454463005066
0.01645311526954174
0.01642509549856186
0.016334298998117447
0.016336867585778236
0.016184253618121147
0.016166210174560547
0.0160141009837389
0.01598559133708477
0.015916986390948296
0.015803024172782898
0.015752116218209267
0.015700358897447586
0.01575978845357895
0.015799017623066902
0.015964917838573456
0.015981320291757584
0.016016589477658272
0.01614689826965332
0.016346916556358337
0.016374778002500534
0.016478678211569786
0.016577864065766335
0.0165236908942461
0.01659344509243965
0.01654699444770813
0.016404276713728905
0.01637398637831211
0.016363881528377533
0.016319788992404938
0.016180584207177162
0.015994684770703316
0.015898538753390312
0.015787195414304733
0.015562362968921661
0.015531366690993309
0.0154695063829422
0.015460362657904625
0.015485092997550964
0.015543194487690926
0.015512802638113499
0.01557869091629982
0.015797192230820656
0.015913570299744606
0.016180582344532013
0.016402125358581543
0.01662788912653923
0.016808712854981422
0.016758261248469353
0.01667702943086624
0.01666138507425785
0.016604682430624962
0.01638791710138321
0.016320228576660156
0.016134396195411682
0.015915775671601295
0.01574125699698925
0.015634117648005486
0.015508213080465794
0.015416453592479229
0.01538666058331728
0.015364418737590313
0.015311782248318195
0.015335443429648876
0.015396734699606895
0.01555862557142973
0.015702439472079277
0.015768155455589294
0.015892690047621727
0.01595163904130459
0.015976669266819954
0.01602972485125065
0.016079038381576538
0.016143305227160454
0.016171518713235855
0.016098519787192345
0.01600753515958786
0.016002636402845383
0.01598125882446766
0.015974124893546104
0.015953926369547844
0.015860136598348618
0.01581726036965847
0.01579291559755802
0.01578962430357933
0.01576714962720871
0.015727031975984573
0.015690922737121582
0.015646299347281456
0.015547852031886578
0.015534287318587303
0.015583265572786331
0.015584767796099186
0.015622624196112156
0.015635868534445763
0.015715431421995163
0.015805935487151146
0.015801362693309784
0.015812305733561516
0.01584492065012455
0.01583048515021801
0.01582496240735054
0.015842754393815994
0.01584162563085556
0.015841322019696236
0.015924032777547836
0.01596003770828247
0.01594187319278717
0.01598406955599785
0.015962911769747734
0.015971941873431206
0.015971383079886436
0.015986651182174683
0.01595187745988369
0.015927376225590706
0.01588296890258789
0.01587342657148838
0.015880193561315536
0.015864631161093712
0.015827849507331848
0.015764717012643814
0.01570114865899086
0.01577264629304409
0.015773631632328033
0.015835799276828766
0.015869395807385445
0.015898151323199272
0.01595766469836235
0.016003621742129326
0.01600051485002041
0.01600988768041134
0.016028523445129395
0.01602320745587349
0.01600583828985691
0.015941275283694267
0.015971558168530464
0.01598009467124939
0.015995997935533524
0.015938442200422287
0.015975147485733032
0.015924103558063507
0.015937218442559242
0.01595873199403286
0.01597658544778824
0.015938397496938705
0.015863200649619102
0.015912244096398354
0.015900569036602974
0.015948966145515442
0.01589513197541237
0.015899306163191795
0.015929875895380974
0.016032086685299873
0.016012029722332954
0.01601874642074108
0.01608150266110897
0.016215628013014793
0.016262076795101166
0.016277292743325233
0.016301507130265236
0.016292020678520203
0.01632891222834587
0.016326962038874626
0.01641274243593216
0.016368500888347626
0.016359899193048477
0.01636035554111004
0.01641610637307167
0.01633683778345585
0.01624307595193386
0.016184382140636444
0.016096577048301697
0.016074443235993385
0.016042495146393776
0.016050489619374275
0.016122829169034958
0.016163304448127747
0.016119573265314102
0.01609320379793644
0.01609155721962452
0.016062607988715172
0.016021957620978355
0.016169670969247818
0.016205932945013046
0.01623455435037613
0.01633053459227085
0.01636744663119316
0.016493063420057297
0.016520818695425987
0.01659824140369892
0.016676539555191994
0.01663457602262497
0.016674917191267014
0.01664986088871956
0.016668004915118217
0.016608336940407753
0.01642192341387272
0.016310282051563263
0.01644928567111492
0.016376936808228493
0.01632598415017128
0.01640831120312214
0.016431868076324463
0.01633606292307377
0.016298536211252213
0.016223663464188576
0.01622793637216091
0.01624605990946293
0.016274485737085342
0.01621461659669876
0.01622004620730877
0.01633399911224842
0.016500847414135933
0.016525890678167343
0.01653471775352955
0.01663118414580822
0.01662752591073513
0.01669405587017536
0.016694216057658195
0.01672900840640068
0.016880253329873085
0.016709351912140846
0.01662391424179077
0.01664796471595764
0.01660897582769394
0.016738487407565117
0.016797726973891258
0.016641536727547646
0.016577444970607758
0.01643570326268673
0.01655961573123932
0.016513921320438385
0.016424870118498802
0.016573287546634674
0.016484718769788742
0.016555018723011017
0.016534609720110893
0.016645265743136406
0.016750171780586243
0.01678457297384739
0.016906119883060455
0.01697028987109661
0.016855303198099136
0.01678244210779667
0.01675117015838623
0.01664687693119049
0.01675676554441452
0.016706891357898712
0.016734153032302856
0.01673717610538006
0.01679670438170433
0.016759248450398445
0.016699235886335373
0.016637390479445457
0.016619965434074402
0.016596712172031403
0.016502458602190018
0.016371099278330803
0.016398828476667404
0.0163381677120924
0.016577783972024918
0.01656770147383213
0.01669888198375702
0.01685534603893757
0.017029261216521263
0.017087263986468315
0.017197193577885628
0.017265187576413155
0.01742720976471901
0.01738986186683178
0.017500538378953934
0.017411263659596443
0.01753545179963112
0.017481626942753792
0.017361359670758247
0.017238467931747437
0.01732652820646763
0.017266348004341125
0.017399678006768227
0.017485853284597397
0.017355363816022873
0.017217639833688736
0.017089510336518288
0.017102757468819618
0.017095372080802917
0.017248045653104782
0.01723347045481205
0.017347628250718117
0.017405347898602486
0.017467694357037544
0.017497016116976738
0.017655983567237854
0.01757988892495632
0.01763821579515934
0.01752348244190216
0.01780764013528824
0.017703041434288025
0.017758188769221306
0.01775578036904335
0.01775672659277916
0.01776227355003357
0.017576230689883232
0.017427735030651093
0.017369724810123444
0.017625443637371063
0.017689503729343414
0.01763884536921978
0.017655149102211
0.017649438232183456
0.017582830041646957
0.017674213275313377
0.017731573432683945
0.01770935021340847
0.017739886417984962
0.017857419326901436
0.01777837425470352
0.01778162270784378
0.017720771953463554
0.0177210234105587
0.01781248301267624
0.017976604402065277
0.018114930018782616
0.018070176243782043
0.018230797722935677
0.01848733238875866
0.018716435879468918
0.01878727227449417
0.018867935985326767
0.019116856157779694
0.019007636234164238
0.019064396619796753
0.018821576610207558
0.018986128270626068
0.01890840195119381
0.018626026809215546
0.018640847876667976
0.01880841888487339
0.018658993765711784
0.018591320142149925
0.0184469074010849
0.018257154151797295
0.01799607463181019
0.018143203109502792
0.018338458612561226
0.018641015514731407
0.01869652047753334
0.01877558045089245
0.018876494839787483
0.01899673044681549
0.019192930310964584
0.01923595368862152
0.019105298444628716
0.0192671287804842
0.019100695848464966
0.019186099991202354
0.019248096272349358
0.019453901797533035
0.019439490512013435
0.01935853436589241
0.019310107454657555
0.019128672778606415
0.019088484346866608
0.019247861579060555
0.0191632192581892
0.019184214994311333
0.019109278917312622
0.0191048476845026
0.019038008525967598
0.01899000257253647
0.018939433619379997
0.019134854897856712
0.019104162231087685
0.019253231585025787
0.01920155994594097
0.019191469997167587
0.018861660733819008
0.01898280717432499
0.018813489004969597
0.018956081941723824
0.019020918756723404
0.01909857615828514
0.019441800191998482
0.01941223070025444
0.019598521292209625
0.019582297652959824
0.01969815418124199
0.019676558673381805
0.019793452695012093
0.019719567149877548
0.019748879596590996
0.02004551887512207
0.020230846479535103
0.02009192481637001
0.020057622343301773
0.020122453570365906
0.020076990127563477
0.019827542826533318
0.019921759143471718
0.02005624584853649
0.019957203418016434
0.01999666914343834
0.020045526325702667
0.02001148834824562
0.019941367208957672
0.02008047327399254
0.020077988505363464
0.020129084587097168
0.019920114427804947
0.02002371847629547
0.019995957612991333
0.019984038546681404
0.02010446786880493
0.020310524851083755
0.020211372524499893
0.02033247984945774
0.02034386433660984
0.02048264443874359
0.020672759041190147
0.020568281412124634
0.02077501453459263
0.020857617259025574
0.020884551107883453
0.020873144268989563
0.020938288420438766
0.020618995651602745
0.02066555619239807
0.02055179327726364
0.020487798377871513
0.02071024850010872
0.020837241783738136
0.020934900268912315
0.02074982412159443
0.020489748567342758
0.020445946604013443
0.020636633038520813
0.020587455481290817
0.020817425101995468
0.02107364684343338
0.021190213039517403
0.021237298846244812
0.0214614849537611
0.02118760533630848
0.021380078047513962
0.02139000967144966
0.02128380537033081
0.021362317726016045
0.02145136334002018
0.021341992542147636
0.02147926762700081
0.021351296454668045
0.021320190280675888
0.021267909556627274
0.02166341431438923
0.02153833582997322
0.021477658301591873
0.021478895097970963
0.02149277552962303
0.021441038697957993
0.02125268615782261
0.02087957039475441
0.020765621215105057
0.02071075327694416
0.02089080400764942
0.021024100482463837
0.02118876948952675
0.02128031477332115
0.021659990772604942
0.021913820877671242
0.02223152108490467
0.02237137407064438
0.022366078570485115
0.022367898374795914
0.022236187011003494
0.02222999557852745
0.022202149033546448
0.022083070129156113
0.02188895270228386
0.02187868393957615
0.021931542083621025
0.02202434092760086
0.02205740101635456
0.02194169908761978
0.021983787417411804
0.02188662439584732
0.021799707785248756
0.021877389401197433
0.021742237731814384
0.022191643714904785
0.02211390994489193
0.02214663289487362
0.022110115736722946
0.02231583558022976
0.022264011204242706
0.022471792995929718
0.022541843354701996
0.022699393332004547
0.022799648344516754
0.023101506754755974
0.023222405463457108
0.02327563613653183
0.023558296263217926
0.023572303354740143
0.023308761417865753
0.02341352589428425
0.023358333855867386
0.023331567645072937
0.02360055036842823
0.02376467175781727
0.0235954150557518
0.023523349314928055
0.02354048192501068
0.023555435240268707
0.023461192846298218
0.023128565400838852
0.022977545857429504
0.023113034665584564
0.02295786514878273
0.02295953966677189
0.023147860541939735
0.02325068600475788
0.023566724732518196
0.023713640868663788
0.024089178070425987
0.0240950770676136
0.02422768622636795
0.02430243045091629
0.02416384592652321
0.024177605286240578
0.02437041699886322
0.024312080815434456
0.024279920384287834
0.0242617204785347
0.02425268478691578
0.024275880306959152
0.02409205213189125
0.024124911054968834
0.024030013009905815
0.024102404713630676
0.024414462968707085
0.02427619881927967
0.0243512075394392
0.02430977113544941
0.02422380819916725
0.0241106990724802
0.02395273745059967
0.023930268362164497
0.02415647730231285
0.024175545200705528
0.024134721606969833
0.024259299039840698
0.024430830031633377
0.024644790217280388
0.02451685443520546
0.024675196036696434
0.024991372600197792
0.024957021698355675
0.02476823329925537
0.02470075711607933
0.024995025247335434
0.02483494020998478
0.025201506912708282
0.024996815249323845
0.024941150099039078
0.025383321568369865
0.025424087420105934
0.025466030463576317
0.02571762353181839
0.025701584294438362
0.025507977232336998
0.02550642006099224
0.025291193276643753
0.02550758793950081
0.025560731068253517
0.025478510186076164
0.025305820629000664
0.0253747645765543
0.02520665153861046
0.02523941919207573
0.02552173286676407
0.02559724636375904
0.02569052390754223
0.026011241599917412
0.025996390730142593
0.025891248136758804
0.02569030039012432
0.02587801404297352
0.026183634996414185
0.026567934080958366
0.02651199698448181
0.0265804436057806
0.026954585686326027
0.027041474357247353
0.026733696460723877
0.026749195531010628
0.026855435222387314
0.02653994783759117
0.026325246319174767
0.026517678052186966
0.026660017669200897
0.026494745165109634
0.026301829144358635
0.0264260433614254
0.026450756937265396
0.02637895569205284
0.026407761499285698
0.026594072580337524
0.026506202295422554
0.026846466585993767
0.0270305797457695
0.02682493068277836
0.026793712750077248
0.026852509006857872
0.027110742405056953
0.0270827729254961
0.027095336467027664
0.02701350301504135
0.027088459581136703
0.027058904990553856
0.0267481692135334
0.02667532116174698
0.02662990614771843
0.02640340104699135
0.026471693068742752
0.026484325528144836
0.026639070361852646
0.02650420553982258
0.02660977840423584
0.02685154229402542
0.026881782338023186
0.027356555685400963
0.027725959196686745
0.027785219252109528
0.02807006426155567
0.028331441804766655
0.028134996071457863
0.028376277536153793
0.028139859437942505
0.02820160612463951
0.027992812916636467
0.02793879248201847
0.027706515043973923
0.02772632986307144
0.0277214627712965
0.027645478025078773
0.02721613086760044
0.02728848159313202
0.027471158653497696
0.02736852504312992
0.02717287465929985
0.02714584209024906
0.02710273116827011
0.027375470846891403
0.027588844299316406
0.02749551273882389
0.02767234481871128
0.027739781886339188
0.027888013049960136
0.027935586869716644
0.028164753690361977
0.02832292951643467
0.028551343828439713
0.028436478227376938
0.028541404753923416
0.02864898554980755
0.028689760714769363
0.028475910425186157
0.028224535286426544
0.02803538553416729
0.028088098391890526
0.028182147070765495
0.027981707826256752
0.02770942635834217
0.02765168994665146
0.027385709807276726
0.0275894608348608
0.027827290818095207
0.028061680495738983
0.028181539848446846
0.028506210073828697
0.0287750456482172
0.02930673025548458
0.029656609520316124
0.029493074864149094
0.02983475662767887
0.02976754866540432
0.02976415306329727
0.03009725920855999
0.030066071078181267
0.029922710731625557
0.029923565685749054
0.0296382624655962
0.02902529016137123
0.029171232134103775
0.029188787564635277
0.028987593948841095
0.029002975672483444
0.02889665588736534
0.029058415442705154
0.02918366529047489
0.02937965653836727
0.029428213834762573
0.029769189655780792
0.029070891439914703
0.0286677498370409
0.028869440779089928
0.028977222740650177
0.02884279564023018
0.029146328568458557
0.029353773221373558
0.029292959719896317
0.029305024072527885
0.029460493475198746
0.029171375557780266
0.029325183480978012
0.029628586024045944
0.029912658035755157
0.02985447272658348
0.02979203127324581
0.029850659891963005
0.02963145636022091
0.02954496070742607
0.029502790421247482
0.029408374801278114
0.02929885871708393
0.02943480759859085
0.029533542692661285
0.02946811355650425
0.029729358851909637
0.029714932665228844
0.029711689800024033
0.029945354908704758
0.029954923316836357
0.030263476073741913
0.0303359217941761
0.030451636761426926
0.030582312494516373
0.030782099813222885
0.03121611848473549
0.031120195984840393
0.03149472549557686
0.03162297606468201
0.03172198310494423
0.031909551471471786
0.03192278742790222
0.03151632472872734
0.03145034983754158
0.03134992718696594
0.03152100369334221
0.03167446330189705
0.031545162200927734
0.03145771473646164
0.0315241813659668
0.03167755901813507
0.03160373866558075
0.031456358730793
0.031318299472332
0.03162462264299393
0.032077357172966
0.03239021822810173
0.03262742981314659
0.03282853215932846
0.0331343375146389
0.03316943719983101
0.03328438848257065
0.033522218465805054
0.033625055104494095
0.03391503542661667
0.03408358618617058
0.03417472913861275
0.034253183752298355
0.034348394721746445
0.03431866317987442
0.03470609709620476
0.03452284634113312
0.03418588265776634
0.03421544283628464
0.033983852714300156
0.033443383872509
0.03338596597313881
0.033282406628131866
0.032959576696157455
0.03299625217914581
0.032945383340120316
0.03293851017951965
0.0331433080136776
0.03326405957341194
0.03340567648410797
0.033609915524721146
0.03405546396970749
0.03381665050983429
0.03460799530148506
0.035042181611061096
0.03515593707561493
0.0352129265666008
0.03555017337203026
0.03574545308947563
0.03592768311500549
0.035889748483896255
0.035780809819698334
0.03586448356509209
0.035706277936697006
0.035735759884119034
0.03523647040128708
0.03550891950726509
0.035448264330625534
0.035355035215616226
0.03574134409427643
0.035533539950847626
0.03562716022133827
0.035574447363615036
0.03561810404062271
0.03593963012099266
0.03579448536038399
0.03610244765877724
0.036341819912195206
0.03630268573760986
0.03643257915973663
0.036259423941373825
0.036324162036180496
0.03596679866313934
0.03605590760707855
0.03633686527609825
0.036123260855674744
0.03666593134403229
0.036500103771686554
0.03668323904275894
0.03645259886980057
0.03630221635103226
0.0364990197122097
0.03618902713060379
0.03640807047486305
0.0363079234957695
0.03635144233703613
0.036623042076826096
0.036653146147727966
0.03633662313222885
0.036818742752075195
0.036834996193647385
0.03682868182659149
0.03706078976392746
0.03755089268088341
0.03787366673350334
0.037769343703985214
0.03844543173909187
0.03907373175024986
0.039139434695243835
0.03930831328034401
0.03932037949562073
0.03952718526124954
0.03985380008816719
0.03983857110142708
0.03934841603040695
0.03898395225405693
0.03832569345831871
0.0382022000849247
0.03776185214519501
0.03751756250858307
0.03739510849118233
0.03752652928233147
0.03759188950061798
0.037766341120004654
0.038399551063776016
0.0390288271009922
0.039005097001791
0.03922007232904434
0.039759017527103424
0.04003388062119484
0.04036710783839226
0.0403568297624588
0.04067225754261017
0.04066529870033264
0.040364377200603485
0.04024408385157585
0.039893876761198044
0.03970828652381897
0.03921661525964737
0.03877807781100273
0.039147160947322845
0.03907155618071556
0.03903910517692566
0.03933878615498543
0.03971923142671585
0.040490832179784775
0.04029032215476036
0.04058118537068367
0.04099637269973755
0.041105303913354874
0.04111471399664879
0.041523199528455734
0.04101254791021347
0.04160371795296669
0.04200146719813347
0.04189681261777878
0.042057838290929794
0.04222848266363144
0.041968006640672684
0.041417647153139114
0.04122362658381462
0.040501922369003296
0.04021541401743889
0.04017176479101181
0.04032927751541138
0.04043120890855789
0.04088492691516876
0.04111715778708458
0.041276510804891586
0.041355378925800323
0.04163258895277977
0.04166312515735626
0.04217596352100372
0.04263948276638985
0.04280303046107292
0.04301084578037262
0.04305661469697952
0.04305049031972885
0.04337744787335396
0.043808553367853165
0.04409601166844368
0.04411407932639122
0.0439629852771759
0.04384111985564232
0.043314967304468155
0.043424155563116074
0.042791593819856644
0.04300714656710625
0.04280870035290718
0.04252806305885315
0.04190447926521301
0.04209478944540024
0.04153956100344658
0.041861265897750854
0.04216610640287399
0.042498644441366196
0.04260310158133507
0.043029703199863434
0.043463077396154404
0.043310437351465225
0.043407030403614044
0.04346084967255592
0.04377622902393341
0.04394577816128731
0.044189248234033585
0.04474220424890518
0.0451897569000721
0.04506973922252655
0.04519190266728401
0.045166537165641785
0.044641315937042236
0.04484749212861061
0.04424814134836197
0.044426582753658295
0.04475856572389603
0.04499048367142677
0.04482463002204895
0.04497034102678299
0.04518836364150047
0.04489779472351074
0.044834256172180176
0.04500129073858261
0.04499659314751625
0.045188598334789276
0.04563402384519577
0.045869603753089905
0.0461491160094738
0.04668362811207771
0.04665718972682953
0.04671861603856087
0.04716167971491814
0.047703105956315994
0.047646794468164444
0.04769688472151756
0.04759013280272484
0.04790667071938515
0.047876257449388504
0.04821410030126572
0.0481463186442852
0.04793526977300644
0.048065051436424255
0.04779904708266258
0.04796074330806732
0.04785468801856041
0.04793728515505791
0.047968849539756775
0.048164986073970795
0.047820959240198135
0.04807385429739952
0.04823874682188034
0.04830951616168022
0.0481414832174778
0.048595767468214035
0.04851856827735901
0.048264097422361374
0.04858770594000816
0.048373326659202576
0.04843207076191902
0.04839993268251419
0.04898252338171005
0.049337148666381836
0.04934292286634445
0.04922996833920479
0.04910668358206749
0.04927107319235802
0.04910408705472946
0.049307480454444885
0.04932457208633423
0.04918689653277397
0.04935437813401222
0.049689944833517075
0.05006936937570572
0.05042290315032005
0.05079389363527298
0.05066871643066406
0.05054051801562309
0.05048661679029465
0.050559788942337036
0.05088844522833824
0.05104990303516388
0.05115402862429619
0.050974003970623016
0.05151531472802162
0.05132729932665825
0.0514032281935215
0.05184087157249451
0.051676202565431595
0.05153171345591545
0.051388420164585114
0.05192568898200989
0.05144175887107849
0.05134507268667221
0.05148310586810112
0.05197051912546158
0.05200299993157387
0.05187554284930229
0.05209841579198837
0.05253422260284424
0.05280505120754242
0.05308108776807785
0.0532633401453495
0.05351448059082031
0.053579796105623245
0.053614046424627304
0.053762517869472504
0.05436570569872856
0.05446527525782585
0.05446261167526245
0.05461267754435539
0.054432716220617294
0.054252076894044876
0.05386101454496384
0.05327847599983215
0.052738215774297714
0.05228353664278984
0.052467506378889084
0.05238031968474388
0.05221414566040039
0.0526803657412529
0.053038228303194046
0.05339771881699562
0.054037317633628845
0.05433780699968338
0.05399436131119728
0.054834380745887756
0.055834244936704636
0.05622292682528496
0.05676470324397087
0.057236768305301666
0.057105906307697296
0.05728122964501381
0.05690167099237442
0.05705392733216286
0.05669247359037399
0.05637704208493233
0.05617034062743187
0.05588741973042488
0.055295031517744064
0.055056195706129074
0.054802846163511276
0.053799789398908615
0.053248848766088486
0.05336398258805275
0.05317945405840874
0.05357319489121437
0.05351366475224495
0.05389166250824928
0.05411140248179436
0.05430646985769272
0.05489211902022362
0.055613867938518524
0.05628208816051483
0.056871067732572556
0.05724995210766792
0.057775065302848816
0.05830233544111252
0.058012787252664566
0.058118563145399094
0.05813014507293701
0.057806793600320816
0.057703860104084015
0.05772482976317406
0.05775120481848717
0.05763727053999901
0.057476188987493515
0.05746202543377876
0.057062648236751556
0.05694145709276199
0.056246936321258545
0.05625072866678238
0.05608771741390228
0.05583836883306503
0.056132394820451736
0.05653373524546623
0.056679993867874146
0.056689199060201645
0.057273201644420624
0.057105280458927155
0.05738519877195358
0.05742022767663002
0.05753525719046593
0.057569392025470734
0.05742254853248596
0.057552166283130646
0.05757606402039528
0.05768809840083122
0.057267140597105026
0.057308681309223175
0.057734277099370956
0.05732952058315277
0.057361360639333725
0.05716058239340782
0.057443637400865555
0.057663172483444214
0.057425327599048615
0.05733535438776016
0.05691201612353325
0.05658034607768059
0.05636316537857056
0.056046679615974426
0.056294456124305725
0.05608484521508217
0.05624351277947426
0.05659671500325203
0.05692322924733162
0.05737921968102455
0.05756055563688278
0.05791081488132477
0.05777363479137421
0.05823737010359764
0.05866202712059021
0.0590776726603508
0.059389375150203705
0.05978803709149361
0.060462720692157745
0.060429830104112625
0.060234297066926956
0.06037241965532303
0.060193080455064774
0.05939655005931854
0.05932125076651573
0.05879753828048706
0.058368440717458725
0.05786195397377014
0.05786150321364403
0.057416290044784546
0.05701792612671852
0.056974198669195175
0.05705855414271355
0.056725598871707916
0.056873515248298645
0.05718395859003067
0.057141341269016266
0.057394810020923615
0.05795101821422577
0.05835128203034401
0.05889632925391197
0.05945974215865135
0.059761468321084976
0.06023208051919937
0.06023626774549484
0.06086476519703865
0.06158611178398132
0.06187202408909798
0.06172831356525421
0.061481405049562454
0.06115802004933357
0.06102340668439865
0.06069095805287361
0.06026255339384079
0.06018330901861191
0.059724822640419006
0.0593903586268425
0.05919979140162468
0.05892181396484375
0.05899842455983162
0.05865051969885826
0.05856069549918175
0.05809735506772995
0.05836624279618263
0.058537423610687256
0.058860212564468384
0.05954258143901825
0.05983593314886093
0.060129035264253616
0.060400743037462234
0.06102481111884117
0.0619061104953289
0.062156446278095245
0.06266290694475174
0.06328551471233368
0.06319615989923477
0.06331579387187958
0.0630202665925026
0.06280088424682617
0.06256981194019318
0.06297000497579575
0.0625213235616684
0.06211848184466362
0.061661556363105774
0.06114385649561882
0.06032096594572067
0.05946731194853783
0.05943319946527481
0.05908616632223129
0.05898374319076538
0.05942416191101074
0.05960778146982193
0.06023487076163292
0.06021879240870476
0.06017279624938965
0.06057361513376236
0.06109931319952011
0.061799027025699615
0.06234738230705261
0.06289122253656387
0.06356310844421387
0.06394398957490921
0.06460017710924149
0.06463966518640518
0.06462859362363815
0.06445561349391937
0.06490734964609146
0.06491269171237946
0.06492411345243454
0.06387832760810852
0.0638875886797905
0.0637916848063469
0.06345133483409882
0.06341623514890671
0.06302862614393234
0.06319466233253479
0.06328519433736801
0.06355075538158417
0.0633452832698822
0.06324935704469681
0.06305873394012451
0.06270142644643784
0.06280422955751419
0.06256365031003952
0.06304781138896942
0.06317777931690216
0.06381887942552567
0.06425060331821442
0.06447117030620575
0.06424414366483688
0.06399957090616226
0.06399562209844589
0.0642889067530632
0.06478701531887054
0.06474531441926956
0.06498154997825623
0.06539150327444077
0.0658888891339302
0.06589046120643616
0.06585284322500229
0.06577624380588531
0.06555359065532684
0.06532672047615051
0.06537390500307083
0.06522038578987122
0.06488161534070969
0.06493563205003738
0.06482117623090744
0.06495951861143112
0.06504058837890625
0.06503619253635406
0.06477294117212296
0.0649518221616745
0.06498035788536072
0.06531389057636261
0.06563633680343628
0.06561478227376938
0.06584863364696503
0.06617963314056396
0.06618985533714294
0.06681500375270844
0.06724950671195984
0.06748625636100769
0.06736334413290024
0.06764264404773712
0.06790180504322052
0.06766807287931442
0.06763920187950134
0.0673021748661995
0.06680943816900253
0.06712096184492111
0.06666763126850128
0.06631124764680862
0.06631628423929214
0.06655798107385635
0.06655203551054001
0.06649722903966904
0.06671279668807983
0.06649129092693329
0.0663067027926445
0.06681251525878906
0.06704521179199219
0.0672755315899849
0.06720029562711716
0.0674426257610321
0.06769287586212158
0.06785734742879868
0.0684494748711586
0.06921838223934174
0.06946391612291336
0.06983935087919235
0.07017941772937775
0.07022397965192795
0.0703175738453865
0.07013051211833954
0.06993719190359116
0.06968080997467041
0.06942522525787354
0.06837283819913864
0.06821316480636597
0.067896768450737
0.06776487082242966
0.06807289272546768
0.06815912574529648
0.06833499670028687
0.06823476403951645
0.06880401819944382
0.06911451369524002
0.06954232603311539
0.06968232989311218
0.06996558606624603
0.06983891129493713
0.07023786008358002
0.07039850950241089
0.07065105438232422
0.07015866041183472
0.07028117030858994
0.06987949460744858
0.07023733109235764
0.07070226222276688
0.07052604109048843
0.07071682810783386
0.07037351280450821
0.07050754129886627
0.07014957070350647
0.07020141184329987
0.06974949687719345
0.0701037049293518
0.07013688236474991
0.06972534954547882
0.06993695348501205
0.07000985741615295
0.0700855404138565
0.07012751698493958
0.07038621604442596
0.0701218992471695
0.07085967063903809
0.07062690705060959
0.07066360861063004
0.07107648998498917
0.07097252458333969
0.0712205320596695
0.07152876257896423
0.07194916158914566
0.0721164420247078
0.07186020165681839
0.07183699309825897
0.07200884819030762
0.07193220406770706
0.07149533182382584
0.07091640681028366
0.07054067403078079
0.07071765512228012
0.0704396590590477
0.07022608816623688
0.0704730823636055
0.07070676982402802
0.07084248960018158
0.0709262415766716
0.07142443209886551
0.07166119664907455
0.07157287746667862
0.07123337686061859
0.0719200149178505
0.07173728942871094
0.07213247567415237
0.07236913591623306
0.0723203495144844
0.07276042550802231
0.0724320188164711
0.07258767634630203
0.0725572258234024
0.07267295569181442
0.07274719327688217
0.07267341762781143
0.0728754848241806
0.07342055439949036
0.07326048612594604
0.0732506662607193
0.07318349927663803
0.0734979510307312
0.07360401749610901
0.07356828451156616
0.07407049089670181
0.07382374256849289
0.07405052334070206
0.0741020143032074
0.07399743795394897
0.073780857026577
0.07394184172153473
0.07425836473703384
0.07419642806053162
0.07379624992609024
0.07377362251281738
0.07387072592973709
0.07398121803998947
0.07409776002168655
0.07453229278326035
0.07429292798042297
0.07473339885473251
0.0749359279870987
0.0751989334821701
0.07534310221672058
0.07570537179708481
0.07612816989421844
0.0762893557548523
0.07619419693946838
0.07639103382825851
0.07637026160955429
0.07557076215744019
0.07534808665513992
0.07524269819259644
0.07502954453229904
0.07491447776556015
0.07484384626150131
0.07461155951023102
0.07471263408660889
0.07443661242723465
0.07491354644298553
0.07527702301740646
0.07538267225027084
0.07552342861890793
0.07566468417644501
0.07625311613082886
0.07662589848041534
0.07677129656076431
0.07651795446872711
0.0770508199930191
0.07747330516576767
0.07738815993070602
0.07778829336166382
0.07719649374485016
0.07687035948038101
0.07681554555892944
0.07662684470415115
0.07673242688179016
0.0765945091843605
0.0771598219871521
0.077008917927742
0.0766063705086708
0.07635137438774109
0.07632100582122803
0.07617294788360596
0.07619480788707733
0.07638517767190933
0.07638013362884521
0.07605650275945663
0.07603418081998825
0.07623752951622009
0.07623349875211716
0.07645978033542633
0.07636738568544388
0.07699534296989441
0.0772918313741684
0.07798353582620621
0.07855506241321564
0.0788499042391777
0.07868004590272903
0.07909688353538513
0.07932133227586746
0.079425148665905
0.07919755578041077
0.07928715646266937
0.07891864329576492
0.07833781093358994
0.07778853178024292
0.07750798016786575
0.07729553431272507
0.07732458412647247
0.07711363583803177
0.07709945738315582
0.07662693411111832
0.07650500535964966
0.07649276405572891
0.07657613605260849
0.07656079530715942
0.0770903080701828
0.07756669074296951
0.0778006836771965
0.07835398614406586
0.0789482593536377
0.07924259454011917
0.0797644555568695
0.08012350648641586
0.07977234572172165
0.07987979054450989
0.08032684773206711
0.08059120178222656
0.08053268492221832
0.0804312527179718
0.08005843311548233
0.07954540103673935
0.07948073744773865
0.07945454120635986
0.079352468252182
0.07906870543956757
0.079103022813797
0.07885825634002686
0.07856908440589905
0.07853380590677261
0.07808717340230942
0.07801063358783722
0.07825945317745209
0.07865554094314575
0.07917021960020065
0.07984158396720886
0.07956541329622269
0.08025851100683212
0.08049063384532928
0.08132268488407135
0.08173566311597824
0.08145145326852798
0.08139825612306595
0.08148670196533203
0.08155779540538788
0.08123506605625153
0.08116655051708221
0.08085304498672485
0.0802488923072815
0.0799693688750267
0.08006784319877625
0.07970735430717468
0.07981697469949722
0.07970593124628067
0.07943002134561539
0.07979456335306168
0.07970677316188812
0.07998313009738922
0.07979385554790497
0.07984301447868347
0.07978935539722443
0.08053431659936905
0.08052663505077362
0.08051228523254395
0.08116435259580612
0.0816357284784317
0.08157244324684143
0.08160305768251419
0.08217563480138779
0.08214148879051208
0.0822424441576004
0.08248500525951385
0.08235514909029007
0.08207356929779053
0.0821031928062439
0.0818677544593811
0.08173119276762009
0.08167318254709244
0.08135168999433517
0.08164704591035843
0.0817493349313736
0.08144118636846542
0.08155642449855804
0.08155279606580734
0.08128636330366135
0.08176416903734207
0.081966333091259
0.08226927369832993
0.08230779320001602
0.08263222873210907
0.08270948380231857
0.08316073566675186
0.08355049043893814
0.0840660035610199
0.08427675813436508
0.08427184075117111
0.08438090980052948
0.08435872197151184
0.08394657075405121
0.08315952867269516
0.08282086253166199
0.0831214040517807
0.08318330347537994
0.0822000727057457
0.08163396269083023
0.0811292827129364
0.08090416342020035
0.08071921765804291
0.08117595314979553
0.08172595500946045
0.08231347799301147
0.08286666125059128
0.08264473080635071
0.08284379541873932
0.0835154727101326
0.08355533331632614
0.08395643532276154
0.08420748263597488
0.08460518717765808
0.0850946456193924
0.08539832383394241
0.0858335793018341
0.08571570366621017
0.08572448045015335
0.0854710191488266
0.08494716137647629
0.08484438061714172
0.08475644886493683
0.08449598401784897
0.08404377847909927
0.08405250310897827
0.08360787481069565
0.08317076414823532
0.08288756012916565
0.08256637305021286
0.08285453170537949
0.08291308581829071
0.08344810456037521
0.083234503865242
0.08366218209266663
0.0837332010269165
0.0838659331202507
0.08426445722579956
0.08426768332719803
0.08473914116621017
0.08497708290815353
0.08551034331321716
0.08588344603776932
0.08585239201784134
0.08569109439849854
0.08569604903459549
0.0858384445309639
0.0861348807811737
0.08578898012638092
0.08568417280912399
0.0855736956000328
0.08542441576719284
0.0852159708738327
0.08544871211051941
0.0856214389204979
0.08492060005664825
0.0843670442700386
0.08428400754928589
0.08394469320774078
0.08405065536499023
0.08399394899606705
0.08364677429199219
0.08407542109489441
0.08404389768838882
0.08440740406513214
0.08502181619405746
0.08502735942602158
0.0852530375123024
0.08592523634433746
0.08608411997556686
0.08674594014883041
0.08717955648899078
0.0870475172996521
0.08764433115720749
0.08766704797744751
0.08747205138206482
0.08678250014781952
0.08641861379146576
0.08625854551792145
0.08628333359956741
0.08603373914957047
0.08532307296991348
0.08505115658044815
0.08488728106021881
0.08502276986837387
0.08454112708568573
0.08437056839466095
0.08440352231264114
0.08474165201187134
0.08525048196315765
0.08568166196346283
0.08590564876794815
0.086175337433815
0.08634522557258606
0.08656381070613861
0.08705830574035645
0.08759935200214386
0.08833738416433334
0.08824928849935532
0.08795048296451569
0.08816739171743393
0.08873645961284637
0.08870343863964081
0.0884721502661705
0.0882304236292839
0.08775549381971359
0.0880461186170578
0.08791261911392212
0.0876486748456955
0.08716818690299988
0.08708150684833527
0.08640982955694199
0.0862746387720108
0.0858829990029335
0.08598269522190094
0.08578887581825256
0.08563315123319626
0.08542241156101227
0.08597028255462646
0.0858304500579834
0.08634228259325027
0.08645442873239517
0.08653835952281952
0.08703877776861191
0.08736680448055267
0.08778472244739532
0.08799515664577484
0.08838721364736557
0.08892130106687546
0.08945469558238983
0.08911476284265518
0.08937478065490723
0.08887547999620438
0.08885536342859268
0.08891903609037399
0.08894646912813187
0.0887891948223114
0.08831074833869934
0.0876035988330841
0.08755497634410858
0.08715668320655823
0.08696860820055008
0.08687806874513626
0.086273692548275
0.08588085323572159
0.08573449403047562
0.08588384836912155
0.08565770089626312
0.08550342172384262
0.0854027196764946
0.0858398824930191
0.08620394766330719
0.08674277365207672
0.08720197528600693
0.08771166950464249
0.08773145824670792
0.0884016677737236
0.08810710906982422
0.08883436769247055
0.08950642496347427
0.08941221237182617
0.08940423280000687
0.08920305967330933
0.08922700583934784
0.08936275541782379
0.08904863893985748
0.08878712356090546
0.08857525140047073
0.08837048709392548
0.08793581277132034
0.08753036707639694
0.08766142278909683
0.08752843737602234
0.08740953356027603
0.08730130642652512
0.0872836709022522
0.08806802332401276
0.08851002156734467
0.08888910710811615
0.08930590748786926
0.0896918848156929
0.08999291062355042
0.08969175070524216
0.08974997699260712
0.09000738710165024
0.0900421142578125
0.09016615897417068
0.0904216468334198
0.09081108123064041
0.09115388244390488
0.09081234782934189
0.09076542407274246
0.09074379503726959
0.09079623222351074
0.09053052961826324
0.09078952670097351
0.0906255915760994
0.09032193571329117
0.08995736390352249
0.0899820625782013
0.089610755443573
0.08920855075120926
0.08937110006809235
0.08933698385953903
0.08911047130823135
0.08922983705997467
0.08903305977582932
0.08875614404678345
0.08913759887218475
0.08993230015039444
0.09055007249116898
0.09069457650184631
0.09120576828718185
0.09143810719251633
0.0915214791893959
0.0919141173362732
0.09219031035900116
0.09220287948846817
0.09209394454956055
0.0921766459941864
0.0917818695306778
0.09100311994552612
0.09045462310314178
0.08984599262475967
0.08919619023799896
0.08857926726341248
0.08865979313850403
0.08853752911090851
0.08833293616771698
0.08849544823169708
0.08837799727916718
0.08832000195980072
0.08891056478023529
0.08958544582128525
0.09006946533918381
0.09019187092781067
0.09062614291906357
0.09090378135442734
0.09152668714523315
0.092200368642807
0.09232769906520844
0.09276362508535385
0.0934840589761734
0.09355111420154572
0.09374532103538513
0.09397217631340027
0.09358721226453781
0.09344436973333359
0.09280450642108917
0.09196983277797699
0.09197411686182022
0.09148510545492172
0.09078043699264526
0.08980193734169006
0.0896272212266922
0.08920831978321075
0.08949504792690277
0.08957256376743317
0.08985766023397446
0.09016162157058716
0.09014565497636795
0.09029868245124817
0.09105776250362396
0.09142742305994034
0.09146887809038162
0.09160954505205154
0.09165678173303604
0.09234166890382767
0.09226053208112717
0.09268533438444138
0.09227336943149567
0.09264558553695679
0.0925755649805069
0.09258517622947693
0.09280943125486374
0.09235338866710663
0.09234446287155151
0.09210674464702606
0.09209174662828445
0.09217607229948044
0.09189236164093018
0.09145199507474899
0.09107542037963867
0.09145959466695786
0.09142959862947464
0.09123306721448898
0.09162851423025131
0.09153961390256882
0.09140724688768387
0.09138017892837524
0.09134114533662796
0.09139587730169296
0.09165551513433456
0.09183560311794281
0.09165244549512863
0.09160498529672623
0.09168116748332977
0.09128962457180023
0.0913873016834259
0.09165213257074356
0.0920257642865181
0.091792032122612
0.09239742159843445
0.09221284091472626
0.09228886663913727
0.0918298289179802
0.09249997138977051
0.09245520085096359
0.09282594919204712
0.09292566031217575
0.09325280785560608
0.0936322957277298
0.09382209181785583
0.09360305219888687
0.09394678473472595
0.09359832108020782
0.09336847811937332
0.09301123768091202
0.09276214987039566
0.0924571305513382
0.09179486334323883
0.09163881093263626
0.0912531390786171
0.09079758077859879
0.09121948480606079
0.091492660343647
0.09140866994857788
0.09147647768259048
0.09190523624420166
0.0924358144402504
0.09272871166467667
0.09314668923616409
0.09375995397567749
0.09430275857448578
0.09440308809280396
0.09481851011514664
0.09487395733594894
0.09434685111045837
0.09448295831680298
0.09447093307971954
0.09352752566337585
0.09342813491821289
0.09341864287853241
0.09230751544237137
0.09155582636594772
0.09114792197942734
0.09123726189136505
0.09130679070949554
0.09157425910234451
0.09128720313310623
0.09182526171207428
0.09230055660009384
0.09292269498109818
0.09312117099761963
0.09317824244499207
0.09353029727935791
0.09413174539804459
0.09475894272327423
0.0952380821108818
0.09527171403169632
0.09569065272808075
0.09585301578044891
0.09587685763835907
0.09573615342378616
0.09530982375144958
0.0947270393371582
0.09383471310138702
0.09302441030740738
0.09206300228834152
0.09181776642799377
0.0912979319691658
0.09150678664445877
0.09142909944057465
0.09212090075016022
0.09283946454524994
0.09348765760660172
0.09393109381198883
0.09398766607046127
0.09474729746580124
0.09474587440490723
0.09538537263870239
0.09596136212348938
0.09638181328773499
0.09675086289644241
0.09701474756002426
0.09685342013835907
0.09681207686662674
0.09682600200176239
0.09718403965234756
0.09702590107917786
0.09723050892353058
0.09706583619117737
0.09666456282138824
0.095377117395401
0.0937657430768013
0.09264793246984482
0.09117219597101212
0.09027695655822754
0.08938995003700256
0.0900103971362114
0.09060003608465195
0.09119872003793716
0.091948501765728
0.09232763200998306
0.09249595552682877
0.09326553344726562
0.09406322240829468
0.09474729746580124
0.09536059945821762
0.09577316790819168
0.09631600230932236
0.09682989120483398
0.09761795401573181
0.09764085710048676
0.09774036705493927
0.09793626517057419
0.09793753176927567
0.09837628901004791
0.09829042106866837
0.098075732588768
0.0981629267334938
0.09802085161209106
0.09771076589822769
0.09641697257757187
0.09489291906356812
0.09390489012002945
0.09265580028295517
0.09163583070039749
0.09119440615177155
0.09003376960754395
0.09010263532400131
0.09014717489480972
0.0909619852900505
0.09183874726295471
0.09222467243671417
0.09289371222257614
0.09340868890285492
0.09410074353218079
0.09475745260715485
0.09530053287744522
0.09581742435693741
0.0958341583609581
0.09626206755638123
0.09682058542966843
0.09714862704277039
0.09749309718608856
0.09815767407417297
0.09846470504999161
0.09910498559474945
0.09964992105960846
0.09952076524496078
0.09934891015291214
0.09942580759525299
0.09942557662725449
0.09890012443065643
0.09822724014520645
0.09696069359779358
0.09522909671068192
0.09453088045120239
0.09414733201265335
0.09309113025665283
0.09214872866868973
0.09175076335668564
0.09195153415203094
0.09263599663972855
0.09286397695541382
0.0931759625673294
0.09399432688951492
0.09441914409399033
0.09492543339729309
0.09561057388782501
0.09601828455924988
0.09682983160018921
0.09710230678319931
0.0973896011710167
0.09796527773141861
0.09823854267597198
0.09847265481948853
0.09875740110874176
0.09940796345472336
0.09962153434753418
0.0996207445859909
0.09917925298213959
0.09894179552793503
0.09949380904436111
0.09983545541763306
0.09910121560096741
0.09808112680912018
0.09703131020069122
0.09592241793870926
0.09539005905389786
0.0948353260755539
0.09412413090467453
0.0935242548584938
0.0935135930776596
0.09341834485530853
0.0940847173333168
0.0947926789522171
0.09499967843294144
0.09552001953125
0.09596991539001465
0.09666787832975388
0.097103551030159
0.09707140177488327
0.09756800532341003
0.09802909940481186
0.0985112413764
0.09854019433259964
0.0984438881278038
0.09910205751657486
0.09946069121360779
0.09994975477457047
0.09947173297405243
0.09975297003984451
0.0996377021074295
0.09946849197149277
0.09899761527776718
0.09898219257593155
0.09811754524707794
0.09732495993375778
0.09678520262241364
0.0960550457239151
0.09544145315885544
0.09486430138349533
0.09467639029026031
0.09448172152042389
0.09476199746131897
0.09504438191652298
0.09524184465408325
0.09652461856603622
0.09728362411260605
0.09728379547595978
0.09788546711206436
0.09818293899297714
0.09872760623693466
0.09885833412408829
0.09926886856555939
0.09925408661365509
0.09937030076980591
0.09989442676305771
0.09989223629236221
0.10017873346805573
0.10085240751504898
0.10030687600374222
0.10004542022943497
0.10001751035451889
0.09921594709157944
0.0982872024178505
0.0971602201461792
0.09634536504745483
0.09561394155025482
0.09492940455675125
0.09489988535642624
0.0947796180844307
0.09465456008911133
0.09441797435283661
0.0952896699309349
0.09568016231060028
0.09635737538337708
0.09712839126586914
0.09792676568031311
0.09845861792564392
0.0989694818854332
0.09937198460102081
0.09947197139263153
0.0997363030910492
0.09984561055898666
0.10007867962121964
0.10027684271335602
0.10046713799238205
0.10069044679403305
0.10118959099054337
0.10118890553712845
0.10071291029453278
0.10069393366575241
0.10039665549993515
0.09963914752006531
0.0986957773566246
0.09774225950241089
0.09652047604322433
0.0957580953836441
0.09497968852519989
0.09457851946353912
0.09401551634073257
0.09427890181541443
0.09467828273773193
0.09535093605518341
0.09546002000570297
0.09597498923540115
0.09616012871265411
0.09665101021528244
0.09723567962646484
0.09785297513008118
0.09798046201467514
0.09872008115053177
0.09866077452898026
0.09922784566879272
0.09977393597364426
0.10005813091993332
0.10038641840219498
0.10093586891889572
0.10099051892757416
0.10106481611728668
0.1009669303894043
0.10026798397302628
0.09959056973457336
0.09911003708839417
0.09823884069919586
0.09774161875247955
0.09713603556156158
0.09674514830112457
0.09593337029218674
0.09531370550394058
0.09502645581960678
0.09518485516309738
0.09581488370895386
0.09641961008310318
0.09755566716194153
0.09734933078289032
0.09840305149555206
0.09907041490077972
0.0992446094751358
0.09931016713380814
0.09962295740842819
0.09986692667007446
0.09998946636915207
0.10039089620113373
0.1007552519440651
0.10076318681240082
0.10046060383319855
0.1005520224571228
0.10077009350061417
0.10118015110492706
0.10122159123420715
0.10045886039733887
0.09961427003145218
0.09869814664125443
0.09772112965583801
0.09673889726400375
0.09581334888935089
0.09490985423326492
0.09462560713291168
0.09436436742544174
0.09471288323402405
0.0952848419547081
0.09570763260126114
0.09571907669305801
0.09627044200897217
0.09683714061975479
0.09744023531675339
0.09798483550548553
0.09832105785608292
0.09868742525577545
0.09934784471988678
0.09962210059165955
0.0999954491853714
0.1002410426735878
0.10068043321371078
0.10108792036771774
0.10128507763147354
0.1012108251452446
0.10053830593824387
0.1003706157207489
0.10018272697925568
0.09955284744501114
0.09869688749313354
0.09793121367692947
0.09704304486513138
0.09603020548820496
0.09576720744371414
0.09545653313398361
0.09533492475748062
0.09560395777225494
0.0963812991976738
0.09680920094251633
0.0975213572382927
0.09797089546918869
0.09825393557548523
0.09828681498765945
0.09881684929132462
0.09963861852884293
0.09983117133378983
0.10018137842416763
0.10064424574375153
0.10100267082452774
0.10140789300203323
0.1018199697136879
0.10178966075181961
0.10209225118160248
0.10210295766592026
0.10173284262418747
0.10052681714296341
0.09933590143918991
0.09830118715763092
0.09764493256807327
0.0969153642654419
0.09571408480405807
0.09536349773406982
0.09508059918880463
0.09571003168821335
0.09580320119857788
0.09636329859495163
0.09668353945016861
0.09753070026636124
0.09822557121515274
0.09907986968755722
0.09971646964550018
0.1002301424741745
0.10061722993850708
0.10127472132444382
0.10220873355865479
0.10267625749111176
0.10312207788228989
0.10318738967180252
0.10284508019685745
0.10223902016878128
0.10190656781196594
0.10106556117534637
0.10031069070100784
0.09950991719961166
0.09803256392478943
0.09749655425548553
0.09696496278047562
0.09637424349784851
0.09587544947862625
0.09624863415956497
0.09643422812223434
0.09667985141277313
0.09776555746793747
0.09807270020246506
0.09895569086074829
0.0996159017086029
0.09988095611333847
0.10070962458848953
0.10122570395469666
0.10144373029470444
0.10206222534179688
0.10212685167789459
0.10272318869829178
0.10267999023199081
0.10350409895181656
0.10372135788202286
0.10365686565637589
0.10321182757616043
0.10224486887454987
0.10102006047964096
0.10008513182401657
0.09858307242393494
0.09799852222204208
0.09680063277482986
0.09606557339429855
0.09544502943754196
0.09505567699670792
0.09505610167980194
0.09510485082864761
0.0954669937491417
0.09650875627994537
0.09771555662155151
0.09812279790639877
0.09903113543987274
0.09959466755390167
0.10021921992301941
0.10043537616729736
0.10113438218832016
0.10197453945875168
0.1022619977593422
0.10244142264127731
0.10224781930446625
0.10276820510625839
0.10307037085294724
0.10357677936553955
0.10383086651563644
0.10395219922065735
0.10418270528316498
0.10388357937335968
0.10313812643289566
0.10204602032899857
0.10124535113573074
0.1003086045384407
0.09953084588050842
0.09848443418741226
0.09779120981693268
0.097101129591465
0.09617450088262558
0.09620953351259232
0.09659465402364731
0.09705933183431625
0.09776071459054947
0.09858546406030655
0.09911312907934189
0.10004179924726486
0.10037454962730408
0.10140357911586761
0.10206006467342377
0.10302411764860153
0.10297531634569168
0.10325490683317184
0.10334416478872299
0.10380725562572479
0.1038421243429184
0.10370052605867386
0.10395148396492004
0.10414758324623108
0.10372065007686615
0.10307637602090836
0.1019785925745964
0.10138329118490219
0.10035444796085358
0.09938471019268036
0.09841610491275787
0.09742195904254913
0.097730353474617
0.09754593670368195
0.09746483713388443
0.09821102768182755
0.09919580817222595
0.09991911053657532
0.10030756890773773
0.10041320323944092
0.10168042033910751
0.1019613966345787
0.10241064429283142
0.10254999250173569
0.10297228395938873
0.10337929427623749
0.10326800495386124
0.103797547519207
0.10425339639186859
