0.0587928369641304
0.0558997318148613
0.05583195760846138
0.055708032101392746
0.05547470599412918
0.05528905242681503
0.055111613124608994
0.055034685879945755
0.054992809891700745
0.05492662638425827
0.054916735738515854
0.05485157668590546
0.054766956716775894
0.05463777855038643
0.05450445041060448
0.05415041744709015
0.05384986102581024
0.05346979200839996
0.05306810513138771
0.05281788110733032
0.05244685336947441
0.05213432386517525
0.05185960605740547
0.05167250335216522
0.05133775994181633
0.051154475659132004
0.051015518605709076
0.0508752316236496
0.050822317600250244
0.05081915110349655
0.05087124928832054
0.05090569332242012
0.05082886293530464
0.050834886729717255
0.05090763792395592
0.050972502678632736
0.050977785140275955
0.05100415274500847
0.050886012613773346
0.0506393127143383
0.05040237307548523
0.050215430557727814
0.050016000866889954
0.049982812255620956
0.04986104369163513
0.04978317394852638
0.04959584400057793
0.049551527947187424
0.04947769641876221
0.049456559121608734
0.04944205656647682
0.04941198229789734
0.049435243010520935
0.049559108912944794
0.04943808168172836
0.049353256821632385
0.049411673098802567
0.04948399215936661
0.04949304461479187
0.049517422914505005
0.04950461536645889
0.04933701828122139
0.04923384264111519
0.049142107367515564
0.04911305010318756
0.048991527408361435
0.048969417810440063
0.04889391362667084
0.048736851662397385
0.04876173287630081
0.04876723513007164
0.0487973652780056
0.04888218268752098
0.048744022846221924
0.0487235002219677
0.04869319126009941
0.04872317239642143
0.0487024262547493
0.0486491434276104
0.04850204661488533
0.048559460788965225
0.04850170016288757
0.04852063208818436
0.048684097826480865
0.048626527190208435
0.048512425273656845
0.04860491305589676
0.048439960926771164
0.04839959368109703
0.04837633669376373
0.048393744975328445
0.048551127314567566
0.04848916828632355
0.0485280379652977
0.04849458858370781
0.048419952392578125
0.04872175306081772
0.048675231635570526
0.0487029142677784
0.048859648406505585
0.04881255701184273
0.04900169372558594
0.048997603356838226
0.04903474450111389
0.04901240020990372
0.049114570021629333
0.04910661652684212
0.04903208464384079
0.04897775128483772
0.04886846989393234
0.04900684207677841
0.04908422380685806
0.04896528273820877
0.04895997792482376
0.04907635971903801
0.049088168889284134
0.049087487161159515
0.04897245392203331
0.04902422055602074
0.04917867109179497
0.049078233540058136
0.04900359734892845
0.0489097461104393
0.048705145716667175
0.048683952540159225
0.04863829165697098
0.04884114861488342
0.04894430190324783
0.04895925149321556
0.04905069246888161
0.049169041216373444
0.049253109842538834
0.049135904759168625
0.04896754026412964
0.04890146106481552
0.04881651699542999
0.04876485466957092
0.04885340854525566
0.048960838466882706
0.04897669330239296
0.04895663261413574
0.04907390847802162
0.048986855894327164
0.049054354429244995
0.04932618513703346
0.049360282719135284
0.0491177923977375
0.04926956072449684
0.049399349838495255
0.04926598072052002
0.04923344403505325
0.04915829002857208
0.04888363182544708
0.04898984730243683
0.04894839599728584
0.048818908631801605
0.04894823953509331
0.04902657866477966
0.04894384741783142
0.04916566610336304
0.04923984035849571
0.04923905432224274
0.04917505756020546
0.04927879571914673
0.049258798360824585
0.04929801821708679
0.0493139810860157
0.049312859773635864
0.0493956096470356
0.04942452907562256
0.04955447465181351
0.04940447583794594
0.049606915563344955
0.04951979219913483
0.04954972863197327
0.049356859177351
0.04926033690571785
0.049360983073711395
0.049474768340587616
0.04946364834904671
0.049475137144327164
0.049486078321933746
0.049350399523973465
0.04933026060461998
0.04933770000934601
0.0493171401321888
0.04942585900425911
0.04945778846740723
0.0495310053229332
0.04948113486170769
0.049375008791685104
0.049458205699920654
0.0495329350233078
0.04954630509018898
0.04955805465579033
0.04966776818037033
0.04965586960315704
0.0497228167951107
0.049561455845832825
0.04965096712112427
0.04977978765964508
0.04978246986865997
0.049823831766843796
0.04970456287264824
0.04979739338159561
0.04996884986758232
0.04986753687262535
0.04987359791994095
0.049982111901044846
0.049806833267211914
0.0498725064098835
0.049597810953855515
0.049621064215898514
0.04964956268668175
0.04968791827559471
0.04978194460272789
0.04992946982383728
0.05000485107302666
0.049888692796230316
0.049848657101392746
0.04986083135008812
0.0499127060174942
0.04992949590086937
0.05004230514168739
0.050119154155254364
0.050289735198020935
0.05033835768699646
0.05045241490006447
0.05038892850279808
0.05048937350511551
0.05026860162615776
0.050310369580984116
0.05024334043264389
0.05030683055520058
0.05014490336179733
0.05013718456029892
0.050114963203668594
0.05002600699663162
0.04999726638197899
0.04992550238966942
0.04985134303569794
0.04981920123100281
0.04954221844673157
0.04952546954154968
0.04964376240968704
0.04962880164384842
0.04964893311262131
0.049399323761463165
0.049309033900499344
0.04921815171837807
0.049091000109910965
0.04917115718126297
0.0491098053753376
0.04890912398695946
0.04894128814339638
0.048764489591121674
0.04877369478344917
0.048602353781461716
0.048521511256694794
0.048669565469026566
0.048691242933273315
0.04848562553524971
0.04840466007590294
0.0482923798263073
0.048465337604284286
0.04857960343360901
0.04860146716237068
0.04869690537452698
0.04861154407262802
0.0484633669257164
0.048363376408815384
0.04844386875629425
0.048382360488176346
0.04833734408020973
0.048481084406375885
0.04864981770515442
0.04868275299668312
0.048826914280653
0.04874388128519058
0.0486207939684391
0.048631779849529266
0.04864612966775894
0.048558592796325684
0.04851134493947029
0.04840303584933281
0.0483950711786747
0.04839647561311722
0.04834990203380585
0.04831063747406006
0.04834900051355362
0.048152633011341095
0.04795221611857414
0.04789144545793533
0.04775086045265198
0.04766421020030975
0.04747256636619568
0.04735463112592697
0.04721565917134285
0.046942614018917084
0.04687418416142464
0.04671530798077583
0.0466410331428051
0.04639049619436264
0.04641210287809372
0.04615012928843498
0.04601738974452019
0.04600761458277702
0.04590174928307533
0.046026162803173065
0.04591654986143112
0.045800987631082535
0.04578219726681709
0.045861344784498215
0.04587290436029434
0.045929841697216034
0.04600311070680618
0.0459764190018177
0.04597136750817299
0.046040359884500504
0.046063076704740524
0.04610691964626312
0.04606145992875099
0.04619092866778374
0.04631197452545166
0.04623682424426079
0.04633171856403351
0.04642338305711746
0.04652995616197586
0.046533629298210144
0.04655022919178009
0.0463833324611187
0.04631414636969566
0.04614686220884323
0.04578258469700813
0.04562542214989662
0.045444607734680176
0.04515386372804642
0.04494868218898773
0.04476628452539444
0.04464113712310791
0.04442804306745529
0.044256046414375305
0.044030699878931046
0.04377545043826103
0.043661102652549744
0.0434582345187664
0.04328495264053345
0.04336008429527283
0.04327734187245369
0.04320595785975456
0.04323134198784828
0.04329320415854454
0.0432436428964138
0.043282609432935715
0.0434468537569046
0.04358522593975067
0.04375500977039337
0.043987538665533066
0.044050831347703934
0.04408881440758705
0.04406438395380974
0.04414621740579605
0.04417797178030014
0.04422092065215111
0.044096942991018295
0.04420744627714157
0.044078338891267776
0.04414514824748039
0.04410005360841751
0.04408261552453041
0.04400505870580673
0.043777946382761
0.0437215231359005
0.043487582355737686
0.043205879628658295
0.04293796047568321
0.042807918041944504
0.04263492301106453
0.0424419641494751
0.04243430495262146
0.042224202305078506
0.04207097738981247
0.0419328473508358
0.04199806973338127
0.0420650951564312
0.0418771468102932
0.04182801395654678
0.04175344854593277
0.04173649847507477
0.041603025048971176
0.04172986373305321
0.04175608605146408
0.041872914880514145
0.04179678484797478
0.04166102409362793
0.04172387719154358
0.041858091950416565
0.04181338846683502
0.04182551056146622
0.041796017438173294
0.04192632809281349
0.041930146515369415
0.04188757762312889
0.04188692942261696
0.041936781257390976
0.041915830224752426
0.041808970272541046
0.04180867224931717
0.04172398895025253
0.041595328599214554
0.041391320526599884
0.04134465754032135
0.041228778660297394
0.041051868349313736
0.0408497080206871
0.04081274941563606
0.04081938415765762
0.04087622091174126
0.0408431813120842
0.040811676532030106
0.04064042866230011
0.04058939218521118
0.0405905619263649
0.04053773730993271
0.040521953254938126
0.0405099131166935
0.04058926925063133
0.04058276116847992
0.04047710821032524
0.04036229848861694
0.04036727547645569
0.04045865312218666
0.04049304872751236
0.04045836627483368
0.04036417230963707
0.040359657257795334
0.04037736728787422
0.04043086990714073
0.040434710681438446
0.04052431136369705
0.040588073432445526
0.040634188801050186
0.04074636101722717
0.040638115257024765
0.040682923048734665
0.04067135602235794
0.040602926164865494
0.04051293805241585
0.0404951386153698
0.040411628782749176
0.0403742678463459
0.040308352559804916
0.04017601162195206
0.04008001089096069
0.04012041166424751
0.0400567464530468
0.039939481765031815
0.03992898017168045
0.03994602710008621
0.04001884534955025
0.039930231869220734
0.039960503578186035
0.03989152982831001
0.039846763014793396
0.03995325788855553
0.04009024426341057
0.04013923555612564
0.04015817493200302
0.040198154747486115
0.040272656828165054
0.040402211248874664
0.040413402020931244
0.040451548993587494
0.04045545309782028
0.04049161076545715
0.04051323980093002
0.040490083396434784
0.04036541283130646
0.040286023169755936
0.04012385010719299
0.040096864104270935
0.03997320309281349
0.03998248651623726
0.03999282047152519
0.03990516439080238
0.0398101843893528
0.03970184177160263
0.03966662287712097
0.039545051753520966
0.039436426013708115
0.039394695311784744
0.03937993198633194
0.039299942553043365
0.03931528329849243
0.03922506049275398
0.039329420775175095
0.03938334807753563
0.039354097098112106
0.03941427543759346
0.039513636380434036
0.039532218128442764
0.0396479070186615
0.03978842496871948
0.039952006191015244
0.04003894701600075
0.0402892529964447
0.04039466753602028
0.04060493782162666
0.04058121517300606
0.04053867980837822
0.04060518741607666
0.040545642375946045
0.040341731160879135
0.04024679586291313
0.04034833610057831
0.04024893045425415
0.04024812951683998
0.04039241001009941
0.040457889437675476
0.04042390361428261
0.04053501412272453
0.04050079360604286
0.04047435149550438
0.04041934758424759
0.04042666032910347
0.0403471365571022
0.040214985609054565
0.04025959223508835
0.04016377404332161
0.040238071233034134
0.04028502106666565
0.04028668627142906
0.040455251932144165
0.040453072637319565
0.04044809564948082
0.040389884263277054
0.040454525500535965
0.040430329740047455
0.04045973718166351
0.040383480489254
0.04052911326289177
0.04054557532072067
0.04057484492659569
0.040633831173181534
0.0407232902944088
0.04073718190193176
0.040713388472795486
0.040706049650907516
0.04080861061811447
0.04085284098982811
0.040832821279764175
0.04071678966283798
0.04074953868985176
0.04086540266871452
0.04094215855002403
0.0410001277923584
0.04101959243416786
0.041050635278224945
0.04108329489827156
0.04112663492560387
0.041170164942741394
0.04139739274978638
0.0413447730243206
0.041332609951496124
0.041433028876781464
0.041459813714027405
0.041534099727869034
0.04147229343652725
0.041458819061517715
0.04139510914683342
0.04114953801035881
0.04113861173391342
0.04110700264573097
0.040974996984004974
0.04086817055940628
0.04083048924803734
0.04078689590096474
0.04072112962603569
0.0405963733792305
0.04061252623796463
0.04056554660201073
0.04063350707292557
0.040662456303834915
0.040527570992708206
0.040512118488550186
0.04034645855426788
0.040291447192430496
0.0403207391500473
0.04047338664531708
0.04046430066227913
0.040432244539260864
0.04051446169614792
0.040635690093040466
0.04070049151778221
0.040909454226493835
0.040981028228998184
0.04117584228515625
0.04119601473212242
0.041297927498817444
0.04130731150507927
0.04115692153573036
0.0409720353782177
0.0407787524163723
0.04077679291367531
0.04061130806803703
0.040457919239997864
0.040363721549510956
0.04030057415366173
0.04010491073131561
0.04013838991522789
0.040096160024404526
0.04017295315861702
0.040305934846401215
0.04047880321741104
0.04064087197184563
0.040761787444353104
0.040787164121866226
0.040927495807409286
0.04099584370851517
0.04089745134115219
0.040967151522636414
0.04106272757053375
0.04115257039666176
0.04117082431912422
0.04113294556736946
0.041103243827819824
0.04096119478344917
0.04109915718436241
0.04098670184612274
0.04098263755440712
0.04089248552918434
0.04069996997714043
0.040641870349645615
0.04073229059576988
0.0407463014125824
0.040993861854076385
0.0412248894572258
0.04135008156299591
0.04159336909651756
0.04180816933512688
0.04179909825325012
0.04186089709401131
0.041606951504945755
0.041550107300281525
0.041404709219932556
0.04135029390454292
0.04128754138946533
0.04122072458267212
0.041077323257923126
0.04104643315076828
0.04107564687728882
0.04115540161728859
0.040964994579553604
0.04087258502840996
0.04072476550936699
0.040880873799324036
0.041129689663648605
0.04101400449872017
0.041113466024398804
0.04098435863852501
0.041023656725883484
0.04106251522898674
0.04116761311888695
0.04127749428153038
0.0412294864654541
0.041401464492082596
0.04144834354519844
0.04145226255059242
0.04145042225718498
0.041546836495399475
0.04155049845576286
0.041522491723299026
0.041477445513010025
0.04157843068242073
0.04173935577273369
0.04169967770576477
0.041847798973321915
0.04183456301689148
0.04163706675171852
0.04165476933121681
0.04166877269744873
0.04177891090512276
0.0418582446873188
0.04200267046689987
0.04204319044947624
0.042124684900045395
0.04207710921764374
0.042162247002124786
0.04228275269269943
0.04222534969449043
0.04222472757101059
0.042295992374420166
0.04247361049056053
0.04211005941033363
0.0420554019510746
0.041858140379190445
0.04190320894122124
0.04171419143676758
0.04185311868786812
0.04186099395155907
0.0420231893658638
0.04211752116680145
0.042365290224552155
0.04265601187944412
0.04271722957491875
0.042869992554187775
0.042915429919958115
0.04320678859949112
0.04319446533918381
0.04304712638258934
0.043104980140924454
0.04289048910140991
0.042747579514980316
0.042674191296100616
0.04238102585077286
0.04227836802601814
0.04216139763593674
0.042089108377695084
0.04196636751294136
0.04182157665491104
0.042032528668642044
0.04208124428987503
0.04224452003836632
0.042319681495428085
0.042449697852134705
0.042475271970033646
0.04261314496397972
0.04283898323774338
0.042863085865974426
0.042557187378406525
0.04265746846795082
0.04261147230863571
0.04239721596240997
0.042281802743673325
0.042093001306056976
0.04219525679945946
0.04227347671985626
0.04226664826273918
0.04224368929862976
0.04228373244404793
0.042519453912973404
0.042682845145463943
0.04265521466732025
0.042862772941589355
0.04274837300181389
0.04290474206209183
0.042900726199150085
0.04295284301042557
0.04276527836918831
0.04288221150636673
0.04284428060054779
0.04277312383055687
0.042888328433036804
0.04299062862992287
0.0430012047290802
0.042936570942401886
0.04303808510303497
0.04306041821837425
0.043000929057598114
0.042983368039131165
0.04318918287754059
0.04320243000984192
0.043225061148405075
0.04320751130580902
0.0431588739156723
0.04332514852285385
0.04351489990949631
0.043555352836847305
0.043713293969631195
0.04360785707831383
0.04380107671022415
0.04392649233341217
0.04409771412611008
0.044023770838975906
0.0439704954624176
0.044145043939352036
0.04423889145255089
0.04407985880970955
0.04413605481386185
0.04411890357732773
0.04407110437750816
0.04413921758532524
0.04411882534623146
0.044211845844984055
0.04416871815919876
0.044111937284469604
0.04402764514088631
0.04398456588387489
0.0439283512532711
0.04378698393702507
0.0436464287340641
0.043751060962677
0.043614547699689865
0.04386908933520317
0.043936554342508316
0.04396463558077812
0.044077999889850616
0.043760430067777634
0.04365555942058563
0.04371996223926544
0.043974339962005615
0.044166091829538345
0.04415666684508324
0.04421774297952652
0.04444167762994766
0.04455919936299324
0.04465675354003906
0.0447210893034935
0.04480398818850517
0.044677164405584335
0.04471858590841293
0.04478571191430092
0.044842153787612915
0.04487418010830879
0.04500926658511162
0.045221056789159775
0.045338887721300125
0.045229148119688034
0.04541655629873276
0.04564189165830612
0.04581340402364731
0.0458795391023159
0.04566014185547829
0.04545310139656067
0.04544307664036751
0.045372460037469864
0.04529862105846405
0.04536167159676552
0.045462679117918015
0.04546624422073364
0.04548783227801323
0.045509517192840576
0.0453348271548748
0.04541463032364845
0.04552244767546654
0.04542012885212898
0.04549860209226608
0.04561106860637665
0.045621130615472794
0.045509275048971176
0.045555729418992996
0.04567917808890343
0.045867692679166794
0.046262554824352264
0.04641969874501228
0.04677936062216759
0.04680808633565903
0.04682881757616997
0.046739280223846436
0.04692717641592026
0.046903979033231735
0.04700237140059471
0.04688499495387077
0.0469355583190918
0.04679976403713226
0.046843092888593674
0.04673068970441818
0.046638574451208115
0.04657603055238724
0.046455156058073044
0.04641420766711235
0.04634258523583412
0.04639352485537529
0.04640217125415802
0.04632116109132767
0.046171195805072784
0.04627849906682968
0.0464896485209465
0.04672412574291229
0.046901777386665344
0.04686303436756134
0.04715661704540253
0.04712718725204468
0.047055210918188095
0.0472712367773056
0.04747271165251732
0.047451943159103394
0.047493066638708115
0.04764340817928314
0.04766813665628433
0.047754935920238495
0.047409653663635254
0.047492172569036484
0.0474034883081913
0.047356199473142624
0.047482483088970184
0.04751906916499138
0.047490328550338745
0.04761692136526108
0.047515831887722015
0.04773138463497162
0.047758568078279495
0.04749830439686775
0.04753842204809189
0.04766363650560379
0.04737680405378342
0.047744281589984894
0.04801619425415993
0.04799070209264755
0.0480254627764225
0.048035457730293274
0.04797535389661789
0.04797183349728584
0.047979842871427536
0.04804403707385063
0.047947678714990616
0.048148032277822495
0.048708416521549225
0.04884938523173332
0.04921059310436249
0.049211326986551285
0.049073703587055206
0.04908546805381775
0.049019817262887955
0.04880857467651367
0.04865969717502594
0.048702459782361984
0.04844537004828453
0.04841334745287895
0.048306260257959366
0.04805890470743179
0.048004936426877975
0.04798141494393349
0.04825298488140106
0.04842569679021835
0.04859720915555954
0.04864678904414177
0.04849338158965111
0.04875804856419563
0.048831794410943985
0.04929710179567337
0.04927847906947136
0.049378566443920135
0.04941703751683235
0.04949857294559479
0.04964808374643326
0.049654535949230194
0.04958759993314743
0.049452971667051315
0.04952094331383705
0.049619898200035095
0.04956144094467163
0.049363914877176285
0.049472782760858536
0.04957692697644234
0.049491997808218
0.04954881593585014
0.049492791295051575
0.049588486552238464
0.0497102290391922
0.049749262630939484
0.049863915890455246
0.049953486770391464
0.05006236582994461
0.04987534135580063
0.05015469714999199
0.050034526735544205
0.05000736191868782
0.05007664114236832
0.049914777278900146
0.049949418753385544
0.050170209258794785
0.0501105822622776
0.050183266401290894
0.050122424960136414
0.050240520387887955
0.05021808668971062
0.050345201045274734
0.05033525079488754
0.05041885748505592
0.050348926335573196
0.050341252237558365
0.05039098486304283
0.050561144948005676
0.05041898041963577
0.05032750219106674
0.049988988786935806
0.05004946142435074
0.05028720200061798
0.05044558271765709
0.05075450986623764
0.05094219371676445
0.05128186196088791
0.05122138932347298
0.05135149508714676
0.05127007141709328
0.051612138748168945
0.05196981504559517
0.0521404929459095
0.0522419698536396
0.05227549001574516
0.052071213722229004
0.05178098380565643
0.05151339992880821
0.051505424082279205
0.051617152988910675
0.051114272326231
0.05118182674050331
0.05089610442519188
0.05114645138382912
0.05090251937508583
0.050849638879299164
0.050813790410757065
0.05102841183543205
0.05130311846733093
0.05142512172460556
0.051599446684122086
0.051693741232156754
0.051779624074697495
0.05198107659816742
0.05192695930600166
0.052048210054636
0.05211307480931282
0.05231097713112831
0.05251162499189377
0.05240176245570183
0.05232785642147064
0.052142832428216934
0.051830440759658813
0.051787231117486954
0.051975052803754807
0.05221803858876228
0.05231090262532234
0.0523812398314476
0.05267642065882683
0.052568722516298294
0.05277024209499359
0.05282885208725929
0.05260692909359932
0.05265284329652786
0.052717942744493484
0.052646808326244354
0.05302010476589203
0.05294755846261978
0.05300668627023697
0.05319596827030182
0.0531720370054245
0.053071215748786926
0.05310196802020073
0.052991218864917755
0.05293945223093033
0.053091201931238174
0.05307234823703766
0.052873395383358
0.053062207996845245
0.053211454302072525
0.05305345728993416
0.052876584231853485
0.05291980132460594
0.05290304124355316
0.052788399159908295
0.05290799215435982
0.05280374363064766
0.052778199315071106
0.05310005694627762
0.053215350955724716
0.053309597074985504
0.053241923451423645
0.05340459197759628
0.05342601612210274
0.05348062142729759
0.053778376430273056
0.05404703691601753
0.054154057055711746
0.05420266464352608
0.05415411666035652
0.05426640063524246
0.05416850373148918
0.05438999459147453
0.054566726088523865
0.054489243775606155
0.05456327274441719
0.05446724593639374
0.05443072319030762
0.05435144528746605
0.05439017340540886
0.05450090765953064
0.054506126791238785
0.05452747642993927
0.05436347424983978
0.05415283143520355
0.05448107048869133
0.05460640415549278
0.054498255252838135
0.05446229875087738
0.05436293035745621
0.05424514040350914
0.05434832349419594
0.05441060662269592
0.054410409182310104
0.054491158574819565
0.05461783707141876
0.05468550696969032
0.05463584139943123
0.05454573035240173
0.054287139326334
0.054634105414152145
0.05491294711828232
0.05490601435303688
0.054988812655210495
0.05534357577562332
0.055429890751838684
0.055571336299180984
0.05556119233369827
0.05570926144719124
0.055563557893037796
0.05576204136013985
0.05586479976773262
0.0556408055126667
0.05561407655477524
0.05577011778950691
0.05579386651515961
0.055868618190288544
0.055694956332445145
0.05568290129303932
0.05570116639137268
0.05536322668194771
0.05544205754995346
0.05566496029496193
0.05598828196525574
0.056233640760183334
0.056045688688755035
0.05618181824684143
0.056153375655412674
0.056009504944086075
0.05596505105495453
0.05630740523338318
0.05676279962062836
0.05686429515480995
0.05702575668692589
0.05706079304218292
0.056917715817689896
0.05702851712703705
0.05699896067380905
0.057006705552339554
0.05674416571855545
0.056598812341690063
0.05668570473790169
0.05660165846347809
0.05667378380894661
0.056762661784887314
0.056754108518362045
0.05657205358147621
0.0567413866519928
0.056721579283475876
0.05684203654527664
0.056765373796224594
0.056912124156951904
0.0572873055934906
0.05749824643135071
0.05770101770758629
0.05757290497422218
0.05762448161840439
0.057923249900341034
0.0583978109061718
0.0581962913274765
0.057850420475006104
0.057646654546260834
0.05775703117251396
0.05801146849989891
0.05806460231542587
0.05803690478205681
0.058359503746032715
0.05821940302848816
0.05797889083623886
0.05855272337794304
0.058836184442043304
0.05880836397409439
0.05881408601999283
0.0588035024702549
0.05880218744277954
0.05892819166183472
0.058765482157468796
0.05898187309503555
0.059239886701107025
0.05909479409456253
0.059206996113061905
0.05927249789237976
0.05917046591639519
0.05887911841273308
0.05892995372414589
0.05868227779865265
0.058873500674963
0.05883068963885307
0.05896078050136566
0.059152502566576004
0.05939270183444023
0.05941275507211685
0.05973033607006073
0.05989329144358635
0.059818144887685776
0.05951302498579025
0.05952419713139534
0.05989673733711243
0.06022833660244942
0.06047872453927994
0.06038286164402962
0.06033605337142944
0.060247864574193954
0.06010161340236664
0.06009145826101303
0.06039199233055115
0.060611702501773834
0.06070190295577049
0.06088928505778313
0.06097142770886421
0.06075766310095787
0.06069309264421463
0.06088893115520477
0.06078759580850601
0.060801200568675995
0.060634251683950424
0.06062701717019081
0.06016337499022484
0.060181744396686554
0.06040631979703903
0.060344237834215164
0.060602281242609024
0.06069553643465042
0.061061229556798935
0.06092667207121849
0.06108441203832626
0.0612894706428051
0.061340074986219406
0.06151781603693962
0.06158459931612015
0.061615586280822754
0.061588354408741
0.0611349456012249
0.06107313930988312
0.0611218586564064
0.06104689836502075
0.06114431470632553
0.0611109733581543
0.06139817461371422
0.061523064970970154
0.06157008931040764
0.06114364042878151
0.061199333518743515
0.061639007180929184
0.06189645454287529
0.06179949268698692
0.06184980273246765
0.06217990443110466
0.06214480102062225
0.06218227371573448
0.062172599136829376
0.062127694487571716
0.06208344176411629
0.06201034411787987
0.06198149174451828
0.062125660479068756
0.06211916357278824
0.0622858926653862
0.06254595518112183
0.06301725655794144
0.06315433233976364
0.06335651129484177
0.06350653618574142
0.0632077232003212
0.06311497837305069
0.06303852051496506
0.06316759437322617
0.06322276592254639
0.06342005729675293
0.06344229727983475
0.06356339156627655
0.06366927921772003
0.06369003653526306
0.06345608085393906
0.06334324926137924
0.06353404372930527
0.06325419247150421
0.06344826519489288
0.0635296106338501
0.06359141319990158
0.06372564285993576
0.06375233083963394
0.06370991468429565
0.06355703622102737
0.06352502852678299
0.06365086883306503
0.0637754425406456
0.06376589834690094
0.06372708827257156
0.06383072584867477
0.06371520459651947
0.06409798562526703
0.06456596404314041
0.06466077268123627
0.06465844064950943
0.06441153585910797
0.0641847625374794
0.0643363744020462
0.06499074399471283
0.06517823785543442
0.0651378333568573
0.06522946804761887
0.06488680094480515
0.06472538411617279
0.06445104628801346
0.06449564546346664
0.06471724063158035
0.06486067175865173
0.06482119113206863
0.0649251863360405
0.06512957066297531
0.06521029025316238
0.06515802443027496
0.06531690806150436
0.06533419340848923
0.06555444747209549
0.06589673459529877
0.06588703393936157
0.06559574604034424
0.06540432572364807
0.06520606577396393
0.06556457281112671
0.0655980110168457
0.06574748456478119
0.06631460785865784
0.0664166659116745
0.06656906008720398
0.06677091866731644
0.06671132147312164
0.06636718660593033
0.0663139820098877
0.06624218076467514
0.06626303493976593
0.06653115898370743
0.06644472479820251
0.06657576560974121
0.06648508459329605
0.06668630242347717
0.06670824438333511
0.06680295616388321
0.06712768971920013
0.06685525178909302
0.06710121035575867
0.06687521934509277
0.06690475344657898
0.06664122641086578
0.06672745198011398
0.06681635230779648
0.06656435877084732
0.06671980023384094
0.06656156480312347
0.06659639626741409
0.06674976646900177
0.06716018915176392
0.06736541539430618
0.06739047914743423
0.0675044134259224
0.0674162209033966
0.06767107546329498
0.06783705204725266
0.06796235591173172
0.06805618107318878
0.06811677664518356
0.06827230751514435
0.06813322007656097
0.06808878481388092
0.0682063102722168
0.06816647201776505
0.06813858449459076
0.06829576194286346
0.06840992718935013
0.06854360550642014
0.06850063055753708
0.06831352412700653
0.06823516637086868
0.06836086511611938
0.06849026679992676
0.06895355880260468
0.06927859038114548
0.0693194717168808
0.06962532550096512
0.06956380605697632
0.06987867504358292
0.07003739476203918
0.06977266818284988
0.06974491477012634
0.06976870447397232
0.06982732564210892
0.06980320066213608
0.06970494240522385
0.06993559002876282
0.06992684304714203
0.06970251351594925
0.06959958374500275
0.06980706006288528
0.06966067105531693
0.06983773410320282
0.0695875957608223
0.06911086291074753
0.06935884058475494
0.06932473927736282
0.06950455904006958
0.06982316821813583
0.06988126784563065
0.07010169327259064
0.07038046419620514
0.07032163441181183
0.07059427350759506
0.070672906935215
0.07048993557691574
0.07060353457927704
0.0705852285027504
0.07080569118261337
0.07099633663892746
0.0714389979839325
0.0719791054725647
0.07166238129138947
0.07145030051469803
0.07170584052801132
0.07181904464960098
0.071828193962574
0.0715857595205307
0.07156258821487427
0.07148527354001999
0.07154470682144165
0.07177155464887619
0.07211282104253769
0.07243309915065765
0.07245218753814697
0.07245708256959915
0.07235077768564224
0.07211451977491379
0.07224160432815552
0.07238900661468506
0.07192744314670563
0.07203574478626251
0.07215616852045059
0.07230160385370255
0.07218127697706223
0.07214467227458954
0.07223434001207352
0.07206525653600693
0.07211162149906158
0.07218615710735321
0.07216205447912216
0.07205496728420258
0.07213889062404633
0.07230715453624725
0.07237368077039719
0.07225306332111359
0.07228755950927734
0.07266915589570999
0.07271590828895569
0.07251346111297607
0.07269223779439926
0.07279880344867706
0.07264196127653122
0.07268577814102173
0.0726207047700882
0.0724552720785141
0.07228751480579376
0.07218580693006516
0.07225020229816437
0.07256461679935455
0.07276719808578491
0.07304593175649643
0.07345394045114517
0.07351550459861755
0.07347217947244644
0.0735924020409584
0.07359125465154648
0.07379332184791565
0.07375342398881912
0.07391545176506042
0.07381506264209747
0.0736553817987442
0.07348304241895676
0.0736224502325058
0.07369362562894821
0.07379508018493652
0.07369612902402878
0.0739213079214096
0.07420984655618668
0.0740937665104866
0.07442203164100647
0.07452475279569626
0.07432212680578232
0.07430888712406158
0.07458320260047913
0.07453296333551407
0.07458768784999847
0.07474929094314575
0.07503729313611984
0.07542884349822998
0.07576180249452591
0.07566572725772858
0.07554470747709274
0.07553240656852722
0.07563000917434692
0.07548394799232483
0.07523011416196823
0.0752640888094902
0.0753495916724205
0.07507605105638504
0.07538371533155441
0.0753718912601471
0.07523886859416962
0.07536757737398148
0.07523707300424576
0.07576137036085129
0.07588757574558258
0.07608458399772644
0.07608286291360855
0.0762113705277443
0.07641542702913284
0.07650434970855713
0.0766916275024414
0.07659900188446045
0.07678871601819992
0.07657512277364731
0.07665915042161942
0.0764402225613594
0.07632806152105331
0.0764329582452774
0.0765351876616478
0.07651510089635849
0.07647871226072311
0.07645580172538757
0.07613325119018555
0.0766344889998436
0.076738141477108
0.07678891718387604
0.07701766490936279
0.07676545530557632
0.07696636766195297
0.07721972465515137
0.07747190445661545
0.07747629284858704
0.0774366706609726
0.077422134578228
0.07739856094121933
0.07760529220104218
0.07768580317497253
0.07787462323904037
0.0779792070388794
0.07829095423221588
0.07811500877141953
0.07801372557878494
0.07801558077335358
0.07773584872484207
0.07733543962240219
0.07767926901578903
0.07828392833471298
0.0783693790435791
0.07826206088066101
0.0782313123345375
0.07829703390598297
0.07795345038175583
0.07769637554883957
0.0777854397892952
0.07751145213842392
0.07773584872484207
0.07775510847568512
0.07778400927782059
0.07797493040561676
0.07800306379795074
0.07777301967144012
0.07763611525297165
0.07746827602386475
0.07785195857286453
0.07816031575202942
0.07839185744524002
0.07837570458650589
0.07851284742355347
0.07851356267929077
0.07875880599021912
0.07868972420692444
0.07870981097221375
0.07892753183841705
0.07913792133331299
0.0793302059173584
0.07957008481025696
0.07970845699310303
0.07955121994018555
0.07972579449415207
0.07989374548196793
0.08000616729259491
0.07961713522672653
0.0794074758887291
0.0797140896320343
0.07937725633382797
0.07894784957170486
0.0789213627576828
0.07888316363096237
0.07926910370588303
0.0791003480553627
0.07895233482122421
0.07922358065843582
0.07919521629810333
0.07956913858652115
0.0801258236169815
0.07992105931043625
0.08061745017766953
0.08059356361627579
0.0805734172463417
0.08060241490602493
0.08052009344100952
0.08059154450893402
0.08083862066268921
0.08067793399095535
0.08070497959852219
0.08080602437257767
0.08117133378982544
0.08118949830532074
0.08143630623817444
0.08146918565034866
0.0813777819275856
0.08171495050191879
0.08158203214406967
0.08148863911628723
0.08145169913768768
0.08131992071866989
0.0817142203450203
0.08159752190113068
0.08145381510257721
0.08170153200626373
0.08179353922605515
0.08166030049324036
0.08210700005292892
0.08197382092475891
0.08218372613191605
0.08210185915231705
0.08242692053318024
0.08247997611761093
0.08254317194223404
0.08267981559038162
0.08273303508758545
0.08294036239385605
0.08282900601625443
0.08298732340335846
0.08282110840082169
0.0828605517745018
0.08267322927713394
0.08282751590013504
0.0828000083565712
0.08267325907945633
0.08255729079246521
0.08228744566440582
0.08229170739650726
0.08272088319063187
0.08266260474920273
0.082676000893116
0.08229123055934906
0.08245710283517838
0.08270517736673355
0.08268383890390396
0.0828322321176529
0.08275064080953598
0.08265873044729233
0.08275296539068222
0.08293807506561279
0.08283049613237381
0.08312416076660156
0.08304202556610107
0.08318407088518143
0.08334719389677048
0.08340449631214142
0.08320963382720947
0.08340013772249222
0.08339391648769379
0.08316868543624878
0.08291929960250854
0.08334950357675552
0.08348318934440613
0.08334197849035263
0.08353574573993683
0.08345459401607513
0.0835580825805664
0.08368097245693207
0.08375842869281769
0.0835665613412857
0.08358865976333618
0.08404898643493652
0.08427736908197403
0.08456771820783615
0.08471987396478653
0.08475802093744278
0.08489207178354263
0.08474203944206238
0.08469173312187195
0.08484594523906708
0.08513717353343964
0.0851723924279213
0.08526737987995148
0.08514963835477829
0.08517885953187943
0.08519772440195084
0.08458937704563141
0.08468036353588104
0.08470668643712997
0.08492512255907059
0.08500249683856964
0.08503827452659607
0.08492471277713776
0.08471881598234177
0.08475445955991745
0.08468537777662277
0.08460463583469391
0.08484430611133575
0.08536131680011749
0.08538641780614853
0.08563961088657379
0.08589211851358414
0.08593251556158066
0.0859592854976654
0.08626043051481247
0.08642250299453735
0.08639194071292877
0.08644832670688629
0.08687714487314224
0.08644210547208786
0.08681562542915344
0.08687134832143784
0.08732087910175323
0.08703627437353134
0.0866357833147049
0.08651816844940186
0.08625716716051102
0.08589763194322586
0.08586469292640686
0.08635551482439041
0.08612794429063797
0.08645536005496979
0.08628975600004196
0.08665499836206436
0.08648219704627991
0.08651768416166306
0.08667796105146408
0.08721122145652771
0.08748166263103485
0.08746474981307983
0.08748035877943039
0.08750968426465988
0.08751284331083298
0.08792266249656677
0.08766340464353561
0.08745168894529343
0.08764033764600754
0.08764916658401489
0.08795401453971863
0.08812591433525085
0.08832763880491257
0.0882943719625473
0.08857595920562744
0.0886990949511528
0.08884098380804062
0.08888015896081924
0.08878374844789505
0.0888880267739296
0.0888546034693718
0.08905838429927826
0.08899959921836853
0.08871026337146759
0.08857028186321259
0.08853032439947128
0.08848561346530914
0.08811777830123901
0.08787906169891357
0.08786477148532867
0.08788666129112244
0.08782248198986053
0.08779699355363846
0.08779266476631165
0.08799072355031967
0.0883813351392746
0.0885976180434227
0.08888886868953705
0.08899003267288208
0.08943025022745132
0.08966187387704849
0.08991837501525879
0.09014943242073059
0.08992118388414383
0.0899570882320404
0.08962252736091614
0.08952860534191132
0.08956799656152725
0.08939377218484879
0.089532770216465
0.08925186097621918
0.08942592889070511
0.08934866636991501
0.08919763565063477
0.089179128408432
0.0892571359872818
0.08935487270355225
0.08935406804084778
0.08958233892917633
0.08950957655906677
0.09028112888336182
0.09055525064468384
0.09084728360176086
0.09105922281742096
0.09097223728895187
0.09093612432479858
0.09117932617664337
0.09104961901903152
0.09100185334682465
0.09091421216726303
0.09108011424541473
0.09120165556669235
0.09153519570827484
0.09147059172391891
0.09127835184335709
0.09099111706018448
0.09060324728488922
0.09063994884490967
0.09056935459375381
0.09023125469684601
0.09046564996242523
0.09052775800228119
0.09051833301782608
0.09074249118566513
0.0909363403916359
0.09116428345441818
0.09141621738672256
0.09151061624288559
0.0915871262550354
0.09159280359745026
0.09162010997533798
0.09151800721883774
0.0913202315568924
0.09144308418035507
0.09143280982971191
0.0916038528084755
0.09176956862211227
0.09157565236091614
0.09170608967542648
0.09176173806190491
0.09190023690462112
0.09178055822849274
0.09193988144397736
0.0919930711388588
0.09208612889051437
0.09219008684158325
0.0920773595571518
0.09235017746686935
0.09228719025850296
0.09246587753295898
0.0925004631280899
0.09236253798007965
0.09251181036233902
0.09249869734048843
0.09235064685344696
0.09247852861881256
0.09232836216688156
0.09203442931175232
0.09230025857686996
0.09225499629974365
0.0922774001955986
0.09248669445514679
0.092364102602005
0.0920320525765419
0.09214529395103455
0.0920911356806755
0.0922674834728241
0.09220708161592484
0.09272024780511856
0.0929148867726326
0.09324961155653
0.09338211268186569
0.09357574582099915
0.09350007027387619
0.09373973309993744
0.09371069073677063
0.09377399832010269
0.0939512774348259
0.09405478835105896
0.09418511390686035
0.09377451241016388
0.09366418421268463
0.09377356618642807
0.0939297303557396
0.09437884390354156
0.094579316675663
0.09419489651918411
0.09431767463684082
0.09408309310674667
0.09386704117059708
0.09401582181453705
0.09418217092752457
0.09436284005641937
0.09405821561813354
0.0941123217344284
0.09378977119922638
0.09385820478200912
0.09393784403800964
0.09395274519920349
0.09392552077770233
0.09378314018249512
0.09365298599004745
0.09386401623487473
0.09419789165258408
0.09418674558401108
0.09441138058900833
0.09414009749889374
0.09432613104581833
0.09458844363689423
0.09472188353538513
0.09456204622983932
0.09458816051483154
0.09434186667203903
0.09448060393333435
0.09428369253873825
0.09419671446084976
0.09450319409370422
0.09484966099262238
0.0947563648223877
0.09461557120084763
0.09461107850074768
0.09454520791769028
0.09468462318181992
0.09481514245271683
0.09508197009563446
0.09510541707277298
0.09481952339410782
0.09463723003864288
0.0943920910358429
0.09439749270677567
0.0940551832318306
0.09341850131750107
0.09374140202999115
0.09381400048732758
0.09414228051900864
0.09424453973770142
0.09443525224924088
0.09433408081531525
0.09430554509162903
0.0946812629699707
0.09502238780260086
0.09552671015262604
0.095861054956913
0.09632989019155502
0.0967375859618187
0.09669701755046844
0.09681843966245651
0.09706094861030579
0.09695938229560852
0.09685039520263672
0.09691054373979568
0.09662580490112305
0.09667613357305527
0.09645992517471313
0.09636282175779343
0.09636631608009338
0.09615948796272278
0.09597434103488922
0.09554772824048996
0.09532669931650162
0.09548750519752502
0.09536481648683548
0.09563867002725601
0.09564284235239029
0.09604598581790924
0.09615819901227951
0.09601307660341263
0.09608761221170425
0.09568814933300018
0.09535640478134155
0.09549509733915329
0.09539690613746643
0.0960005670785904
0.09631802141666412
0.09628908336162567
0.09615015983581543
0.09588789194822311
0.09649032354354858
0.0964636281132698
0.09678293019533157
0.0972834974527359
0.09768952429294586
0.09748627245426178
0.0977591946721077
0.09766911715269089
0.09764266759157181
0.09766772389411926
0.09781773388385773
0.09794525057077408
0.09802477806806564
0.0980735570192337
0.09805627167224884
0.09796004742383957
0.09836801141500473
0.09834609180688858
0.09844139963388443
0.09828005731105804
0.0984022468328476
0.09873194992542267
0.09831874072551727
0.0981578454375267
0.09813524782657623
0.09772428870201111
0.09733700007200241
0.09730739146471024
0.09727486968040466
0.09779741615056992
0.09792093187570572
0.0979408547282219
0.09821151942014694
0.09826765954494476
0.09847529232501984
0.09900128096342087
0.0985628291964531
0.09835181385278702
0.098388671875
0.0984264463186264
0.0987502709031105
0.09872686862945557
0.09838896244764328
0.09833883494138718
0.09816567599773407
0.09847196191549301
0.09870072454214096
0.09858208149671555
0.09870443493127823
0.09893938899040222
0.09905572235584259
0.09896279126405716
0.0991949811577797
0.09912694245576859
0.0994805172085762
0.09932852536439896
0.0995728000998497
0.09978840500116348
0.09961976110935211
0.0995558351278305
0.09973905980587006
0.09985750168561935
0.09976255148649216
0.09959238767623901
0.09966883063316345
0.09927573055028915
0.09959033876657486
0.10000266134738922
0.09982594847679138
0.09989766776561737
0.09996847063302994
0.10052153468132019
0.10019241273403168
0.10007695853710175
0.10000646114349365
0.09999487549066544
0.10004032403230667
0.10026895254850388
0.10054703801870346
0.10060567408800125
0.10045274347066879
0.10059994459152222
0.10053211450576782
0.10059475153684616
0.10012388229370117
0.10025296360254288
0.10022937506437302
0.10003712773323059
0.10030575096607208
0.10050732642412186
0.10053681582212448
0.10037829726934433
0.10018786787986755
0.10013360530138016
0.1000373587012291
0.10016172379255295
0.09985550493001938
0.09994715452194214
0.1006387397646904
0.10063108801841736
0.10082590579986572
0.10104414075613022
0.10102400928735733
0.10130740702152252
0.10146231204271317
0.10106903314590454
0.1012686938047409
0.10148321837186813
0.10181599855422974
0.10171450674533844
0.10175546258687973
0.101925790309906
0.10186965763568878
0.10190069675445557
0.10157034546136856
0.10153232514858246
0.10144069790840149
0.1013236790895462
0.10138846933841705
0.10146385431289673
0.10152886807918549
0.10133452713489532
0.1014157235622406
0.10159723460674286
0.1014966294169426
0.10199044644832611
0.10184583067893982
0.10209527611732483
0.1019960343837738
0.10208399593830109
0.10244296491146088
0.10254088044166565
0.1024135947227478
0.10221906751394272
0.1021072193980217
0.10213465988636017
0.10187475383281708
0.10159485042095184
0.10184136033058167
0.10215745866298676
0.10202237963676453
0.102169468998909
0.10212258249521255
0.10240739583969116
0.1024342030286789
0.10260570794343948
0.10285323858261108
0.10281213372945786
0.10303866118192673
0.10286732017993927
0.10260754823684692
0.1027866080403328
0.10294012725353241
0.1030753031373024
0.10304530709981918
0.10284435749053955
0.10283312201499939
0.10272978991270065
0.10271553695201874
0.10281927138566971
0.102728471159935
0.10322187840938568
0.10303490608930588
0.10279753059148788
0.10301002860069275
0.1032799556851387
0.10353189706802368
0.10300442576408386
0.10292764008045197
0.10296743363142014
0.10273910313844681
0.10290765762329102
0.10315430164337158
0.10301654785871506
0.10323688387870789
0.10328632593154907
0.10347746312618256
0.10376356542110443
0.10358139127492905
0.1039121150970459
0.1038733571767807
0.10407022386789322
0.10406838357448578
0.10410916060209274
0.10418412834405899
0.10385214537382126
0.1037449911236763
0.1035538837313652
0.10318872332572937
0.10346725583076477
0.10339165478944778
0.10339544713497162
0.10363604128360748
0.10374776273965836
0.10394131392240524
0.10378575325012207
0.10387390106916428
0.10413983464241028
0.10386481136083603
0.10408499091863632
0.10407432913780212
0.10433574765920639
0.10435164719820023
0.10414940863847733
0.10437369346618652
0.10438945144414902
0.10434384644031525
0.10450460016727448
0.1046864241361618
0.10464155673980713
0.10452626645565033
0.10443395376205444
0.104459747672081
0.10454012453556061
0.10473422706127167
0.10482920706272125
0.10493790358304977
0.10511132329702377
0.1051553338766098
0.10493580996990204
0.10478139668703079
0.10485846549272537
0.1045498251914978
0.10495003312826157
0.10494004935026169
0.10511773079633713
0.10535398125648499
0.10557164251804352
0.10569305717945099
0.10539916902780533
0.10543710738420486
0.10523725301027298
0.10532817989587784
0.10548599064350128
0.10519717633724213
0.10548952966928482
0.1055985540151596
0.10591218620538712
0.10590872913599014
0.10567422211170197
0.10523255914449692
0.10513315349817276
0.10536935180425644
0.10524839162826538
0.10530117899179459
0.1050148755311966
0.10500457137823105
0.10540402680635452
0.10557820647954941
0.10521950572729111
0.10544466227293015
0.10556703805923462
0.10580548644065857
0.10571824014186859
0.10609851032495499
0.10612624883651733
0.10599616169929504
0.10620537400245667
0.10600640624761581
0.1060514897108078
0.10608979314565659
0.10612829029560089
0.10639835149049759
0.10596410930156708
0.10586734861135483
0.10569824278354645
0.10575453191995621
0.10568395256996155
0.10613703727722168
0.10659841448068619
0.10662106424570084
0.10664048790931702
0.10668891668319702
0.10670837759971619
0.10698013007640839
0.10693851113319397
0.1068367213010788
0.10678932070732117
0.1068088710308075
0.10650959610939026
0.10697010904550552
0.10728533565998077
0.10745017230510712
0.10731644183397293
0.10733041167259216
0.10744844377040863
0.107571542263031
0.10739190876483917
0.10724898427724838
0.10733271390199661
0.10762748122215271
0.10779513418674469
0.10798212140798569
0.1081467941403389
0.10831286013126373
0.10827741771936417
0.10829738527536392
0.10821782797574997
0.10767058283090591
0.10771381855010986
0.10746597498655319
0.10723944008350372
0.10725611448287964
0.10669716447591782
0.10683734714984894
0.1070113480091095
0.10732761025428772
0.10768557339906693
0.10754276067018509
0.10725219547748566
0.10744210332632065
0.10760945826768875
0.10761124640703201
0.10744816809892654
0.107777439057827
0.10823260992765427
0.10803601145744324
0.10807482153177261
0.10804105550050735
0.1080934926867485
0.10821843147277832
0.10833872109651566
0.1082712784409523
0.10841076076030731
0.10832471400499344
0.10807431489229202
0.10791874676942825
0.10806210339069366
0.10803916305303574
0.1081537976861
0.10806050896644592
0.10811543464660645
0.10834579914808273
0.10822448134422302
0.10829973965883255
0.10772045701742172
0.10783608257770538
0.10826821625232697
0.10834042727947235
0.10828741639852524
0.1084509789943695
0.10858608782291412
0.1086396723985672
0.10841939598321915
0.10846005380153656
0.10848164558410645
0.10829465836286545
0.10833042114973068
0.1085682362318039
0.10874518007040024
0.10862545669078827
0.10901748389005661
0.10905438661575317
0.10929562896490097
0.10934296250343323
0.1090354323387146
0.10877612233161926
0.1089211255311966
0.10900148004293442
0.10914850234985352
0.1089877039194107
0.10907595604658127
0.10929293930530548
0.10907013714313507
0.10939783602952957
0.10926496237516403
0.10929813981056213
0.1090221256017685
0.10863499343395233
0.108626589179039
0.10870832204818726
0.10868436843156815
0.10908664762973785
0.10950623452663422
0.10972914844751358
0.10962606221437454
0.10960061103105545
0.10972356796264648
0.10967586189508438
0.10985501855611801
0.1097991019487381
0.10973823070526123
0.1097320020198822
0.10949964076280594
0.10936610400676727
0.10937058925628662
0.10911683738231659
0.1094919890165329
0.10933783650398254
0.1097080260515213
0.10999919474124908
0.11007173359394073
0.10970358550548553
0.10972488671541214
0.10985905677080154
0.11015044152736664
0.11025170981884003
0.11020243912935257
0.11004181951284409
0.11033885180950165
0.11024121195077896
0.11049506068229675
0.11055638641119003
0.11030815541744232
0.11029145866632462
0.11039987951517105
0.11041919142007828
0.11023165285587311
0.11026783287525177
0.11019865423440933
0.11051210761070251
0.11046618223190308
0.11046987771987915
0.11054567992687225
0.11048299819231033
0.1104513555765152
0.11020176112651825
0.11050374060869217
0.11058904975652695
0.11052938550710678
0.11074623465538025
0.11113490164279938
0.11125481128692627
0.11091157793998718
0.11075590550899506
0.11104857921600342
0.11107977479696274
0.11155129224061966
0.11138610541820526
0.11156786233186722
0.1119387075304985
0.11205834150314331
0.11165721714496613
0.11163424700498581
0.11147245764732361
0.11155252903699875
0.11109139025211334
0.11103040724992752
0.11101622879505157
0.11106140166521072
0.11111558973789215
0.11121296882629395
0.11128165572881699
0.11153421550989151
0.1118054911494255
0.11183039844036102
0.11184130609035492
0.11197158694267273
0.11203525960445404
0.1118273064494133
0.11192993074655533
0.11150332540273666
0.11138647794723511
0.1110006719827652
0.1109001487493515
0.11081165075302124
0.11093199253082275
0.11119654029607773
0.11150400340557098
0.11149540543556213
0.11127213388681412
0.1116572842001915
0.11152921617031097
0.11159452795982361
0.11130471527576447
0.11113893985748291
0.11109659075737
0.11128708720207214
0.11154775321483612
0.11175945401191711
0.11149606853723526
0.11140445619821548
0.11149980872869492
0.1117391511797905
0.11190219223499298
0.11198654770851135
0.11162195354700089
0.11146523058414459
0.11162558943033218
0.11187219619750977
0.11214298009872437
0.1123773381114006
0.11256802827119827
0.11248564720153809
0.1127762496471405
0.11264155060052872
0.11290410161018372
0.11288588494062424
0.11274441331624985
0.11241156607866287
0.11232263594865799
0.11216997355222702
0.11202103644609451
0.11175573617219925
0.11165967583656311
0.11173834651708603
0.1116480752825737
0.11184138804674149
0.11186854541301727
0.11222575604915619
0.11257573962211609
0.11251643300056458
0.112726591527462
0.11217469722032547
0.11236109584569931
0.11257100105285645
0.11281833797693253
0.11273085325956345
0.11246992647647858
0.11236624419689178
0.1123519018292427
0.11224474012851715
0.11226630210876465
0.11240524053573608
0.11248719692230225
0.11277055740356445
0.11276387423276901
0.11271889507770538
0.11261789500713348
0.11265487223863602
0.11272184550762177
0.11264491081237793
0.11271391808986664
0.11266671866178513
0.11281595379114151
0.11309996992349625
0.11307570338249207
0.11318138241767883
0.11337631940841675
0.11358993500471115
0.11345010250806808
0.11358030140399933
0.11371522396802902
0.11356586217880249
0.11370604485273361
0.11373745650053024
0.11344562470912933
0.1135302484035492
0.11380749195814133
0.11390911042690277
0.11363519728183746
0.11355270445346832
0.11359930783510208
0.1136585921049118
0.11376148462295532
0.1139783263206482
0.11378476768732071
0.11405367404222488
0.11373741924762726
0.11366261541843414
0.1134783923625946
0.11339845508337021
0.11340548098087311
0.113607257604599
0.11340934038162231
0.11338529735803604
0.11363070458173752
0.11357714235782623
0.11358428001403809
0.11380857974290848
0.1138712614774704
0.11368703842163086
0.11354832351207733
0.1134137362241745
0.11340990662574768
0.11358856409788132
0.11380697041749954
0.11382052302360535
0.11344270408153534
0.11381398886442184
0.11376158893108368
0.1138797327876091
0.11402277648448944
0.11411335319280624
0.1139986515045166
0.11413025110960007
0.11456122249364853
0.11415088921785355
0.11443179845809937
0.11427892744541168
0.11426184326410294
0.114448681473732
0.11423572152853012
0.11440707743167877
0.11420311033725739
0.11453856527805328
0.11444311589002609
0.11447916179895401
0.1144569143652916
0.11427740752696991
0.11422952264547348
0.11469901353120804
0.1145753264427185
0.11455103009939194
0.1145092248916626
0.11439114063978195
0.11446426808834076
0.11460743844509125
0.1145947054028511
0.11427737772464752
0.1144791692495346
0.11472921818494797
0.11501405388116837
0.114802286028862
0.11455630511045456
0.1146676242351532
0.11464434117078781
0.11473357677459717
0.1145031750202179
0.11462653428316116
0.11457522213459015
0.11483550816774368
0.11443566530942917
0.11452805250883102
0.11456650495529175
0.11459356546401978
0.11454074084758759
0.11451620608568192
0.11458480358123779
0.11480731517076492
0.1149996668100357
0.11458069831132889
0.11440178006887436
0.11463756859302521
0.11484584212303162
0.11494196951389313
0.11521180719137192
0.11507823318243027
0.11490412056446075
0.11467425525188446
0.11464802920818329
0.11465849727392197
0.11482071876525879
0.11495519429445267
0.114915631711483
0.11460842192173004
0.11460652947425842
0.1144973486661911
0.11473105102777481
0.11470453441143036
0.11479789018630981
0.11469855904579163
0.11448061466217041
0.11460627615451813
0.1145746037364006
0.11508817970752716
0.11469202488660812
0.11472930759191513
0.11537104845046997
0.11534199118614197
0.11542569845914841
0.11530128866434097
0.11531370878219604
0.11555657535791397
0.11542928963899612
0.11545789986848831
0.11568745225667953
0.1157848984003067
0.11602570861577988
0.11576715856790543
0.11552658677101135
0.11558052152395248
0.11565924435853958
0.11560330539941788
0.11538123339414597
0.11545562744140625
0.11564064025878906
0.11546838283538818
0.11546991765499115
0.11577283591032028
0.11594610661268234
0.11612905561923981
0.11625181883573532
0.11605304479598999
0.11614559590816498
0.1162693127989769
0.11629406362771988
0.11605072766542435
0.11585499346256256
0.11610812693834305
0.11588796228170395
0.11573682725429535
0.1159304827451706
0.11593319475650787
0.11615034192800522
0.11618784070014954
0.11610748618841171
0.11615241318941116
0.1163412407040596
0.11641721427440643
0.11676071584224701
0.11635719239711761
0.11636114865541458
0.11664176732301712
0.11696413159370422
0.11677215248346329
0.11665347963571548
0.11679937690496445
0.11664833873510361
0.1165386363863945
0.11665643006563187
0.1166268065571785
0.11637935787439346
0.11634396016597748
0.11599837988615036
0.11636164784431458
0.11610609292984009
0.11639779061079025
0.11656787991523743
0.11655177175998688
0.11634252965450287
0.11630810797214508
0.11591650545597076
0.1164461076259613
0.11666173487901688
0.11724667996168137
0.11717931181192398
0.11769276112318039
0.1175040751695633
0.11774448305368423
0.11747100204229355
0.11786414682865143
0.11738485842943192
0.11769744008779526
0.11764947324991226
0.117634616792202
0.11781448870897293
0.11781429499387741
0.11774808913469315
0.11743462830781937
0.11738330125808716
0.11714732646942139
0.11737606674432755
0.11727918684482574
0.11736937612295151
0.117863729596138
0.11789070069789886
0.11749356985092163
0.11744583398103714
0.11774144321680069
0.11786583065986633
0.11774266511201859
0.11797827482223511
0.11798987537622452
0.11773304641246796
0.11775253713130951
0.11829347908496857
0.11844438314437866
0.11840332299470901
0.11814212799072266
0.11794938892126083
0.11793369799852371
0.11793201416730881
0.11783894896507263
0.11760110408067703
0.11775034666061401
0.11806625127792358
0.11821204423904419
0.11843027174472809
0.11876329779624939
0.11821219325065613
0.11815141141414642
0.11785104125738144
0.11802760511636734
0.11827443540096283
0.1183396652340889
0.11888857930898666
0.11888004094362259
0.1189546063542366
0.11888094991445541
0.11886407434940338
0.11913271993398666
0.11873483657836914
0.11855613440275192
0.11808300763368607
0.11805833131074905
0.11843406409025192
0.11829068511724472
0.11876863241195679
0.11894199252128601
0.11886706203222275
0.1187150627374649
0.11919259279966354
0.11843934655189514
0.11835635453462601
0.11863478273153305
0.11845158040523529
0.11836445331573486
0.11854909360408783
0.11868244409561157
0.11833079159259796
0.11846167594194412
0.11867564916610718
0.11843040585517883
0.11866863071918488
0.11895491182804108
0.11900530010461807
0.11924563348293304
0.11950472742319107
0.11947542428970337
0.1193399578332901
0.11936585605144501
0.11912243068218231
0.11926569789648056
0.11937607824802399
0.11942075937986374
0.1193426176905632
0.1191178485751152
0.11890458315610886
0.119046151638031
0.11927177757024765
0.1192028671503067
0.11931905150413513
0.11951857805252075
0.11973592638969421
0.11974835395812988
0.1191612258553505
0.11914188414812088
0.11955226957798004
0.11962862312793732
0.1197943165898323
0.12002217024564743
0.11999215185642242
0.12010976672172546
0.12031926214694977
0.12017281353473663
0.12024933099746704
0.12028813362121582
0.12042094767093658
0.12030874937772751
0.1201033815741539
0.11994657665491104
0.12021894007921219
0.1199241578578949
0.11994519084692001
0.12031399458646774
0.1199946254491806
0.12014389038085938
0.1203155443072319
0.12026731669902802
0.12016494572162628
0.12014082074165344
0.1200985312461853
0.11986806988716125
0.12003269791603088
0.12044219672679901
0.12030532956123352
0.12003948539495468
0.12029397487640381
0.12008422613143921
0.12027642130851746
0.12033089995384216
0.12076076120138168
0.1205562874674797
0.12090068310499191
0.12097591906785965
0.12078719586133957
0.12075138837099075
0.12050537019968033
0.12049426883459091
0.1209101751446724
0.12100043892860413
0.12113525718450546
0.12104002386331558
0.12085980921983719
0.1208951398730278
0.12100786715745926
0.12095645815134048
0.12095151841640472
0.12056944519281387
0.12093085050582886
0.12117379903793335
0.12139786779880524
0.12131231278181076
0.12150240689516068
0.12146098166704178
0.12143490463495255
0.12151084095239639
0.12164142727851868
0.12180208414793015
0.12176558375358582
0.12179320305585861
0.12171097844839096
0.12133382260799408
0.12158018350601196
0.12165553122758865
0.12119855731725693
0.12128192186355591
0.12158063054084778
0.12150242179632187
0.1215381845831871
0.12170206755399704
0.12174398452043533
0.12211479246616364
0.12191655486822128
0.1222502812743187
0.12233991175889969
0.12225038558244705
0.12228254973888397
0.12251494079828262
0.12210410088300705
0.12220657616853714
0.1222333312034607
0.12230037897825241
0.12227021902799606
0.12233428657054901
0.12207698822021484
0.12234622240066528
0.12225580960512161
0.12251126021146774
0.12237999588251114
0.12235604226589203
0.12204712629318237
0.12217919528484344
0.12248345464468002
0.12232059240341187
0.12239901721477509
0.1220594123005867
0.1222318783402443
0.12265070527791977
0.12295825034379959
0.12314938753843307
0.12296607345342636
0.12263590097427368
0.1225513443350792
0.12270065397024155
0.12277267128229141
0.122723788022995
0.12286332994699478
0.12306846678256989
0.12327346205711365
0.1232459619641304
0.12313269823789597
0.12328428775072098
0.12349320948123932
0.12351734191179276
0.12351666390895844
0.12315268814563751
0.12304094433784485
0.12332447618246078
0.12332850694656372
0.12336032837629318
0.12333950400352478
0.12317659705877304
0.12305521219968796
0.12279977649450302
0.1230022981762886
0.12304165214300156
0.12306603789329529
0.12313266843557358
0.12326979637145996
0.12340114265680313
0.12345021218061447
0.12335053086280823
0.12365403026342392
0.12367524951696396
0.12382715940475464
0.1238119974732399
0.12362892180681229
0.12367996573448181
0.12341257184743881
0.12356838583946228
0.12367796897888184
0.12349618971347809
0.12352541089057922
0.12346714735031128
0.1235256940126419
0.12338338047266006
0.12338300794363022
0.12323790043592453
0.1235918179154396
0.12342418730258942
0.123511902987957
0.12354913353919983
0.12433480471372604
0.12454009801149368
0.12400967627763748
0.12407536059617996
0.12429936230182648
0.12458787113428116
0.12422537803649902
0.12410072982311249
0.12425417453050613
0.12369859218597412
0.12385778874158859
0.12390724569559097
0.12432361394166946
0.12406270205974579
0.12419845163822174
0.1241426169872284
0.12424273043870926
0.12406117469072342
0.1238616481423378
0.12433160096406937
0.12412923574447632
0.12382326275110245
0.12392471730709076
0.12402163445949554
0.12419482320547104
0.12424660474061966
0.1243787333369255
0.12459319084882736
0.1245831549167633
0.12436913698911667
0.12426716089248657
0.12391900271177292
0.12402941286563873
0.124017134308815
0.12416078895330429
0.12419919669628143
0.12433777749538422
0.12460934370756149
0.12486166507005692
0.1251068264245987
0.12527446448802948
0.1254006028175354
0.12551069259643555
0.12549234926700592
0.1252148449420929
0.12532511353492737
0.1252126544713974
0.12513218820095062
0.12507364153862
0.12529867887496948
0.12548163533210754
0.12550412118434906
0.12520338594913483
0.12549951672554016
0.12510313093662262
0.12509828805923462
0.12531091272830963
0.12569408118724823
0.12550880014896393
0.12568359076976776
0.1259508579969406
0.125838965177536
0.1257530301809311
0.1256968230009079
0.1259172111749649
0.12595684826374054
0.12615187466144562
0.1259322464466095
0.12613677978515625
0.12599678337574005
0.12585404515266418
0.12589788436889648
0.12546232342720032
0.12528930604457855
0.12521351873874664
0.12550485134124756
0.1257270723581314
0.12585756182670593
0.1258344054222107
0.12567922472953796
0.12582732737064362
0.12562063336372375
0.1258871853351593
0.12559033930301666
0.125459223985672
0.1253867745399475
0.12554186582565308
0.12584124505519867
0.12584540247917175
0.12559874355793
0.1258278340101242
0.12571051716804504
0.12560951709747314
0.12574107944965363
0.12585420906543732
0.12610040605068207
0.1262849122285843
0.12578898668289185
0.1258087307214737
0.1259184032678604
0.1259004920721054
0.12639476358890533
0.12652935087680817
0.12660571932792664
0.1267431080341339
0.1265396922826767
0.1263391524553299
0.12656889855861664
0.12653371691703796
0.12652838230133057
0.12639862298965454
0.12606698274612427
0.12620806694030762
0.12602022290229797
0.1262572705745697
0.12658914923667908
0.12644369900226593
0.126725435256958
0.12674672901630402
0.12651292979717255
0.1266455054283142
0.12664243578910828
0.12694105505943298
0.1266619861125946
0.12646380066871643
0.1264883130788803
0.1268971711397171
0.1266596019268036
0.12641888856887817
0.12660644948482513
0.1270807385444641
0.12722395360469818
0.12686268985271454
0.12710367143154144
0.12768134474754333
0.12759847939014435
0.1275794804096222
0.12774835526943207
0.1277521550655365
0.12776701152324677
0.12790082395076752
0.12798480689525604
0.1275824010372162
0.12734411656856537
0.12740768492221832
0.12742041051387787
0.1274242252111435
0.12766441702842712
0.12763069570064545
0.1276886761188507
0.12799078226089478
0.12819352746009827
0.12782570719718933
0.1280844509601593
0.12771762907505035
0.12747398018836975
0.12753385305404663
0.12803111970424652
0.12786613404750824
0.12775225937366486
0.1274387687444687
0.12786853313446045
0.12776993215084076
0.12807057797908783
0.12801624834537506
0.12813277542591095
0.1278563290834427
0.1279216706752777
0.12830090522766113
0.12830659747123718
0.12851940095424652
0.12879182398319244
0.12889571487903595
0.12874028086662292
0.12855657935142517
0.12819413840770721
0.12834209203720093
0.12840218842029572
0.12823596596717834
0.12805218994617462
0.12780874967575073
0.1280011534690857
0.12796516716480255
0.1279839128255844
0.1280595362186432
0.1282866895198822
0.12869980931282043
0.1289019137620926
0.12857218086719513
0.12828001379966736
0.12840278446674347
0.12821294367313385
0.1280835121870041
0.1283654123544693
0.12856698036193848
0.12857383489608765
0.12865817546844482
0.12877817451953888
0.1288742870092392
0.12874563038349152
0.12861208617687225
0.12830275297164917
0.12848328053951263
0.12856194376945496
0.1290765106678009
0.12879784405231476
0.12887322902679443
0.12905333936214447
0.12931926548480988
0.12931086122989655
0.12901385128498077
0.1288418024778366
0.12923720479011536
0.12939834594726562
0.12903088331222534
0.1290091574192047
0.12941937148571014
0.12921953201293945
0.12957163155078888
0.12909357249736786
0.1292000710964203
0.12901176512241364
0.1288575381040573
0.12905091047286987
0.1293276995420456
0.12948113679885864
0.12963443994522095
0.12987907230854034
0.12996548414230347
0.12962837517261505
0.12943775951862335
0.12979662418365479
0.129892498254776
0.12981560826301575
0.12970975041389465
0.12969790399074554
0.1298624873161316
0.12986238300800323
0.12999150156974792
0.12972934544086456
0.1298140287399292
0.12987777590751648
0.1296135038137436
0.12960149347782135
0.1295139491558075
0.1296602338552475
0.1294277459383011
0.1296321302652359
0.12985311448574066
0.12991759181022644
0.12973853945732117
0.12987922132015228
0.13003762066364288
0.13008442521095276
0.13018539547920227
0.13037177920341492
0.1303623765707016
0.13002371788024902
0.13051222264766693
0.1303778439760208
0.13022993505001068
0.13061118125915527
0.1303073614835739
0.13066229224205017
0.1307256519794464
0.13094282150268555
0.13117925822734833
0.1311578005552292
0.1310374140739441
0.1310802698135376
0.1308421492576599
0.13057535886764526
0.13055714964866638
0.1305202692747116
0.1306457221508026
0.13066011667251587
0.1304725557565689
0.1302109956741333
0.1300317794084549
0.13022075593471527
0.13040174543857574
0.13055291771888733
0.13075792789459229
0.13053444027900696
0.13052897155284882
0.13044925034046173
0.1303902119398117
0.13030076026916504
0.1303853988647461
0.13047969341278076
0.13051214814186096
0.13028819859027863
0.13041670620441437
0.1302567422389984
0.1302662491798401
0.13034763932228088
0.13027127087116241
0.1303175687789917
0.1303206831216812
0.1303727775812149
0.13058559596538544
0.1308114379644394
0.13115541636943817
0.13074536621570587
0.130750834941864
0.13039197027683258
0.13088452816009521
0.1306672990322113
0.13012804090976715
0.130235493183136
0.13015685975551605
0.129933163523674
0.13010838627815247
0.1301066279411316
0.13058285415172577
0.13090449571609497
0.13098137080669403
0.1311553418636322
0.13150084018707275
0.13159401714801788
0.13195037841796875
0.13157784938812256
0.13143430650234222
0.13179202377796173
0.13217927515506744
0.13202571868896484
0.13201233744621277
0.13198834657669067
0.13193580508232117
0.13176369667053223
0.13155527412891388
0.13131357729434967
0.1315324455499649
0.13147853314876556
0.13135181367397308
0.13170237839221954
0.13176624476909637
0.13146370649337769
0.13154767453670502
0.13194477558135986
0.13215546309947968
0.1324794441461563
0.13237597048282623
0.13203547894954681
0.13184982538223267
0.13190437853336334
0.13164810836315155
0.1316579431295395
0.13202065229415894
0.13213858008384705
0.13194017112255096
0.1319352388381958
0.1318114548921585
0.13212130963802338
0.13204947113990784
0.13204596936702728
0.13206200301647186
0.13191011548042297
0.13227763772010803
0.13221167027950287
0.13244040310382843
0.1323142647743225
0.1323901116847992
0.1323775202035904
0.13213402032852173
0.13225309550762177
0.13265441358089447
0.13201893866062164
0.1321505308151245
0.13225197792053223
0.1323540359735489
0.13203932344913483
0.13205058872699738
0.13167613744735718
0.1319824755191803
0.13223609328269958
0.13259200751781464
0.13250461220741272
0.13242070376873016
0.1321130394935608
0.13200558722019196
0.13235490024089813
0.13228917121887207
0.13221298158168793
0.13217602670192719
0.1323881894350052
0.13238057494163513
0.13221728801727295
0.13237744569778442
0.13238175213336945
0.13239233195781708
0.13214056193828583
0.13233977556228638
0.13218997418880463
0.1323196440935135
0.1325826197862625
0.13246649503707886
0.13242383301258087
0.13259188830852509
0.13276295363903046
0.13302934169769287
0.1329975128173828
0.1329612135887146
0.13296595215797424
0.1330394595861435
0.13307417929172516
0.13324864208698273
0.1334654986858368
0.1333063393831253
0.13324853777885437
0.13301046192646027
0.13315211236476898
0.13378679752349854
0.13380968570709229
0.13402524590492249
0.13420715928077698
0.1340782195329666
0.1341649293899536
0.13401663303375244
0.13399647176265717
0.13383829593658447
0.1340046226978302
0.1339157372713089
0.13384996354579926
0.1340152770280838
0.13381919264793396
0.13366855680942535
0.1340188831090927
0.13355407118797302
0.13338442146778107
0.13372553884983063
0.1336684674024582
0.1337476521730423
0.13350409269332886
0.13375039398670197
0.1338994950056076
0.13384298980236053
0.1338588297367096
0.13351063430309296
0.13360227644443512
0.1338973492383957
0.13395556807518005
0.13447782397270203
0.13456231355667114
0.1343977451324463
0.13421162962913513
0.13401542603969574
0.1342196762561798
0.13459369540214539
0.13437148928642273
0.13448618352413177
0.13451643288135529
0.1343631148338318
0.1348092257976532
0.13498415052890778
0.13516287505626678
0.13517197966575623
0.13540337979793549
0.13516400754451752
0.13486315310001373
0.13510821759700775
0.1350122094154358
0.13506312668323517
0.13506481051445007
0.13527698814868927
0.13498657941818237
0.13484522700309753
0.1346368044614792
0.13481181859970093
0.134628564119339
0.13473980128765106
0.13436195254325867
0.13427956402301788
0.13410606980323792
0.1339510679244995
0.13380561769008636
0.13404053449630737
0.13408313691616058
0.1344173103570938
0.13434097170829773
0.13450020551681519
0.13447611033916473
0.13430848717689514
0.1343776136636734
0.13462373614311218
0.13470321893692017
0.13490432500839233
0.1351296305656433
0.13533158600330353
0.1354183703660965
0.13549499213695526
0.1355912685394287
0.1351139098405838
0.13512009382247925
0.13537459075450897
0.13536790013313293
0.13529038429260254
0.13539071381092072
0.13533468544483185
0.135214701294899
0.13539758324623108
0.13551965355873108
0.13546936213970184
0.13568633794784546
0.13578493893146515
0.1357409805059433
0.1354788988828659
0.13547690212726593
0.13519614934921265
0.13520395755767822
0.13554412126541138
0.13510845601558685
0.1351935714483261
0.13539469242095947
0.1353437751531601
0.13549382984638214
0.13549666106700897
0.13583266735076904
0.1357024610042572
0.13588847219944
0.1359109729528427
0.1358780562877655
0.1358950138092041
0.13590438663959503
0.13594549894332886
0.13595536351203918
0.1359836757183075
0.13594494760036469
0.13556480407714844
0.1350797712802887
0.13509754836559296
0.13462023437023163
0.13460762798786163
0.1347230225801468
0.13469134271144867
0.13474664092063904
0.13480040431022644
0.13458365201950073
0.13490626215934753
0.13523055613040924
0.13551414012908936
0.1356327086687088
0.13576048612594604
0.13623815774917603
0.13628830015659332
0.13632531464099884
0.13621772825717926
0.13624900579452515
0.13599631190299988
0.13621552288532257
0.13678011298179626
0.13643001019954681
0.13634848594665527
0.13645173609256744
0.13696366548538208
0.13738703727722168
0.13730251789093018
0.13750463724136353
0.137203186750412
0.13714565336704254
0.1369907557964325
0.13686108589172363
0.13695763051509857
0.13687963783740997
0.13680148124694824
0.13754677772521973
0.1372581571340561
0.13686469197273254
0.13650554418563843
0.13689947128295898
0.13686633110046387
0.1367085576057434
0.13672001659870148
0.13697226345539093
0.13689805567264557
0.13696882128715515
0.13695774972438812
0.1370530128479004
0.13704222440719604
0.13697195053100586
0.13738568127155304
0.13727544248104095
0.13750064373016357
0.1372276395559311
0.1378554254770279
0.1379893720149994
0.13776375353336334
0.13761645555496216
0.13730034232139587
0.13735345005989075
0.1369982212781906
0.13716894388198853
0.13742293417453766
0.13759511709213257
0.1376943737268448
0.13754431903362274
0.1374659240245819
0.13764627277851105
0.13727937638759613
0.13737249374389648
0.1371324062347412
0.1371617317199707
0.13723255693912506
0.13678070902824402
0.13696478307247162
0.13711588084697723
0.13713185489177704
0.1373104304075241
0.13725632429122925
0.13722218573093414
0.13703371584415436
0.1370539665222168
0.13739082217216492
0.13739623129367828
0.13738246262073517
0.13691508769989014
0.13699263334274292
0.13713108003139496
0.13729031383991241
0.1373935341835022
0.13765087723731995
0.13788677752017975
0.13803353905677795
0.13801410794258118
0.1377437561750412
0.13769298791885376
0.13793376088142395
0.13780619204044342
0.13748037815093994
0.13761919736862183
0.13758495450019836
0.13755272328853607
0.13747753202915192
0.13755913078784943
0.13753870129585266
0.13801971077919006
0.13807347416877747
0.13830377161502838
0.13845086097717285
0.13836003839969635
0.13848969340324402
0.13864167034626007
0.13811931014060974
0.13819411396980286
0.13806895911693573
0.13793227076530457
0.1378830373287201
0.13785752654075623
0.13755857944488525
0.1378370076417923
0.13782712817192078
0.13780009746551514
0.13757838308811188
0.13734401762485504
0.1372031271457672
0.13736271858215332
0.13766537606716156
0.13770681619644165
0.13765282928943634
0.1376924067735672
0.13770060241222382
0.13783526420593262
0.1379150152206421
0.137735977768898
0.1381630003452301
0.13793300092220306
0.1386333405971527
0.13844938576221466
0.13836723566055298
0.13860279321670532
0.1388906091451645
0.1386120617389679
0.13874401152133942
0.13857866823673248
0.13858403265476227
0.13832111656665802
0.13837015628814697
0.13857054710388184
0.13859644532203674
0.1384383589029312
0.1383710652589798
0.13845805823802948
