0.06389006972312927
0.04876299574971199
0.045499809086322784
0.04737304151058197
0.049960535019636154
0.05276557058095932
0.05530838295817375
0.056958477944135666
0.058323465287685394
0.059788282960653305
0.06083128601312637
0.06195308268070221
0.06206785887479782
0.062329165637493134
0.06266716867685318
0.06254775822162628
0.06288100779056549
0.06314454972743988
0.06311143934726715
0.06341250240802765
0.06359338760375977
0.06354024261236191
0.0634540244936943
0.06338687241077423
0.06331465393304825
0.06322258710861206
0.06345546245574951
0.06291257590055466
0.06287302821874619
0.06271402537822723
0.06257284432649612
0.06245668604969978
0.06221894174814224
0.06206633150577545
0.061736855655908585
0.06131070479750633
0.061103079468011856
0.06087557226419449
0.06075584143400192
0.060290463268756866
0.06007305905222893
0.060058239847421646
0.059889428317546844
0.05965809524059296
0.05931885913014412
0.05901716277003288
0.05883689224720001
0.05866869539022446
0.058814164251089096
0.05881602689623833
0.05869005620479584
0.05882947891950607
0.059113625437021255
0.058781739324331284
0.058594491332769394
0.058684468269348145
0.05865433067083359
0.05883847549557686
0.05922854691743851
0.05926084145903587
0.05961531400680542
0.05996405705809593
0.05954112857580185
0.059701964259147644
0.059671007096767426
0.05970890447497368
0.05975610762834549
0.05961280316114426
0.059701357036828995
0.05966401472687721
0.05979510024189949
0.059662193059921265
0.05952293425798416
0.059735748916864395
0.05961325019598007
0.05958475545048714
0.05973207950592041
0.059848301112651825
0.05987914279103279
0.060228317975997925
0.06023557856678963
0.06032508239150047
0.0607072114944458
0.06080110743641853
0.060704004019498825
0.06106185540556908
0.06134217604994774
0.06123746186494827
0.061136141419410706
0.0609605498611927
0.06091077998280525
0.061083920300006866
0.0611225850880146
0.06102032959461212
0.060852307826280594
0.06136776879429817
0.061459559947252274
0.06180310249328613
0.06168530881404877
0.06182480975985527
0.06186291202902794
0.06183876097202301
0.06155179440975189
0.06179347261786461
0.06179884448647499
0.06176352873444557
0.06178615242242813
0.06182098761200905
0.062246304005384445
0.062239378690719604
0.06206570193171501
0.06250009685754776
0.06236577033996582
0.06224745512008667
0.06219003349542618
0.062414877116680145
0.06281052529811859
0.06291823834180832
0.0627250075340271
0.0627211332321167
0.06279776245355606
0.06256385892629623
0.06282403320074081
0.06305482983589172
0.06275299936532974
0.06288406997919083
0.06305710971355438
0.06273452192544937
0.06296417862176895
0.06294690817594528
0.06242358684539795
0.06247800961136818
0.06239233538508415
0.06178413704037666
0.06116928160190582
0.060272347182035446
0.05962459743022919
0.05909944698214531
0.05854203924536705
0.05820904299616814
0.05824827775359154
0.0577121265232563
0.05702531337738037
0.05695602670311928
0.05664696916937828
0.05649397522211075
0.05636591836810112
0.056468673050403595
0.056732647120952606
0.05679341033101082
0.056635890156030655
0.056407440453767776
0.055985480546951294
0.05559179186820984
0.05542914941906929
0.05500777065753937
0.05512681603431702
0.055230945348739624
0.05532539635896683
0.05547961965203285
0.05573509633541107
0.05575912818312645
0.05584554746747017
0.05593040958046913
0.05611640214920044
0.05642250180244446
0.0566314160823822
0.05675390735268593
0.05705267935991287
0.057171810418367386
0.05709203705191612
0.057141076773405075
0.057361893355846405
0.05748828500509262
0.05771159380674362
0.058045219630002975
0.05822588503360748
0.05855691805481911
0.058860793709754944
0.05909748375415802
0.05940756946802139
0.05979200452566147
0.06003228947520256
0.06017977371811867
0.060423847287893295
0.06039974093437195
0.06048240512609482
0.06055742874741554
0.06011499464511871
0.059387411922216415
0.05871862918138504
0.058034565299749374
0.05751826986670494
0.05626584216952324
0.05549636855721474
0.05512310564517975
0.05453376844525337
0.05454187095165253
0.053925178945064545
0.05382370203733444
0.05323200300335884
0.05301199480891228
0.05253944545984268
0.05207326263189316
0.051777277141809464
0.05165546014904976
0.051788900047540665
0.05140993371605873
0.05104513838887215
0.050945039838552475
0.051060568541288376
0.05125576630234718
0.05136595666408539
0.05184675753116608
0.052072469145059586
0.05279403179883957
0.05323348939418793
0.053623270243406296
0.05339441075921059
0.05365542322397232
0.053819868713617325
0.054176680743694305
0.0542331300675869
0.05452939122915268
0.0548328161239624
0.05493351072072983
0.05493941530585289
0.05528934672474861
0.05479288846254349
0.05461281165480614
0.05413919314742088
0.05422546714544296
0.05422387644648552
0.05396411567926407
0.05326855555176735
0.05312527343630791
0.052944548428058624
0.052287958562374115
0.05184522271156311
0.05163617432117462
0.050965338945388794
0.05072809383273125
0.0505966879427433
0.050637923181056976
0.05060042440891266
0.0501934289932251
0.0500280000269413
0.05004803463816643
0.04998524487018585
0.050063371658325195
0.05036338418722153
0.05080818012356758
0.05125498026609421
0.051441408693790436
0.05141104385256767
0.05143493413925171
0.051810722798109055
0.05208288133144379
0.052407775074243546
0.052582405507564545
0.052548233419656754
0.051960770040750504
0.051759589463472366
0.05166299268603325
0.051223866641521454
0.0508907325565815
0.050789427012205124
0.05028003081679344
0.05013095214962959
0.049783386290073395
0.04962288215756416
0.04995081573724747
0.049736712127923965
0.049573831260204315
0.04941759631037712
0.04948240518569946
0.04970343038439751
0.04984037205576897
0.05049413815140724
0.05077845975756645
0.051071956753730774
0.05117979273200035
0.051567647606134415
0.051501356065273285
0.051158130168914795
0.05098382756114006
0.05093139410018921
0.050966452807188034
0.05110032483935356
0.050444528460502625
0.05009095370769501
0.0501590259373188
0.049900952726602554
0.04986675828695297
0.049824636429548264
0.04926859214901924
0.049263641238212585
0.04922255501151085
0.049130506813526154
0.04925483465194702
0.049942467361688614
0.05021202936768532
0.050615664571523666
0.05119119584560394
0.05094161257147789
0.05145316943526268
0.0515248104929924
0.05129055678844452
0.05119932442903519
0.051204025745391846
0.051190800964832306
0.05093642696738243
0.05085843428969383
0.050765424966812134
0.05090795084834099
0.050766609609127045
0.050465814769268036
0.050701603293418884
0.05107377842068672
0.05105111375451088
0.05128786340355873
0.05161736533045769
0.052028074860572815
0.05198955163359642
0.05200357362627983
0.051727306097745895
0.0516437403857708
0.05175187066197395
0.05238713324069977
0.05254499986767769
0.0529913567006588
0.05312665179371834
0.05315506085753441
0.05306024104356766
0.05296354740858078
0.05293586105108261
0.05310334265232086
0.053784992545843124
0.05374531447887421
0.053706180304288864
0.0534915067255497
0.053522635251283646
0.053665101528167725
0.05382577329874039
0.053856056183576584
0.05408871918916702
0.0543082132935524
0.054429925978183746
0.05456143990159035
0.05470482259988785
0.055269114673137665
0.05521434545516968
0.055115971714258194
0.05549409240484238
0.05559287592768669
0.05556288734078407
0.05584992095828056
0.05583661049604416
0.05602738633751869
0.05631458759307861
0.05624976381659508
0.05637906491756439
0.05633513629436493
0.05626210197806358
0.05642010644078255
0.05649007111787796
0.05620908364653587
0.056245576590299606
0.05642188712954521
0.05664908140897751
0.05645764246582985
0.05685071647167206
0.056823309510946274
0.05674062296748161
0.056742265820503235
0.057098738849163055
0.057299576699733734
0.05742434412240982
0.057364676147699356
0.057438481599092484
0.05738263577222824
0.05781629681587219
0.05780273303389549
0.057772982865571976
0.057995885610580444
0.05795835703611374
0.05770741403102875
0.05776175111532211
0.057806871831417084
0.05804823338985443
0.05769938603043556
0.05767394229769707
0.05723040923476219
0.057212650775909424
0.05690262094140053
0.05676444619894028
0.056851744651794434
0.05700412020087242
0.056957606226205826
0.05686863139271736
0.05687134712934494
0.056890957057476044
0.057135529816150665
0.057103231549263
0.0569189228117466
0.05693722516298294
0.05702672526240349
0.05694551393389702
0.05691305175423622
0.057046376168727875
0.05697619169950485
0.056834038347005844
0.05678999423980713
0.05657731369137764
0.05629038065671921
0.05654159560799599
0.056592825800180435
0.056663405150175095
0.05645044520497322
0.05650673434138298
0.05650179088115692
0.05632461607456207
0.05637304112315178
0.05617683380842209
0.05595871061086655
0.05575556680560112
0.05559471622109413
0.055511198937892914
0.05538809671998024
0.05500786751508713
0.05484263598918915
0.054793957620859146
0.054557643830776215
0.0541478730738163
0.0545041523873806
0.05445545166730881
0.05459050461649895
0.05498423054814339
0.055122215300798416
0.05486051365733147
0.05487221106886864
0.05499355494976044
0.055413953959941864
0.05529831349849701
0.054904524236917496
0.05486255884170532
0.054565709084272385
0.05445424094796181
0.054148510098457336
0.054081130772829056
0.05424312874674797
0.05447066202759743
0.05451333895325661
0.05445012077689171
0.054246652871370316
0.054341502487659454
0.05440746992826462
0.05421629920601845
0.0542677640914917
0.054221924394369125
0.054071489721536636
0.0542796328663826
0.05441802740097046
0.0543084479868412
0.053951870650053024
0.054056521505117416
0.05325815826654434
0.05310201644897461
0.053076714277267456
0.05281853303313255
0.053179968148469925
0.05311257392168045
0.05268067866563797
0.05254578962922096
0.052594270557165146
0.05279777944087982
0.052831053733825684
0.05268634110689163
0.052824802696704865
0.05309763178229332
0.053152669221162796
0.05310565605759621
0.05282912775874138
0.05279246345162392
0.05223577097058296
0.052247822284698486
0.05214090645313263
0.05212392657995224
0.05218761786818504
0.05221082642674446
0.05253329873085022
0.05264506861567497
0.052548106759786606
0.05274124816060066
0.05284751579165459
0.05269152671098709
0.05288181081414223
0.052622582763433456
0.05304770544171333
0.05301617830991745
0.0529654361307621
0.05314742773771286
0.053115636110305786
0.053077079355716705
0.05331649258732796
0.05347234383225441
0.05357680842280388
0.053533732891082764
0.05377240478992462
0.05373140424489975
0.05346477031707764
0.05329126864671707
0.053392671048641205
0.053287968039512634
0.05322396755218506
0.0533098541200161
0.053346458822488785
0.05314810946583748
0.0529722198843956
0.053235556930303574
0.05366052687168121
0.053921960294246674
0.0542336106300354
0.053955256938934326
0.05378146097064018
0.05382627993822098
0.05421359837055206
0.054184142500162125
0.05427562817931175
0.05402310565114021
0.053937431424856186
0.05419955775141716
0.054201968014240265
0.05404100939631462
0.05403069034218788
0.0542328841984272
0.05431903898715973
0.054008599370718
0.05424301326274872
0.05428056791424751
0.05478724464774132
0.05468818545341492
0.05465605482459068
0.05446130782365799
0.05453881993889809
0.05443260446190834
0.054503701627254486
0.0543571412563324
0.05493685603141785
0.05483308434486389
0.05539708957076073
0.05556682124733925
0.05542328581213951
0.05533987656235695
0.05533389374613762
0.05565563216805458
0.05524468049407005
0.05566675215959549
0.05561688542366028
0.055490512400865555
0.05529847368597984
0.05527357757091522
0.05536168813705444
0.055211424827575684
0.05525723472237587
0.05561954155564308
0.05523506924510002
0.0553569458425045
0.055438995361328125
0.055526141077280045
0.055342063307762146
0.05520866438746452
0.05521227419376373
0.05531091243028641
0.05548292025923729
0.0553639754652977
0.055587757378816605
0.055466920137405396
0.05555606260895729
0.05586734041571617
0.055797021836042404
0.05582117289304733
0.055733732879161835
0.055907078087329865
0.05578075349330902
0.05610506609082222
0.05610671639442444
0.05625525861978531
0.05606616288423538
0.0559312105178833
0.055770594626665115
0.05591069161891937
0.05580953508615494
0.05551805719733238
0.05594354867935181
0.05598022788763046
0.056207578629255295
0.05615470930933952
0.056255195289850235
0.05636744946241379
0.0565481036901474
0.05650245025753975
0.05669097229838371
0.05636734515428543
0.05609608069062233
0.056021835654973984
0.05589526146650314
0.05588347092270851
0.055782005190849304
0.055859342217445374
0.05587398633360863
0.05580367520451546
0.05601430684328079
0.05584624782204628
0.05605514720082283
0.05617045238614082
0.056391965597867966
0.056292079389095306
0.056735116988420486
0.05702068656682968
0.056935425847768784
0.05670126900076866
0.05630356818437576
0.05572385713458061
0.05565154552459717
0.055514175444841385
0.05536843091249466
0.05509039759635925
0.05495068058371544
0.054989639669656754
0.0551932118833065
0.055193547159433365
0.055163368582725525
0.055426549166440964
0.05555891990661621
0.05550432205200195
0.055267032235860825
0.055637046694755554
0.055587220937013626
0.055569086223840714
0.05570371076464653
0.05519023537635803
0.055068910121917725
0.054990094155073166
0.05513575300574303
0.05501950904726982
0.054855164140462875
0.0549987368285656
0.05482704937458038
0.05520552769303322
0.05524303391575813
0.05518338084220886
0.055222880095243454
0.05541587993502617
0.05579710006713867
0.05596822127699852
0.055786993354558945
0.05591650679707527
0.05570858344435692
0.055721454322338104
0.05559375137090683
0.05565832555294037
0.055446065962314606
0.05552030727267265
0.05547960102558136
0.055583517998456955
0.05532868951559067
0.055441711097955704
0.05540633201599121
0.05555814877152443
0.055685002356767654
0.05577379837632179
0.0558498241007328
0.05621732398867607
0.05646431818604469
0.056289829313755035
0.05644512549042702
0.05641603842377663
0.05634382739663124
0.05634439364075661
0.05610552430152893
0.05583689361810684
0.05574510619044304
0.05602430924773216
0.05621453374624252
0.05635903403162956
0.056479308754205704
0.057000596076250076
0.05752831697463989
0.05769799277186394
0.05770877003669739
0.05725196748971939
0.05697915703058243
0.05671975761651993
0.05626176297664642
0.05559685826301575
0.055241312831640244
0.05469253659248352
0.05442486330866814
0.054393354803323746
0.05443603917956352
0.054635077714920044
0.05483407527208328
0.05527452006936073
0.05569278448820114
0.055991366505622864
0.05611569806933403
0.056573543697595596
0.05643485113978386
0.05660201236605644
0.056961286813020706
0.05710205063223839
0.05730437487363815
0.05736594647169113
0.05759652331471443
0.05780019983649254
0.05751844868063927
0.057239606976509094
0.057261623442173004
0.05676253139972687
0.05645579472184181
0.05590973421931267
0.055728424340486526
0.05539528653025627
0.05549829825758934
0.05516070872545242
0.054888393729925156
0.055201511830091476
0.05529011785984039
0.055266037583351135
0.055588498711586
0.05600247159600258
0.05598248541355133
0.05642475560307503
0.05635416880249977
0.0566537044942379
0.05688178166747093
0.05747046694159508
0.058480508625507355
0.05864420533180237
0.058479323983192444
0.058357883244752884
0.05765518546104431
0.057300250977277756
0.056825246661901474
0.056410614401102066
0.05585194006562233
0.05576414242386818
0.05574176087975502
0.05576401576399803
0.05578497052192688
0.055998675525188446
0.056060791015625
0.05625194311141968
0.05603022500872612
0.0559370256960392
0.05626213550567627
0.05677222087979317
0.056876178830862045
0.057108476758003235
0.05728417634963989
0.05760837718844414
0.05777619779109955
0.05783872306346893
0.057417865842580795
0.057189248502254486
0.056972287595272064
0.05687709525227547
0.05668815225362778
0.056348349899053574
0.056316621601581573
0.05597483366727829
0.055604346096515656
0.055623430758714676
0.055330585688352585
0.05514555424451828
0.055114805698394775
0.055528171360492706
0.05564957857131958
0.055548399686813354
0.05566950514912605
0.05563362315297127
0.05583765730261803
0.05624084919691086
0.05636151134967804
0.056356899440288544
0.056371450424194336
0.056840430945158005
0.05700268596410751
0.05693846568465233
0.05652759224176407
0.05670052394270897
0.056909121572971344
0.05701823532581329
0.056837551295757294
0.05728663504123688
0.05745169147849083
0.05760924518108368
0.057640835642814636
0.0573609359562397
0.05712195485830307
0.057298287749290466
0.05680038779973984
0.05663714557886124
0.056861504912376404
0.056945424526929855
0.05693282559514046
0.05682973936200142
0.056494105607271194
0.05655520409345627
0.056241683661937714
0.0562671534717083
0.056007176637649536
0.0561932697892189
0.055842019617557526
0.05587184056639671
0.055812254548072815
0.056134384125471115
0.05663406476378441
0.05688710883259773
0.05712364986538887
0.05753336846828461
0.05765309929847717
0.057828549295663834
0.05769798159599304
0.05746656283736229
0.05718285217881203
0.05679725855588913
0.05621466413140297
0.05604533851146698
0.055681098252534866
0.05541972815990448
0.05507344752550125
0.055128391832113266
0.055347297340631485
0.05561569705605507
0.05577101930975914
0.05646238103508949
0.05688174441456795
0.05773582682013512
0.058889489620923996
0.05989951267838478
0.06061539426445961
0.0605255551636219
0.06046174466609955
0.05996277555823326
0.05943331867456436
0.05864604562520981
0.05789816007018089
0.05685476213693619
0.0562325157225132
0.05564328283071518
0.055430859327316284
0.055141009390354156
0.05505036190152168
0.0553252287209034
0.05518275499343872
0.05514075607061386
0.05515028163790703
0.05529642850160599
0.055704064667224884
0.05666634812951088
0.05774565786123276
0.058251626789569855
0.05822496488690376
0.05781000852584839
0.058088600635528564
0.058238059282302856
0.058136530220508575
0.05808334797620773
0.05801764130592346
0.057702355086803436
0.05719062685966492
0.05686603859066963
0.05697895586490631
0.05677292123436928
0.056736018508672714
0.056489598006010056
0.05646064877510071
0.056316085159778595
0.056340157985687256
0.0561189241707325
0.055804815143346786
0.05610576644539833
0.05638955160975456
0.056312523782253265
0.056454043835401535
0.056805822998285294
0.05723387375473976
0.057562049478292465
0.0574130155146122
0.057456448674201965
0.057614635676145554
0.05753452703356743
0.05757792294025421
0.0579412616789341
0.05827875807881355
0.05810639634728432
0.058186739683151245
0.05813715234398842
0.05822686105966568
0.057580042630434036
0.05784962698817253
0.05784253403544426
0.05786249041557312
0.05746564269065857
0.057887692004442215
0.05754567310214043
0.057626888155937195
0.057550832629203796
0.057846251875162125
0.05799047648906708
0.057945746928453445
0.057717181742191315
0.05740668252110481
0.057551309466362
0.05793027952313423
0.057858798652887344
0.057858362793922424
0.05786820873618126
0.0578148290514946
0.05801398679614067
0.057780671864748
0.05781334266066551
0.05791134387254715
0.05784806236624718
0.05811276659369469
0.057870496064424515
0.05799802020192146
0.057863619178533554
0.05776665732264519
0.05761430785059929
0.057499293237924576
0.057572267949581146
0.05727245286107063
0.05686793476343155
0.05717034637928009
0.05746119096875191
0.05765395984053612
0.057650987058877945
0.05858420208096504
0.058781735599040985
0.05863475054502487
0.058397501707077026
0.057920921593904495
0.05758966505527496
0.05755876004695892
0.05708454176783562
0.05692664533853531
0.0568000003695488
0.05635721981525421
0.05674561485648155
0.05666806176304817
0.05674061179161072
0.05717512220144272
0.058040689677000046
0.05849176272749901
0.05874526873230934
0.058530960232019424
0.05768582597374916
0.05727561563253403
0.05695845186710358
0.05645841360092163
0.05619633570313454
0.05598977580666542
0.056053996086120605
0.056229960173368454
0.055951278656721115
0.05566863343119621
0.05549748241901398
0.05553414300084114
0.05585980415344238
0.05653543397784233
0.056810054928064346
0.057182636111974716
0.057526927441358566
0.05776441842317581
0.05800815299153328
0.058420680463314056
0.05863090232014656
0.05886952951550484
0.0589783601462841
0.05902096629142761
0.05913303419947624
0.05907764658331871
0.05863151699304581
0.05847325176000595
0.05825478211045265
0.05775078758597374
0.057012371718883514
0.056197598576545715
0.05629604682326317
0.05645575374364853
0.0562746562063694
0.056616250425577164
0.05655883625149727
0.05648062005639076
0.056568972766399384
0.05643537640571594
0.056596942245960236
0.056886445730924606
0.057253651320934296
0.05772873014211655
0.05790070816874504
0.057746898382902145
0.05747599899768829
0.05732600763440132
0.057280294597148895
0.05762723833322525
0.0578012689948082
0.05767837166786194
0.0575341060757637
0.05753638967871666
0.057656001299619675
0.057666879147291183
0.0576314851641655
0.057515740394592285
0.0577656626701355
0.05746849626302719
0.057223014533519745
0.057307638227939606
0.05724603310227394
0.057022545486688614
0.05709894001483917
0.05701345577836037
0.05732974782586098
0.05744881555438042
0.05730264261364937
0.057294197380542755
0.05734910070896149
0.05722750350832939
0.05714310333132744
0.056986961513757706
0.0573202446103096
0.0574645958840847
0.057522017508745193
0.05771595612168312
0.057706259191036224
0.05769142881035805
0.05793895199894905
0.0584011934697628
0.05849926546216011
0.058380480855703354
0.05840683355927467
0.05875885859131813
0.058796126395463943
0.05858466401696205
0.05833200365304947
0.05821569263935089
0.05823097005486488
0.05795937404036522
0.057977087795734406
0.05826159939169884
0.05804361030459404
0.057662662118673325
0.057428907603025436
0.057108379900455475
0.057093992829322815
0.05719020962715149
0.05740848928689957
0.057212237268686295
0.057733204215765
0.05814855545759201
0.05854317173361778
0.0585891455411911
0.05868298187851906
0.05810226500034332
0.057712372392416
0.05743115395307541
0.056943267583847046
0.05672038719058037
0.056713610887527466
0.05647161230444908
0.056750115007162094
0.05664680153131485
0.056632306426763535
0.057000018656253815
0.05744284763932228
0.058321304619312286
0.05945294350385666
0.06039060652256012
0.06097985804080963
0.06100725755095482
0.061052434146404266
0.06071492284536362
0.059558093547821045
0.058685436844825745
0.05813591554760933
0.05742194876074791
0.0567827969789505
0.05627106875181198
0.05609843134880066
0.05571728199720383
0.055168669670820236
0.05515415966510773
0.055463265627622604
0.055739205330610275
0.05581146851181984
0.056005608290433884
0.05655907839536667
0.05730728805065155
0.058176711201667786
0.05892064794898033
0.059432756155729294
0.059520307928323746
0.059641283005476
0.05957682058215141
0.059424906969070435
0.05874555930495262
0.0582125224173069
0.05787716805934906
0.05732038617134094
0.05684955045580864
0.056768592447042465
0.05687109753489494
0.05656995251774788
0.05641300231218338
0.05633324012160301
0.056183479726314545
0.056492071598768234
0.05615358427166939
0.05622995272278786
0.05661652609705925
0.05685402452945709
0.05703064426779747
0.05727154389023781
0.057630348950624466
0.05807091295719147
0.058504603803157806
0.05859333649277687
0.05858077108860016
0.05866200104355812
0.05850584805011749
0.0587032288312912
0.05875074490904808
0.058449551463127136
0.058476801961660385
0.05826089531183243
0.05787799879908562
0.05779274180531502
0.05790267139673233
0.057861506938934326
0.05769864097237587
0.05758724361658096
0.05777271091938019
0.057678528130054474
0.05786731466650963
0.058083321899175644
0.05789770558476448
0.05797818675637245
0.057829175144433975
0.057923004031181335
0.057959988713264465
0.058059439063072205
0.05826866254210472
0.05863651633262634
0.05864330753684044
0.0584021657705307
0.05832821503281593
0.057921409606933594
0.058137908577919006
0.058153774589300156
0.05869891494512558
0.05867672339081764
0.05844566226005554
0.05838087946176529
0.05855598673224449
0.05878507345914841
0.05871758610010147
0.05856630578637123
0.05854087322950363
0.05839213356375694
0.05843086168169975
0.05822838842868805
0.05837945640087128
0.058510422706604004
0.05813636630773544
0.05820176750421524
0.05838334560394287
0.05831589549779892
0.058184005320072174
0.05842208117246628
0.05871468782424927
0.058685142546892166
0.058738965541124344
0.05854747071862221
0.05860864371061325
0.058602433651685715
0.058328330516815186
0.05837693810462952
0.058275267481803894
0.05798875540494919
0.057736653834581375
0.057535506784915924
0.057518430054187775
0.05756967514753342
0.05781807377934456
0.05801721289753914
0.05832381546497345
0.05840315297245979
0.05802277475595474
0.058127544820308685
0.058313943445682526
0.058295488357543945
0.05846318230032921
0.058422427624464035
0.058610010892152786
0.058772142976522446
0.05886392295360565
0.05878494679927826
0.05878226086497307
0.05848303809762001
0.05830683186650276
0.057897984981536865
0.05759349465370178
0.05745730549097061
0.05699828267097473
0.05675242841243744
0.05656341463327408
0.05663865804672241
0.056819163262844086
0.05683421343564987
0.05679529160261154
0.05695502087473869
0.05724190175533295
0.05747915059328079
0.05769236013293266
0.05855767801403999
0.05939159542322159
0.060297124087810516
0.06099459528923035
0.06102151423692703
0.060740455985069275
0.06055128946900368
0.0598640963435173
0.058870650827884674
0.058566752821207047
0.05807679519057274
0.05779004469513893
0.05705422908067703
0.05635650083422661
0.05612388998270035
0.0561223030090332
0.05590822920203209
0.05576340854167938
0.05571435019373894
0.05561085417866707
0.055739037692546844
0.05598669871687889
0.05642099678516388
0.05695666745305061
0.057311058044433594
0.05767622962594032
0.05810179188847542
0.05783376097679138
0.057895123958587646
0.058158133178949356
0.05842617154121399
0.058608874678611755
0.058442626148462296
0.05833164229989052
0.05827301740646362
0.05838525667786598
0.05829634144902229
0.05793619528412819
0.05822424590587616
0.058015257120132446
0.05782884731888771
0.05778910964727402
0.057976819574832916
0.057685282081365585
0.05759844556450844
0.05748624727129936
0.057387422770261765
0.05752881243824959
0.05762334167957306
0.05766110494732857
0.05757962912321091
0.0574302114546299
0.05751299858093262
0.057510703802108765
0.057829298079013824
0.05802741274237633
0.05781317502260208
0.057752761989831924
0.05775880813598633
0.05782667547464371
0.05788513273000717
0.05789731815457344
0.057965490967035294
0.05790751054883003
0.05748152732849121
0.057329487055540085
0.05714600905776024
0.05717111751437187
0.05710311979055405
0.05700990930199623
0.05764203891158104
0.05777398869395256
0.05785772576928139
0.057784032076597214
0.057735152542591095
0.05797053873538971
0.057799093425273895
0.05813804641366005
0.05814722552895546
0.05817672237753868
0.058106373995542526
0.058139778673648834
0.0585913211107254
0.058702558279037476
0.05871226638555527
0.05869505554437637
0.05875655263662338
0.05849098414182663
0.058087997138500214
0.05842316150665283
0.05861026048660278
0.05858941748738289
0.05853918567299843
0.058340009301900864
0.058101680129766464
0.057986002415418625
0.05803263932466507
0.0579935722053051
0.05798700451850891
0.05789816379547119
0.05784983932971954
0.05814442038536072
0.058072786778211594
0.05900618061423302
0.05914776772260666
0.05889821797609329
0.05871577560901642
0.05878813564777374
0.05872634798288345
0.058475691825151443
0.057970210909843445
0.05775132775306702
0.05769750103354454
0.05766928941011429
0.05753907188773155
0.05726653337478638
0.05748942866921425
0.05786464363336563
0.05806247889995575
0.05823178589344025
0.05863286554813385
0.05884266644716263
0.058685049414634705
0.058336786925792694
0.05778101459145546
0.05717345327138901
0.057138942182064056
0.05672401189804077
0.05649806186556816
0.05633741617202759
0.05647728592157364
0.056388791650533676
0.05630633980035782
0.0564681813120842
0.056639786809682846
0.057867128401994705
0.0588870570063591
0.0597921721637249
0.06066766381263733
0.06122979521751404
0.06121750548481941
0.06071297451853752
0.06016094610095024
0.05901200324296951
0.058034833520650864
0.057173795998096466
0.05665495619177818
0.056046973913908005
0.05593745782971382
0.055656999349594116
0.05547552555799484
0.055552709847688675
0.055642783641815186
0.055953189730644226
0.056120648980140686
0.056571315973997116
0.056872058659791946
0.057756632566452026
0.058438487350940704
0.059364523738622665
0.0600251704454422
0.06019537150859833
0.06041370704770088
0.0600784607231617
0.060101062059402466
0.05991813540458679
0.05956064164638519
0.0595601350069046
0.059278663247823715
0.05908450484275818
0.058868657797575
0.05876723676919937
0.05833037942647934
0.05852843448519707
0.058326300233602524
0.05803563445806503
0.05784526839852333
0.057759955525398254
0.058029547333717346
0.0578991174697876
0.05792530998587608
0.05778834596276283
0.05787475407123566
0.05822010338306427
0.058260221034288406
0.0588083490729332
0.05869470164179802
0.05867086350917816
0.05858514830470085
0.058643877506256104
0.058699242770671844
0.05904891714453697
0.05873096361756325
0.058831244707107544
0.0590943768620491
0.05901280418038368
0.05910173058509827
0.05895310640335083
0.05911907181143761
0.058830730617046356
0.0588105283677578
0.058439578860998154
0.0585143156349659
0.05859426036477089
0.058432966470718384
0.05856221914291382
0.05861806124448776
0.058804962784051895
0.058621425181627274
0.05893268436193466
0.05862344428896904
0.05869752913713455
0.0586259625852108
0.058589570224285126
0.05867916718125343
0.05887090414762497
0.058951426297426224
0.059104688465595245
0.059452954679727554
0.0594659261405468
0.05967925861477852
0.059872496873140335
0.06008535251021385
0.05992540717124939
0.059691302478313446
0.05992861092090607
0.05945189669728279
0.059323910623788834
0.0593295618891716
0.059379953891038895
0.05895809084177017
0.05901949852705002
0.05892787501215935
0.05900610238313675
0.059168681502342224
0.05982699245214462
0.05991315096616745
0.0595267191529274
0.05904944986104965
0.058877669274806976
0.059046968817710876
0.058925267308950424
0.058918509632349014
0.058947496116161346
0.05871771275997162
0.058844637125730515
0.05904017761349678
0.05925523117184639
0.05936873331665993
0.05920796096324921
0.058910638093948364
0.0590963140130043
0.05927051603794098
0.05897139757871628
0.05891906097531319
0.05873827263712883
0.058401163667440414
0.05806134641170502
0.05774424225091934
0.05746128410100937
0.05754457041621208
0.057554349303245544
0.05753669515252113
0.057638779282569885
0.057944104075431824
0.057933732867240906
0.05824720859527588
0.05916605889797211
0.059915442019701004
0.06047384440898895
0.061564136296510696
0.0618583969771862
0.06187322735786438
0.061106182634830475
0.060570936650037766
0.05999412015080452
0.059209682047367096
0.05853484198451042
0.057838041335344315
0.05728224292397499
0.05683869123458862
0.05615362897515297
0.05600535497069359
0.056207239627838135
0.05615123361349106
0.05642417073249817
0.05624759942293167
0.056679219007492065
0.05721725896000862
0.05819224566221237
0.05936599522829056
0.06032119318842888
0.061242129653692245
0.0613664947450161
0.06132075563073158
0.06086215004324913
0.0609823539853096
0.06052718684077263
0.06032693758606911
0.05959567800164223
0.059370193630456924
0.05897021293640137
0.05874010547995567
0.05882168933749199
0.05897671356797218
0.058730728924274445
0.0583672933280468
0.058261848986148834
0.05800614133477211
0.05754123628139496
0.0570610947906971
0.057401832193136215
0.057045888155698776
0.057209476828575134
0.05748101696372032
0.05756022408604622
0.05774170532822609
0.05779366195201874
0.05791888013482094
0.058612480759620667
0.05877973139286041
0.058936573565006256
0.05899554491043091
0.05937027931213379
0.05961877107620239
0.059572942554950714
0.06002361699938774
0.059885423630476
0.05996997654438019
0.06004229933023453
0.059814054518938065
0.05982641875743866
0.05965743213891983
0.05954797565937042
0.05965856462717056
0.05984506383538246
0.05978947505354881
0.05962358042597771
0.059701334685087204
0.05954757332801819
0.05938003957271576
0.059274300932884216
0.059060584753751755
0.05899644270539284
0.05903496965765953
0.059071023017168045
0.05891140550374985
0.058592621237039566
0.05861524119973183
0.05873125419020653
0.05864947289228439
0.058724820613861084
0.05917191132903099
0.05959459766745567
0.059813741594552994
0.06016303971409798
0.060465432703495026
0.060427356511354446
0.06062442809343338
0.06046874448657036
0.06017673388123512
0.05994318053126335
0.05931608006358147
0.05900520086288452
0.05866057798266411
0.058518245816230774
0.05840924382209778
0.05834128335118294
0.058355607092380524
0.058178506791591644
0.05821184068918228
0.05819564685225487
0.05813528597354889
0.05814255028963089
0.05853872746229172
0.05891251564025879
0.059795599430799484
0.06026148423552513
0.06094503775238991
0.0613742433488369
0.0614825002849102
0.06146310269832611
0.06112704798579216
0.060783736407756805
0.06016926467418671
0.05920778587460518
0.059060778468847275
0.058645036071538925
0.058190252631902695
0.057930029928684235
0.05766497924923897
0.05739205703139305
0.057419002056121826
0.05738542601466179
0.05754120647907257
0.057487308979034424
0.05747189000248909
0.057701531797647476
0.05795102193951607
0.05798787623643875
0.05814797431230545
0.05848105624318123
0.058808937668800354
0.05890721455216408
0.059399232268333435
0.05966229364275932
0.05940980091691017
0.05978945270180702
0.05988015606999397
0.060154348611831665
0.060115110129117966
0.059817250818014145
0.05963628739118576
0.059240229427814484
0.05902544781565666
0.05902520939707756
0.058883730322122574
0.058302443474531174
0.05802394822239876
0.058079998940229416
0.0581342950463295
0.05802016332745552
0.05780394375324249
0.057764533907175064
0.057635631412267685
0.05768193304538727
0.057547979056835175
0.05735411494970322
0.05750525742769241
0.05769326165318489
0.05774805322289467
0.057897746562957764
0.058345306664705276
0.05861346423625946
0.058908917009830475
0.058995362371206284
0.05872970074415207
0.058854054659605026
0.05950070172548294
0.05984704941511154
0.060000330209732056
0.06040491163730621
0.06000913679599762
0.05990054830908775
0.059793151915073395
0.05967337638139725
0.05955873802304268
0.05950041487812996
0.0592525340616703
0.058950502425432205
0.05868295580148697
0.05852371081709862
0.05840059742331505
0.05830740928649902
0.05858616530895233
0.05860055983066559
0.058884359896183014
0.05900774151086807
0.05928247049450874
0.059319544583559036
0.059549372643232346
0.05959007143974304
0.05976026505231857
0.05988996848464012
0.06003187969326973
0.060080867260694504
0.060276519507169724
0.06037897989153862
0.06022558733820915
0.06004182621836662
0.05927549675107002
0.05906619131565094
0.05889097973704338
0.05896703526377678
0.05891826003789902
0.05873361602425575
0.05852288380265236
0.05832817777991295
0.058387454599142075
0.0581544004380703
0.05795992165803909
0.05802658945322037
0.058342840522527695
0.058495040982961655
0.05890438333153725
0.05906588211655617
0.059404727071523666
0.060074582695961
0.060444898903369904
0.0606057234108448
0.06059472635388374
0.06072770431637764
0.060313526540994644
0.05973255634307861
0.0595465786755085
0.0592101588845253
0.05884334444999695
0.058705247938632965
0.05889775976538658
0.05899285525083542
0.05894915759563446
0.059118833392858505
0.05967571586370468
0.0600084513425827
0.060437534004449844
0.06088815629482269
0.06133043393492699
0.06127798557281494
0.06127356365323067
0.06113220751285553
0.06052803993225098
0.059708550572395325
0.05937559902667999
0.05913644656538963
0.05858798697590828
0.058213021606206894
0.05788158252835274
0.057784002274274826
0.05790511518716812
0.05803164094686508
0.058303698897361755
0.05837337300181389
0.05856463313102722
0.05881105735898018
0.05960436910390854
0.06024489179253578
0.06089293584227562
0.061695829033851624
0.06237497925758362
0.06287919729948044
0.06330373138189316
0.06285983324050903
0.06220133975148201
0.0616273432970047
0.06072748452425003
0.06027324125170708
0.05982528254389763
0.05850965529680252
0.057984210550785065
0.05754082649946213
0.05732054263353348
0.05705003812909126
0.05698515102267265
0.05703257396817207
0.057275932282209396
0.05780743435025215
0.057929180562496185
0.05846891552209854
0.0585317499935627
0.05928322672843933
0.05921371281147003
0.05936799570918083
0.05970177799463272
0.059767477214336395
0.060207974165678024
0.06051228567957878
0.0604625828564167
0.060146037489175797
0.06023455783724785
0.06018725410103798
0.06010131165385246
0.06000440567731857
0.05982031673192978
0.05978085473179817
0.060129523277282715
0.060257479548454285
0.06018751859664917
0.06019968539476395
0.060426756739616394
0.06046079844236374
0.0604698620736599
0.060332514345645905
0.060216840356588364
0.06006879732012749
0.05961420387029648
0.059631384909152985
0.059529248625040054
0.059497859328985214
0.059597861021757126
0.05962558090686798
0.05940012261271477
0.05939839035272598
0.059228651225566864
0.0595841109752655
0.05947626754641533
0.0595783032476902
0.059816863387823105
0.059918247163295746
0.060152020305395126
0.060450706630945206
0.06040426716208458
0.06036165729165077
0.060326505452394485
0.06044115498661995
0.06084881350398064
0.06103801354765892
0.06077784672379494
0.060477420687675476
0.06064743921160698
0.06071322411298752
0.060565173625946045
0.06081819161772728
0.060814786702394485
0.0606418251991272
0.060384057462215424
0.06047700345516205
0.060262877494096756
0.060357466340065
0.060327135026454926
0.060222078114748
0.060020122677087784
0.059808943420648575
0.05932556837797165
0.059745535254478455
0.059793438762426376
0.05986037850379944
0.05971303954720497
0.059997688978910446
0.06030869856476784
0.060850512236356735
0.06128357723355293
0.061725370585918427
0.06213565543293953
0.062035366892814636
0.061736661940813065
0.06083657965064049
0.06017231568694115
0.05969444662332535
0.059496887028217316
0.05903217941522598
0.058883264660835266
0.058783337473869324
0.05859540030360222
0.05877252668142319
0.05853748321533203
0.05863398686051369
0.058904048055410385
0.05903204530477524
0.05968385934829712
0.059936702251434326
0.06007687374949455
0.06023098900914192
0.06072584167122841
0.061184875667095184
0.06198059394955635
0.06246088072657585
0.06241597980260849
0.06251822412014008
0.06210624426603317
0.06182403489947319
0.06139787286520004
0.060951970517635345
0.06053100526332855
0.060007475316524506
0.059526704251766205
0.05928685516119003
0.058755066245794296
0.05819882079958916
0.05806741863489151
0.05795580893754959
0.05789852887392044
0.057956796139478683
0.05790397897362709
0.05792608857154846
0.058192335069179535
0.05867219716310501
0.05908558890223503
0.05944846570491791
0.0601140558719635
0.06036040559411049
0.06053449958562851
0.060882892459630966
0.06115713715553284
0.061665523797273636
0.062392640858888626
0.06267013400793076
0.06275340914726257
0.06263325363397598
0.06212100014090538
0.06162317842245102
0.06140531599521637
0.06104373186826706
0.0608304888010025
0.06029259413480759
0.05960911139845848
0.05943167209625244
0.0592067688703537
0.05926976725459099
0.05939880758523941
0.05910692736506462
0.05919376015663147
0.05918688327074051
0.059723395854234695
0.060061581432819366
0.059945184737443924
0.06032069772481918
0.060228168964385986
0.06024141609668732
0.06058892607688904
0.06086502969264984
0.06117713451385498
0.061320431530475616
0.06146899238228798
0.0615568645298481
0.061446014791727066
0.06144119054079056
0.06162039935588837
0.06173395738005638
0.061815448105335236
0.06201939284801483
0.06166725605726242
0.06151726469397545
0.061098456382751465
0.060895271599292755
0.06072196364402771
0.06032722815871239
0.05991658940911293
0.05958743393421173
0.059467900544404984
0.059272512793540955
0.05950438231229782
0.05956597253680229
0.05954647809267044
0.05977845937013626
0.05997239798307419
0.06071203947067261
0.060750048607587814
0.06088198721408844
0.06146041303873062
0.062064673751592636
0.06229264289140701
0.06254953145980835
0.06278436630964279
0.06248319149017334
0.06183403357863426
0.06154971569776535
0.06118225306272507
0.06056208163499832
0.06011613830924034
0.059897225350141525
0.05969201400876045
0.059157274663448334
0.05872239172458649
0.05864613875746727
0.05897730588912964
0.05878438055515289
0.058932699263095856
0.05935458466410637
0.05936483293771744
0.05959374085068703
0.059704188257455826
0.06016749143600464
0.060469482094049454
0.06086866930127144
0.061043135821819305
0.06127746030688286
0.06126372143626213
0.06158282235264778
0.06128152459859848
0.06126704066991806
0.06127040460705757
0.06107361614704132
0.06091281399130821
0.06054287403821945
0.0605233870446682
0.06031705439090729
0.060294538736343384
0.06002092361450195
0.05979308858513832
0.0598054900765419
0.059825919568538666
0.060083262622356415
0.060053709894418716
0.05996522307395935
0.05996543914079666
0.05996788665652275
0.059761758893728256
0.05963359773159027
0.06027038022875786
0.060677412897348404
0.06121847778558731
0.06159771606326103
0.06231661140918732
0.06213219091296196
0.061869096010923386
0.06176984682679176
0.06166979670524597
0.061152681708335876
0.06077156588435173
0.060329411178827286
0.06011991947889328
0.060168541967868805
0.060478970408439636
0.060758981853723526
0.06053747609257698
0.06007694825530052
0.06022968143224716
0.060427915304899216
0.06068943440914154
0.0610746406018734
0.0616430826485157
0.06191805750131607
0.06177082285284996
0.061779629439115524
0.061331797391176224
0.0614737942814827
0.06121343374252319
0.060783397406339645
0.060050372034311295
0.05960037559270859
0.05936971679329872
0.05959584563970566
0.05974968895316124
0.05960150808095932
0.059776488691568375
0.06033839285373688
0.06105378270149231
0.06139705702662468
0.06190791726112366
0.06243951991200447
0.06310660392045975
0.06327010691165924
0.06331990659236908
0.06263615190982819
0.061708562076091766
0.060988649725914
0.06010398641228676
0.05929386988282204
0.058849211782217026
0.05877819284796715
0.05824378877878189
0.05844581127166748
0.05840829759836197
0.058636587113142014
0.05885452777147293
0.05900443717837334
0.058876775205135345
0.059231191873550415
0.05998265743255615
0.060330696403980255
0.06045897305011749
0.06099928915500641
0.061503712087869644
0.06239302083849907
0.06294908374547958
0.06302244961261749
0.0631333515048027
0.0633227750658989
0.06313271075487137
0.06285292655229568
0.06272254139184952
0.06222096458077431
0.06129937246441841
0.06107639893889427
0.060449253767728806
0.0603824257850647
0.060094673186540604
0.05967898666858673
0.059721674770116806
0.05974704027175903
0.05986998602747917
0.06021231785416603
0.06027737632393837
0.06026989594101906
0.06046533212065697
0.060329534113407135
0.06057204678654671
0.06073914095759392
0.061070531606674194
0.0610913410782814
0.06121550500392914
0.061326391994953156
0.06153978779911995
0.06183484569191933
0.06223183125257492
0.06269525736570358
0.06306060403585434
0.0628671869635582
0.06272408366203308
0.062408801168203354
0.062331996858119965
0.062379416078329086
0.06194576621055603
0.06184886768460274
0.06164781376719475
0.06146300211548805
0.06165401637554169
0.06172313913702965
0.06178779527544975
0.06188758835196495
0.0620046891272068
0.06202385202050209
0.06154065951704979
0.06138560548424721
0.061430152505636215
0.061297859996557236
0.061354998499155045
0.061352476477622986
0.061433497816324234
0.061639878898859024
0.06168172508478165
0.061973944306373596
0.06192745640873909
0.061985116451978683
0.06202190741896629
0.06197040528059006
0.06203880161046982
0.062137164175510406
0.06193215399980545
0.06205805391073227
0.062128327786922455
0.0619630329310894
0.06180975213646889
0.06165667995810509
0.06166580691933632
0.06182984262704849
0.0621396042406559
0.06208854168653488
0.06186431646347046
0.06210489943623543
0.06228338181972504
0.06225431710481644
0.06260867416858673
0.06279260665178299
0.0629444271326065
0.0628153458237648
0.06262820959091187
0.06284093111753464
0.06251182407140732
0.06260921061038971
0.06209944188594818
0.06192280352115631
0.06143601983785629
0.060971278697252274
0.06084326282143593
0.06076443940401077
0.06067992001771927
0.06069624796509743
0.06101864576339722
0.06119414046406746
0.06141957640647888
0.061646293848752975
0.06235035881400108
0.06294742971658707
0.06310518085956573
0.06330566853284836
0.06349541246891022
0.06329852342605591
0.06256277114152908
0.06202919781208038
0.06148307025432587
0.061041444540023804
0.06102677434682846
0.060528967529535294
0.060539521276950836
0.06016245111823082
0.06013068929314613
0.05976053327322006
0.059879232197999954
0.06015442684292793
0.06042026728391647
0.06062695384025574
0.06140054389834404
0.061929214745759964
0.06278880685567856
0.06324487924575806
0.06388804316520691
0.06427449733018875
0.06451437622308731
0.06398148089647293
0.06343001127243042
0.06319798529148102
0.0627477616071701
0.06229115650057793
0.061694663017988205
0.061433594673871994
0.060832679271698
0.060185108333826065
0.06018189713358879
0.060059595853090286
0.059890907257795334
0.05990533530712128
0.060139939188957214
0.060226939618587494
0.060208044946193695
0.0605827197432518
0.0607793964445591
0.06093529611825943
0.061391349881887436
0.0617220401763916
0.062071360647678375
0.06262241303920746
0.06295470893383026
0.06325339525938034
0.06324364244937897
0.06342252343893051
0.06329525262117386
0.06321476399898529
0.06356751918792725
0.06345821171998978
0.06300034373998642
0.06268809735774994
0.06255536526441574
0.06193127483129501
0.06128858029842377
0.06099623814225197
0.06056176871061325
0.060476817190647125
0.06068062037229538
0.06070579215884209
0.06083540990948677
0.0607488639652729
0.06101732701063156
0.06127598509192467
0.06161056458950043
0.06193660944700241
0.06211109086871147
0.06225035339593887
0.06267660856246948
0.06290093809366226
0.06310684233903885
0.06319454312324524
0.06320163607597351
0.06341202557086945
0.06350334733724594
0.06359991431236267
0.06338156759738922
0.06300217658281326
0.06276486814022064
0.06270841509103775
0.062229812145233154
0.06216363236308098
0.06225629150867462
0.06231504678726196
0.06240522861480713
0.06215619668364525
0.06217541918158531
0.0623234398663044
0.0626191794872284
0.06300518661737442
0.06301657110452652
0.06324886530637741
0.06335143744945526
0.06324604898691177
0.0629059299826622
0.06324502825737
0.06343016773462296
0.06344655156135559
0.06323924660682678
0.0626603364944458
0.06245194748044014
0.06209273263812065
0.061878327280282974
0.061693836003541946
0.0614425390958786
0.061392128467559814
0.061110906302928925
0.06143363565206528
0.06162180006504059
0.061890654265880585
0.062152210623025894
0.06254284083843231
0.0634009838104248
0.06434207409620285
0.06512480229139328
0.06522604823112488
0.06527594476938248
0.06505950540304184
0.06491212546825409
0.06456228345632553
0.06383844465017319
0.06312499940395355
0.06235574558377266
0.06188046187162399
0.061380427330732346
0.0612478032708168
0.06071602180600166
0.06029515340924263
0.06041766703128815
0.06037415191531181
0.06047358363866806
0.06086929887533188
0.06125792860984802
0.061607733368873596
0.061859242618083954
0.06203987076878548
0.06253612041473389
0.06313632428646088
0.0634048581123352
0.06351249665021896
0.06398709863424301
0.06401112675666809
0.06448612362146378
0.06436698138713837
0.06460554897785187
0.06440681964159012
0.06461190432310104
0.06427616626024246
0.06436377018690109
0.06392215937376022
0.06385526061058044
0.06356360018253326
0.06296790391206741
0.06270534545183182
0.0626358613371849
0.062338463962078094
0.06220186874270439
0.06229722872376442
0.06235823035240173
0.062353529036045074
0.06227855756878853
0.06221456080675125
0.06216082721948624
0.06236680969595909
0.06263051182031631
0.06309060007333755
0.06324168294668198
0.063804991543293
0.06359299272298813
0.06386512517929077
0.06412333250045776
0.0641118660569191
0.0642576664686203
0.06428474187850952
0.0641917809844017
0.06406226009130478
0.06386640667915344
0.06366201490163803
0.06361785531044006
0.06366469711065292
0.06371317058801651
0.06317507475614548
0.0631457269191742
0.06293801963329315
0.06261176615953445
0.06245110183954239
0.06235523149371147
0.062207985669374466
0.062353964895009995
0.06246623769402504
0.06273426860570908
0.06321706622838974
0.06395244598388672
0.06435614079236984
0.06508887559175491
0.06515420973300934
0.06512446701526642
0.06487191468477249
0.0645734965801239
0.06422626227140427
0.06352328509092331
0.06328659504652023
0.06292709708213806
0.0626995712518692
0.06270785629749298
0.061875373125076294
0.06130797043442726
0.06126145273447037
0.06152404472231865
0.06167180836200714
0.06198352202773094
0.06210726127028465
0.06321986764669418
0.063939668238163
0.06476453691720963
0.06546860933303833
0.06615189462900162
0.06646127253770828
0.06682493537664413
0.0671849176287651
0.0665900930762291
0.06580867618322372
0.06493121385574341
0.0642942488193512
0.06343424320220947
0.062492288649082184
0.06194906309247017
0.062042832374572754
0.06117815896868706
0.06076762452721596
0.060710906982421875
0.06065705791115761
0.060573287308216095
0.06054328382015228
0.06069248169660568
0.061094336211681366
0.061388734728097916
0.06187429651618004
0.06185923516750336
0.062056612223386765
0.06252888590097427
0.06258627027273178
0.06310662627220154
0.06358986347913742
0.06388591974973679
0.06416893005371094
0.06440384685993195
0.06461405754089355
0.06494764983654022
0.06491738557815552
0.06516290456056595
0.06526172161102295
0.06517446041107178
0.06488164514303207
0.06463021039962769
0.0643053948879242
0.06398347020149231
0.0638720914721489
0.06345180422067642
0.06303203105926514
0.06285244226455688
0.06240737438201904
0.06235330551862717
0.0627271831035614
0.06280495226383209
0.06289932876825333
0.06296835094690323
0.06296441704034805
0.06286224722862244
0.06279905140399933
0.06286147981882095
0.06319555640220642
0.06325630098581314
0.06335069239139557
0.06329986453056335
0.06324663758277893
0.06331776827573776
0.06364614516496658
0.06392879039049149
0.06413686275482178
0.06407925486564636
0.06406905502080917
0.06401876360177994
0.06356997787952423
0.06359072029590607
0.06346316635608673
0.06359821557998657
0.06383126974105835
0.06387433409690857
0.06373487412929535
0.06401466578245163
0.06399598717689514
0.06413137167692184
0.06455345451831818
0.06441624462604523
0.06434943526983261
0.06417787820100784
0.06398499757051468
0.06358007341623306
0.0637502670288086
0.06371777504682541
0.06388877332210541
0.06388203054666519
0.0642482116818428
0.06426754593849182
0.0644601583480835
0.06459490209817886
0.06447853893041611
0.06418492645025253
0.0640353113412857
0.0639059767127037
0.06365478038787842
0.06323795020580292
0.06334637105464935
0.06357886642217636
0.0634785145521164
0.06312593072652817
0.06308887898921967
0.0634155124425888
0.06362885236740112
0.06423135846853256
0.0645434707403183
0.06462658941745758
0.06463109701871872
0.06476957350969315
0.06419988721609116
0.06379934400320053
0.06367745250463486
0.06342405825853348
0.0627610981464386
0.06237886846065521
0.06212233752012253
0.062095172703266144
0.06228472664952278
0.06228763237595558
0.062334928661584854
0.062327638268470764
0.06262814253568649
0.06285513192415237
0.06378141790628433
0.06432748585939407
0.06491249799728394
0.06563355028629303
0.06624223291873932
0.06631354987621307
0.06579247117042542
0.06537698954343796
0.06451032310724258
0.06410636007785797
0.06342453509569168
0.0627036914229393
0.06224853917956352
0.06144993007183075
0.06097375229001045
0.060792356729507446
0.0611736886203289
0.061431292444467545
0.061513662338256836
0.06175154447555542
0.06211899593472481
0.06236392632126808
0.06247108057141304
0.06244127079844475
0.06282860040664673
0.06333759427070618
0.06357588618993759
0.0637754499912262
0.06372196227312088
0.06381416320800781
0.06411568075418472
0.06430496275424957
0.06460555642843246
0.06482323259115219
0.06505154818296432
0.0652080699801445
0.06526783853769302
0.06486091017723083
0.06442391127347946
0.06393516808748245
0.06387746334075928
0.06325921416282654
0.06287403404712677
0.06250666826963425
0.06245063990354538
0.06225379556417465
0.06180434301495552
0.06180885061621666
0.061615943908691406
0.061703965067863464
0.06162948161363602
0.0619143545627594
0.06212202087044716
0.06255830079317093
0.0626305416226387
0.06283868104219437
0.06310484558343887
0.0634390190243721
0.06375394761562347
0.06445097923278809
0.06433233618736267
0.06462905555963516
0.0646151676774025
0.06507598608732224
0.06481453776359558
0.06484438478946686
0.06472603976726532
0.0648222491145134
0.06479009985923767
0.06453976780176163
0.0640954002737999
0.06371770799160004
0.06342817842960358
0.06311997026205063
0.06298143416643143
0.06307464838027954
0.06296052783727646
0.06297488510608673
0.06285785138607025
0.0632355734705925
0.06325557082891464
0.06355758756399155
0.0636654645204544
0.06376770883798599
0.06397877633571625
0.0643492117524147
0.06482710689306259
0.06513763964176178
0.0656457245349884
0.06551505625247955
0.06534443795681
0.06529850512742996
0.06483294814825058
0.06442898511886597
0.06399254500865936
0.06364241242408752
0.06326987594366074
0.06287644803524017
0.06230645254254341
0.06244169920682907
0.06275961548089981
0.06299576163291931
0.06308335065841675
0.06353724747896194
0.06398563832044601
0.0645800232887268
0.06536705791950226
0.06604886054992676
0.06612535566091537
0.06674038618803024
0.0669555515050888
0.06694787740707397
0.06655336916446686
0.06633895635604858
0.06558730453252792
0.0650535300374031
0.0642828643321991
0.06363295018672943
0.0632733479142189
0.06275118142366409
0.06257591396570206
0.0629415437579155
0.06315770000219345
0.06281698495149612
0.06297315657138824
0.06297856569290161
0.06311143189668655
0.06323619931936264
0.06358702480792999
0.06384668499231339
0.06393378227949142
0.06421639770269394
0.06489015370607376
0.06563342362642288
0.065946064889431
0.06642039865255356
0.06653507798910141
0.06648259609937668
0.06624414026737213
0.06610163301229477
0.06564392894506454
0.0654534325003624
0.06526250392198563
0.06494691222906113
0.06432558596134186
0.06395994126796722
0.0639476478099823
0.06378477811813354
0.06372552365064621
0.0632970780134201
0.06303893029689789
0.063212089240551
0.06331885606050491
0.06369417905807495
0.0634395033121109
0.06384903937578201
0.06408416479825974
0.06420159339904785
0.06441038101911545
0.0643233060836792
0.06458458304405212
0.06514175981283188
0.06519493460655212
0.06546931713819504
0.06600610911846161
0.06635338813066483
0.06633973121643066
0.06637532263994217
0.06624282151460648
0.06614163517951965
0.06551286578178406
0.06509894132614136
0.06490025669336319
0.06495500355958939
0.06477127969264984
0.06415171921253204
0.06395028531551361
0.06379610300064087
0.06357496976852417
0.06347213685512543
0.06372424215078354
0.06390929222106934
0.0637398213148117
0.06432177871465683
0.06459726393222809
0.06511350721120834
0.06564050912857056
0.06613780558109283
0.06656467169523239
0.06686412543058395
0.06714747101068497
0.06737188249826431
0.06696168333292007
0.0666588619351387
0.0663280263543129
0.0657896101474762
0.06512150168418884
0.06493118405342102
0.06486669182777405
0.06482519209384918
0.06467491388320923
0.06434310972690582
0.06412491202354431
0.06397518515586853
0.06357366591691971
0.06337159126996994
0.06322215497493744
0.06373488157987595
0.06437835842370987
0.06475144624710083
0.06481017917394638
0.0651402398943901
0.06538579612970352
0.0658380389213562
0.06617897748947144
0.06671447306871414
0.0666634663939476
0.06674792617559433
0.06692279130220413
0.06680558621883392
0.06594880670309067
0.06526722013950348
0.06523407995700836
0.06473811715841293
0.06449306756258011
0.06408213078975677
0.06410224735736847
0.06412502378225327
0.06406120955944061
0.06405002623796463
0.06390763819217682
0.06341532617807388
0.06350014358758926
0.06368708610534668
0.06396062672138214
0.06386858224868774
0.06435991078615189
0.0647699385881424
0.06515093147754669
0.0654611736536026
0.06537355482578278
0.06579604744911194
0.06627212464809418
0.06651842594146729
0.06653197109699249
0.06624316424131393
0.06596913188695908
0.06572391092777252
0.06519155949354172
0.06484244018793106
0.06449195742607117
0.06425613909959793
0.06402198225259781
0.06422358751296997
0.06440018117427826
0.06416737288236618
0.0640043169260025
0.06437983363866806
0.06442948430776596
0.0644853338599205
0.06427039206027985
0.0647280141711235
0.06494784355163574
0.06492043286561966
0.06498605012893677
0.06560152769088745
0.06604738533496857
0.06681618094444275
0.06707178801298141
0.06742077320814133
0.06774397939443588
0.06750573217868805
0.06687352806329727
0.06650641560554504
0.06593223661184311
0.06533412635326385
0.06491703540086746
0.06460501998662949
0.06419503688812256
0.06387966126203537
0.06356523931026459
0.06355366855859756
0.06366977095603943
0.06358418613672256
0.06376118957996368
0.06405972689390182
0.06418151408433914
0.0641777366399765
0.06440293043851852
0.06507701426744461
0.06555786728858948
0.06574030220508575
0.06587589532136917
0.06628719717264175
0.06644804775714874
0.06630745530128479
0.06596332788467407
0.06619606912136078
0.06619876623153687
0.06594382226467133
0.0660545825958252
0.06563939154148102
0.06516843289136887
0.06499665230512619
0.06471142917871475
0.06453092396259308
0.06509946286678314
0.06492815911769867
0.0651148185133934
0.06485093384981155
0.06486498564481735
0.0649193525314331
0.06509850919246674
0.06574886292219162
0.06645035743713379
0.06664501875638962
0.06670557707548141
0.06659677624702454
0.06670418381690979
0.06673906743526459
0.06679747253656387
0.06649988889694214
0.06586579233407974
0.06566555052995682
0.06573159992694855
0.06505799293518066
0.06484284996986389
0.06453912705183029
0.06444542109966278
0.06443402916193008
0.06434133648872375
0.06464263051748276
0.06476255506277084
0.06453413516283035
0.06496249884366989
0.06557102501392365
0.06662462651729584
0.0673147588968277
0.0680151954293251
0.06846597045660019
0.068921759724617
0.06862446665763855
0.06820584833621979
0.06768689304590225
0.06689822673797607
0.06624005734920502
0.06586737930774689
0.06511498987674713
0.06460381299257278
0.06459789723157883
0.06464669108390808
0.06430669873952866
0.06405974179506302
0.06431158632040024
0.06448960304260254
0.06457019597291946
0.06506703048944473
0.06527064740657806
0.06555605679750443
0.06566619127988815
0.06611385941505432
0.06634365022182465
0.06696481257677078
0.0674101859331131
0.06763698160648346
0.06822600215673447
0.06847187876701355
0.06866830587387085
0.06844249367713928
0.06845472753047943
0.06857616454362869
0.06820639967918396
0.06818215548992157
0.06769829988479614
0.0671418234705925
0.06683909147977829
0.06650839000940323
0.06648021191358566
0.06617362797260284
0.06583544611930847
0.06557070463895798
0.06545404344797134
0.06540127843618393
0.06503698974847794
0.06538921594619751
0.06546254456043243
0.06528974324464798
0.06556122750043869
0.06560584157705307
0.06618437170982361
0.06628921627998352
0.06635410338640213
0.0664287656545639
0.06686442345380783
0.0671573057770729
0.0672585591673851
0.06734997779130936
0.06765718758106232
0.06807126849889755
0.06817838549613953
0.06825972348451614
0.06846197694540024
0.06806210428476334
0.06823193281888962
0.06822306662797928
0.0679001584649086
0.06780574470758438
0.06745853275060654
0.0672304555773735
0.06694773584604263
0.06715430319309235
0.06683483719825745
0.06660531461238861
0.06658212840557098
0.06650130450725555
0.06637243926525116
0.06611281633377075
0.06612236052751541
0.06619656085968018
0.06617727875709534
0.06634444743394852
0.0668712630867958
0.06713004410266876
0.06712791323661804
0.06725705415010452
0.06711196154356003
0.06752501428127289
0.06782930344343185
0.06795786321163177
0.068150594830513
0.0680750235915184
0.06837493181228638
0.06771828979253769
0.06778290867805481
0.06753700971603394
0.06696046888828278
0.06654061377048492
0.06635531038045883
0.06615112721920013
0.06600666046142578
0.06619545817375183
0.06576071679592133
0.06571411341428757
0.06532389670610428
0.06570097804069519
0.06588127464056015
0.06595111638307571
0.06630734354257584
0.06631706655025482
0.06667878478765488
0.06686478108167648
0.06768454611301422
0.06846635788679123
0.06916845589876175
0.06977587193250656
0.06989941745996475
0.06957988440990448
0.06929196417331696
0.06873684376478195
0.06851685792207718
0.06770994514226913
0.0668049082159996
0.066060371696949
0.06611747294664383
0.06594664603471756
0.06570392847061157
0.06560242921113968
0.06566513329744339
0.06544268876314163
0.06531557440757751
0.06513652950525284
0.06552919000387192
0.06569315493106842
0.06594029814004898
0.06596630066633224
0.06686782836914062
0.06716915220022202
0.06761301308870316
0.06789212673902512
0.06802619248628616
0.06823167949914932
0.06860247254371643
0.06865090876817703
0.06916105002164841
0.06899752467870712
0.06886543333530426
0.06875423341989517
0.0682767778635025
0.06771136820316315
0.0675479844212532
0.06704603135585785
0.0670139491558075
0.06678140163421631
0.06657170504331589
0.06645616143941879
0.06583946943283081
0.06562907248735428
0.06574537605047226
0.06596658378839493
0.0662979856133461
0.06650402396917343
0.06698915362358093
0.06745103746652603
0.06774779409170151
0.06786702573299408
0.06782929599285126
0.06840749830007553
0.06890544295310974
0.06907206028699875
0.06946591287851334
0.06925496459007263
0.06897857040166855
0.06888943910598755
0.06862404197454453
0.06817806512117386
0.06779416650533676
0.06762505322694778
0.06738241016864777
0.06701796501874924
0.06682785600423813
0.06656705588102341
0.06634030491113663
0.0662764236330986
0.06614671647548676
0.06608620285987854
0.06611742824316025
0.06632759422063828
0.0665651336312294
0.06688301265239716
0.06672663241624832
0.0668037161231041
0.06706076860427856
0.06742140650749207
0.06780792027711868
0.06837929040193558
0.06874391436576843
0.06897586584091187
0.06902863830327988
0.06925972551107407
0.06933213025331497
0.0689917579293251
0.06846022605895996
0.06812652200460434
0.0675845518708229
0.06755661964416504
0.06751801073551178
0.06711941212415695
0.06701444089412689
0.0671127587556839
0.06696321815252304
0.06699976325035095
0.06722242385149002
0.06763549149036407
0.06755334883928299
0.06751188635826111
0.0678940862417221
0.06824708729982376
0.0686187595129013
0.06877225637435913
0.06856397539377213
0.06851484626531601
0.06864865869283676
0.06836054474115372
0.06833187490701675
0.06797505915164948
0.06747669726610184
0.06726694107055664
0.06677303463220596
0.06649432331323624
0.0660952776670456
0.06577853858470917
0.06544331461191177
0.06561652570962906
0.0658385381102562
0.06575481593608856
0.06594093143939972
0.06648208945989609
0.06684502959251404
0.06737244129180908
0.06773683428764343
0.06838689744472504
0.06908990442752838
0.06987061351537704
0.07015939056873322
0.07068321108818054
0.07033988833427429
0.07037162035703659
0.07001610100269318
0.06919878721237183
0.06841407716274261
0.06818995624780655
0.06781475991010666
0.06761042773723602
0.06737668812274933
0.06701325625181198
0.06722578406333923
0.06717092543840408
0.06728433817625046
0.06722258031368256
0.0674721971154213
0.06745046377182007
0.06797328591346741
0.06841064989566803
0.06880772858858109
0.06953173875808716
0.0698772743344307
0.06998352706432343
0.07005657255649567
0.07040147483348846
0.07028514891862869
0.07058681547641754
0.07032923400402069
0.06988172233104706
0.06965725123882294
0.06911071389913559
0.06855282187461853
0.06818977743387222
0.0678337961435318
0.06782042235136032
0.06765176355838776
0.0674201026558876
0.06763965636491776
0.06778023391962051
0.06784512102603912
0.06779402494430542
0.06784195452928543
0.06780058145523071
0.06791790574789047
0.06796704977750778
0.06838852167129517
0.06838375329971313
0.06876908242702484
0.06963714957237244
0.0702194944024086
0.07089158892631531
0.07158622145652771
0.07227817177772522
0.07186700403690338
0.07148248702287674
0.07130187004804611
0.07106976211071014
0.07071477174758911
0.07012981176376343
0.06932811439037323
0.06875228881835938
0.0684848353266716
0.06832115352153778
0.06802487373352051
0.06779735535383224
0.06750963628292084
0.06720372289419174
0.06708551198244095
0.06711889803409576
0.06733410060405731
0.0674501359462738
0.06747180223464966
0.06771757453680038
0.06788688898086548
0.06810300052165985
0.06846586614847183
0.06885051727294922
0.06983444094657898
0.07024768739938736
0.07046475261449814
0.07115507125854492
0.07120862603187561
0.07106875628232956
0.07089697569608688
0.07064404338598251
0.07015742361545563
0.06982599198818207
0.06932713091373444
0.06899619102478027
0.06874926388263702
0.06794429570436478
0.06786955893039703
0.06752083450555801
0.06743521988391876
0.0672820582985878
0.06719023734331131
0.06719772517681122
0.0669034868478775
0.06697633117437363
0.06722195446491241
0.06743190437555313
0.06774922460317612
0.06794148683547974
0.06835620850324631
0.06873287260532379
0.0693487673997879
0.06982903182506561
0.0699150413274765
0.07047557085752487
0.07051427662372589
0.07079996913671494
0.07116448134183884
0.07095350325107574
0.07068956643342972
0.0704708993434906
0.06988060474395752
0.06947336345911026
0.06886617839336395
0.06862495094537735
0.06823205947875977
0.06786860525608063
0.06782684475183487
0.06765138357877731
0.06774631887674332
0.06795269250869751
0.06789227575063705
0.06774158775806427
0.06783396750688553
0.06818990409374237
0.06823768466711044
0.06851334869861603
0.06888575851917267
0.06886223703622818
0.06912975013256073
0.06935108453035355
0.06960738450288773
0.06977718323469162
0.069662906229496
0.07002449780702591
0.07021280378103256
0.07011649012565613
0.0699678584933281
0.06983814388513565
0.06964344531297684
0.06974548101425171
0.06943046301603317
0.06935178488492966
0.06947247684001923
0.06943511217832565
0.06955433636903763
0.06923067569732666
0.0689413771033287
0.06909347325563431
0.06913237273693085
0.06878698617219925
0.06853816658258438
0.06829603016376495
0.06823825091123581
0.06831926852464676
0.06843284517526627
0.06846030056476593
0.06868059188127518
0.0688711479306221
0.06843537837266922
0.06887845695018768
0.06935101747512817
0.06987354159355164
0.07017785310745239
0.07056364417076111
0.07075042277574539
0.0708058699965477
0.07054358720779419
0.0700383260846138
0.06983697414398193
0.06921403110027313
0.06906212121248245
0.06866548955440521
0.06819674372673035
0.0679861307144165
0.06755920499563217
0.06748026609420776
0.06721610575914383
0.06730513274669647
0.06723953783512115
0.0672866478562355
0.06787075102329254
0.06793511658906937
0.06820201873779297
0.0685267448425293
0.06918422132730484
0.06968069076538086
0.0698280781507492
0.07014039903879166
0.07068011909723282
0.07109922170639038
0.07137902826070786
0.071261927485466
0.07153788208961487
0.07134850323200226
0.07119255512952805
0.07070319354534149
0.07019215822219849
0.06989206373691559
0.06969692558050156
0.06932462751865387
0.06882944703102112
0.06809011101722717
0.06752142310142517
0.06741058081388474
0.06746542453765869
0.06771483272314072
0.06760107725858688
0.06766664981842041
0.06821271032094955
0.06828625500202179
0.06849604845046997
0.06852883100509644
0.0688021257519722
0.069064199924469
0.06949171423912048
0.06940466165542603
0.06970188766717911
0.06976708769798279
0.06985187530517578
0.07005880028009415
0.07057487219572067
0.07094740122556686
0.07090426236391068
0.07107767462730408
0.07088180631399155
0.07054257392883301
0.06999655812978745
0.07017408311367035
0.07008230686187744
0.06986076384782791
0.06956295669078827
0.06887952983379364
0.06909666955471039
0.06905269622802734
0.0691601037979126
0.06928032636642456
0.06972136348485947
0.06977961957454681
0.06985923647880554
0.0697026252746582
0.06935161352157593
0.06981032341718674
0.07002218812704086
0.07003936916589737
0.07012004405260086
0.07053408771753311
0.0710563063621521
0.07136477530002594
0.07092653959989548
0.07054492086172104
0.07058698683977127
0.070391446352005
0.07034951448440552
0.0696944147348404
0.06907220929861069
0.06890416145324707
0.06882160156965256
0.06859641522169113
0.06875082105398178
0.06897573918104172
0.06883982568979263
0.0685453787446022
0.06847411394119263
0.06886665523052216
0.06938289850950241
0.06997634470462799
0.07074958086013794
0.07115618884563446
0.07162240147590637
0.07203340530395508
0.07176785171031952
0.0713714063167572
0.07076263427734375
0.07032881677150726
0.06969480961561203
0.06891137361526489
0.06845535337924957
0.06786928325891495
0.0674746185541153
0.06743727624416351
0.06729993969202042
0.06725674122571945
0.06742069870233536
0.06758661568164825
0.06782757490873337
0.06807367503643036
0.06839711219072342
0.06902430951595306
0.06888405978679657
0.06889697909355164
0.06925812363624573
0.06953543424606323
0.06959576159715652
0.07005432993173599
0.0702013149857521
0.07024805247783661
0.07073315232992172
0.07105662673711777
0.07112360745668411
0.07121522724628448
0.07107613980770111
0.07052318006753922
0.07026220113039017
0.06985574215650558
0.06923272460699081
0.0693344697356224
0.06891833245754242
0.06878768652677536
0.06826714426279068
0.06830577552318573
0.06839988380670547
0.06862390041351318
0.0686710774898529
0.06846516579389572
0.06865229457616806
0.06883206963539124
0.06877002120018005
0.068776935338974
0.06932675838470459
0.06996225565671921
0.07044024020433426
0.07054626196622849
0.07079821079969406
0.07100101560354233
0.07133618742227554
0.07132226228713989
0.07150597870349884
0.07167354971170425
0.07160663604736328
0.07118654251098633
0.07098684459924698
0.07044599950313568
0.07015272229909897
0.06976287066936493
0.06955962628126144
0.06942807137966156
0.06901973485946655
0.06872384250164032
0.06882598251104355
0.06901738792657852
0.06877967715263367
0.06902039796113968
0.06914573907852173
0.06922519952058792
0.06926214694976807
0.06973240524530411
0.06982626765966415
0.07008854299783707
0.07097721099853516
0.07173735648393631
0.0723840519785881
0.07326317578554153
0.0734701007604599
0.07346534729003906
0.07288301736116409
0.07275742292404175
0.07239113748073578
0.07195761054754257
0.07175011187791824
0.07143765687942505
0.07083115726709366
0.07026255875825882
0.06979040056467056
0.06915900111198425
0.06890677660703659
0.0689460039138794
0.06886313855648041
0.06900818645954132
0.06911516934633255
0.06902725994586945
0.06893057376146317
0.0690876767039299
0.06971622258424759
0.07019711285829544
0.07047976553440094
0.07083169370889664
0.07093359529972076
0.07101081311702728
0.07111895829439163
0.07118461281061172
0.07150304317474365
0.07145728170871735
0.07188030332326889
0.07206573337316513
0.071814626455307
0.07184358686208725
0.07148449867963791
0.07117985188961029
0.07076013833284378
0.07054069638252258
0.07006986439228058
0.0696619525551796
0.06935521960258484
0.06892650574445724
0.06871909648180008
0.06882624328136444
0.06868525594472885
0.0688372328877449
0.06884394586086273
0.06910858303308487
0.06900865584611893
0.06927807629108429
0.06945593655109406
0.06978097558021545
0.07004505395889282
0.06999867409467697
0.07000806927680969
0.07064629346132278
0.07064628601074219
0.07075980305671692
0.0710262581706047
0.07111969590187073
0.07124216109514236
0.0715675801038742
0.07185250520706177
0.07196103781461716
0.07171281427145004
0.07203851640224457
0.07151627540588379
0.07112840563058853
0.07115913927555084
0.07092605531215668
0.07046516984701157
0.0703921988606453
0.07069025933742523
0.07014042884111404
0.07028485089540482
0.07006724178791046
0.0696222186088562
0.06973114609718323
0.06952051818370819
0.06960006058216095
0.07002667337656021
0.07029187679290771
0.07078854739665985
0.0714043378829956
0.07182354480028152
0.07189522683620453
0.07187703996896744
0.07162775099277496
0.07144291698932648
0.0705578625202179
0.0701863244175911
0.06968304514884949
0.06944610178470612
0.06922446936368942
0.06873472779989243
0.06834162771701813
0.06819415837526321
0.06843023002147675
0.06903603672981262
0.06893318891525269
0.06940427422523499
0.0700320303440094
0.07076426595449448
0.07140771299600601
0.07196248322725296
0.07235071063041687
0.07253023236989975
0.07235337793827057
0.07205130159854889
0.0717221349477768
0.07075165212154388
0.06979063153266907
0.06894916296005249
0.06840928643941879
0.06792481243610382
0.06772208958864212
0.0672365128993988
0.06690462678670883
0.066787950694561
0.0670713260769844
0.06707359850406647
0.06720247119665146
0.067168228328228
0.06769987940788269
0.06828263401985168
0.06857503950595856
0.06926742196083069
0.06983837485313416
0.07013865560293198
0.07057731598615646
0.07095325738191605
0.07113441079854965
0.07156023383140564
0.07174147665500641
0.07200853526592255
0.07226122915744781
0.07220131158828735
0.07209260761737823
0.07188095152378082
0.07175362855195999
0.07122820615768433
0.0710071325302124
0.07068515568971634
0.07042895257472992
0.07019463181495667
0.07025310397148132
0.07003225386142731
0.06971067935228348
0.06939633935689926
0.0691637396812439
0.06900758296251297
0.06890563666820526
0.06868664920330048
0.06882006675004959
0.06926069408655167
0.06951151043176651
0.06965604424476624
0.06963349878787994
0.06988964229822159
0.07004524022340775
0.07027319073677063
0.07041569799184799
0.07111100852489471
0.07102582603693008
0.07124889642000198
0.0715852826833725
0.07148295640945435
0.07152050733566284
0.07156859338283539
0.07146940380334854
0.07126784324645996
0.07124710828065872
0.0710127130150795
0.0711921826004982
0.07094621658325195
0.07066252082586288
0.07071834057569504
0.07029784470796585
0.0700560137629509
0.06986791640520096
0.06986672431230545
0.06973808258771896
0.06950750946998596
0.06928189098834991
0.06956291198730469
0.06962154060602188
0.06999716907739639
0.07013525068759918
0.07051432132720947
0.07091158628463745
0.07125730067491531
0.071329765021801
0.07151813060045242
0.07138734310865402
0.07129476964473724
0.0710996463894844
0.07112739980220795
0.07063353806734085
0.06997846812009811
0.06983999907970428
0.06990738958120346
0.06973125785589218
0.06918562203645706
0.06899641454219818
0.06931190192699432
0.06960709393024445
0.06993373483419418
0.07043366134166718
0.0709523856639862
0.07153870910406113
0.07202652096748352
0.07189831882715225
0.07201307266950607
0.0716884657740593
0.07094062119722366
0.0705149695277214
0.06988278031349182
0.06940583139657974
0.06914594769477844
0.0690043643116951
0.0687532126903534
0.06839488446712494
0.0681203231215477
0.06789453327655792
0.06801902502775192
0.06793253868818283
0.06828191876411438
0.0687229186296463
0.06905055046081543
0.06949829310178757
0.07022377848625183
0.07114679366350174
0.07207281142473221
0.07289043813943863
0.07360891997814178
0.073611319065094
0.07393347471952438
0.07313570380210876
0.07247321307659149
0.07189909368753433
0.07150331884622574
0.07053866982460022
0.07005058228969574
0.068870410323143
0.0681765228509903
0.06759291887283325
0.06698914617300034
0.06727933138608932
0.06746947020292282
0.06757150590419769
0.06748175621032715
0.06763306260108948
0.06797635555267334
0.06793183833360672
0.06824398040771484
0.06876668334007263
0.06932028383016586
0.06970484554767609
0.07003352791070938
0.07010072469711304
0.07024485617876053
0.07024326175451279
0.0707458108663559
0.07102169096469879
0.07137244939804077
0.07141835242509842
0.07201705127954483
0.07219246029853821
0.0721176415681839
0.07229316234588623
0.07189858704805374
0.07197543233633041
0.07156947255134583
0.07138935476541519
0.0713854506611824
0.0711226835846901
0.07107577472925186
0.07133085280656815
0.07125868648290634
0.07109147310256958
0.07061664760112762
0.07093662023544312
0.07092295587062836
0.07068320363759995
0.0704277753829956
0.07043127715587616
0.07062564790248871
0.07009301334619522
0.06967757642269135
0.06946269422769547
0.06983190029859543
0.06992246210575104
0.06992300599813461
0.07024277746677399
0.07026602327823639
0.07036586850881577
0.07060617953538895
0.07058332115411758
0.07114516943693161
0.07140041142702103
0.07164724171161652
0.07172267138957977
0.07196619361639023
0.07203102856874466
0.07220818102359772
0.07194317132234573
0.07175343483686447
0.07181386649608612
0.0719003975391388
0.07136538624763489
0.07103823125362396
0.07119034230709076
0.0712343081831932
0.07120777666568756
0.07091394066810608
0.07056839764118195
0.07041837275028229
0.07042330503463745
0.07043857127428055
0.07035902142524719
0.07035554200410843
0.07076839357614517
0.07091707736253738
0.07079697400331497
0.0711212232708931
0.0710919201374054
0.0718088299036026
0.07181794941425323
0.07216054201126099
0.07234390825033188
0.07259829342365265
0.07260923087596893
0.07238620519638062
0.07212750613689423
0.07191142439842224
0.07145065069198608
0.07133909314870834
0.0709628015756607
0.07019608467817307
0.06982441246509552
0.06972053647041321
0.06967323273420334
0.06980518251657486
0.06993185728788376
0.0700404942035675
0.07037758827209473
0.07048193365335464
0.07087439298629761
0.07148931920528412
0.07206717878580093
0.072723388671875
0.07309412956237793
0.07323504984378815
0.07337064296007156
0.07324850559234619
0.07286673784255981
0.07244005799293518
0.0717872604727745
0.07122182846069336
0.07084186375141144
0.07059270888566971
0.07012396305799484
0.06981605291366577
0.06970014423131943
0.06983479857444763
0.07002737373113632
0.06990009546279907
0.07024405896663666
0.07036463171243668
0.07048587501049042
0.07040771096944809
0.0707545205950737
0.07107366621494293
0.07165007293224335
0.07213307172060013
0.07229815423488617
0.07277485728263855
0.07345887273550034
0.0737670361995697
0.07409451901912689
0.07428612560033798
0.07410693168640137
0.07385719567537308
0.0732925683259964
0.07282920926809311
0.07187390327453613
0.07113561779260635
0.07110296934843063
0.07051072269678116
0.07011466473340988
0.0698031336069107
0.06979537010192871
0.06971881538629532
0.06932494789361954
0.06944983452558517
0.06923583894968033
0.069276824593544
0.07004662603139877
0.07024528086185455
0.07010156661272049
0.07053598016500473
0.07078826427459717
0.0708237886428833
0.07113391906023026
0.07131506502628326
0.07142192125320435
0.07140422612428665
0.07154308259487152
0.07176140695810318
0.07223253697156906
0.07232554256916046
0.07229284942150116
0.07228907942771912
0.07314258068799973
0.07296327501535416
0.07267272472381592
0.07253523916006088
0.07245771586894989
0.07232207804918289
0.07190155982971191
0.07173603028059006
0.07195762544870377
0.07161036878824234
0.0712021216750145
0.0712241604924202
0.07144460082054138
0.07139812409877777
0.07107914239168167
0.070866160094738
0.0706920176744461
0.0705307275056839
0.07094484567642212
0.07131069153547287
0.0715673416852951
0.07177112251520157
0.07159259915351868
0.07187064737081528
0.07225577533245087
0.07240329682826996
0.07261389493942261
0.07293718308210373
0.07301191985607147
0.0734170526266098
0.07323478162288666
0.07278867810964584
0.07255858927965164
0.07203032821416855
0.07153799384832382
0.07127930968999863
0.07115527242422104
0.07092859596014023
0.0705450177192688
0.07021433860063553
0.07010392099618912
0.07014574110507965
0.06983769685029984
0.07002923637628555
0.06994408369064331
0.07037144154310226
0.07106287032365799
0.07142248749732971
0.07173418253660202
0.07229059934616089
0.07285001873970032
0.07333757728338242
0.07349832355976105
0.07338498532772064
0.07342995703220367
0.07348404079675674
0.073186494410038
0.07277782261371613
0.07220154255628586
0.07183945924043655
0.07118091732263565
0.07041364163160324
0.06998985260725021
0.06976369023323059
0.06954356282949448
0.06941231340169907
0.06949309259653091
0.06952168047428131
0.0697525292634964
0.0699443370103836
0.07024353742599487
0.07078001648187637
0.07072420418262482
0.07100442796945572
0.0709891989827156
0.0714595839381218
0.07186493277549744
0.07246246933937073
0.07283587008714676
0.07338947057723999
0.07378686219453812
0.0740247592329979
0.07417669892311096
0.07445037364959717
0.07446892559528351
0.07394915819168091
0.07321713864803314
0.07305173575878143
0.07260239869356155
0.07204955071210861
0.07167645543813705
0.0711304172873497
0.07051634043455124
0.07027214020490646
0.07018856704235077
0.0699130967259407
0.07008077204227448
0.0700903981924057
0.06994371861219406
0.07026253640651703
0.07009737938642502
0.07051585614681244
0.0706096962094307
0.07061605155467987
0.07109684497117996
0.07130048424005508
0.07149720937013626
0.07180589437484741
0.07268635928630829
0.07303495705127716
0.07332168519496918
0.07358578592538834
0.07329138368368149
0.07339420169591904
0.07364339381456375
0.07341399788856506
0.07280715554952621
0.07261767983436584
0.07241786271333694
0.07234770804643631
0.07185050845146179
0.07155166566371918
0.071380116045475
0.07127959281206131
0.07106822729110718
0.07084053009748459
0.07117795944213867
0.07114383578300476
0.07145138084888458
0.07154855132102966
0.07149138301610947
0.0715080127120018
0.07178184390068054
0.07162901759147644
0.07220492511987686
0.07230298966169357
0.0727919191122055
0.07303586602210999
0.07308989018201828
0.0729779377579689
0.07304377853870392
0.07329141348600388
0.07301390171051025
0.07283955067396164
0.07288669794797897
0.07265529036521912
0.07275431603193283
0.07254564017057419
0.07264505326747894
0.07236234843730927
0.07197332382202148
0.07178729772567749
0.07170640677213669
0.07188456505537033
0.07161387801170349
0.07114007323980331
0.07123131304979324
0.07160694152116776
0.0717068761587143
0.07180976867675781
0.07181171327829361
0.07189176976680756
0.07195878773927689
0.0720897763967514
0.07202377915382385
0.07224132865667343
0.07267999649047852
0.07283782213926315
0.07316470146179199
0.0733548179268837
0.07362863421440125
0.07345305383205414
0.07347572594881058
0.07343725860118866
0.07329832017421722
0.0731128603219986
0.07265082746744156
0.07193853706121445
0.07176418602466583
0.07158457487821579
0.07161170989274979
0.07155802845954895
0.07162067294120789
0.07161739468574524
0.07132358103990555
0.07103106379508972
0.0710923969745636
0.07126327604055405
0.07126760482788086
0.07157400995492935
0.07195805758237839
0.07162628322839737
0.0720047652721405
0.07210992276668549
0.07215449213981628
0.0726311132311821
0.07292930781841278
0.07284726202487946
0.0728645771741867
0.07254620641469955
0.07223200798034668
0.07186737656593323
0.07202013581991196
0.07128167897462845
0.07125960290431976
0.07094506174325943
0.07105915248394012
0.07083029299974442
0.07091806083917618
0.07055933773517609
0.07041314989328384
0.0704692080616951
0.07112379372119904
0.07154230028390884
0.07232662290334702
0.07284962385892868
0.0738476812839508
0.07416097074747086
0.07415047287940979
0.074247807264328
0.07356230914592743
0.07328859716653824
0.07301084697246552
0.07232357561588287
0.07231951504945755
0.07149595022201538
0.07085754722356796
0.07049030810594559
0.07032911479473114
0.07005196809768677
0.06994509696960449
0.06991581618785858
0.06996861845254898
0.07004085928201675
0.07041953504085541
0.07030244171619415
0.07052361220121384
0.07120665162801743
0.07146566361188889
0.07167183607816696
0.07185038924217224
0.07194968312978745
0.07206770032644272
0.07258404791355133
0.07317912578582764
0.0736699253320694
0.07431292533874512
0.07444065064191818
0.07442722469568253
0.07440150529146194
0.07421918213367462
0.07435426861047745
0.07425513118505478
0.07371824979782104
0.07339684665203094
0.0730394721031189
0.07292670011520386
0.07252360135316849
0.07247861474752426
0.07214923202991486
0.07163737714290619
0.07133623957633972
0.07095485925674438
0.0710739865899086
0.07119732350111008
0.07082532346248627
0.07080680876970291
0.07103560119867325
0.07124468684196472
0.07166711241006851
0.07172071933746338
0.07182488590478897
0.07169950753450394
0.07175365090370178
0.07199283689260483
0.07208208739757538
0.07232000678777695
0.0728665143251419
0.07322124391794205
0.07342298328876495
0.07352984696626663
0.07395612448453903
0.07446559518575668
0.07418955862522125
0.07424939423799515
0.07379980385303497
0.07358758896589279
0.07347762584686279
0.07308889925479889
0.072434201836586
0.07226734608411789
0.0721861869096756
0.07187231630086899
0.07180140167474747
0.07170731574296951
0.0716354101896286
0.07197415828704834
0.07159823924303055
0.07203907519578934
0.07206764817237854
0.07206249237060547
0.07236507534980774
0.0724276527762413
0.07276313751935959
0.07361958175897598
0.07376401126384735
0.07412075996398926
0.07431565970182419
0.07421483844518661
0.07398354262113571
0.0739181786775589
0.07331506162881851
0.07288303226232529
0.07256730645895004
0.0721079558134079
0.07182260602712631
0.07179289311170578
0.07147829979658127
0.0713428407907486
0.07136984169483185
0.07126957923173904
0.07132744044065475
0.07118988037109375
0.07111025601625443
0.07092087715864182
0.07113620638847351
0.07134028524160385
0.0716688260436058
0.072567418217659
0.07272477447986603
0.0729140117764473
0.0731193944811821
0.07312741130590439
0.07357777655124664
0.07361289113759995
0.07375495135784149
0.07399539649486542
0.07431822270154953
0.07431867718696594
0.07418932020664215
0.07384945452213287
0.07366959005594254
0.07340748608112335
0.07297979295253754
0.07288307696580887
0.07278411835432053
0.07242357730865479
0.07224557548761368
0.07213056087493896
0.07159080356359482
0.07152446359395981
0.07117746770381927
0.07097982615232468
0.07074850797653198
0.0707225576043129
0.07102472335100174
0.07140666246414185
0.07170412689447403
0.07210874557495117
0.07198946177959442
0.07240636646747589
0.0723503902554512
0.07237841933965683
0.07243944704532623
0.07274321466684341
0.07281330227851868
0.07316716015338898
0.07299716025590897
0.0730486512184143
0.07271213829517365
0.07249006628990173
0.07232342660427094
0.07231804728507996
0.07236621528863907
0.07228125631809235
0.07261335849761963
0.07221519947052002
0.0717860758304596
0.07157919555902481
0.07177581638097763
0.07214561849832535
0.07210417091846466
0.0721888467669487
0.0724303275346756
0.07247250527143478
0.072867251932621
0.07299821823835373
0.07316303253173828
0.07315898686647415
0.07308367639780045
0.07305005937814713
0.07275184988975525
0.07213002443313599
0.07230252027511597
0.07228357344865799
0.0721089094877243
0.07202757894992828
0.07180801779031754
0.0720842108130455
0.07226520031690598
0.07253069430589676
0.07238773256540298
0.07278764247894287
0.07281821221113205
0.07288167625665665
0.07311268150806427
0.07310180366039276
0.07273691892623901
0.07278650999069214
0.07211586833000183
0.07193659991025925
0.07131637632846832
0.07129231095314026
0.07155913859605789
0.07153292000293732
0.07183964550495148
0.07189696282148361
0.07207407057285309
0.07223250716924667
0.07235585898160934
0.07270960509777069
0.07302872836589813
0.07316983491182327
0.073102667927742
0.07264599949121475
0.07164506614208221
0.07156479358673096
0.07121744751930237
0.07109712064266205
0.07094234973192215
0.07058832049369812
0.07068885117769241
0.07068179547786713
0.07066135853528976
0.07079309225082397
0.07135145366191864
0.0717906653881073
0.07236546277999878
0.07289408147335052
0.07367484271526337
0.07412246614694595
0.07452645152807236
0.07465305179357529
0.07448136806488037
0.07397392392158508
0.07353504747152328
0.07295256853103638
0.07238369435071945
0.07153014093637466
0.07120746374130249
0.07088202238082886
0.07028079777956009
0.0702887549996376
0.06992430984973907
0.06966684758663177
0.06972546875476837
0.0698259100317955
0.07008307427167892
0.06993336975574493
0.06988079845905304
0.07048094272613525
0.0711512565612793
0.07157515734434128
0.0723007470369339
0.07306576520204544
0.07386086136102676
0.07465149462223053
0.07530628889799118
0.07524114847183228
0.07564226537942886
0.0758628100156784
0.0757162794470787
0.07519461214542389
0.07474817335605621
0.07390466332435608
0.07307106256484985
0.07228174060583115
0.07159823924303055
0.07127006351947784
0.07078703492879868
0.07009992748498917
0.07010522484779358
0.07001978904008865
0.07012737542390823
0.06979677826166153
0.06971918046474457
0.06974422186613083
0.06973010301589966
0.0698714330792427
0.06995471566915512
0.07031090557575226
0.07080857455730438
0.07147696614265442
0.07164368778467178
0.07201248407363892
0.07214146107435226
0.07236959040164948
0.07309677451848984
0.07342170923948288
0.07357344776391983
0.07366320490837097
0.07365487515926361
0.07385364919900894
0.07434065639972687
0.07394043356180191
0.07440170645713806
0.07445122301578522
0.0743168517947197
0.0740988478064537
0.0744488388299942
0.07402314245700836
0.0736316666007042
0.07338529825210571
0.07324723154306412
0.0730195939540863
0.07273726910352707
0.07290090620517731
0.07239393889904022
0.07227062433958054
0.07210250943899155
0.07173093408346176
0.07164520025253296
0.07193149626255035
0.07169543206691742
0.07183688133955002
0.07188978791236877
0.07212939113378525
0.0721992701292038
0.071978360414505
0.07228774577379227
0.07236558198928833
0.07240042090415955
0.0727568045258522
0.07324466854333878
0.07332748919725418
0.07320104539394379
0.07333618402481079
0.07324796169996262
0.0732220783829689
0.07336894422769547
0.07340127974748611
0.07352131605148315
0.07376690208911896
0.07393791526556015
0.07380752265453339
0.07360004633665085
0.07357793301343918
0.07367276400327682
0.07371269911527634
0.07392273843288422
0.07363075017929077
0.07327956706285477
0.07324079424142838
0.07321901619434357
0.07316397875547409
0.0729479044675827
0.07329382747411728
0.07325652986764908
0.07274243235588074
0.07299378514289856
0.07304859906435013
0.07259102910757065
0.07234563678503036
0.07212114334106445
0.07203656435012817
0.07241165637969971
0.07238274067640305
0.0722547397017479
0.07250981777906418
0.07250067591667175
0.07258181273937225
0.07275786995887756
0.0729096531867981
0.07333309948444366
0.07341594249010086
0.07425015419721603
0.07454787194728851
0.07451367378234863
0.07464069873094559
0.07449047267436981
0.07441277801990509
0.0743870809674263
0.07477574050426483
0.07446234673261642
0.07396265119314194
0.07365524768829346
0.0733306035399437
0.07276104390621185
0.0721743255853653
0.07184065133333206
0.07177446782588959
0.07160075008869171
0.07177461683750153
0.07183326780796051
0.07165762782096863
0.07178103923797607
0.07246395200490952
0.07314413040876389
0.0737978145480156
0.07414837926626205
0.07508131116628647
0.07569570094347
0.07570897042751312
0.0755649134516716
0.07555031031370163
0.07510480284690857
0.0746154934167862
0.07415084540843964
0.0737527534365654
0.07293879985809326
0.07222607731819153
0.07126753777265549
0.07063271105289459
0.0705745667219162
0.07056055963039398
0.0704374834895134
0.07047390192747116
0.07082674652338028
0.0711916908621788
0.07131737470626831
0.07142695784568787
0.07151679694652557
0.07202232629060745
0.07213272154331207
0.07246133685112
0.07287928462028503
0.07319826632738113
0.07367011159658432
0.07397352159023285
0.07447899878025055
