1.3855395
1.3829298
1.3826586
1.3853924
1.372744
1.3864906
1.3704336
1.369602
1.3793555
1.3872321
1.3805891
1.3763632
1.3770223
1.3782657
1.379733
1.3824598
1.3826231
1.3770217
1.379241
1.3809166
1.3767236
1.3773342
1.3792582
1.3807606
1.3764694
1.3796682
1.3806782
1.3823333
1.3896719
1.3670164
1.3801109
1.3778367
1.3813212
1.3868147
1.3810817
1.375334
1.3731318
1.3813229
1.3771511
1.3826853
1.3830093
1.3740999
1.3814074
1.3851663
1.3796917
1.3756062
1.3814474
1.3786471
1.3812966
1.3848681
1.3811845
1.3748482
1.3835615
1.3818238
1.379325
1.3785689
1.3852898
1.3853877
1.3808684
1.3714951
1.3858523
1.381892
1.3772389
1.3775274
1.3864311
1.3821435
1.3804163
1.3765422
1.377799
1.3810116
1.3752289
1.3865703
1.3814403
1.3765122
1.380117
1.3810924
1.3798282
1.3857666
1.3852789
1.3721342
1.3809365
1.3785328
1.3792123
1.3851423
1.383563
1.3765824
1.3754941
1.3772591
1.37631
1.388954
1.3729393
1.3723847
1.3801075
1.3795315
1.3874565
1.3896343
1.3823483
1.3734747
1.373877
1.3834383
1.3779595
1.383789
1.3795391
1.3789506
1.3812068
1.387406
1.3856876
1.3838103
1.3828754
1.3827085
1.3824401
1.3821656
1.3821151
1.3797685
1.3821628
1.3858795
1.3836826
1.3817863
1.3820773
1.3846475
1.3863586
1.3860084
1.3839713
1.3791218
1.3785282
1.3812184
1.3910601
1.3887557
1.3892409
1.3875928
1.3850946
1.3840404
1.3836918
1.3806152
1.3809638
1.3831726
1.3858194
1.3854246
1.3852857
1.3846915
1.38475
1.3845046
1.3845038
1.3847307
1.3845472
1.3851172
1.3850628
1.3848495
1.3853285
1.3849117
1.3847109
1.3846359
1.3847558
1.3847073
1.3849359
1.3848201
1.3847616
1.384766
1.3848575
1.384401
1.3846998
1.3850008
1.3838009
1.3833679
1.3838981
1.3837932
1.3841342
1.3843483
1.3841707
1.3846253
1.3848499
1.3836486
1.384007
1.3845402
1.3831711
1.3840132
1.3849615
1.3845367
1.3838294
1.3837824
1.3844405
1.3846568
1.3843733
1.3839171
1.3841956
1.3844848
1.3836209
1.3837686
1.3844303
1.385135
1.3832808
1.3835138
1.3844116
1.3846804
1.3837416
1.383578
1.384578
1.3839554
1.383061
1.3836834
1.3844087
1.3838472
1.3836197
1.3843788
1.3845409
1.3842005
1.3836508
1.3842264
1.384721
1.3845916
1.3832757
1.3842504
1.3849784
1.3842839
1.3828944
1.3835359
1.3845257
1.3840345
1.3829056
1.383652
1.3852826
1.3840288
1.3827943
1.3834741
1.3846197
1.3820596
1.3849251
1.3842298
1.3825204
1.3827736
1.3854939
1.3835577
1.3823963
1.3834478
1.3848768
1.3839037
1.3832191
1.383275
1.3835605
1.3840435
1.3842567
1.3841728
1.383836
1.3839922
1.3836288
1.3835102
1.3842596
1.3826523
1.3839129
1.3834687
1.3829864
1.3838724
1.3837614
1.3830576
1.38399
1.3843476
1.3822101
1.3835475
1.3824339
1.380552
1.3834457
1.3808011
1.3853528
1.3835977
1.379808
1.3821989
1.3855473
1.3840041
1.3805311
1.3858037
1.3724437
1.3700513
1.3831205
1.3763151
1.3838347
1.3835992
1.3817741
1.3814007
1.3848736
1.3845518
1.3841541
1.3830596
1.3824439
1.3832952
1.3862686
1.3830506
1.3827393
1.3816144
1.3824474
1.3841821
1.3842063
1.3836557
1.3830627
1.3835475
1.3835026
1.3832839
1.3829356
1.3833979
1.3836027
1.3837225
1.3835723
1.3837535
1.3830765
1.383127
1.3840966
1.3840282
1.3834163
1.3832299
1.3842525
1.3822886
1.3820343
1.3851961
1.3858483
1.3792975
1.3800858
1.386508
1.3821249
1.3785284
1.3794874
1.3790331
1.3841813
1.3728865
1.3882058
1.379391
1.3737457
1.3866864
1.3838115
1.379159
1.3771652
1.3814387
1.3873757
1.3844329
1.3807644
1.3768153
1.3820449
1.3902932
1.3847134
1.3820075
1.3783004
1.3707561
1.3948742
1.3795865
1.3655347
1.3674258
1.3861191
1.3817753
1.379487
1.3800142
1.3862349
1.3852279
1.3811914
1.377903
1.3851016
1.3846469
1.3832728
1.3820449
1.380932
1.3794063
1.380865
1.3837584
1.3853467
1.3836845
1.3826573
1.3801911
1.3785702
1.384657
1.3836919
1.3822834
1.3810334
1.3813121
1.3826209
1.3837875
1.3832788
1.3821676
1.3796531
1.3820859
1.3826209
1.3833389
1.3818451
1.3804412
1.3822335
1.3845023
1.3820179
1.3781104
1.3849351
1.378735
1.3806328
1.3849007
1.3804214
1.3791759
1.3818775
1.3843546
1.3805724
1.3791955
1.3805546
1.3833436
1.3791863
1.3801876
1.382174
1.3823525
1.3813372
1.3814169
1.3819649
1.3835034
1.3836229
1.3814764
1.379035
1.3840424
1.3824555
1.376683
1.3770608
1.3894309
1.3799726
1.3672737
1.3783619
1.3777169
1.3786051
1.3836955
1.372646
1.3808459
1.3837727
1.3824792
1.381484
1.380409
1.3808235
1.3817939
1.3822186
1.3807405
1.3811674
1.3824524
1.3809114
1.3805809
1.3829616
1.3808874
1.3787041
1.3813592
1.3812268
1.3819098
1.3825406
1.3814801
1.3799049
1.3825496
1.3814399
1.3806597
1.3837574
1.377042
1.3793879
1.3792925
1.3813933
1.3881083
1.3823042
1.3736453
1.3761508
1.3831471
1.3795478
1.3811121
1.3879206
1.3838289
1.3824726
1.3813417
1.3807951
1.3811347
1.3810662
1.3812383
1.3817337
1.3824786
1.3842287
1.3799692
1.37979
1.3847561
1.3877815
1.3868117
1.3865032
1.3823724
1.3790218
1.3772305
1.3784832
1.3789661
1.3807133
1.381863
1.3818406
1.3819227
1.3823645
1.3807045
1.3803238
1.3821031
1.38354
1.3824404
1.3806632
1.3815686
1.3821034
1.3825681
1.3844787
1.3838516
1.3835511
1.380362
1.3801677
1.3796346
1.380453
1.3810923
1.3826112
1.3833628
1.3836085
1.3818951
1.3804775
1.3804461
1.3807741
1.383588
1.384359
1.3835001
1.3813887
1.3806319
1.3799219
1.3805939
1.3823953
1.3817983
1.3808178
1.3806912
1.382951
1.3829365
1.3825331
1.3814465
1.3810507
1.3819242
1.3824685
1.3818638
1.3811952
1.3795282
1.3819158
1.3791219
1.3809916
1.3813328
1.3783458
1.3789358
1.3817614
1.3802543
1.3813183
1.385377
1.3830967
1.3762158
1.3745883
1.3798004
1.3805217
1.3764569
1.3820276
1.37909
1.3777695
1.3820312
1.3824872
1.3743962
1.3802401
1.3781921
1.3777473
1.3809854
1.37981
1.3774245
1.3799334
1.3765342
1.3773229
1.3856311
1.3748033
1.3756658
1.3851532
1.3741665
1.3727446
1.3807884
1.3804115
1.3764302
1.379634
1.3794235
1.37932
1.3825927
1.3834069
1.3764861
1.3777655
1.3822876
1.3784527
1.3779842
1.3815025
1.3745234
1.3785912
1.3807632
1.3765615
1.3757511
1.3859314
1.3918588
1.3793105
1.3685203
1.3705608
1.3748715
1.382602
1.3847317
1.383802
1.3825202
1.3799103
1.3779993
1.377047
1.37542
1.3821026
1.3883408
1.3831736
1.3806099
1.3773267
1.3723806
1.3750031
1.379746
1.3821433
1.377946
1.3789734
1.3826473
1.3831406
1.3818089
1.379778
1.3795449
1.3804538
1.3808174
1.3804407
1.3815058
1.379899
1.3798357
1.3803002
1.381845
1.3801851
1.3801984
1.37981
1.3834093
1.3831002
1.3783531
1.3785778
1.3793232
1.3809634
1.3792659
1.3804011
1.3821379
1.3833214
1.3807625
1.3802475
1.379463
1.3806003
1.3804554
1.3822762
1.381205
1.3801899
1.3807681
1.3819202
1.3814024
1.3801775
1.3798674
1.3817
1.3821584
1.3817983
1.3796905
1.3783494
1.3796605
1.3823435
1.3797007
1.3796163
1.3815165
1.3819861
1.3810685
1.3809431
1.3810253
1.3812387
1.3792804
1.3797075
1.3800542
1.3805219
1.3793733
1.3788677
1.3807598
1.3805954
1.3799053
1.3796186
1.3802391
1.3809496
1.3791903
1.3833727
1.381383
1.3775576
1.3779036
1.380257
1.382063
1.3817394
1.3750591
1.3786266
1.382439
1.3803734
1.379367
1.3804449
1.3798145
1.377621
1.3861244
1.3858143
1.3819367
1.3794286
1.3749748
1.3764944
1.3776873
1.3801236
1.3824304
1.3810657
1.3803595
1.3815838
1.3809277
1.3796091
1.3796949
1.3816819
1.3806111
1.3794514
1.3816872
1.3821077
1.3809357
1.3802243
1.3815756
1.3803145
1.3765949
1.3756348
1.387262
1.3809754
1.3751514
1.3759325
1.3767723
1.3804916
1.3807567
1.3775607
1.3803023
1.3811179
1.3808047
1.381235
1.380094
1.3809288
1.380949
1.3806976
1.3793473
1.379063
1.380935
1.379303
1.3810612
1.3827984
1.386475
1.3826904
1.3784977
1.3786415
1.3776431
1.3786831
1.3776082
1.3783844
1.3793783
1.3800349
1.3811187
1.3801991
1.3813028
1.3806195
1.3807292
1.3802156
1.3814471
1.3809643
1.3799733
1.379518
1.3817314
1.3800586
1.3812269
1.3804654
1.3816956
1.3815569
1.381372
1.3797783
1.3792636
1.3764063
1.3808792
1.382743
1.3784134
1.3778621
1.3782715
1.3788015
1.3785492
1.3797274
1.3805008
1.3787402
1.3790827
1.379448
1.3787589
1.3788033
1.3775097
1.3788542
1.3784097
1.3789014
1.378888
1.3793974
1.377386
1.378736
1.3809853
1.3779272
1.377825
1.3779923
1.379274
1.3774822
1.3798957
1.3789588
1.3795445
1.3819443
1.3790786
1.3780525
1.3760326
1.3779942
1.3785664
1.3780781
1.3788437
1.3786414
1.3793839
1.3795948
1.3812683
1.3783948
1.378399
1.3795106
1.3784857
1.3789428
1.3794974
1.3803465
1.3780034
1.3760688
1.3785286
1.3798704
1.3763864
1.378371
1.3781114
1.3779664
1.3779533
1.3771598
1.3763672
1.378265
1.3776621
1.3787401
1.3759223
1.3757688
1.3758731
1.3782996
1.3751711
1.3727144
1.3799938
1.3823564
1.3692411
1.3715696
1.3706266
1.375645
1.3771634
1.3738925
1.3751832
1.3790661
1.3804859
1.3766423
1.3761013
1.373251
1.3733314
1.3763747
1.3786268
1.37848
1.3771821
1.3727312
1.3748078
1.3749609
1.3799754
1.3832998
1.3834708
1.3792702
1.3723183
1.3694556
1.3720467
1.3700742
1.3722831
1.3739923
1.3755308
1.3783655
1.3786354
1.3776735
1.3762465
1.380574
1.3766565
1.3786801
1.3752179
1.3752906
1.3752013
1.377511
1.378349
1.3794234
1.3785081
1.377572
1.3758975
1.3751372
1.3762902
1.3763485
1.3756647
1.3763287
1.374625
1.374769
1.3772615
1.3765751
1.3774655
1.3767138
1.3794847
1.375925
1.3743644
1.3738447
1.3751862
1.3764154
1.3759254
1.3741844
1.3752273
1.3751321
1.3748859
1.3776385
1.376938
1.374247
1.3745813
1.375748
1.3752495
1.3753182
1.3719454
1.3751713
1.375741
1.3757509
1.377712
1.3747053
1.374848
1.3741285
1.37727
1.3760452
1.3754648
1.3724532
1.3698498
1.3745697
1.3769381
1.3735691
1.370503
1.3713212
1.3726244
1.3732132
1.3695894
1.3748776
1.3749051
1.3773434
1.3730949
1.3690621
1.367105
1.3770667
1.3805883
1.3751154
1.3739568
1.3722612
1.3691703
1.3708271
1.3707721
1.3748076
1.3730205
1.3766903
1.3690299
1.3751987
1.3727674
1.3726887
1.3746334
1.3696765
1.3668777
1.3724298
1.3744446
1.3736743
1.3747756
1.3687613
1.3731244
1.3715918
1.3752013
1.3754326
1.3765845
1.3753375
1.3711659
1.3721914
1.3725533
1.374835
1.3716494
1.3721813
1.3722696
1.3738261
1.372241
1.3729216
1.3725295
1.3723581
1.3731129
1.3738508
1.3736135
1.3748323
1.3735639
1.3725296
1.3743768
1.3732983
1.3718988
1.373759
1.3715825
1.3703324
1.3725355
1.3712472
1.3721851
