1.3862946
1.3878386
1.3820757
1.38809
1.3787671
1.3871952
1.3736222
1.3800735
1.3867202
1.3765606
1.3868577
1.377913
1.3871466
1.3848656
1.3841908
1.3870367
1.3847016
1.3834162
1.3805928
1.3916453
1.3821522
1.3702241
1.3886361
1.3848505
1.3879598
1.38546
1.3828669
1.3883556
1.3829719
1.3840415
1.3894182
1.3787823
1.3661389
1.3910112
1.3852793
1.3894724
1.3732158
1.3912296
1.3883291
1.3849436
1.3784249
1.3630164
1.3452467
1.3998709
1.388168
1.3867396
1.3861278
1.3854921
1.3857062
1.3859999
1.3859497
1.3858405
1.3857803
1.3857731
1.385923
1.3860444
1.3856137
1.3861727
1.3861407
1.3858774
1.3858854
1.385908
1.385976
1.3858696
1.3858433
1.3856677
1.3857666
1.3855914
1.3857472
1.385829
1.3856797
1.3856436
1.3853972
1.3856583
1.3855516
1.385561
1.3855696
1.3857024
1.3856375
1.3858232
1.3857824
1.385794
1.3858774
1.3857405
1.3859583
1.3858497
1.3859515
1.3857061
1.3856195
1.3854396
1.3854537
1.385463
1.3856814
1.3854799
1.3854868
1.3855927
1.3854997
1.3855702
1.3854862
1.3853449
1.3856884
1.3857204
1.3855482
1.3854796
1.3855499
1.385425
1.385466
1.385738
1.3856711
1.3860215
1.3856192
1.3855426
1.3857508
1.3855942
1.3856595
1.3856434
1.3858527
1.3855675
1.3857645
1.3855937
1.3858265
1.3857855
1.3855773
1.3859237
1.3858471
1.3857576
1.3855635
1.3857172
1.3856518
1.3856558
1.3857707
1.3855183
1.3859133
1.3857298
1.3856868
1.385709
1.3856845
1.3856306
1.3854164
1.3862334
1.3845521
1.3887955
1.3794494
1.3772265
1.3701582
1.3789006
1.3781431
1.3705993
1.3730947
1.3832945
1.3876522
1.3868397
1.3808535
1.3867033
1.3835223
1.3778903
1.3766642
1.364607
1.3836522
1.3854613
1.3812112
1.3937509
1.3854963
1.3832728
1.386157
1.3850554
1.3837209
1.3851118
1.3839222
1.3838562
1.3845762
1.3842924
1.3840507
1.3842622
1.3844966
1.3844432
1.3845035
1.3845417
1.3846731
1.3845696
1.3843931
1.3846335
1.3846787
1.3844436
1.3848525
1.3847659
1.3850253
1.385014
1.3849719
1.3849709
1.3857149
1.3854556
1.3853033
1.3851448
1.38568
1.3855683
1.3859038
1.3860674
1.3857126
1.3857111
1.3858463
1.3858242
1.3857872
1.3856405
1.3860269
1.3862338
1.3859028
1.3860614
1.385818
1.3858298
1.3859811
1.3857995
1.3859867
1.3855286
1.3858345
1.3852938
1.3859745
1.3850869
1.3855507
1.3861383
1.3788406
1.3841575
1.3703383
1.389614
1.3776124
1.3624003
1.3765669
1.3998085
1.386557
1.3845967
1.3875859
1.387791
1.386335
1.3862641
1.3858258
1.3849881
1.3848486
1.3847475
1.3848815
1.385257
1.3853798
1.3854686
1.3851916
1.3853528
1.3850368
1.3850261
1.3848085
1.3846856
1.3848163
1.3848758
1.3852341
1.3852848
1.3850974
1.3849586
1.3849529
1.3849417
1.3848052
1.3846388
1.3847891
1.3846844
1.3849523
1.3851631
1.3849571
1.38471
1.3849756
1.3845704
1.384821
1.3846146
1.3848853
1.38527
1.3848784
1.3848794
1.3849463
1.3845142
1.3848988
1.3848311
1.3845476
1.3849853
1.3848233
1.3842624
1.3853459
1.3842522
1.3846651
1.3853208
1.3836769
1.3848442
1.3862457
1.3840526
1.3873678
1.3832884
1.3716326
1.3877308
1.3739223
1.3774736
1.3899564
1.3855082
1.3806355
1.3738655
1.3904263
1.3863289
1.3837689
1.3800979
1.379024
1.3884714
1.3864408
1.3844343
1.3831462
1.3810902
1.3843709
1.3877326
1.3861744
1.384998
1.3841728
1.383453
1.3798083
1.3908129
1.3852361
1.3830765
1.381037
1.3862158
1.3799518
1.3720865
1.3801979
1.38722
1.3861715
1.3853326
1.3846698
1.3834783
1.3837079
1.3869932
1.3857516
1.3846822
1.3839647
1.3828384
1.3836824
1.3874159
1.3855935
1.3839859
1.3831977
1.3797827
1.3843123
1.384998
1.382563
1.3828714
1.3847728
1.3843737
1.3842974
1.3845091
1.3847818
1.3850611
1.3846196
1.3845508
1.3842727
1.3840811
1.3843997
1.3852417
1.3851856
1.3844296
1.3836669
1.3843864
1.385263
1.3850983
1.3845166
1.3839649
1.383568
1.3863577
1.385081
1.383531
1.3819228
1.3851086
1.3873706
1.383801
1.3786618
1.3835949
1.3882449
1.3832836
1.3767629
1.3789467
1.3913444
1.3839239
1.3780409
1.3763462
1.3916265
1.38601
1.384375
1.3828592
1.3808194
1.382809
1.390199
1.3818811
1.377557
1.381208
1.385434
1.3795395
1.3854551
1.388118
1.3843478
1.3783051
1.3850324
1.3864135
1.3841258
1.3839719
1.3823978
1.3819604
1.3871397
1.3860186
1.3848774
1.3839402
1.3804253
1.3848938
1.3882962
1.3840328
1.3823382
1.3796964
1.3809366
1.3832369
1.3863884
1.3847406
1.3816257
1.3834262
1.3871044
1.3850961
1.3833442
1.3802956
1.3851274
1.3814775
1.3846661
1.3880993
1.3855296
1.3841652
1.379144
1.3818173
1.3876446
1.385007
1.3836194
1.3829516
1.381957
1.3831476
1.3883464
1.3863792
1.3849355
1.3839442
1.3796096
1.3817605
1.3904344
1.3848916
1.3829128
1.3813282
1.3776697
1.3852918
1.3825641
1.3840017
1.3849678
1.3875047
1.3862407
1.385344
1.3838109
1.3826288
1.3803657
1.3866574
1.3875067
1.3808815
1.3798676
1.3827839
1.3852233
1.3833096
1.3816972
1.3845863
1.3827866
1.3834404
1.3862581
1.3879725
1.3865143
1.3853745
1.3789165
1.3792704
1.3896291
1.3873609
1.3838274
1.3815821
1.3789692
1.3816618
1.3900532
1.3830954
1.3804878
1.3811663
1.3836375
1.3858944
1.383379
1.3824929
1.3841841
1.3840575
1.3839726
1.385918
1.386239
1.3837839
1.3819033
1.3824923
1.388202
1.3866237
1.3854426
1.3833126
1.379011
1.3790598
1.387234
1.3838955
1.3812279
1.3833133
1.386267
1.388182
1.3847492
1.3768916
1.3791219
1.3885182
1.3879957
1.3839427
1.382491
1.3805835
1.3777752
1.3844824
1.382406
1.3822082
1.3857559
1.3841339
1.3820903
1.3817503
1.3889585
1.386096
1.3834082
1.3790296
1.3781943
1.3818783
1.3876162
1.3798898
1.3813744
1.3844317
1.3849629
1.382125
1.3850565
1.3842281
1.3803146
1.3822902
1.3839252
1.3818263
1.3842462
1.3870924
1.3853
1.382378
1.3790529
1.3861191
1.3869907
1.384867
1.3838693
1.382275
1.3785981
1.3799613
1.3929867
1.3857825
1.3830919
1.3775078
1.3701264
1.3847513
1.3858665
1.3796322
1.380573
1.3820325
1.3845639
1.3830572
1.3849726
1.3813229
1.383872
1.3849409
1.386878
1.3840917
1.3824689
1.3817135
1.3831447
1.3838619
1.3838488
1.3836867
1.3832844
1.3838415
1.3838917
1.383708
1.3837446
1.3835725
1.3834563
1.3836249
1.383722
1.3842555
1.3840886
1.3833826
1.3840199
1.3835162
1.3833513
1.3839616
1.3835617
1.3834467
1.3838434
1.383363
1.3835813
1.383392
1.3834656
1.383193
1.3833745
1.3830836
1.383368
1.3843082
1.3833959
1.3834579
1.3837067
1.3838785
1.3842063
1.3834149
1.3834121
1.3830725
1.3837124
1.3843441
1.3829162
1.3821326
1.3835446
1.3842169
1.3833542
1.3824259
1.3834301
1.3856543
1.3855414
1.38275
1.3791367
1.3853477
1.3847038
1.3704891
1.3806454
1.3926926
1.3893303
1.3841919
1.3788488
1.3776065
1.3789821
1.378762
1.3822318
1.3837758
1.3865162
1.3855802
1.3840588
1.3833386
1.3836765
1.3826666
1.383376
1.3829135
1.3837405
1.383518
1.3842463
1.3857713
1.3851204
1.3849937
1.3846592
1.383732
1.3819846
1.3805146
1.3809086
1.3843572
1.3854412
1.3840208
1.3831748
1.3820238
1.381992
1.3828725
1.3829796
1.383882
1.384988
1.3848944
1.3831383
1.3821917
1.3815212
1.3820223
1.3845617
1.3862342
1.3830026
1.3815464
1.3805221
1.3833961
1.3858098
1.3846635
1.3833815
1.3813318
1.3797686
1.3824186
1.3822025
1.3814675
1.38585
1.3869911
1.3868345
1.3845738
1.3836775
1.3826473
1.3815752
1.3813822
1.3824662
1.3829916
1.3824768
1.3827583
1.3833357
1.3844659
1.3834789
1.3833693
1.3835121
1.3835008
1.3833071
1.383377
1.3835585
1.3842016
1.3843857
1.384447
1.3834088
1.3828206
1.3832676
1.383267
1.3840011
1.3835068
1.3831652
1.3837777
1.3831517
1.3826406
1.3829037
1.3842167
1.383509
1.3838382
1.3836148
1.3832005
1.3829807
1.3838834
1.3842261
1.3834124
1.3828465
1.3835655
1.3832844
1.3835205
1.3834854
1.3838966
1.3830837
1.3824404
1.38261
1.3835824
1.3837948
1.3841085
1.3829823
1.3832649
1.3829699
1.3833514
1.3838086
1.3834351
1.3832717
1.3836353
1.3848293
1.3827751
1.3829393
1.3836309
1.3835548
1.3835465
1.3832293
1.3830236
1.3827223
1.3848087
1.3838606
1.3832436
1.3825241
1.3833877
1.3831767
1.3834232
1.3834118
1.3833255
1.3830466
1.3835447
1.3837736
1.383508
1.3838634
1.3825439
1.3824492
1.3834602
1.383852
1.3841746
1.3837658
1.383131
1.3833483
1.383751
1.3831139
1.3835007
1.3825897
1.3827869
1.382699
1.383701
1.3841957
1.3828211
1.3817755
1.3824685
1.3841339
1.3859931
1.3842459
1.3809206
1.38063
1.3812764
1.382874
1.3846775
1.3837004
1.3843598
1.3831486
1.3821173
1.3821813
1.381621
1.3831038
1.3851296
1.385835
1.3853462
1.3844442
1.3820167
1.380515
1.3803816
1.3818022
1.3840666
1.384511
1.3846288
1.3832829
1.3831867
1.3823743
1.3823457
1.3815057
1.3822378
1.385521
1.3849713
1.383628
1.3827738
1.3820192
1.3817227
1.3823801
1.3814571
1.3834536
1.3844928
1.3840238
1.3830953
1.3838385
1.3821265
1.3808228
1.380185
1.3835814
1.386646
1.382123
1.3811312
1.3820264
1.3821415
1.383345
1.3850503
1.3810302
1.380736
1.3827044
1.3852105
1.3849297
1.3828013
1.3819323
1.3811508
1.382006
1.3826563
1.3837963
1.3847756
1.38199
1.3807458
1.3823802
1.3827595
1.3839926
1.386035
1.3844829
1.3815314
1.3803893
1.3803923
1.3823657
1.3826456
1.383006
1.3832033
1.3830965
1.3822021
1.3830156
1.3823977
1.383082
1.3830487
1.3829523
1.3839586
1.3824528
1.3817233
1.3826123
1.383113
1.383082
1.3827999
1.3825868
1.3827662
1.3817943
1.3818077
1.3834118
1.3823942
1.3837941
1.3828592
1.3822613
1.3819355
1.381483
1.3821018
1.3818134
1.3830831
1.3827289
1.382331
1.382084
1.3825228
1.3847222
1.386411
1.3858213
1.3852206
1.3837689
1.3841417
1.3830339
1.3822595
1.3815044
1.3819444
1.3817353
1.3814956
1.3820741
1.3828936
1.382715
1.383435
1.3832005
1.3833972
1.3829502
1.3832513
1.3834467
1.382369
1.382908
1.3831698
1.383602
1.3832862
1.3827511
1.3827012
1.3825775
1.382931
1.3823016
1.3824307
1.3819039
1.3822347
1.382104
1.3822116
1.3823155
1.3824011
1.3821338
1.382371
1.3824298
1.3818098
1.3820142
1.3825718
1.3827477
1.3825141
1.3829132
1.382731
1.3819916
1.3824128
1.3824153
1.3821222
1.3825258
1.3827912
1.3822126
1.3824769
1.3823916
1.3823519
1.3819323
1.3819653
1.3822309
1.382035
1.3830595
1.3823346
1.3817142
1.38219
1.3815533
1.3825727
1.3816131
1.38214
1.381981
1.3822087
1.3816974
1.3822731
1.3812227
1.3816756
1.3823129
1.3818618
1.3816619
1.3817981
1.3822459
1.3819768
1.3817258
1.3815932
1.3822145
1.3813126
1.382283
1.3823276
1.3824078
1.3825903
