1.3822601
1.3852278
1.3788766
1.3892286
1.3681861
1.3429878
1.3791096
1.3749596
1.3742337
1.3620937
1.3635964
1.3843069
1.3827384
1.3850895
1.3735285
1.3703679
1.3740009
1.3706535
1.3789835
1.3789712
1.3796291
1.3898656
1.374328
1.368005
1.3811662
1.3842436
1.378729
1.3793542
1.3822705
1.3831139
1.381624
1.379774
1.3794204
1.3818661
1.3819988
1.3796988
1.3796413
1.3803344
1.3810756
1.3811525
1.3776816
1.3818957
1.3797426
1.3782728
1.3806527
1.3834845
1.3810427
1.3771346
1.3833809
1.3760054
1.3814073
1.3859549
1.3767076
1.3712574
1.3780297
1.3765612
1.3879143
1.3813021
1.366271
1.3801836
1.3819124
1.3771567
1.3779097
1.3795811
1.3835795
1.3846741
1.3835143
1.3820671
1.3731468
1.3831904
1.3809919
1.3772402
1.3776627
1.3827997
1.3846532
1.3803562
1.3739362
1.3822961
1.3794008
1.3767991
1.3805628
1.3849407
1.3812146
1.3726953
1.3819226
1.3807302
1.3779147
1.3777355
1.3822699
1.3845096
1.3796474
1.3785796
1.3825922
1.3760513
1.3801167
1.384765
1.3756768
1.3750641
1.3815901
1.3769677
1.3791867
1.3816777
1.3821853
1.380323
1.380948
1.381999
1.3802793
1.3816379
1.383051
1.3822423
1.3818426
1.3832715
1.3820664
1.3831887
1.3835478
1.3831651
1.3835543
1.3828218
1.3834562
1.383122
1.3832285
1.3830255
1.3829683
1.383111
1.3838333
1.382385
1.3830726
1.3823867
1.3825016
1.3858124
1.3671368
1.3955677
1.3716544
1.3600315
1.3690306
1.3897768
1.3807459
1.3773232
1.3817816
1.3838719
1.3818073
1.3803263
1.3795563
1.3785038
1.3867071
1.3801538
1.3751804
1.3741134
1.3781084
1.383774
1.381068
1.380318
1.3807905
1.3810176
1.3806132
1.3813639
1.381698
1.3815215
1.3812779
1.3816944
1.3810682
1.3808975
1.3807942
1.3816639
1.3813707
1.3807167
1.3808433
1.3809419
1.3810496
1.3813034
1.3811622
1.3812119
1.3808967
1.380346
1.3808074
1.3811843
1.3813573
1.3811159
1.3808573
1.3811257
1.381123
1.3810428
1.380762
1.3808318
1.3806024
1.380878
1.3802644
1.3805281
1.3804612
1.3804497
1.3768053
1.3871342
1.3817353
1.3780112
1.3777556
1.3798056
1.3814644
1.3803223
1.3802228
1.3814079
1.3812286
1.3804947
1.3804431
1.3804625
1.3785468
1.3798825
1.3824644
1.382252
1.3813581
1.3803934
1.3789474
1.3816235
1.3783684
1.375842
1.3786312
1.3785338
1.3813964
1.3791941
1.3782876
1.3814098
1.3803021
1.3759804
1.3795227
1.3809582
1.3784182
1.3776541
1.3817493
1.381854
1.3778453
1.3763276
1.3812481
1.3799165
1.3782455
1.3781562
1.3798202
1.3810407
1.3811975
1.3745276
1.3775402
1.3781557
1.376962
1.3800427
1.3778877
1.3773799
1.3798115
1.3747954
1.3786441
1.3744808
1.3733315
1.3881106
1.3709666
1.3737378
1.3695621
1.358164
1.3856535
1.3760524
1.3749485
1.3777387
1.3804257
1.3758365
1.3760144
1.3833673
1.3777936
1.3718079
1.3834091
1.3815286
1.3695151
1.3826181
1.3850943
1.3773994
1.3720579
1.3744352
1.3708237
1.3726631
1.3844168
1.3786982
1.3687012
1.3818492
1.3786523
1.3613728
1.3711653
1.3896301
1.3797683
1.3704232
1.370293
1.3855716
1.3756233
1.3708522
1.3810201
1.3730383
1.3727986
1.3837246
1.3757427
1.3723546
1.386906
1.3687502
1.3768978
1.383845
1.3765624
1.3673697
1.3766696
1.3736521
1.3812206
1.3677104
1.377099
1.3779656
1.371056
1.3742893
1.3773668
1.3763815
1.376368
1.3752202
1.375404
1.3756347
1.3756319
1.3752553
1.3753868
1.3766307
1.3751522
1.3779291
1.3721386
1.3761318
1.3781471
1.3672997
1.3613778
1.3863828
1.3797036
1.3700857
1.3584774
1.3775642
1.3803427
1.3730327
1.3698568
1.3663065
1.3863577
1.3806885
1.3598472
1.3739375
1.3738147
1.3710426
1.3778584
1.3774443
1.3701779
1.3759496
1.3805851
1.3732814
1.3671376
1.3735427
1.3841825
1.3791615
1.364416
1.3641424
1.3820473
1.3810089
1.3737217
1.3683138
1.3709702
1.3793647
1.3818108
1.3785934
1.3702667
1.365452
1.3797593
1.3833634
1.3757954
1.3652097
1.3730217
1.3866334
1.3695925
1.3674449
1.3753889
1.3764826
1.3714477
1.3718278
1.3775282
1.374691
1.3747345
1.3768141
1.3746762
1.3786013
1.3765837
1.3641502
1.3750998
1.3723472
1.3758423
1.3769413
1.3708618
1.3779229
1.3700588
1.3698856
1.3768969
1.370119
1.3741688
1.3725439
1.38034
1.371986
1.364923
1.3757439
1.3635269
1.371871
1.3866898
1.3874058
1.3684849
1.3615558
1.3665116
1.3738681
1.3808672
1.3785805
1.3776883
1.3759199
1.3747448
1.3756475
1.3744979
1.3761367
1.3761216
1.3781548
1.3784052
1.3776869
1.3753638
1.3704525
1.3778113
1.3794777
1.3750181
1.3730466
1.3718524
1.374652
1.3802122
1.3797973
1.3708607
1.3660743
1.3777608
1.3797343
1.3755958
1.3735783
1.372154
1.3699739
1.3807497
1.3842292
1.3723912
1.3619133
1.3667479
1.3782735
1.3798995
1.375919
1.3742168
1.3714747
1.3721255
1.372992
1.3791625
1.3815862
1.3772877
1.3658749
1.3668212
1.3786961
1.3798429
1.374654
1.3726386
1.3697574
1.369074
1.3820504
1.3870205
1.3730767
1.3566878
1.3618416
1.3735472
1.379396
1.3764725
1.3740498
1.3728238
1.3712798
1.3716427
1.3720151
1.3768876
1.3775359
1.3751949
1.3719184
1.3632983
1.377806
1.3806157
1.3643423
1.3534504
1.3772497
1.388478
1.3767172
1.3593493
1.3538715
1.3584515
1.3814995
1.3811033
1.3744731
1.3727121
1.3667442
1.3619504
1.3654243
1.3710861
1.3616983
1.3691258
1.3695543
1.3675522
1.37514
1.3714113
1.3670989
1.3632159
1.3704132
1.3761235
1.3684018
1.364161
1.3646365
1.3708165
1.370683
1.3658656
1.3692789
1.3708748
1.3671421
1.3698734
1.3701696
1.3680992
1.3695192
1.3668319
1.3666159
1.3730031
1.365255
1.3744164
1.3709621
1.3565727
1.3625425
1.3667122
1.3579507
1.3730606
1.3722296
1.364405
1.3646877
1.372456
1.3676654
1.3689296
1.3705363
1.3654127
1.3686445
1.3708242
1.3718408
1.374173
1.3746707
1.3718303
1.3653423
1.3721546
1.372207
1.3717405
1.3715042
1.3707904
1.3690319
1.3693119
1.3688433
1.3724651
1.3686215
1.3664501
1.3669552
1.3694849
1.3722761
1.3678185
1.3691584
1.3699604
1.3687522
1.368642
1.3682286
1.3683997
1.3675864
1.3666564
1.3677808
1.3764429
1.3698905
1.3647853
1.3625823
1.363562
1.3658435
1.3672218
1.3674076
1.3713312
1.3676999
1.367966
1.3693366
1.3661133
1.3695977
1.3707674
1.3701881
1.3675038
1.3664149
1.3660378
1.367383
1.3678713
1.368254
1.3684403
1.3684489
1.3679818
1.3685523
1.3664495
1.3678331
1.3704581
1.3691173
1.3676647
1.3666229
1.365686
1.3681985
1.3667678
1.3667629
1.3692592
1.3699493
1.365969
1.3639072
1.366179
1.3700721
1.3733143
1.3743185
1.3745381
1.3734245
1.3674562
1.3599399
1.3616041
1.3647728
1.3707935
1.3711169
1.36715
1.3668925
1.3687489
1.371036
1.3725951
1.3688065
1.3654108
1.3643637
1.3669436
1.3698678
1.3693808
1.3669322
1.3685082
1.3712456
1.3699442
1.3640299
1.3671538
1.367171
1.3678169
1.3694046
1.3638971
1.3664994
1.3742552
1.3634269
1.3594613
1.3629289
1.3674871
1.36736
1.3641068
1.363926
1.3698721
1.3676816
1.3642182
1.3627448
1.3665195
1.3679105
1.3654515
1.3645929
1.3654695
1.3705542
1.364955
1.3637216
1.3619516
1.3643103
1.3703375
1.3642784
1.364901
1.369868
1.3675938
1.3634226
1.3616953
1.3669137
1.3660814
1.3632234
1.3648767
1.3666143
1.366467
1.3627175
1.3608484
1.366075
1.3620992
1.3621148
1.3642948
1.3651109
1.3635124
1.3607446
1.3622923
1.3624287
1.3589779
1.3593749
1.3637395
1.352295
1.3551937
1.3655552
1.3579814
1.3564379
1.3642865
1.3532724
1.3488412
1.3552333
1.3544723
1.3574231
1.3642683
1.3524457
1.355196
1.3628771
1.3468765
1.3563536
1.3679552
1.3625584
1.3583856
1.3543512
1.357378
1.3565011
1.3617593
1.3620028
1.3592397
1.3593887
1.3584534
1.3597424
1.3578538
1.3577608
1.3569132
1.356338
1.3554424
1.3578106
1.3558451
1.3575805
1.3592415
1.3566933
1.3558658
1.3574314
1.35658
1.3555212
1.3560146
1.3542556
1.3589144
1.3580354
1.3568054
1.3558946
1.3546737
1.35574
1.3554324
1.3559397
1.354799
1.357276
1.3543944
1.3530757
1.3550382
1.3571512
1.3547873
1.357404
1.3544612
1.3539968
1.3572904
1.3561273
1.35494
1.3534138
1.3514274
1.3557196
1.3544236
1.3567265
1.3528877
1.3551776
1.353989
1.3606318
1.3602173
1.3559461
1.3507545
1.3576244
1.3543311
1.352288
1.354068
1.3578597
1.3519862
1.3478009
1.3502527
1.355707
1.35278
1.3556346
1.363299
1.3501921
1.3499836
1.3557283
1.3545743
1.3547264
1.3470228
1.3607188
1.3471677
1.3461672
1.3499908
1.351946
1.3545979
1.3540024
1.354582
1.3574289
1.3515426
1.3515518
1.3482062
1.3535597
1.3524393
1.3520584
1.3509362
1.3515704
1.3515158
1.3507123
1.3537904
1.3535672
1.3486722
1.350683
1.3492631
1.3503923
1.3505064
1.3493735
1.3521376
1.3502585
1.3482428
1.3477674
1.3456591
1.3518577
1.3450593
1.3502291
1.3495425
1.3516763
1.3492886
1.3474569
1.3449407
1.3491603
1.3480014
1.3471391
1.3492137
1.3483235
1.345784
1.351779
1.3468183
1.340874
1.3461238
1.3501912
1.3492453
1.3446993
1.3447514
1.346437
1.3463342
1.3432117
1.3435614
1.3429002
1.3460845
1.3462522
1.3465278
1.3476907
1.3457073
1.3428134
1.3424083
1.3485264
1.3454998
1.348333
1.3459597
1.3475796
1.3393502
1.345693
1.340318
1.3449928
1.344872
1.3435271
1.3448546
1.3390768
1.3394362
1.343597
1.341211
1.3483074
1.340923
1.339154
1.3437626
1.347066
1.3444587
1.3422078
1.3332134
1.3416426
1.3465517
1.340713
1.3418102
1.3420863
1.3371667
1.3481747
1.3450421
1.3430787
1.3396199
1.3402953
1.3437
1.343071
1.3414189
1.3396013
1.3477758
1.3396627
1.3373538
1.3415217
1.3420346
1.3365092
1.3426156
1.3425379
1.340795
1.3424927
1.3409567
1.3434159
1.338569
1.3399045
1.3422168
1.3432808
1.3402232
1.33776
1.334956
1.3383286
1.3372455
1.3398987
1.3378472
1.3368722
1.34156
1.3380815
1.3483866
1.3353462
1.3364888
1.3352382
1.3438215
1.3388453
1.338454
1.3352304
1.3373345
1.3371979
1.3349534
1.3344675
1.3352757
1.3376989
1.3327624
1.3345857
1.3361278
1.3342973
1.3388587
1.3357435
1.3324674
1.3367519
1.3383988
1.3379881
1.3364167
1.3333853
1.333033
1.3398556
1.3323903
1.3318634
1.3305867
1.3320023
1.3336354
1.3356762
1.3335865
1.3293325
1.3269411
1.3279977
1.3295918
1.3320602
1.331834
1.3320222
1.3276466
1.3303188
1.3297042
1.333978
1.3301516
1.3299029
1.3351364
1.3362868
1.3327857
1.3296287
1.3361263
1.3355932
1.3288469
1.3292415
1.3260287
1.3311378
1.3285007
1.3331662
1.3318278
1.3262459
1.329606
1.3288598
1.3312552
1.3300948
1.3338511
1.3264573
1.3264265
1.3290739
1.3339229
1.3299805
1.3335251
1.3317436
1.3347995
1.3294815
1.3290592
1.327452
1.3285886
1.3279167
1.3315191
1.3293192
