1.3862184
1.384979
1.3834803
1.384444
1.3885598
1.3773862
1.383176
1.3788013
1.3892611
1.3821299
1.3762465
1.3888506
1.3846755
1.3843367
1.385485
1.3816919
1.3785222
1.3825121
1.3864694
1.3879161
1.3822678
1.3756588
1.3693247
1.3968319
1.3864502
1.3837154
1.3865427
1.3883581
1.3863772
1.3830851
1.3864955
1.3868335
1.3769068
1.3814777
1.3785136
1.373719
1.3818164
1.3844235
1.3852638
1.3865315
1.3865728
1.3863956
1.3864806
1.3866721
1.3868841
1.3868929
1.3868176
1.3869114
1.3868905
1.3866755
1.386659
1.3864691
1.3864945
1.3862605
1.3863322
1.3861111
1.3863877
1.385663
1.3864949
1.385866
1.3858838
1.3861221
1.3856323
1.3861679
1.3850204
1.3866282
1.3846651
1.3865843
1.385665
1.3849976
1.3859637
1.3856081
1.385128
1.3843982
1.3867756
1.3836914
1.3774155
1.3896848
1.387234
1.3821315
1.3835148
1.3772522
1.3907325
1.3884859
1.382907
1.3850752
1.3849399
1.3820997
1.381358
1.3858008
1.386575
1.3804904
1.3863142
1.3821836
1.3866785
1.3843609
1.3834009
1.3871132
1.3780202
1.3828253
1.3827271
1.3873583
1.382062
1.379253
1.3866146
1.3867372
1.3720056
1.3641189
1.3859929
1.3819649
1.3829399
1.3823758
1.382631
1.3838356
1.382266
1.3596822
1.3459727
1.3822268
1.3827251
1.3819461
1.3694702
1.3879832
1.3769782
1.3785529
1.378744
1.3741747
1.379277
1.3871187
1.3756748
1.3844429
1.3820118
1.3808492
1.390448
1.3871068
1.3799467
1.3870344
1.3743817
1.3955468
1.3752724
1.3701862
1.3801926
1.3891091
1.3844389
1.3832281
1.3839164
1.3873014
1.385874
1.3847862
1.3849247
1.3856941
1.3855375
1.3854094
1.3849801
1.3853438
1.385129
1.3855397
1.385239
1.3851149
1.3852605
1.3850971
1.3853104
1.3853135
1.3851442
1.3849827
1.3851748
1.3851614
1.385307
1.3854048
1.3851668
1.3851109
1.385163
1.3853395
1.3853788
1.3854377
1.3850807
1.3850374
1.3853371
1.3851922
1.3850358
1.3852148
1.385074
1.385053
1.3849543
1.3849155
1.385199
1.384953
1.3848835
1.3851122
1.3852855
1.3848442
1.3850005
1.3848859
1.3848268
1.3848534
1.3850682
1.3848702
1.3851545
1.3846982
1.3849573
1.3852483
1.3844442
1.3856539
1.3827524
1.3874284
1.3812503
1.3860481
1.3855778
1.3827649
1.3844824
1.3876848
1.3841872
1.383632
1.3884457
1.384336
1.3827423
1.3841846
1.3873212
1.3851521
1.3829347
1.3866254
1.3862238
1.3833026
1.3825028
1.384497
1.3880823
1.3846606
1.3795856
1.3873606
1.3849976
1.3834361
1.3831319
1.3850968
1.3852559
1.3818736
1.3853697
1.3861177
1.3839464
1.3832287
1.385382
1.3862144
1.38477
1.3835356
1.3821849
1.3840916
1.3862478
1.3867574
1.3847926
1.3823189
1.3835664
1.3851508
1.3850646
1.3838832
1.3845011
1.3852589
1.3859695
1.385405
1.385125
1.3841374
1.3834779
1.386485
1.3853152
1.3841455
1.3837802
1.3845929
1.3852307
1.3860756
1.385353
1.3848253
1.3820763
1.3853431
1.3859752
1.38387
1.3835799
1.384235
1.3855131
1.3859658
1.3855587
1.3849249
1.3843167
1.3819398
1.3870294
1.3848205
1.382863
1.3817357
1.3892446
1.3866606
1.3849752
1.3839884
1.3786322
1.3823562
1.3881804
1.3852459
1.3834441
1.3826773
1.3823974
1.3878436
1.3862708
1.3842269
1.3834759
1.3828477
1.3842206
1.3856603
1.3843819
1.3829215
1.3838794
1.3852059
1.3853973
1.385382
1.3848377
1.3845994
1.3843465
1.3839803
1.3847883
1.3858601
1.3845739
1.3838035
1.3837023
1.3835636
1.3853143
1.3856193
1.3851558
1.3847388
1.3841352
1.3827426
1.3864168
1.3864609
1.3832127
1.3818731
1.3814815
1.3798842
1.3825356
1.3856672
1.3882347
1.3852364
1.3836958
1.377588
1.3787715
1.3876655
1.3875233
1.3843561
1.3828491
1.3810804
1.3821791
1.3906269
1.3853683
1.3838165
1.3802453
1.3766203
1.385516
1.3885345
1.3850471
1.3836336
1.3826514
1.3808109
1.3817468
1.379086
1.3852718
1.3874105
1.3840588
1.3786471
1.3862545
1.3846062
1.381873
1.3817506
1.3898388
1.3848196
1.3834586
1.3803194
1.3788968
1.3934401
1.3842598
1.3768413
1.3793783
1.3880577
1.3856966
1.3842473
1.3838274
1.3833965
1.3796858
1.3860765
1.3867371
1.3844745
1.3825349
1.3793656
1.385526
1.3857342
1.3849813
1.3846914
1.384039
1.3834342
1.3821243
1.3846592
1.3870507
1.384395
1.3835438
1.3823594
1.3814992
1.3859123
1.3853515
1.3847071
1.3842537
1.3842044
1.3832306
1.3824832
1.3864564
1.3852991
1.3843641
1.3834301
1.3806573
1.3842139
1.377658
1.3842853
1.3873144
1.3780088
1.3801428
1.386603
1.3866478
1.3828483
1.3778163
1.3845391
1.3891611
1.3852131
1.3838009
1.3778449
1.3793852
1.3868948
1.387738
1.3838838
1.3825179
1.381058
1.3818877
1.3923614
1.3852466
1.3827893
1.3757728
1.3792533
1.3864448
1.388817
1.3850948
1.3832277
1.3820295
1.379547
1.3845701
1.3898158
1.3857063
1.3845259
1.3813702
1.3755172
1.3821149
1.3879558
1.3862193
1.3844861
1.3833084
1.3813201
1.3777028
1.386954
1.3869028
1.3841033
1.3832704
1.38237
1.3809472
1.3865565
1.3870912
1.3849555
1.3831884
1.3817192
1.3787197
1.3858889
1.3880352
1.3846343
1.3834556
1.3800914
1.3757496
1.3881199
1.3889141
1.3846202
1.3819797
1.3737823
1.3822726
1.389597
1.3857448
1.3841906
1.3824427
1.3766874
1.3817711
1.3848385
1.3789039
1.3817044
1.3863889
1.3886313
1.3860054
1.3844197
1.3778948
1.3805914
1.3848213
1.3861555
1.3846341
1.3837188
1.3834746
1.3832903
1.3831557
1.3840085
1.3851191
1.385139
1.3853998
1.3851421
1.3843988
1.3839234
1.381052
1.3847572
1.3857746
1.3839753
1.3834758
1.3828088
1.3825393
1.383273
1.3839566
1.385305
1.3852493
1.3843833
1.38375
1.382747
1.3825783
1.3870175
1.3856032
1.3839772
1.3820783
1.3813097
1.3844368
1.3870485
1.3850987
1.3838515
1.381387
1.3803715
1.384065
1.3858391
1.3845599
1.3839023
1.3834615
1.3829646
1.38298
1.3831784
1.3839524
1.3854102
1.3846916
1.3845981
1.3835213
1.3831602
1.3823243
1.3830868
1.3832494
1.3830811
1.3871576
1.386643
1.3856415
1.3855801
1.3844647
1.3838621
1.3834423
1.3836738
1.3831279
1.3833017
1.3830417
1.3829035
1.3832847
1.3844281
1.3851613
1.3842559
1.3836588
1.3844721
1.3840758
1.3841987
1.3837887
1.3839784
1.3837143
1.3837736
1.3843782
1.3839372
1.3842013
1.3844026
1.3841952
1.3837708
1.3837706
1.3839949
1.3838358
1.3839384
1.3842652
1.383607
1.3838128
1.3837551
1.3846382
1.3840822
1.3839178
1.3830397
1.383366
1.3844892
1.3845181
1.3837249
1.3830929
1.3829228
1.3836244
1.384812
1.3844634
1.3839767
1.383296
1.3829137
1.3833301
1.3842955
1.3832164
1.3835912
1.3839538
1.3845499
1.384244
1.3843563
1.3836672
1.3828657
1.3836335
1.3837858
1.3838177
1.3839164
1.3841338
1.3840698
1.3837143
1.3832695
1.3834273
1.3847643
1.3844084
1.3838925
1.38375
1.3834496
1.3831091
1.3838919
1.3841637
1.3842095
1.383593
1.3835506
1.3832101
1.3841157
1.383663
1.3844408
1.3839027
1.3835282
1.3835369
1.3831474
1.3840582
1.3835951
1.3837185
1.3837198
1.3834903
1.3834091
1.3838607
1.383693
1.383124
1.3834018
1.383482
1.3839377
1.383836
1.3833274
1.3833474
1.3840723
1.384111
1.3839004
1.3825233
1.3834624
1.3832872
1.3842901
1.3838816
1.3836256
1.3827435
1.382187
1.3840818
1.3854642
1.3836937
1.3820193
1.3816848
1.3828568
1.383201
1.384093
1.3837948
1.3835435
1.3836132
1.3828765
1.3831587
1.3840488
1.3840075
1.383836
1.3836305
1.3828905
1.3831129
1.3837751
1.3832394
1.3840427
1.3830659
1.3828796
1.3824584
1.3837832
1.3861073
1.3840207
1.38196
1.381793
1.3825554
1.3835223
1.384249
1.3833807
1.383886
1.3842123
1.383424
1.3832008
1.3826663
1.3825629
1.3834502
1.3835598
1.3841224
1.3839185
1.3839839
1.3825803
1.3828312
1.3832502
1.3835355
1.3839229
1.3834537
1.3837056
1.382001
1.38197
1.3852539
1.3847603
1.3818032
1.3798094
1.3819873
1.3846785
1.3820331
1.3809322
1.3831486
1.38366
1.3851259
1.3834168
1.3834594
1.3816272
1.3810254
1.3816589
1.3823124
1.382802
1.3826766
1.3826274
1.3834752
1.3822656
1.3816795
1.3822606
1.3828027
1.3834742
1.3838601
1.3831917
1.3819251
1.3817314
1.3820369
1.3832384
1.3826329
1.383001
1.3843713
1.3844194
1.3846635
1.3843209
1.384208
1.3842033
1.38372
1.383665
1.383207
1.3825974
1.3826158
1.3825617
1.3819603
1.3819953
1.3824798
1.3818566
1.3825768
1.3826228
1.3822927
1.3827641
1.382851
1.3827697
1.3829544
1.3830448
1.3827982
1.3827238
1.3830293
1.3833603
1.383106
1.3835652
1.3824517
1.3826699
1.3820015
1.3824195
1.3829134
1.3820633
1.3826137
1.3820693
1.3824055
1.3824399
1.3822668
1.3816887
1.3825682
1.3825942
1.3824465
1.3825375
1.3819613
1.3825688
1.3828965
1.3826549
1.3828622
1.3825834
1.3830621
1.3814415
1.3827789
1.382244
1.3833588
1.3826745
1.382795
1.3823078
1.3819679
1.3824406
1.3823978
1.381796
1.3824193
1.3825549
1.3822775
1.3826728
1.382111
1.3832382
1.3820028
1.3826741
1.3836476
1.3816618
1.381908
1.3829756
1.3818265
1.3820428
1.3824354
1.3819596
1.3817722
1.3817346
1.3821576
1.3823532
1.3821396
1.3818846
1.382238
1.3824613
1.3824469
1.3824291
1.3820862
1.3823009
1.3820512
1.3817053
1.3821605
1.3821664
1.3821932
1.38212
1.382752
1.3823054
1.3818983
1.3819717
1.3823279
1.3819036
1.382206
1.38149
1.38209
1.3818882
1.3823175
1.3816056
1.381775
1.3818729
1.381814
1.3814253
1.3810856
1.3811511
1.3821166
1.3817669
1.3819783
1.3817933
1.3818189
1.3816948
1.3816413
1.3820978
1.3815928
1.3826611
1.3819517
1.3818069
1.3815691
1.3814582
1.3823038
1.3815907
1.3813922
1.3820686
1.3811048
1.382149
1.3814595
1.3817536
1.3817716
1.3814336
1.3813077
1.3821014
1.3811312
1.3813759
1.3807628
1.3812523
1.3822503
1.3817906
1.3822275
1.3817624
1.3813031
1.3826165
1.3823582
1.3814251
1.3808715
1.3820051
1.3824956
1.3824733
1.3818824
1.3819287
1.3816987
1.3817701
1.3812901
1.3820713
1.3824393
1.3822588
1.3817381
1.382028
1.3821303
1.3819053
1.3818108
1.3814728
1.3817315
1.3812424
1.3811344
1.3815191
1.3806767
1.3811235
1.3809837
1.3811879
1.3805183
1.3808776
1.3816231
1.3807782
1.3819245
1.3813215
1.3817967
1.3813289
1.3816924
1.3815029
1.3813176
1.382053
1.381438
1.3818115
1.3817583
1.3811613
1.3808167
1.38139
1.3816366
1.3813773
1.3813881
1.3812249
1.3815353
1.3814751
1.381645
1.3821466
1.3811072
1.3808868
1.3812621
1.3811777
1.3807642
1.3810709
1.3816319
1.3814824
1.3814106
1.3808856
1.3827863
1.380446
1.3807212
1.3813555
1.3813199
1.3819557
1.3814162
1.3816758
1.3811765
1.3813375
1.3809181
1.3808732
1.380833
1.3821228
1.3810114
1.3811576
1.3805857
1.3811128
1.3811344
1.3808191
1.3810589
1.3811786
1.3807274
1.3812702
1.3819982
1.3810004
