1.3860459
1.3857964
1.385308
1.3848785
1.3842754
1.3837
1.3837322
1.3838466
1.3839998
1.3839697
1.3842984
1.3843261
1.3842266
1.3849802
1.386113
1.3854253
1.3851681
1.3854454
1.3853768
1.3849626
1.3845278
1.3840151
1.3836372
1.3834919
1.3845497
1.3858541
1.3855987
1.3857598
1.3865722
1.386599
1.3856786
1.3839853
1.3844767
1.3852785
1.3850406
1.3838686
1.3843197
1.386219
1.3869079
1.3842179
1.3819667
1.3832036
1.386779
1.386046
1.3841922
1.3837684
1.3849856
1.3871312
1.3855568
1.3823402
1.3829002
1.3846376
1.384554
1.3845052
1.3846407
1.3860711
1.3863493
1.3860737
1.3854692
1.385323
1.3849568
1.3848896
1.3847811
1.3849777
1.3847427
1.3851221
1.385572
1.3853987
1.3848474
1.3846213
1.3843656
1.384772
1.3849922
1.3848561
1.3846046
1.3847547
1.3854566
1.3856585
1.3852285
1.3847913
1.3846262
1.3847094
1.3843671
1.3846141
1.3851895
1.3851469
1.3850888
1.3851876
1.3853892
1.3849726
1.3850403
1.3850354
1.3848925
1.3857161
1.3856667
1.3854269
1.3854806
1.3851902
1.3853464
1.3853261
1.3855927
1.3854313
1.3855809
1.3850546
1.385292
1.3849686
1.3851374
1.3851206
1.3849714
1.3852714
1.3852843
1.3851975
1.3854362
1.3850063
1.3849515
1.3851519
1.3853264
1.3848038
1.3852012
1.3852417
1.3852999
1.3848481
1.3846763
1.3852003
1.3851135
1.3850436
1.3852993
1.3850726
1.385192
1.3852358
1.3853748
1.3852454
1.3848668
1.3850353
1.3849751
1.3851911
1.3850167
1.384937
1.3849189
1.3847041
1.3848951
1.3850857
1.3848299
1.3849905
1.385223
1.3852414
1.3850424
1.3850102
1.3852606
1.3854265
1.3850889
1.3847791
1.3853308
1.3848575
1.385528
1.3852401
1.3850043
1.3853558
1.3850975
1.385266
1.3852286
1.3849392
1.3851885
1.3852575
1.3852116
1.3850005
1.3850514
1.3851357
1.3849409
1.3852285
1.3850935
1.3852094
1.3853017
1.3851535
1.3849924
1.3850787
1.3850269
1.3851757
1.3846935
1.3850367
1.3854121
1.3851206
1.3852293
1.3855227
1.3852214
1.3850234
1.3851862
1.3851638
1.385205
1.3851548
1.3853316
1.3852613
1.3852396
1.3852878
1.385253
1.3852518
1.3851306
1.3850108
1.3851697
1.3850948
1.3849659
1.3849202
1.3852713
1.3851695
1.3851364
1.384857
1.3850995
1.38535
1.385105
1.3851143
1.385187
1.3849491
1.3851256
1.385129
1.3848137
1.3850924
1.384966
1.3847771
1.385095
1.3850185
1.3850179
1.3849454
1.3847872
1.385101
1.3848587
1.3846695
1.3848494
1.3851714
1.3848174
1.3847609
1.3851675
1.3851041
1.3849071
1.3850008
1.3849676
1.3851233
1.3845358
1.3848284
1.3848219
1.3848674
1.3848994
1.3852471
1.3847765
1.3850352
1.3852447
1.3847833
1.3848692
1.3849167
1.3848404
1.3846967
1.3850487
1.384846
1.3844525
1.3847766
1.385054
1.3845854
1.3847691
1.3848158
1.3845915
1.3845038
1.3848382
1.3846688
1.3845674
1.3843788
1.3845383
1.3846711
1.3845953
1.3848747
1.384785
1.3845941
1.3844789
1.3847075
1.3846298
1.384675
1.3845705
1.3847077
1.3843551
1.3845259
1.3846544
1.3845408
1.3847772
1.3846264
1.3846227
1.3844628
1.3845047
1.3842347
1.3846554
1.3846335
1.384478
1.3846717
1.384371
1.384771
1.3847225
1.384696
1.384555
1.3844831
1.3845633
1.384544
1.3843613
1.3846244
1.384712
1.3847247
1.3840208
1.3842459
1.3845037
1.3844988
1.3843992
1.3849156
1.3845685
1.3844899
1.3843911
1.3847601
1.3848538
1.3845501
1.3844154
1.3843497
1.3846186
1.3844627
1.3846145
1.3844327
1.3843571
1.3847275
1.3843769
1.3844633
1.3844738
1.3842026
1.3847091
1.3844551
1.3844774
1.3841869
1.3842154
1.3843621
1.384454
1.3843998
1.3845325
1.3844221
1.3842616
1.3845627
1.3847145
1.3844275
1.3847214
1.3845679
1.3844376
1.3844211
1.3843344
1.3846754
1.384181
1.3843842
1.3840802
1.3845296
1.3841107
1.3846307
1.3843988
1.384703
1.3843437
1.3843222
1.3840541
1.3845637
1.3842736
1.3842806
1.3844849
1.3842431
1.3843274
1.3844194
1.3844194
1.3842193
1.384537
1.3840743
1.3844715
1.384287
1.3844523
1.3841078
1.3841729
1.3840303
1.384358
1.3840462
1.384262
1.3842407
1.3843845
1.3840824
1.3847299
1.3841568
1.3845795
1.384414
1.3843721
1.3837444
1.3845799
1.3842851
1.3842882
1.3844892
1.3844038
1.3842446
1.3844872
1.3842548
1.3843406
1.3842093
1.3842782
1.3843876
1.3841945
1.3842989
1.3842183
1.3840692
1.3845482
1.3842794
1.384363
1.3843112
1.3840101
1.3843484
1.3840681
1.3844332
1.3845822
1.3842636
1.3840863
1.3841951
1.3844696
1.3841364
1.3844672
1.384277
1.3842183
1.3843368
1.3840274
1.3841995
1.3841759
1.3844957
1.3842531
1.3844672
1.384313
1.3840741
1.3842245
1.3839375
1.3843708
1.3840793
1.3841902
1.3843145
1.3843579
1.3840592
1.3838859
1.3840617
1.3840687
1.3841485
1.3839862
1.3839773
1.384608
1.3837812
1.3838241
1.384256
1.3842984
1.3841351
1.384635
1.3843246
1.3839849
1.3839062
1.384002
1.3840613
1.3842077
1.3840133
1.3842897
1.3840611
1.3840181
1.3841314
1.3844323
1.3844706
1.384016
1.3841416
1.3841864
1.3835586
1.3842107
1.3842537
1.3841425
1.3839968
1.3842108
1.3838698
1.3842192
1.3841149
1.3846089
1.383948
1.3840619
1.3843595
1.383504
1.3842891
1.3845131
1.383736
1.3837746
1.384005
1.384055
1.3837463
1.3837063
1.3837761
1.3841745
1.383911
1.3838155
1.3840743
1.3846128
1.3839486
1.3842319
1.383961
1.3839372
1.3843111
1.3838887
1.3837463
1.3839782
1.3838304
1.3840957
1.3839463
1.3839668
1.3840295
1.3844142
1.3838124
1.3838425
1.384409
1.383733
1.383854
1.3837764
1.384073
1.3837483
1.3838695
1.3841894
1.3838941
1.3841937
1.3839988
1.383901
1.3838032
1.3839884
1.3834903
1.3839267
1.3838974
1.384363
1.3835757
1.3839059
1.3835917
1.3841777
1.384145
1.3840376
1.3841132
1.3845915
1.3835621
1.3840309
1.3839729
1.3837541
1.38415
1.3844606
1.3841625
1.3837092
1.3840027
1.3838345
1.3839626
1.3838869
1.3835826
1.3837718
1.3838671
1.3838516
1.3834546
1.3837519
1.3836901
1.3837596
1.3839362
1.3838706
1.383942
1.3840834
1.3835074
1.3837677
1.3838339
1.3839481
1.3838135
1.3839741
1.3837706
1.3836218
1.3842793
1.3836198
1.3840736
1.3838935
1.3841486
1.3840069
1.3835216
1.383592
1.3840863
1.3837057
1.3838495
1.3836074
1.3841505
1.3839215
1.3837473
1.3839616
1.3835833
1.3840805
1.3839426
1.3836399
1.3836725
1.3840395
1.3835396
1.3837711
1.3837893
1.3839611
1.3835542
1.3837528
1.383652
1.3836421
1.3834445
1.3839235
1.3836355
1.3838814
1.3838552
1.3839043
1.3837106
1.3836247
1.3833609
1.3835418
1.3839134
1.3835266
1.3828995
1.3833824
1.3836081
1.3833623
1.3837192
1.3834783
1.383886
1.3838269
1.3837004
1.3837875
1.3833599
1.3831387
1.3839308
1.3834299
1.3839501
1.3839705
1.3832127
1.3839096
1.3835642
1.3837677
1.3833628
1.3836946
1.3837466
1.3835088
1.3837675
1.3835331
1.383336
1.3834041
1.3836635
1.3835595
1.383502
1.3834319
1.3836309
1.3841532
1.383399
1.383638
1.3836464
1.3834382
1.3838327
1.3834443
1.3834649
1.3837726
1.3836257
1.3835421
1.3839065
1.3834125
1.3830448
1.3832341
1.3836596
1.3838917
1.383589
1.3836528
1.383772
1.3837246
1.3836251
1.3836108
1.3834306
1.3832452
1.3834429
1.3835582
1.3837699
1.3833164
1.3837236
1.3835903
1.3829381
1.383151
1.3836164
1.3838418
1.3838778
1.3837816
1.3838654
1.3828707
1.3839843
1.383366
1.3835921
1.383378
1.383448
1.3839611
1.383487
1.3833196
1.3838615
1.3841031
1.3835464
1.3832144
1.3835164
1.3834308
1.3838142
1.3836094
1.3830312
1.3834925
1.3835078
1.38376
1.383361
1.3837265
1.3833542
1.3832124
1.383866
1.3831987
1.384108
1.3831203
1.3831161
1.3838601
1.3835213
1.3835644
1.3833785
1.3832468
1.383406
1.3836983
1.383292
1.3836224
1.3829161
1.3836389
1.3829559
1.3833599
1.3834118
1.383309
1.3834467
1.3834386
1.3835839
1.3836856
1.3830853
1.3832434
1.3835249
1.3834556
1.3833183
1.383228
1.3831034
1.3834549
1.3831635
1.3834957
1.3834016
1.383719
1.3833905
1.3833272
1.3838587
1.3833661
1.3831646
1.3835862
1.3833327
1.383545
1.3837308
1.3830405
1.3834442
1.3832012
1.3836752
1.383652
1.3828369
1.3832
1.3835026
1.3834289
1.3837332
1.3831145
1.3831958
1.3834738
1.3834372
1.3832966
1.3837208
1.382966
1.3837745
1.3835647
1.383633
1.3834833
1.3836918
1.3836014
1.3835857
1.3833464
1.3832487
1.3836285
1.3833424
1.3830128
1.383149
1.383182
1.3832341
1.3832114
1.3832852
1.3836749
1.3831726
1.3829334
1.3837677
1.3831606
1.3832546
1.3828858
1.3831015
1.3839172
1.3830445
1.3832717
1.3833811
1.3830963
1.3832766
1.3829767
1.3833488
1.3831867
1.3831958
1.3832012
1.3832096
1.3832753
1.3832318
1.383344
1.3826836
1.3835906
1.3833716
1.3834953
1.3831761
1.3835084
1.3831224
1.3833958
1.383406
1.3829358
1.3831358
1.3831769
1.3834237
1.3830656
1.3836148
1.3831972
1.3836743
1.3834238
1.3833655
1.3831965
1.3835578
1.3830857
1.3835698
1.3832065
1.382875
1.3831538
1.3834342
1.3832729
1.382903
1.3834448
1.3834776
1.3828211
1.3831723
1.3829873
1.3830161
1.3827595
1.3833818
1.3835453
1.3833392
1.3832062
1.383457
1.3840396
1.3828478
1.3835149
1.3832872
1.3830273
1.383737
1.3829815
1.3831011
1.3830633
1.3826393
1.3832881
1.3832548
1.382949
1.3829336
1.3832022
1.3833804
1.3833308
1.3837754
1.3831277
1.3831326
1.3831241
1.3826914
1.383496
1.383638
1.3832012
1.383008
1.3830212
1.3828987
1.3830377
1.3833538
1.382979
1.3830576
1.3832912
1.3833046
1.3830863
1.3828987
1.3831444
1.383403
1.383166
1.3832462
1.3832973
1.3826857
1.3831445
1.3832833
1.3831692
1.3832359
1.383245
1.3828135
1.3829913
1.3828919
1.3836579
1.3832873
1.3829775
1.3829219
1.3831046
1.383373
1.3827492
1.3830118
1.3829519
1.3833387
1.3825969
1.3833355
1.3829037
1.3831247
1.382885
1.3828743
1.3830284
1.383577
1.3835577
1.3830526
1.3830482
1.3827928
1.3831246
1.3831651
1.382806
1.3829912
1.383059
1.3829023
1.3835763
1.3830439
1.3830981
1.3834907
1.3830996
1.3831772
1.383326
1.3832953
1.383502
1.3831627
1.3829006
1.3827999
1.3828522
1.3833655
1.3835119
1.3832847
1.3831426
1.3830003
1.3829771
1.3832123
1.3828777
1.3827959
1.3830744
1.3829824
1.3828431
1.3824224
1.3825641
1.3833477
1.3829051
1.3827733
1.3832718
1.3825386
1.3832477
1.3829389
1.3829902
1.3827623
1.3832566
1.3830835
1.3829125
1.383075
1.383132
1.3828377
1.3829434
1.3830291
1.3825617
1.3830309
1.383071
1.3827238
1.3829635
1.3830591
1.3827938
1.3829651
1.3828262
1.382633
1.3825599
1.3828936
1.3830996
1.3828892
1.3835503
1.3826275
1.3827611
1.3829589
1.3823996
1.3828442
1.3829502
1.3829217
1.3835945
1.3832849
1.3829632
1.3830113
1.3830924
1.382867
1.3829336
1.3831793
