1.3840728
1.3865364
1.3794054
1.3811342
1.3808781
1.3753862
1.3812846
1.3814268
1.382167
1.381093
1.3809955
1.3829637
1.3794394
1.3774983
1.3809676
1.3774598
1.3795611
1.3736808
1.376261
1.3775413
1.3792167
1.3778837
1.3791846
1.3787165
1.3804972
1.3826959
1.3812149
1.373326
1.3765274
1.376577
1.3737293
1.3675724
1.3812505
1.3702385
1.3760343
1.3804252
1.3850125
1.3834413
1.3672625
1.3803587
1.3733212
1.3765719
1.3705677
1.3804184
1.3770248
1.3649032
1.3859687
1.3804028
1.383801
1.3825558
1.3853455
1.3808118
1.3842884
1.3847079
1.3841631
1.3853064
1.3845123
1.3843061
1.3851029
1.3849491
1.3845288
1.3846147
1.3850043
1.3847749
1.3848644
1.3850719
1.3843952
1.3851283
1.384668
1.3851765
1.3852835
1.3845682
1.3854682
1.3842739
1.3851099
1.3848355
1.3843272
1.3847609
1.3842194
1.3851604
1.3850007
1.3848485
1.3845582
1.3835921
1.385796
1.3812058
1.3849368
1.3753723
1.3783768
1.3720357
1.3855004
1.3764125
1.382915
1.375037
1.3687414
1.3851619
1.375008
1.37086
1.3794298
1.388421
1.3852437
1.3851155
1.3845901
1.3845887
1.384429
1.3838054
1.3837459
1.3835073
1.3832471
1.3827835
1.3850307
1.3846229
1.3846642
1.3838555
1.384572
1.3853267
1.3848668
1.385668
1.385333
1.3858546
1.3854258
1.384968
1.3848053
1.3846684
1.3850355
1.3848885
1.3847814
1.3846393
1.3846595
1.3848755
1.3848368
1.3845956
1.3845892
1.3849853
1.3847929
1.3843672
1.3845121
1.384798
1.3840126
1.3839844
1.3843054
1.3839821
1.3841403
1.3840886
1.3825747
1.3839852
1.3832008
1.3843484
1.3825253
1.3832812
1.3858876
1.3808501
1.3802743
1.3767024
1.3796958
1.3868169
1.3836249
1.3818916
1.3756437
1.3848091
1.3776611
1.3823708
1.3879601
1.3840075
1.3829592
1.3826934
1.3804377
1.3835472
1.3861333
1.3836735
1.3817071
1.3827386
1.3818687
1.3835267
1.3818823
1.3848342
1.3839287
1.3834612
1.3831378
1.3833052
1.3834423
1.3829314
1.3824272
1.3846259
1.3838094
1.3833929
1.3827976
1.382966
1.3842448
1.3843429
1.3840773
1.3835295
1.3832651
1.3834772
1.383422
1.3837445
1.3836247
1.3836043
1.3834528
1.3836948
1.3834697
1.3837633
1.3836458
1.3833653
1.3831793
1.3830953
1.3834152
1.3829411
1.382883
1.3828154
1.3842773
1.3809748
1.3847674
1.3830582
1.3779445
1.3818519
1.3700119
1.3870587
1.3766943
1.3734084
1.3886741
1.3826113
1.381519
1.3815769
1.385241
1.3849897
1.3799822
1.3808323
1.3816669
1.3786058
1.384843
1.3848139
1.3766955
1.3802936
1.375518
1.3895502
1.3818691
1.3702343
1.38407
1.3796581
1.3810097
1.3813199
1.3842158
1.3833292
1.3824928
1.3840641
1.3858275
1.384993
1.3837608
1.3808991
1.3856038
1.3838531
1.3780388
1.3851624
1.3876306
1.3759341
1.3667942
1.3891503
1.381659
1.3780435
1.3822118
1.3740677
1.3795184
1.3790675
1.3910424
1.383792
1.3722602
1.388783
1.3773712
1.3753858
1.3820674
1.38721
1.3832831
1.3814789
1.3810663
1.3862417
1.3765552
1.3722204
1.3914373
1.3895583
1.380549
1.3701872
1.3676112
1.381068
1.3808098
1.3798921
1.3859168
1.3831452
1.3814496
1.3817562
1.3821181
1.384284
1.3857728
1.3854259
1.3852814
1.382215
1.3797997
1.3870445
1.380948
1.3795472
1.3824236
1.3861039
1.3870072
1.383996
1.3791714
1.3819394
1.3858075
1.3810486
1.3794822
1.3828846
1.3838887
1.3828224
1.3833189
1.3847843
1.3843521
1.381818
1.3828679
1.3869072
1.384049
1.3791114
1.3836285
1.3852139
1.3815185
1.379459
1.3830247
1.3864896
1.3830398
1.3772124
1.3834008
1.385496
1.3810502
1.379021
1.3835169
1.3883468
1.3810822
1.3750339
1.3848473
1.3841739
1.381494
1.3802017
1.3801335
1.3843465
1.3859612
1.3835852
1.3804433
1.3788565
1.3852212
1.3830647
1.3776004
1.3798256
1.3841152
1.3828354
1.3811517
1.3808887
1.3816181
1.3838608
1.3829484
1.3820534
1.3821279
1.3827015
1.3831849
1.382948
1.3820486
1.3806835
1.3860205
1.3863093
1.3779567
1.3780342
1.3910577
1.3804506
1.368944
1.3762435
1.3811218
1.377613
1.3860049
1.385059
1.3812528
1.3778791
1.3824062
1.3858608
1.3817384
1.3798463
1.3791838
1.3822032
1.3874652
1.3858266
1.3843498
1.3811458
1.3758689
1.379791
1.3838456
1.3823408
1.3821592
1.3831782
1.3836097
1.3834738
1.382989
1.378836
1.3808761
1.3856663
1.3821688
1.3798581
1.3792231
1.380553
1.3833069
1.3850049
1.3848034
1.3837188
1.381002
1.3792937
1.3812705
1.3822403
1.3840623
1.3833268
1.381997
1.3792906
1.3821932
1.383727
1.3826723
1.3812817
1.3793669
1.3835917
1.3852931
1.3820229
1.3798467
1.3782213
1.3829516
1.3857068
1.3840857
1.3815175
1.3754911
1.3784753
1.3874431
1.3843813
1.3803805
1.3782294
1.3754905
1.3849329
1.3900293
1.3837482
1.3798643
1.3734484
1.3766477
1.384511
1.38568
1.3822335
1.3798786
1.3791653
1.3785484
1.3822043
1.3838888
1.3822339
1.3812585
1.3803746
1.3807534
1.3807148
1.3829447
1.3823028
1.3809956
1.3811117
1.381315
1.3818227
1.3810804
1.3806597
1.3816733
1.3779776
1.3802223
1.3838627
1.3790213
1.3775777
1.3821164
1.3806573
1.3796252
1.3828297
1.3824561
1.3794482
1.3782139
1.3814608
1.385192
1.3813215
1.375123
1.3800325
1.3897086
1.3832362
1.3680471
1.3726658
1.3875448
1.3848959
1.3788875
1.3704516
1.3766037
1.3900554
1.3847866
1.3799064
1.370967
1.3756645
1.3817906
1.3790268
1.3794549
1.3807583
1.3801531
1.3806397
1.3816401
1.3797679
1.3808162
1.3798289
1.3808911
1.3803984
1.3783499
1.383857
1.3826965
1.3731773
1.3740238
1.3892031
1.3802117
1.3712678
1.3749868
1.388599
1.3874031
1.3815018
1.3700224
1.3703735
1.3851424
1.3870497
1.3789756
1.3732377
1.3699192
1.3833641
1.3894166
1.3850533
1.3809557
1.372218
1.3716059
1.380222
1.3873643
1.3823417
1.3779241
1.3717611
1.375069
1.3856504
1.3857903
1.3816161
1.3777565
1.3713485
1.3751612
1.3849243
1.3833045
1.3806968
1.3779471
1.3744082
1.3751669
1.3849236
1.3853431
1.382239
1.3773327
1.3702582
1.3795723
1.3855308
1.3783852
1.373146
1.3755751
1.3821822
1.383711
1.3771027
1.3754574
1.3755853
1.3845053
1.3854902
1.3783008
1.3715577
1.3745079
1.3822668
1.385835
1.383427
1.3800712
1.3705456
1.3698825
1.3813355
1.3880059
1.3820907
1.3762872
1.3702602
1.3739294
1.3850355
1.3878725
1.3849277
1.3793851
1.37015
1.3716353
1.3795532
1.3743124
1.3766483
1.3843079
1.3861428
1.3781424
1.3723854
1.3720744
1.3805305
1.3837059
1.3826425
1.3791759
1.3765471
1.374792
1.3790199
1.3859469
1.3848664
1.3817452
1.3783245
1.3732878
1.3723973
1.3793924
1.3820366
1.3789047
1.3771077
1.377852
1.3799429
1.3823086
1.3816009
1.3781608
1.376294
1.3784729
1.3821162
1.3845383
1.3809857
1.3755208
1.3765401
1.3802593
1.3844875
1.3838952
1.3810927
1.3761061
1.372652
1.3760328
1.3816645
1.3808984
1.378361
1.3796701
1.3821636
1.3829867
1.3816756
1.3771577
1.3758386
1.3778906
1.3813939
1.3837748
1.3804228
1.3778639
1.3761925
1.3779231
1.3825718
1.3802634
1.3784052
1.3772609
1.3785483
1.3815982
1.3810422
1.3755951
1.3798119
1.3863692
1.3846626
1.3799453
1.3730701
1.3734059
1.3744105
1.376207
1.380741
1.3812841
1.380832
1.3798469
1.3788369
1.3790661
1.3791641
1.3799211
1.3818058
1.3842269
1.3817159
1.3782609
1.3758235
1.3765386
1.3793367
1.3814281
1.3820593
1.379218
1.378199
1.3774399
1.3780571
1.3797446
1.3822129
1.3803087
1.3770771
1.3745565
1.3769486
1.3799963
1.3798892
1.3776007
1.3778323
1.3801298
1.3809595
1.3778411
1.3758825
1.3764466
1.3812971
1.3816624
1.3751054
1.3738273
1.3791252
1.3864847
1.386055
1.383672
1.3765216
1.368554
1.3694311
1.3757521
1.3820598
1.3848561
1.3824301
1.3779058
1.3750167
1.3743196
1.3759382
1.3817664
1.3856846
1.3855633
1.3827618
1.3785522
1.374337
1.3685592
1.373652
1.3790802
1.3804667
1.3785205
1.3770322
1.3783894
1.3778633
1.3793756
1.3790095
1.378104
1.3783748
1.3777226
1.3789042
1.3781898
1.3774915
1.378003
1.3789498
1.3757838
1.3764899
1.3775059
1.3763111
1.3758516
1.3760599
1.3755133
1.3762898
1.3769761
1.3759341
1.3758831
1.3755827
1.3756654
1.3779391
1.3747498
1.378043
1.3762827
1.3740667
1.3749604
1.3766564
1.3783089
1.378159
1.3770132
1.3764004
1.375159
1.3792652
1.3772873
1.3753347
1.3757315
1.3753917
1.3784655
1.3768988
1.3741841
1.3798178
1.3771238
1.3754553
1.3759685
1.3784384
1.3773372
1.3773266
1.3750618
1.3758091
1.3772154
1.3774943
1.376783
1.37616
1.3762953
1.3767046
1.3759114
1.3763794
1.376191
1.3770083
1.3764745
1.3752162
1.3795443
1.3780495
1.3745362
1.3755713
1.3750111
1.3762636
1.3751014
1.3765587
1.3760285
1.3767191
1.377015
1.3767159
1.3785797
1.3758686
1.3746699
1.3750445
1.3768051
1.378302
1.3780283
1.3771374
1.3749053
1.3772701
1.377862
1.3735132
1.3739561
1.3760715
1.3773813
1.3771886
1.3724037
1.3764241
1.3823028
1.3788583
1.3734906
1.3731111
1.3751905
1.376821
1.3774968
1.3805634
1.3763386
1.3750372
1.3738891
1.3752427
1.3824325
1.378101
1.3756806
1.3715404
1.3719201
1.3744698
1.377694
1.3785757
1.3777872
1.3747905
1.3734967
1.3727465
1.3725445
1.3788577
1.3779505
1.372585
1.3729353
1.374905
1.3749743
1.3767201
1.3747383
1.3742554
1.37494
1.3742201
1.3787181
1.3761098
1.3753858
1.3750594
1.3713719
1.3711549
1.37553
1.3768688
1.3771485
1.3731813
1.3696799
1.3730009
1.3763783
1.3760043
1.3726925
1.3720156
1.3706967
1.377528
1.3735956
1.3694474
1.3756336
1.3752348
1.3748825
1.3752395
1.3717372
1.3699012
1.3690057
1.3733901
1.375228
1.3736883
1.3736478
1.370124
1.370282
1.3718728
1.3757585
1.3744836
1.3723687
1.368941
1.3707794
1.3757116
1.375374
1.3714432
1.3710692
1.3708601
1.3726091
1.3779094
1.3741955
1.3698853
1.3723285
1.373725
1.3738202
1.3764224
1.3734922
1.3738972
1.3729668
1.374938
1.3733934
1.3733011
1.3727312
1.3738521
1.3729191
1.3735654
1.3741763
1.3730468
1.3715591
1.374078
1.3732789
1.3720932
1.373917
1.3731076
1.3739015
1.3722802
1.3717358
1.3737878
1.3724123
1.3721327
1.3693316
1.3731441
1.3720683
1.372044
1.3726784
1.3693336
1.3707176
1.3706329
1.3745838
1.3716439
1.3683399
1.3706299
1.3755802
1.3780626
1.3794905
1.3711983
1.3663416
1.372428
1.3709688
1.370869
1.3729115
1.3757446
1.3730503
1.3733541
1.3736717
1.3728764
1.3713672
1.3713876
1.3689301
1.3725901
1.3707241
1.3700436
1.3699205
1.3725173
1.3705653
1.3699863
1.3683425
1.3663601
1.370129
1.3720881
1.3719155
1.3699323
1.3689816
1.3695773
1.3728131
1.3688126
1.3735424
1.3700593
1.3727129
1.3692178
1.3695351
1.3725615
1.3722205
1.3715258
1.3717926
1.3713729
1.371804
1.3701018
1.3714261
1.3699396
