1.3836685
1.3831753
1.3831562
1.3859509
1.3844273
1.3709149
1.3766438
1.3918872
1.3790123
1.379557
1.3694303
1.3823491
1.3838886
1.3765601
1.3795364
1.3892658
1.3820972
1.3789486
1.3830311
1.3808384
1.3808087
1.3848366
1.3874388
1.3795964
1.3834087
1.3836993
1.3808347
1.3833238
1.383544
1.3887129
1.3855441
1.3852065
1.385327
1.3855749
1.3860203
1.3863266
1.3855436
1.3856393
1.3860592
1.3863711
1.3864413
1.3859962
1.385447
1.3861393
1.3863591
1.3852884
1.385446
1.386089
1.3865507
1.3865465
1.3859226
1.385533
1.3857152
1.3860948
1.3853687
1.3855098
1.3859321
1.3867168
1.3866515
1.385985
1.3858094
1.3859373
1.3862295
1.3864058
1.3856891
1.3855999
1.3862438
1.3863647
1.3863106
1.385823
1.3858593
1.3858004
1.386042
1.386259
1.3861063
1.3858519
1.3859179
1.386053
1.3861356
1.3860308
1.3857731
1.3859491
1.3862519
1.3861742
1.3857571
1.3858334
1.386186
1.3863789
1.3860255
1.3857075
1.3854647
1.3863995
1.3862246
1.3849024
1.3851781
1.3865677
1.3871543
1.3854839
1.3849723
1.3854057
1.3864379
1.3864691
1.3858396
1.3853257
1.3853055
1.3857647
1.386065
1.3862256
1.3858964
1.3854923
1.3850881
1.385792
1.3864565
1.3866311
1.385884
1.3847181
1.3853492
1.3865522
1.387236
1.3865972
1.385197
1.3850131
1.385147
1.3858899
1.3873167
1.3878412
1.386166
1.3851279
1.3855247
1.386205
1.386241
1.3854876
1.3840489
1.3878952
1.3840609
1.3845613
1.3864439
1.3869418
1.3859707
1.3852253
1.3858186
1.3867832
1.3859751
1.3855821
1.3858591
1.3862833
1.3860096
1.3856604
1.3858792
1.3862157
1.3858378
1.3858044
1.3860693
1.3860949
1.3859811
1.3858229
1.3860441
1.3859043
1.3858391
1.3859843
1.3861858
1.3860825
1.385845
1.3858774
1.385928
1.3861736
1.3858577
1.3858873
1.3861582
1.3859985
1.3859268
1.3859458
1.3859466
1.3856223
1.3860028
1.3861998
1.3858035
1.3856125
1.3860692
1.3861681
1.385787
1.3857833
1.3863567
1.3862748
1.385532
1.3858837
1.3868856
1.3857404
1.3850776
1.3859574
1.3865277
1.3862876
1.3856789
1.3862537
1.38602
1.3853678
1.3857719
1.3865268
1.3861971
1.3851862
1.3858099
1.3868124
1.3846718
1.3846809
1.3876808
1.3846765
1.3815812
1.3781465
1.3835968
1.3885266
1.383359
1.38307
1.3852389
1.3862255
1.3834344
1.3873469
1.3863293
1.3850374
1.3853407
1.3846483
1.3836145
1.3855244
1.3850449
1.3864266
1.3877102
1.3870081
1.3855683
1.3846453
1.3848104
1.3843107
1.3870294
1.3847902
1.3846284
1.3881677
1.3849162
1.3823735
1.3829442
1.3866175
1.3827293
1.3797522
1.3869544
1.3864542
1.3850379
1.3843374
1.3847008
1.3855948
1.3864974
1.3865085
1.3859913
1.3859016
1.3858671
1.3859466
1.3862551
1.3862501
1.3864383
1.3859568
1.3859587
1.385627
1.3857689
1.3863999
1.38631
1.3860254
1.3857608
1.3850766
1.3879019
1.384993
1.3843719
1.3845471
1.3856901
1.386705
1.3870635
1.3865174
1.3855091
1.3830522
1.3877541
1.3860518
1.385137
1.3848015
1.3853636
1.3863257
1.3867195
1.3865818
1.3860693
1.3853049
1.3854051
1.3878933
1.3852986
1.3841361
1.3846986
1.3856465
1.3865213
1.3862823
1.3858566
1.3853744
1.3853824
1.3861014
1.3865957
1.3860332
1.385436
1.3855709
1.3858527
1.3861849
1.3859415
1.3855889
1.3858024
1.3863748
1.3864295
1.3855356
1.3856115
1.385809
1.3857988
1.3858649
1.3859226
1.3860478
1.3859876
1.3857933
1.385655
1.3857999
1.3859218
1.386106
1.3858747
1.38561
1.3859028
1.3860832
1.3857603
1.3860447
1.3860093
1.386208
1.3858504
1.3856243
1.3865618
1.3858424
1.3853359
1.3858004
1.3863565
1.3866588
1.3856752
1.384782
1.3886995
1.3838968
1.3831314
1.384291
1.3868164
1.3882189
1.3870122
1.385749
1.3794163
1.3900294
1.3850132
1.3826076
1.3818947
1.3807988
1.3850802
1.389214
1.3880728
1.3864094
1.3849682
1.3772892
1.3857582
1.3879801
1.3846548
1.3832871
1.3827099
1.3821236
1.3850183
1.3883526
1.3871145
1.3859361
1.3848562
1.3835827
1.3858199
1.3900466
1.3845484
1.382802
1.3783336
1.3806344
1.3885032
1.3878857
1.3866987
1.3853146
1.3808713
1.3835138
1.3839223
1.3805926
1.3845245
1.3895946
1.386657
1.3833014
1.37844
1.3839035
1.3875843
1.3833094
1.3828713
1.3831619
1.3750492
1.3867393
1.3895644
1.3859199
1.3771538
1.3775723
1.3858216
1.3878503
1.385397
1.3847162
1.3841728
1.3840281
1.3886336
1.387927
1.386257
1.3851895
1.3811061
1.3841867
1.3888748
1.3844134
1.3814733
1.3785658
1.384832
1.3818127
1.3852782
1.3885419
1.3851985
1.3827195
1.3845297
1.3860083
1.3881414
1.3842269
1.3836633
1.3861052
1.3875339
1.3861879
1.3854628
1.3848702
1.3839365
1.3877354
1.3873669
1.3861187
1.3855919
1.3850871
1.383309
1.3842382
1.3870789
1.3871559
1.3863077
1.3854547
1.3852987
1.3839593
1.3848585
1.3875183
1.3868313
1.3864095
1.3859298
1.3855867
1.3849268
1.3840812
1.3854954
1.3875471
1.3867238
1.3858225
1.3851166
1.3844842
1.3828185
1.3854965
1.387068
1.383399
1.3863583
1.3827759
1.3855611
1.3839103
1.3844682
1.3846453
1.3859999
1.3882356
1.3859421
1.3813009
1.3851181
1.3914199
1.3841677
1.3786806
1.38248
1.391122
1.3872877
1.3856614
1.3816301
1.3756272
1.3878442
1.3881036
1.3851714
1.3842854
1.3833119
1.3808041
1.3865547
1.3902005
1.3870286
1.3857213
1.3840142
1.3769435
1.3830007
1.3893361
1.3862706
1.3854693
1.3847691
1.3844131
1.3843765
1.3844196
1.3866129
1.3881731
1.387155
1.3865457
1.3859165
1.385441
1.3844466
1.3818718
1.3868301
1.3875593
1.3862684
1.3856573
1.3852459
1.3852557
1.3849927
1.3853087
1.3857507
1.3867376
1.3867615
1.3866142
1.3862976
1.3860247
1.3854021
1.3846846
1.3835732
1.3912082
1.386493
1.3844372
1.3829329
1.3790025
1.3851875
1.3858848
1.3869756
1.3826722
1.3854765
1.3847011
1.3875684
1.3874806
1.3842405
1.3835913
1.3844874
1.3863621
1.3870709
1.3859915
1.3856785
1.3852257
1.3848653
1.3847837
1.3865937
1.3875965
1.3863329
1.3858038
1.38554
1.3847395
1.3841382
1.3852113
1.3866253
1.3866619
1.386261
1.3858296
1.3855072
1.3854792
1.3851552
1.3852392
1.3855141
1.3868916
1.3870022
1.3865252
1.386117
1.3856924
1.3853798
1.3849298
1.384085
1.3859165
1.3871888
1.3864965
1.3857473
1.3853604
1.3854052
1.3849931
1.3846987
1.3865103
1.3874319
1.3866867
1.3861184
1.3858448
1.385092
1.3834257
1.3837962
1.3866434
1.3872858
1.3863438
1.385659
1.385466
1.3849754
1.3850049
1.3843402
1.3858687
1.3887582
1.3867918
1.3860228
1.3853744
1.3845185
1.3821567
1.3829927
1.3850399
1.3855249
1.3842345
1.386232
1.3864065
1.3862993
1.3859208
1.3857183
1.3852315
1.385651
1.3873229
1.386555
1.3855256
1.3849767
1.3838203
1.3856815
1.3860228
1.3844929
1.3861833
1.3883635
1.3865488
1.3845067
1.3830396
1.3841189
1.3879287
1.38564
1.3841766
1.3846563
1.3852812
1.3855686
1.3854285
1.3864685
1.38619
1.3856603
1.3853513
1.3852596
1.3861362
1.3866173
1.3860327
1.38541
1.3848369
1.3852923
1.3862114
1.3854692
1.3843429
1.3849274
1.3861032
1.3867557
1.386504
1.3863717
1.3858768
1.3850981
1.3841194
1.3874846
1.3882992
1.3853385
1.3842309
1.3817785
1.3824338
1.387283
1.3898339
1.3874617
1.3859814
1.3852193
1.3823197
1.3804979
1.3860767
1.3901014
1.3885126
1.3845057
1.382909
1.3829098
1.3833796
1.3839784
1.3855428
1.3884451
1.3887299
1.3868496
1.386035
1.3854442
1.3843209
1.3779845
1.3823147
1.391832
1.3873072
1.385673
1.3849659
1.3844441
1.3836628
1.3812594
1.3819984
1.3864638
1.3894638
1.3878304
1.3870167
1.3865055
1.3859304
1.3852968
1.3844022
1.3812282
1.3789498
1.3887078
1.3894824
1.3870366
1.386084
1.3856481
1.3852855
1.3848971
1.3842224
1.3824898
1.3825399
1.3855301
1.3882805
1.3890636
1.3870658
1.3863934
1.3860885
1.3855455
1.3851044
1.3843209
1.3815538
1.3817497
1.3873453
1.3838698
1.3847961
1.385728
1.3877041
1.3870492
1.3842348
1.3833209
1.3879075
1.3872658
1.3863655
1.3855643
1.3849937
1.3839554
1.3841188
1.3868024
1.3876103
1.3866942
1.385791
1.3851559
1.3847408
1.3826606
1.3861755
1.3884374
1.3867277
1.3857121
1.38508
1.3842324
1.3824493
1.3848437
1.386369
1.3878404
1.3868105
1.3861682
1.3860974
1.3858473
1.3856902
1.3850329
1.3837805
1.382919
1.3883616
1.3873581
1.3863969
1.3858984
1.3855253
1.3853196
1.384869
1.3845732
1.3844706
1.385323
1.3861845
1.3878857
1.3868678
1.3864399
1.3860697
1.3857406
1.3853241
1.3838756
1.3810987
1.3844029
1.388071
1.3875476
1.3867635
1.3860269
1.3854837
1.3852962
1.3849448
1.3846973
1.3841227
1.3834177
1.3859166
1.3889141
1.3871478
1.3866504
1.3861194
1.3856148
1.3851353
1.3845984
1.3817368
1.3823365
1.3870598
1.3891745
1.3872743
1.3861825
1.3855995
1.385317
1.3848605
1.3843094
1.3831733
1.3837339
1.3856205
1.3879237
1.3881779
1.3869982
1.3863605
1.3858615
1.3852699
1.3845682
1.3825158
1.3812116
1.3839344
1.3874977
1.3901867
1.3873128
1.3861145
1.3857214
1.3853735
1.3847698
1.3839344
1.3814956
1.3807642
1.3840121
1.3882916
1.3888509
1.3880798
1.3866508
1.3859961
1.3860191
1.385529
1.3847871
1.3833238
1.3801692
1.3823216
1.3857676
1.3901511
1.3877808
1.3864502
1.386268
1.3859295
1.3857559
1.3853481
1.3851042
1.3849108
1.3847343
1.3831394
1.383303
1.3849777
1.387229
1.3883924
1.3873988
1.386496
1.3862633
1.3860121
1.3857386
1.3858538
1.3853759
1.3850547
1.384579
1.3833814
1.3827606
1.3854486
1.3893259
1.3878323
1.3861321
1.3860775
1.3858017
1.3854908
1.3851252
1.3852199
1.3847594
1.3839568
1.3836006
1.3844368
1.3856393
1.3864957
1.387507
1.387788
1.386625
1.3863237
1.3857887
1.3858603
1.3856733
1.3851808
1.3849126
1.383872
1.3826504
1.3829758
1.3855042
1.3889011
1.3883293
1.3866673
1.3856864
1.3858722
1.3853374
1.3850635
1.384757
1.3839108
1.383501
1.3832788
1.384859
1.3868562
1.3889728
1.3873589
1.3870268
1.3862433
1.38611
1.3857538
1.3857147
1.3849763
1.3849388
1.3834482
1.3820671
1.3839836
1.3869629
1.387925
1.3881687
1.3869221
1.3861294
1.3859421
1.3856394
1.385485
1.3850621
1.3850865
1.3836122
1.3845192
1.3844802
1.385425
1.3859358
1.387098
1.3869733
1.3866659
1.3867512
1.3863286
1.385876
1.3857654
1.3849789
1.3844998
1.3844538
1.3844857
1.3846331
1.3848327
1.3861109
1.386663
1.3868532
1.3868418
1.3866453
1.3865042
1.386429
1.3864579
1.386433
1.3854119
1.3852037
1.3841821
1.3837951
1.3842313
1.3856821
1.3871483
1.3875011
1.3865862
1.3860941
1.3854698
1.3853326
1.3854373
1.385082
1.3850142
1.3848332
1.3842899
1.3830019
1.3829243
1.3868076
1.3871462
1.3880076
1.3866999
1.3860356
1.3856109
1.3852478
1.383719
1.3833224
1.3831608
