1.4344047
1.3869246
1.3837062
1.3905351
1.3779643
1.3925947
1.3805478
1.3837124
1.3881983
1.3856028
1.3848346
1.3819618
1.3874141
1.388403
1.3859619
1.3870984
1.3830162
1.3869029
1.3789331
1.390418
1.3855149
1.376988
1.3772503
1.3868389
1.3860556
1.3864248
1.3862219
1.3865213
1.3853006
1.3856204
1.3856516
1.3851467
1.3870772
1.3869908
1.3859314
1.3857142
1.3872191
1.384466
1.386789
1.3855284
1.3838058
1.3849256
1.3861495
1.386561
1.3861728
1.3862329
1.3864882
1.3862168
1.3862096
1.3863233
1.3861452
1.3860115
1.386124
1.3858606
1.3859147
1.3856026
1.385325
1.3855826
1.3851209
1.3857734
1.386442
1.3853273
1.3864998
1.385999
1.3852295
1.3855346
1.3851417
1.386039
1.385953
1.3850735
1.386157
1.3861114
1.3857698
1.3857963
1.3857902
1.3853979
1.3857763
1.3857044
1.3857088
1.3860195
1.3853737
1.3856767
1.3855149
1.3854151
1.3857498
1.3854166
1.3862665
1.3850107
1.3862488
1.3857479
1.3852593
1.3861371
1.3848449
1.3866925
1.3859826
1.3854104
1.3862623
1.3846332
1.3864789
1.386085
1.3851261
1.3862213
1.3848506
1.3870028
1.3852849
1.3865408
1.385337
1.3855935
1.3865732
1.3853066
1.386095
1.3854551
1.3858038
1.385371
1.3857033
1.3853738
1.3859637
1.3851111
1.3853453
1.3861264
1.3845257
1.3867546
1.3855982
1.3853631
1.3868464
1.3854738
1.3865116
1.3857377
1.3859537
1.3848348
1.3862054
1.3853326
1.3853164
1.3863933
1.3830376
1.3814034
1.3856933
1.3891115
1.3868412
1.3865303
1.38374
1.3839654
1.3796364
1.3850013
1.3864183
1.3848301
1.3803372
1.3898759
1.3860487
1.3857266
1.3855093
1.3856071
1.385978
1.3854673
1.3852679
1.3852466
1.3855423
1.385953
1.3857372
1.3854538
1.3856437
1.3851238
1.3856342
1.385892
1.3859239
1.3857187
1.3857324
1.386609
1.3853134
1.3864136
1.3846925
1.3872467
1.3844409
1.3863666
1.3859087
1.385958
1.3858488
1.3849549
1.3859267
1.3849881
1.3858551
1.3858277
1.3841155
1.3862106
1.3856522
1.3854918
1.3864042
1.3849707
1.3850414
1.3863897
1.3851366
1.3860661
1.3855635
1.3855495
1.3859981
1.3851323
1.3857145
1.3853853
1.3850063
1.3860623
1.3855145
1.3850323
1.3860654
1.3854235
1.384652
1.3849949
1.3854837
1.3853875
1.3850666
1.385206
1.385329
1.3853474
1.3857659
1.3858025
1.3856678
1.3855238
1.3851856
1.385488
1.3851041
1.3855925
1.3837849
1.38387
1.3854051
1.3838661
1.387235
1.3847036
1.3853585
1.3786798
1.373989
1.3845009
1.3872576
1.376432
1.3738312
1.3879875
1.3855206
1.3853732
1.3857193
1.3859239
1.3863207
1.3855295
1.3854672
1.3855722
1.38529
1.3851091
1.3854964
1.3855072
1.3854359
1.3853804
1.3853413
1.3854994
1.3854834
1.385609
1.3854467
1.385372
1.3854622
1.3852268
1.3853565
1.3855573
1.3852943
1.3856936
1.385501
1.3857998
1.3855485
1.3855823
1.3858343
1.3854288
1.3855174
1.3858148
1.3855212
1.3858007
1.3856105
1.3854485
1.3857025
1.385562
1.3855416
1.3855183
1.3853724
1.3857577
1.3855364
1.3856108
1.3855635
1.3856167
1.3856088
1.3853731
1.3854802
1.3855932
1.3852156
1.3853718
1.3858941
1.3826278
1.3855463
1.3844076
1.3844551
1.3859715
1.3843838
1.385965
1.3860883
1.384713
1.3842952
1.3850251
1.3852776
1.3851753
1.3856097
1.3855926
1.3851799
1.3855752
1.3855753
1.3855585
1.3858114
1.3857063
1.3856733
1.3857933
1.3857257
1.3854364
1.3856072
1.385368
1.3855098
1.3853433
1.3850341
1.3850495
1.385353
1.3853629
1.3851124
1.3857706
1.3843759
1.3844849
1.3872068
1.3845025
1.3843747
1.3861332
1.3835769
1.384197
1.3871155
1.3849343
1.3841362
1.3843709
1.3851256
1.3853241
1.385527
1.3858331
1.3866315
1.3865544
1.3856356
1.3865423
1.3852345
1.3852688
1.3849014
1.384955
1.3852168
1.3848261
1.38525
1.3855906
1.3851699
1.3861034
1.386124
1.3858342
1.3855866
1.3857896
1.3860878
1.3857892
1.3853521
1.3851126
1.3849626
1.3851672
1.3848286
1.3852954
1.3853688
1.385281
1.3848053
1.3852553
1.3867
1.3847946
1.3811921
1.3860793
1.3855337
1.3829966
1.3835491
1.3843645
1.3843838
1.3844789
1.3849963
1.3861614
1.3867162
1.3867688
1.3865325
1.3863167
1.3860385
1.3848617
1.3849962
1.3867728
1.3831745
1.3830762
1.3819816
1.3882704
1.387805
1.3841892
1.3817015
1.3850545
1.3870398
1.3823475
1.3795961
1.3781519
1.3773212
1.3784796
1.3822533
1.3882396
1.3880396
1.3863692
1.3870224
1.3865998
1.3862058
1.3859894
1.3858179
1.3859454
1.3850948
1.3847919
1.3852059
1.3851316
1.3853303
1.3856171
1.3852078
1.3853612
1.3853434
1.385694
1.385485
1.3853204
1.385409
1.3853176
1.3855149
1.3857313
1.3855473
1.3856684
1.3855795
1.3854989
1.3857446
1.385211
1.3871799
1.3848927
1.3840499
1.3862157
1.3862089
1.3838246
1.3830354
1.3841724
1.3852628
1.3858685
1.3853103
1.3847497
1.3845916
1.384761
1.3852988
1.3850025
1.3855094
1.385608
1.3851393
1.3853674
1.3854812
1.3860446
1.3856889
1.3853433
1.3854952
1.3852853
1.3849919
1.3856121
1.3848536
1.3848505
1.3853797
1.3849397
1.3849643
1.3861786
1.3837696
1.3833321
1.3858255
1.3862143
1.3853514
1.3843304
1.3831849
1.3892928
1.3862033
1.3833249
1.3775901
1.3801551
1.3907627
1.3885753
1.3843089
1.379642
1.3758566
1.3835219
1.3860489
1.3826576
1.3827856
1.3853134
1.3867127
1.3855981
1.3834839
1.3821962
1.3847374
1.387476
1.3856568
1.3845379
1.384862
1.384616
1.3851078
1.3847075
1.3849875
1.384603
1.3846649
1.3853233
1.3855716
1.3860382
1.3857728
1.3854526
1.3849694
1.3844925
1.385182
1.3853596
1.3854848
1.3857979
1.3854076
1.3853186
1.3853328
1.3852102
1.3854452
1.3850169
1.3852686
1.384741
1.3851322
1.3853894
1.3848124
1.3850324
1.3859038
1.3859955
1.3850851
1.3840044
1.3845685
1.3861763
1.3844303
1.3836169
1.3844227
1.3859824
1.3845531
1.3839498
1.3849771
1.3856245
1.3854244
1.3852011
1.3853654
1.3855512
1.3849924
1.3850838
1.3860195
1.3855246
1.3825916
1.3858443
1.3861399
1.3839617
1.381857
1.3835971
1.3870138
1.3839271
1.3831637
1.3838886
1.385012
1.3861678
1.3856442
1.3849909
1.3850487
1.3846371
1.3842402
1.3834469
1.3859864
1.3870585
1.3857902
1.3853703
1.3845797
1.3828132
1.3823544
1.3881984
1.3850232
1.3828942
1.3824011
1.3835557
1.384635
1.3864585
1.3860383
1.3856349
1.3850863
1.3848323
1.3831859
1.3831638
1.3892931
1.3866249
1.3849977
1.3828069
1.3789141
1.3815597
1.389976
1.3877283
1.3858051
1.3853272
1.3846127
1.3809524
1.3793404
1.3820416
1.3880693
1.3873656
1.3857021
1.3850636
1.3845421
1.3841912
1.3838814
1.3821853
1.3810953
1.3849329
1.3861153
1.3853762
1.3851327
1.3841085
1.3843575
1.3849287
1.3852205
1.3856349
1.3845462
1.3841124
1.384601
1.3849114
1.3856064
1.3857588
1.3845807
1.3831531
1.3833843
1.385716
1.3850722
1.3833685
1.3839242
1.3848617
1.3854593
1.3837305
1.3832959
1.3849769
1.3859297
1.3843364
1.3837371
1.383612
1.3844643
1.3856941
1.3867372
1.385614
1.3845934
1.3827583
1.3815488
1.3860517
1.3841033
1.3819455
1.3827324
1.3839992
1.3866583
1.3879738
1.3850476
1.3801073
1.3817978
1.3854219
1.3872694
1.3859166
1.3840414
1.382398
1.382456
1.3834416
1.3858222
1.3877602
1.386592
1.383295
1.381231
1.382757
1.3858353
1.3873298
1.385454
1.384059
1.38076
1.3806232
1.3838055
1.3875108
1.3872206
1.3859526
1.3850735
1.3840282
1.3802732
1.3813552
1.3851494
1.3883879
1.3862666
1.3851982
1.384204
1.3834074
1.3819573
1.3816646
1.3836051
1.3860078
1.3874062
1.3869399
1.3858353
1.3844486
1.3837197
1.381463
1.3824744
1.3842922
1.3877968
1.3867326
1.3849794
1.383906
1.3809881
1.3802471
1.3829688
1.3862607
1.3875382
1.387236
1.3852884
1.3836646
1.3819424
1.3815756
1.3837842
1.3848213
1.3831804
1.3827332
1.3845824
1.3845307
1.384372
1.3848258
1.3842083
1.3842762
1.3850607
1.3840088
1.3847922
1.384752
1.3849862
1.3848735
1.3840545
1.3840024
1.3838362
1.3837335
1.384943
1.383977
1.3826857
1.3821639
1.3841661
1.3853017
1.3860908
1.384261
1.3819743
1.3819729
1.3835522
1.3863912
1.3853183
1.3826784
1.3821992
1.3829365
1.3849655
1.3859392
1.3862118
1.3851614
1.383246
1.3808956
1.3832483
1.384972
1.3852384
1.3837342
1.3833505
1.3822507
1.3838775
1.3848585
1.3850998
1.3847257
1.3833729
1.3826452
1.3846078
1.3845764
1.3838055
1.3833699
1.3845024
1.384451
1.3844888
1.3828872
1.3830438
1.3845259
1.3830427
1.3804948
1.3796633
1.3855338
1.388757
1.3844653
1.382575
1.38201
1.381433
1.38374
1.382439
1.3841935
1.3850483
1.3843913
1.3835223
1.3842943
1.3848507
1.3847673
1.3849987
1.3856665
1.3844965
1.3839384
1.3840356
1.3841699
1.3838036
1.3839191
1.3846376
1.3851805
1.3840704
1.3852024
1.3852277
1.384433
1.3842671
1.383835
1.3846855
1.3844061
1.3832502
1.3834357
1.3855295
1.3868145
1.387016
1.3857838
1.3859936
1.3844329
1.3847226
1.3837687
1.3839085
1.3837616
1.3843328
1.3840581
1.3841907
1.3842394
1.3838776
1.3846289
1.3842958
1.3851601
1.3845396
1.3846257
1.384486
1.3840649
1.3835694
1.3842778
1.3851106
1.3850151
1.3836865
1.3840744
1.384431
1.3844745
1.3842099
1.384385
1.3848164
1.3849714
1.3842739
1.383357
1.3841442
1.3844973
1.3849401
1.384538
1.3836614
1.3846109
1.3840296
1.3839414
1.384293
1.3843011
1.3853271
1.3851404
1.3843696
1.3837881
1.3834406
1.3844382
1.3857398
1.3855426
1.385256
1.3842084
1.3839463
1.3843402
1.383914
1.3841189
1.3838972
1.3838067
1.3842071
1.384359
1.3846037
1.3845642
1.3858974
1.3839355
1.3840827
1.3847398
1.3847507
1.3844999
1.3843585
1.3836004
1.3850074
1.3842032
1.3843082
1.3847309
1.3844773
1.3826977
1.3840445
1.3842936
1.3844279
1.3848674
1.3843746
1.3832045
1.3831849
1.3834051
1.3839443
1.3850722
1.3826693
1.3817365
1.3831154
1.3831359
1.3853642
1.384467
1.3819418
1.3827734
1.383772
1.3835142
1.3839364
1.3848277
1.3841864
1.3839172
1.3835236
1.3829081
1.3836037
1.3830277
1.3848454
1.3844341
1.3849294
1.3827833
1.3825129
1.3829991
1.3831486
1.384095
1.3840691
1.3837633
1.3829552
1.3833686
1.3852638
1.3857917
1.386694
1.3843682
1.3831661
1.3827287
1.3823595
1.3816973
1.3833472
1.3832973
1.3843237
1.3846241
1.3844618
1.384079
1.3837475
1.3842683
1.3840951
1.3841829
1.3844732
1.38509
1.385312
1.385619
1.3843898
1.3840352
1.38405
1.3832433
1.3832989
1.3834485
1.3836094
1.384007
1.3846387
1.3836902
1.3849186
1.3845226
1.3841951
1.3839858
1.3829464
1.3843844
1.3854953
1.3842026
1.3847177
1.3842033
1.383592
1.3834012
1.3837048
1.3844227
1.3836107
1.3844458
1.3841531
1.3842574
1.3840077
1.383808
1.3830391
1.3840859
1.3833431
1.384329
1.3846648
1.384482
