1.3866765
1.3867744
1.3871113
1.3878889
1.3806124
1.3809693
1.388366
1.3900505
1.3878361
1.3853849
1.3830112
1.3886468
1.3821666
1.3790699
1.3809562
1.3775349
1.3789513
1.3864876
1.3942637
1.3756385
1.3870388
1.3747048
1.354497
1.349049
1.3974653
1.3890766
1.3859999
1.3853302
1.3881187
1.3848355
1.3813919
1.3825043
1.3893194
1.3891882
1.3875221
1.3856112
1.3829659
1.3855358
1.3847343
1.384496
1.3866493
1.3844582
1.3884363
1.3870251
1.3844017
1.3844748
1.3861799
1.3870543
1.3853143
1.3870502
1.3862072
1.3854568
1.3850694
1.386789
1.3841745
1.3871143
1.3869789
1.3856261
1.3847417
1.386507
1.3860495
1.3853186
1.386322
1.3862871
1.3856936
1.3855553
1.3862118
1.3852586
1.3855565
1.3855097
1.3852987
1.3861951
1.3859257
1.385628
1.3856946
1.3859466
1.3856295
1.3854934
1.3856068
1.3856895
1.3856412
1.3857769
1.3856705
1.3857621
1.3856452
1.3856242
1.3856834
1.3856529
1.3856492
1.3855487
1.3856515
1.3856872
1.3858862
1.3856466
1.3856703
1.3854135
1.385753
1.3857054
1.3856604
1.3855845
1.3856452
1.385762
1.3857094
1.3858452
1.3857433
1.385675
1.3856249
1.3857092
1.385605
1.3857781
1.3855112
1.3857474
1.3852854
1.3856939
1.3855454
1.385727
1.385694
1.3855492
1.38594
1.384929
1.3863549
1.3855295
1.3830858
1.3879857
1.3829185
1.3862946
1.3771168
1.382265
1.3881102
1.3830991
1.3826824
1.382829
1.3862213
1.3719453
1.3540063
1.3917162
1.3862873
1.3866396
1.3854117
1.384028
1.38813
1.3735183
1.3824034
1.3789816
1.3778797
1.3707651
1.3790132
1.38359
1.3887222
1.3859799
1.3701184
1.3675841
1.3896077
1.3860229
1.382964
1.3805195
1.3825438
1.3884507
1.3897055
1.387
1.380814
1.3849752
1.379527
1.3835937
1.3853763
1.385142
1.385909
1.3827038
1.3868892
1.3827575
1.3833096
1.3951374
1.3869364
1.3809028
1.3637981
1.3919948
1.3854401
1.3839418
1.3849978
1.3867401
1.3864521
1.385915
1.3855101
1.3852715
1.385333
1.3855162
1.3860685
1.3860012
1.3857688
1.3855841
1.3858538
1.385975
1.3859878
1.3859925
1.3858099
1.3857075
1.3860337
1.3858752
1.3859293
1.3859494
1.3861933
1.3857433
1.3858815
1.3858315
1.3859185
1.3858579
1.3858165
1.3858553
1.3860595
1.3856812
1.385812
1.3856863
1.3858482
1.385687
1.3858215
1.3859146
1.3856217
1.3860209
1.3860207
1.3857629
1.3855332
1.3855435
1.3857056
1.3858491
1.3856328
1.3857452
1.385721
1.3857312
1.3858713
1.385781
1.385757
1.3858379
1.3856106
1.3856574
1.3856785
1.3856388
1.3856711
1.3855193
1.3856597
1.3854911
1.3856498
1.385614
1.3854442
1.3854066
1.3856097
1.3856134
1.3854072
1.3856448
1.3853159
1.3854895
1.3853996
1.3856177
1.3855172
1.3853786
1.3855704
1.3856009
1.3851467
1.3856941
1.3852589
1.3852344
1.3853445
1.3852262
1.3850981
1.3854195
1.3855478
1.3852009
1.3854936
1.3851892
1.3850731
1.385613
1.3849518
1.3857907
1.385869
1.3848011
1.3846108
1.3853534
1.3852172
1.38484
1.3871533
1.3836743
1.3793306
1.385463
1.3749046
1.3794761
1.3893598
1.3867946
1.3853458
1.3802162
1.382748
1.3897082
1.3823926
1.3794527
1.3878123
1.3875619
1.3860166
1.3850085
1.38056
1.3829101
1.3864778
1.3842554
1.3850789
1.3855985
1.3855797
1.3856255
1.3856912
1.3854494
1.3854246
1.3852413
1.3849683
1.3849777
1.385184
1.3857976
1.3855158
1.3851972
1.3850682
1.3850849
1.3853431
1.3853348
1.3855251
1.3854244
1.3852752
1.3851514
1.3848794
1.3849326
1.3853567
1.3858113
1.3852527
1.3853247
1.384836
1.3851153
1.3854996
1.385578
1.38515
1.3845505
1.3844454
1.3869466
1.3852451
1.3831263
1.3842754
1.3808434
1.3855085
1.3867478
1.3836987
1.3817568
1.388916
1.3832127
1.3768786
1.3824095
1.3839874
1.3880473
1.3805995
1.3823048
1.3846638
1.3850013
1.3862091
1.3859785
1.3843012
1.38296
1.3868548
1.3855758
1.3844391
1.3831623
1.3848457
1.3874304
1.386244
1.3854833
1.3838717
1.3813236
1.3875943
1.3803267
1.3850223
1.3874047
1.386144
1.3856561
1.3850356
1.383587
1.384483
1.3870956
1.3865573
1.3846931
1.3837452
1.384394
1.3879639
1.3870151
1.3859076
1.3852419
1.3827046
1.3803815
1.3847072
1.3851846
1.3836831
1.3845428
1.3857673
1.3863515
1.3854742
1.3844942
1.3829483
1.3851551
1.3870312
1.3870819
1.3862885
1.3860197
1.3862025
1.3858532
1.3853228
1.3852755
1.3851036
1.38481
1.3842686
1.3808724
1.3823768
1.3865976
1.3853668
1.3844467
1.3846489
1.3846966
1.3846794
1.3851248
1.3852369
1.3853828
1.3854889
1.3854576
1.3854038
1.3855004
1.3852911
1.3855438
1.3854866
1.3855289
1.3856096
1.3854088
1.385251
1.3846301
1.3833135
1.382938
1.3866587
1.3853337
1.3844534
1.3845009
1.3847506
1.3842752
1.3844385
1.3846644
1.3844309
1.3847507
1.3851409
1.3858438
1.3860092
1.3855137
1.3853967
1.3854047
1.3855883
1.3852835
1.3852116
1.3846325
1.3835026
1.3821363
1.3841709
1.3846453
1.3842983
1.3870271
1.3867725
1.3849175
1.3844202
1.3836349
1.3814278
1.3833734
1.386917
1.3842298
1.3837181
1.3851315
1.3839407
1.3833743
1.3862092
1.3816321
1.3833666
1.3849976
1.3861793
1.3884548
1.3858932
1.3820465
1.3797369
1.3833855
1.3837057
1.3827131
1.3853543
1.383959
1.383911
1.3858309
1.3876507
1.3855505
1.3850385
1.3845091
1.3836765
1.3823069
1.382632
1.3863847
1.3852869
1.3844262
1.3835975
1.3835052
1.3840269
1.3843352
1.385513
1.385509
1.3846732
1.3845646
1.3843476
1.3844575
1.3845057
1.3847077
1.3853045
1.3857177
1.3853334
1.3848772
1.38463
1.3839966
1.3833112
1.3840152
1.386229
1.3862778
1.3851075
1.3841224
1.3835675
1.3816087
1.3849393
1.388498
1.3853472
1.3839922
1.3820846
1.3784513
1.3826538
1.3904732
1.3853862
1.3826729
1.38232
1.3827064
1.3826028
1.3835382
1.3876531
1.3870963
1.3856395
1.3854363
1.3847234
1.3843523
1.3817579
1.3804293
1.3837669
1.3876576
1.3846235
1.382268
1.3821008
1.3835226
1.3847361
1.3858606
1.3855697
1.3853564
1.3848766
1.383907
1.3823285
1.3822519
1.3861604
1.3854815
1.3824364
1.3824823
1.3845972
1.3856022
1.3850425
1.3848125
1.3847677
1.3839108
1.3825278
1.3842001
1.389134
1.3854423
1.3839236
1.3824666
1.3798491
1.3837835
1.387034
1.3865585
1.3857888
1.3850346
1.3842002
1.3809397
1.3809704
1.3815317
1.385008
1.3870088
1.3853348
1.384749
1.3843354
1.3840287
1.3840128
1.3837206
1.38331
1.3834647
1.3850336
1.3860354
1.3854504
1.3854679
1.3852398
1.3846439
1.3836576
1.3802305
1.3811193
1.386421
1.3878736
1.3835785
1.382387
1.3820168
1.3827469
1.3820337
1.3836081
1.3858949
1.3846608
1.3844335
1.3840243
1.3839487
1.3836323
1.383521
1.3834006
1.3843
1.3847343
1.3860345
1.3848411
1.3839958
1.3838463
1.383584
1.3829635
1.3836362
1.3855301
1.3857145
1.3851303
1.3848937
1.3836654
1.381612
1.381797
1.3859456
1.3879023
1.3855486
1.383341
1.382659
1.378874
1.3809724
1.3867819
1.3835402
1.3827863
1.3826033
1.3821474
1.3826102
1.3825651
1.3830702
1.3838845
1.3842592
1.3835694
1.3833445
1.3838506
1.3843406
1.3840814
1.3829426
1.3831853
1.3847584
1.3853142
1.3839554
1.382691
1.3826172
1.3839042
1.3848658
1.3852766
1.3847775
1.3828243
1.3814102
1.3829063
1.3851291
1.3821421
1.383703
1.3849307
1.3860496
1.3854696
1.3851535
1.3835058
1.3816088
1.3818538
1.382978
1.3854088
1.3859707
1.3843845
1.3835247
1.3831545
1.3828081
1.3820938
1.3826942
1.3848784
1.3852688
1.3838733
1.3837417
1.3834032
1.3824838
1.381386
1.3821509
1.3845079
1.3871887
1.3863604
1.3839493
1.3821868
1.3777738
1.3793911
1.384944
1.3837826
1.3815758
1.3825063
1.3839029
1.3847876
1.3809447
1.3841133
1.3832686
1.3824471
1.3836893
1.3855177
1.3853885
1.3845547
1.3813667
1.3796041
1.3859826
1.3859752
1.3844208
1.3825617
1.3813258
1.3821282
1.3823497
1.384903
1.3869923
1.3850214
1.3831991
1.3820604
1.3814785
1.3839333
1.3836681
1.3840852
1.383605
1.3839306
1.3830839
1.3839632
1.3845311
1.3842591
1.3825341
1.3823665
1.3833246
1.3846754
1.3848327
1.3835684
1.3821265
1.3810225
1.3812634
1.383584
1.3844713
1.3865807
1.3860743
1.3845192
1.381063
1.3788763
1.3827542
1.3863597
1.3851862
1.3830032
1.38227
1.3812221
1.3796844
1.3815063
1.3829137
1.3857152
1.383571
1.3810772
1.3806703
1.3842598
1.3865882
1.3851867
1.3840307
1.3820791
1.3818313
1.3806608
1.3814734
1.3826473
1.3846544
1.384135
1.3833904
1.3830903
1.3825669
1.3821498
1.3831459
1.3829451
1.3834789
1.3829575
1.3829781
1.38172
1.3821745
1.3840549
1.3837278
1.3826934
1.3828474
1.3817644
1.3834009
1.3832356
1.382825
1.3822279
1.380524
1.3834836
1.3840178
1.3848358
1.3843298
1.3817841
1.3806335
1.382906
1.3848778
1.3842257
1.3830196
1.3817626
1.3810833
1.3806505
1.3850694
1.38387
1.3833779
1.3839654
1.3834052
1.383933
1.3843062
1.3834845
1.3823749
1.3817677
1.3821723
1.3829349
1.3827341
1.3838612
1.3842201
1.3835236
1.3829601
1.382418
1.3839266
1.3833201
1.3834156
1.382834
1.3828228
1.3832822
1.3834203
1.3829904
1.3826213
1.3824052
1.3833354
1.3831884
1.3841369
1.3834586
1.383427
1.3832504
1.3830366
1.382789
1.3833386
1.3831697
1.3833853
1.3830372
1.3832934
1.3832674
1.3823978
1.3818507
1.3822272
1.3816876
1.3833002
1.3828472
1.3834169
1.3832692
1.3831449
1.3827127
1.3824226
1.3824178
1.3842427
1.3832178
1.3846705
1.3826411
1.3809576
1.3808206
1.3812119
1.3812556
1.3829119
1.3839451
1.3830972
1.3828771
1.3835263
1.3832021
1.3828005
1.3828509
1.3834133
1.3835573
1.3833565
1.3830178
1.3835686
1.382714
1.3826853
1.3829521
1.3835399
1.382925
1.3837065
1.3827378
1.3832432
1.383247
1.3833189
1.3828778
1.3832058
1.3833984
1.3836432
1.3836282
1.3831636
1.3829836
1.3828281
1.3835522
1.3834012
1.3829261
1.3828872
1.382804
1.3830442
1.3827804
1.3833822
1.3832535
1.3824993
1.3833708
1.3825765
1.3829916
1.3828593
1.3830211
1.3828367
1.3825084
1.3825251
1.3834188
1.3831365
1.3823106
1.3827858
1.3832691
1.38264
1.3826977
1.3833214
1.382829
1.382766
1.3826354
1.3830867
1.3826158
1.3828973
1.382654
1.3828923
1.3832239
1.383172
1.3822564
1.3829279
1.3833358
1.3830491
1.3828653
1.3822969
1.3816385
1.3821497
1.3823175
1.3829689
1.3827715
1.383295
1.3825946
1.3829465
1.3832449
1.3827761
1.3828884
1.3825144
1.3830017
1.38449
1.3854067
1.3837423
1.3813893
1.381127
1.380941
1.3814694
1.3815508
1.3823918
1.3817456
1.3823092
1.3830436
1.3839307
1.3836344
1.3826364
1.3825794
1.3829551
1.3828831
1.3826405
1.3823556
1.381959
1.3805251
1.3826557
1.3839592
1.3844512
1.3841759
1.3843745
1.3824784
1.3806822
1.3801656
1.3808563
1.3808634
1.3819212
