1.3856454
1.3849771
1.3848314
1.3843445
1.3839256
1.3840034
1.3841344
1.3839089
1.3841304
1.3840815
1.3842835
1.3840804
1.3843281
1.3848968
1.3853658
1.3857536
1.3851098
1.3850864
1.385077
1.3848461
1.385005
1.3854614
1.3854579
1.3851835
1.3854411
1.3862047
1.3855518
1.3851265
1.3851444
1.3850036
1.384767
1.3853528
1.3851404
1.385041
1.384993
1.3848653
1.3848906
1.3848988
1.3849319
1.3848871
1.3846239
1.3847201
1.384869
1.3849057
1.3854322
1.3854972
1.3854067
1.385651
1.3849587
1.3852816
1.3851981
1.385001
1.3857337
1.3854994
1.3857902
1.3854574
1.3852448
1.3848977
1.3850209
1.3850876
1.3853903
1.3855423
1.385684
1.3855541
1.3853768
1.3854624
1.3849142
1.3850006
1.3856187
1.3856121
1.3856405
1.385445
1.38524
1.3849502
1.3851047
1.385099
1.3852267
1.3851429
1.3852248
1.3851707
1.3856097
1.3852794
1.384977
1.3845255
1.3851207
1.3849579
1.3857781
1.3860492
1.3849144
1.3847876
1.3857801
1.3852514
1.384414
1.3850527
1.3844982
1.3827708
1.3829641
1.3869756
1.38512
1.3830214
1.3845224
1.3858094
1.3863583
1.3854537
1.3840176
1.384043
1.3850882
1.386478
1.3867139
1.3852046
1.3842223
1.3842068
1.3858031
1.3840505
1.3836204
1.3831992
1.3847606
1.3852506
1.3856049
1.3851724
1.3848639
1.3849049
1.3847939
1.3844016
1.3845074
1.3843288
1.3844601
1.3844148
1.3845644
1.384581
1.3845769
1.384568
1.384685
1.3840276
1.3840755
1.3843666
1.3846241
1.3844734
1.3841413
1.3844234
1.3846703
1.3845272
1.3844018
1.3847399
1.3849894
1.3848357
1.3848996
1.3851105
1.3850173
1.3844906
1.384343
1.3845415
1.3841836
1.383748
1.3843542
1.3845248
1.3848649
1.3845562
1.3848597
1.3846388
1.3844717
1.3840686
1.3833331
1.3830558
1.3837824
1.3840779
1.3846656
1.3856966
1.3861278
1.3859098
1.3850393
1.3844185
1.3834994
1.3834771
1.3836515
1.3838652
1.3843719
1.3847268
1.3855821
1.3860149
1.3859702
1.3850259
1.3846381
1.3848643
1.3843325
1.3834554
1.3832954
1.3833266
1.3836844
1.3841937
1.3851857
1.3856905
1.3863999
1.3858602
1.3853055
1.3844208
1.3837057
1.3830079
1.3835834
1.3845879
1.3851746
1.3861673
1.3866079
1.386193
1.3858856
1.3852419
1.3845278
1.3838266
1.38337
1.3834711
1.3838485
1.3835363
1.383537
1.3834901
1.3841963
1.386171
1.3870293
1.3862221
1.384074
1.38423
1.3846115
1.3840489
1.384181
1.3841288
1.3841853
1.3844829
1.3852146
1.3849779
1.3854209
1.3857235
1.3858781
1.3853028
1.3848053
1.3840121
1.3836654
1.3834665
1.3836613
1.3836387
1.3840057
1.3844173
1.3852154
1.3853712
1.3856187
1.3853678
1.3838714
1.3834921
1.3829237
1.3835694
1.384519
1.3848237
1.3851372
1.3857483
1.3852397
1.3853499
1.3848895
1.3849487
1.3842535
1.3839636
1.3839892
1.3835104
1.3833845
1.3836038
1.3840748
1.3847833
1.3845787
1.3852261
1.3856053
1.3859079
1.3850666
1.38413
1.3842236
1.383831
1.3845742
1.384458
1.3847898
1.3850327
1.3848263
1.3850169
1.3848042
1.3842404
1.3845932
1.3843495
1.3843681
1.3840628
1.3842268
1.3841689
1.384183
1.3844786
1.3844606
1.3843161
1.384459
1.3840568
1.3844497
1.3841088
1.3848552
1.3844194
1.3845555
1.3842937
1.3845016
1.3844236
1.3845369
1.3847849
1.3843675
1.3844483
1.384196
1.3839521
1.3839071
1.3845606
1.3849704
1.3846388
1.3842618
1.384142
1.3843349
1.3839914
1.3840265
1.3844259
1.3845882
1.3846024
1.3847032
1.3844113
1.3842288
1.3843418
1.3843462
1.3843101
1.3842615
1.3841473
1.3839958
1.3842047
1.384749
1.3844792
1.3851115
1.3845243
1.384452
1.3842005
1.3843558
1.384682
1.3846054
1.3844584
1.384206
1.3845716
1.3845396
1.3836133
1.383753
1.3838247
1.3845887
1.3844424
1.3841417
1.3839117
1.3835534
1.3846949
1.3844014
1.3840698
1.3845421
1.3849972
1.3850784
1.3848519
1.3845184
1.3840729
1.3842359
1.3841273
1.3842802
1.3844537
1.3842311
1.3839799
1.3843043
1.3843879
1.3842531
1.3841066
1.3843164
1.3838792
1.3837417
1.3834066
1.38424
1.384688
1.3832802
1.3839328
1.3844081
1.3840886
1.3846931
1.3848166
1.3844796
1.38442
1.3840793
1.3840483
1.3840094
1.3843368
1.3839275
1.3842971
1.3844987
1.3842291
1.3843704
1.3842701
1.3845994
1.3838358
1.3840698
1.3840908
1.3844131
1.3844115
1.3844976
1.3840117
1.3842096
1.384127
1.3839465
1.3845263
1.3846459
1.3843108
1.3843911
1.3844284
1.384456
1.3843839
1.3840399
1.384331
1.3840805
1.3837954
1.3843453
1.3842067
1.3844779
1.3839864
1.384028
1.3843336
1.384189
1.3840858
1.3838679
1.3839294
1.3839254
1.3837775
1.3837606
1.3841758
1.3838211
1.3839458
1.383852
1.3844038
1.384445
1.3840328
1.3840435
1.3841703
1.3839082
1.3841763
1.3841441
1.3838397
1.3837991
1.3841397
1.3841599
1.3838
1.3838152
1.3838879
1.3844864
1.3840469
1.384073
1.3847053
1.3838985
1.38411
1.3841003
1.3838426
1.3842492
1.3837024
1.3841456
1.3841223
1.3843843
1.3838236
1.3838384
1.3838127
1.3838584
1.3840901
1.3842307
1.3842682
1.3841186
1.3843925
1.3839967
1.3843036
1.3839799
1.3840954
1.3839439
1.3837466
1.3842196
1.3841959
1.384006
1.3838278
1.3842313
1.3839861
1.3839012
1.3841344
1.3839647
1.3843907
1.3839378
1.3843799
1.3843929
1.3838345
1.3836579
1.3841059
1.3835623
1.384233
1.384162
1.3838489
1.3837991
1.3842183
1.38426
1.3837814
1.383905
1.3843497
1.3837843
1.383543
1.384243
1.3839039
1.3842994
1.3841208
1.3841228
1.3837254
1.3840464
1.3839571
1.3838816
1.3836349
1.3838339
1.3838245
1.3841846
1.3838879
1.3837862
1.3841518
1.3837976
1.3837008
1.3838669
1.3839086
1.3839585
1.3836383
1.3841494
1.3842554
1.3840634
1.3841592
1.3833386
1.3840044
1.3837183
1.3835077
1.3835293
1.3836453
1.3837042
1.3832117
1.3836497
1.3838937
1.3840703
1.3837395
1.383523
1.3838873
1.3837049
1.3833766
1.3840358
1.3838117
1.3837337
1.3835586
1.3838722
1.3836411
1.3840643
1.3836794
1.3839293
1.3840303
1.383699
1.3832582
1.3836064
1.383874
1.3841039
1.3836933
1.3836564
1.384096
1.3838899
1.383892
1.3836293
1.3837112
1.3835675
1.3837086
1.3837296
1.3844799
1.3837283
1.3838552
1.3839633
1.3837563
1.3839091
1.3837646
1.3839198
1.3837442
1.3839575
1.3837162
1.3836923
1.3834352
1.3841292
1.3837996
1.3837934
1.3837185
1.3837739
1.3836907
1.3837075
1.3836977
1.3839548
1.3835758
1.3835102
1.3836906
1.384247
1.3837881
1.3841113
1.3837309
1.3838279
1.3840946
1.3834145
1.3836375
1.3837218
1.3839077
1.3837345
1.3832891
1.3832077
1.3838927
1.3838912
1.3837792
1.3834639
1.3837873
1.3836126
1.3833706
1.3833817
1.3840405
1.383825
1.3835077
1.3835152
1.3836687
1.3836951
1.3835999
1.3835577
1.3838964
1.3836732
1.383565
1.3836268
1.3838844
1.3836122
1.3839781
1.383505
1.3837146
1.3840191
1.3833871
1.3841963
1.3829857
1.3839623
1.3838383
1.3836787
1.3831207
1.3834056
1.383714
1.3839527
1.3836895
1.383292
1.3837893
1.3836675
1.3836998
1.383465
1.383446
1.383785
1.3837715
1.3839619
1.3838402
1.3832356
1.3835838
1.3836287
1.3834643
1.3836931
1.3832234
1.3840714
1.383518
1.3836731
1.383563
1.3836242
1.3836267
1.383797
1.3831784
1.3836039
1.3830997
1.3842007
1.3832142
1.3834504
1.3835922
1.3838383
1.3835442
1.3838527
1.3831131
1.3838916
1.3835502
1.3834252
1.3831052
1.383665
1.3839805
1.383498
1.3835255
1.3837811
1.3834224
1.3835853
1.3831073
1.3829684
1.3832885
1.383238
1.3840101
1.3837296
1.383373
1.3826537
1.3833871
1.3836921
1.3834524
1.3836129
1.3836352
1.3835179
1.3834391
1.3835087
1.383083
1.3835764
1.3838949
1.3838469
1.3839033
1.3837284
1.3837632
1.3836393
1.3835963
1.3834633
1.383503
1.3833723
1.3834168
1.3832759
1.383409
1.3835919
1.3835069
1.3835151
1.3831795
1.3832173
1.3832431
1.3832484
1.3834323
1.3835759
1.3835446
1.3835592
1.3833969
1.3832881
1.3832741
1.3831124
1.3833194
1.3831747
1.3835257
1.3835317
1.3831843
1.3828509
1.3833219
1.383195
1.3833051
1.3837141
1.3834462
1.3830818
1.3835452
1.3834138
1.3834219
1.3834463
1.3835087
1.3833187
1.3831135
1.3834347
1.3831261
1.3833889
1.3836794
1.3837748
1.3836315
1.3831965
1.3832656
1.3835657
1.3836156
1.3837314
1.3831362
1.3831668
1.3831621
1.3839319
1.3833308
1.3830636
1.3833259
1.3836665
1.3833642
1.3835186
1.3831066
1.383179
1.3832388
1.3831847
1.3828443
1.3833303
1.3834265
1.3829095
1.3838536
1.3832054
1.3833468
1.383214
1.3833501
1.3830888
1.3834659
1.3835996
1.3839395
1.3835503
1.3835279
1.3833215
1.3832674
1.383167
1.3826895
1.3834823
1.3832173
1.3837208
1.3828205
1.383341
1.3833607
1.3829542
1.3839602
1.3836597
1.3831544
1.3835863
1.3829408
1.3829926
1.3829716
1.3833804
1.3831819
1.3829908
1.3828402
1.3832357
1.3826836
1.383331
1.3834018
1.3829851
1.3836933
1.3824433
1.3831955
1.3830525
1.3833385
1.3835064
1.383564
1.3831251
1.3834639
1.3834904
1.3829796
1.3837824
1.382756
1.3835752
1.3834352
1.383859
1.3835379
1.3831769
1.3834333
1.3833216
1.3835052
1.3834267
1.3830068
1.3833437
1.3835493
1.383227
1.3832588
1.3835338
1.3832041
1.3835014
1.3834915
1.3835632
1.3831987
1.3826823
1.3831555
1.3831819
1.3831295
1.3831459
1.3827587
1.382963
1.383036
1.3835548
1.3829662
1.3834909
1.3833091
1.3828374
1.3829676
1.3829539
1.3831196
1.3832192
1.3827163
1.3833427
1.3829789
1.3829468
1.3832324
1.3838973
1.3833303
1.3831532
1.3833117
1.3832922
1.3835293
1.3829215
1.3836296
1.3832824
1.3829552
1.3829029
1.3831718
1.3829817
1.3830514
1.3831465
1.3834406
1.3825471
1.382928
1.3827255
1.3834673
1.383124
1.3838445
1.3833019
1.3833876
1.3837976
1.3835707
1.3827415
1.3827306
1.382936
1.383052
1.3830957
1.3827254
1.382967
1.3825833
1.3833838
1.3828578
1.3836762
1.382257
1.3829838
1.3833611
1.3833541
1.3836755
1.3829519
1.3833292
1.3828559
1.3831514
1.3832228
1.3833799
1.3829355
1.3833332
1.3826107
1.3830923
1.3832498
1.3834039
1.3833542
1.3833193
1.3830023
1.383139
1.3827808
1.3832446
1.3832339
1.3833104
1.3828385
1.3834106
1.3830907
1.3834747
1.3825448
1.3829885
1.3829167
1.3833252
1.3828237
1.3829165
1.3826271
1.3831453
1.3834002
1.3834563
1.3829935
1.3829027
1.3830347
1.383259
1.38287
1.3835183
1.3835921
1.3828738
1.3830115
1.3831899
1.3830862
1.3825736
1.3838943
1.3833625
1.3832525
1.3827515
1.3830874
1.382994
1.3830079
1.3825971
1.3833867
1.3831514
1.3830334
1.3836331
1.3830816
1.3831948
1.3830115
1.3831114
1.3832132
1.3825
1.383177
1.3830284
1.3830117
1.3827477
1.3829584
1.383424
1.3828998
1.3833576
1.3827612
1.3827474
1.3830671
1.3827574
1.3829259
1.3824892
1.3835821
1.3827796
1.3827194
1.3831284
