0.73946136
0.70930463
0.6981404
0.695581
0.70991373
0.6945729
0.69441193
0.6986587
0.6869439
0.6872875
0.68600494
0.6910296
0.69065386
0.68569124
0.68932295
0.691169
0.7002715
0.7050542
0.69548565
0.68555635
0.6892906
0.6997061
0.6969842
0.6909996
0.6917223
0.69165117
0.6901481
0.6891952
0.6925382
0.6936059
0.6928215
0.69184273
0.68852884
0.6917958
0.6963554
0.6991467
0.6985245
0.69804484
0.6940074
0.690668
0.6920387
0.693186
0.6955269
0.69982165
0.70015967
0.6969809
0.69442827
0.69347954
0.6927191
0.69229704
0.6924297
0.69239897
0.69201374
0.69207394
0.6925986
0.6931495
0.6932841
0.6925581
0.6935347
0.69445366
0.69445205
0.69401854
0.693072
0.6970284
0.6961338
0.69386697
0.6928716
0.6905074
0.68977296
0.6920911
0.6935316
0.69538194
0.69614524
0.6946748
0.6943075
0.6953654
0.6954544
0.69551754
0.69382536
0.6938298
0.6938856
0.6937938
0.69479674
0.6941847
0.69271076
0.6926875
0.69244486
0.69394433
0.6912379
0.6918856
0.69339955
0.6934285
0.6953361
0.6921866
0.6935941
0.69593245
0.6950374
0.6938338
0.6898782
0.6909691
0.6944563
0.6948323
0.693872
0.69031566
0.69403976
0.69467396
0.69428015
0.69194764
0.69129735
0.6958779
0.6956179
0.69509315
0.6936867
0.69526225
0.69607776
0.69582117
0.6938612
0.6956396
0.69702834
0.6960811
0.69577765
0.69054234
0.6921145
0.69315994
0.6927006
0.6935832
0.6915588
0.6927964
0.69275486
0.69196236
0.6889086
0.69074076
0.6943806
0.69096404
0.6960476
0.6970932
0.68663293
0.6924968
0.70215684
0.69494426
0.6933088
0.69928473
0.6936751
0.69127387
0.6891582
0.69309235
0.70473117
0.6854638
0.69149077
0.69454366
0.6932912
0.69313985
0.6925835
0.6935142
0.69446385
0.69470805
0.6943252
0.6933176
0.6928585
0.694022
0.6945736
0.6938011
0.6926392
0.6944387
0.6958162
0.6986609
0.695788
0.6918848
0.6975874
0.69752294
0.6949446
0.6907893
0.6964587
0.6969424
0.69640005
0.69463116
0.69496936
0.69755626
0.69772196
0.6953929
0.69193673
0.6925022
0.6959803
0.6950252
0.695913
0.69420856
0.69138706
0.6941136
0.69417953
0.6931081
0.6946499
0.69199914
0.69102573
0.69285405
0.69253343
0.69149584
0.6893614
0.68947715
0.6925633
0.6942052
0.6973179
0.6962025
0.691941
0.69254947
0.6952413
0.69637066
0.6976754
0.69992906
0.6992609
0.69586945
0.6931427
0.69255686
0.69273406
0.69164604
0.6902354
0.689633
0.6891417
0.68819636
0.6891873
0.69438666
0.6875242
0.68789136
0.68207246
0.698252
0.70812905
0.6996763
0.7062884
0.6887535
0.6996455
0.6918974
0.6862709
0.698068
0.69668376
0.6888446
0.69154274
0.6947807
0.6940946
0.69249904
0.6929859
0.69582385
0.6972337
0.6972682
0.696534
0.69593984
0.69518226
0.6952588
0.6966158
0.69690925
0.6961609
0.6948937
0.69422054
0.6947462
0.695339
0.6956153
0.6952114
0.694602
0.69368297
0.69305605
0.69317806
0.69286513
0.6932271
0.69341046
0.69306105
0.69214237
0.6918461
0.69222087
0.69230866
0.6932246
0.69314116
0.69361806
0.69142723
0.6919572
0.6931329
0.69367784
0.69357955
0.6931344
0.6920158
0.69234425
0.6947915
0.695492
0.69473505
0.69479734
0.6934012
0.6933604
0.69732946
0.6923037
0.68878496
0.6976258
0.6923401
0.70202893
0.6907211
0.6895482
0.7030473
0.69465667
0.69080335
0.69400275
0.6968266
0.69926584
0.6994529
0.69922113
0.6999341
0.7017215
0.69731796
0.69630694
0.6971305
0.69592494
0.694629
0.6929329
0.6902542
0.69011754
0.6905468
0.6898357
0.6904429
0.6917303
0.69171834
0.6903704
0.68992007
0.69001454
0.69080216
0.69180167
0.69141173
0.6925527
0.6941781
0.6940767
0.6881908
0.6829152
0.7016739
0.7025519
0.7000913
0.69793475
0.69294035
0.6970016
0.6948937
0.6961937
0.7015438
0.7011029
0.6987773
0.69926345
0.69781226
0.69560367
0.69464415
0.69003266
0.69323087
0.6887619
0.6884592
0.6887192
0.68729705
0.68724704
0.68815535
0.6909085
0.6929026
0.69276965
0.6921325
0.693335
0.69601595
0.6985298
0.69944984
0.698922
0.69624215
0.6960912
0.69703084
0.69682735
0.6964559
0.6962967
0.6962844
0.6964378
0.6963174
0.6940201
0.6863205
0.6835316
0.7054616
0.7018489
0.7078823
0.7004776
0.68052953
0.6916326
0.69439
0.6920263
0.6935105
0.6959237
0.6942992
0.6943111
0.69805664
0.69583213
0.69415325
0.6932521
0.69146866
0.6919759
0.6954799
0.6880685
0.6904193
0.6890313
0.68125445
0.6866257
0.6964584
0.6989109
0.70255965
0.70495766
0.68099463
0.6890691
0.6968195
0.69808614
0.6972751
0.69323564
0.6880453
0.68392515
0.6937911
0.69730663
0.6942648
0.69087046
0.68921244
0.6878007
0.68748045
0.6887938
0.6910228
0.6924887
0.6925533
0.6916237
0.69026494
0.68982744
0.6913729
0.6910297
0.6916897
0.69244367
0.6926945
0.69253325
0.69270945
0.6932349
0.693479
0.69371635
0.69404113
0.6942029
0.6939316
0.69391835
0.6946476
0.6913305
0.69447047
0.7032527
0.70415956
0.70576555
0.6843864
0.6954588
0.69467145
0.6942589
0.6943839
0.6968645
0.7006746
0.70124036
0.70002985
0.7002082
0.69691247
0.69481355
0.6954304
0.69421595
0.69571644
0.6960482
0.6936468
0.69185454
0.6908703
0.69175714
0.69069403
0.6931033
0.69417226
0.69271606
0.6918152
0.69204634
0.69010407
0.69427365
0.696712
0.6929432
0.690563
0.6847831
0.6888645
0.69459635
0.6983762
0.69880325
0.70563245
0.69310665
0.6910135
0.69221956
0.68319184
0.68671685
0.7007649
0.7170525
0.7037479
0.70203656
0.7106003
0.709192
0.6764159
0.68732625
0.69205713
0.68863916
0.6859234
0.6885879
0.6912536
0.6847438
0.68056256
0.70007753
0.7060098
0.7006682
0.69724834
0.6966082
0.69618994
0.6957489
0.6942156
0.69217277
0.6924397
0.6928413
0.69301224
0.69323826
0.69347495
0.6936421
0.69331
0.6932021
0.6933367
0.69320506
0.69280255
0.6922465
0.6918862
0.69253254
0.69312555
0.693447
0.69397056
0.69479525
0.6963507
0.69675493
0.6936871
0.690544
0.68927383
0.6878799
0.6912492
0.70005894
0.6998693
0.7035966
0.7022446
0.68714345
0.6875892
0.6927678
0.69249827
0.6929749
0.6970932
0.6989999
0.69587094
0.6919744
0.6946698
0.696464
0.6980621
0.69203013
0.6922571
0.69526595
0.6920224
0.69198394
0.7099997
0.6987019
0.67765725
0.6872265
0.68828946
0.68262833
0.70150805
0.71030104
0.70020163
0.697033
0.6948991
0.69215107
0.6892936
0.6920982
0.69359
0.69335157
0.69140273
0.6829
0.68880486
0.7070098
0.7044088
0.6976011
0.6969429
0.7085957
0.70996577
0.69185853
0.6800048
0.6857601
0.69040793
0.6894484
0.68976164
0.6898873
0.69079256
0.6932771
0.69479185
0.695576
0.7007988
0.71393263
0.68991905
0.67193323
0.68364805
0.68990225
0.6850846
0.68809086
0.6932065
0.70525616
0.69946074
0.69566077
0.6962831
0.7056025
0.71226776
0.70498127
0.6891981
0.6763788
0.68325204
0.689204
0.69085145
0.6910212
0.68787634
0.68741083
0.68832064
0.68283486
0.69760275
0.7042816
0.7061624
0.7053316
0.6993806
0.69553584
0.69388276
0.6888067
0.6836697
0.68455434
0.69040996
0.69656837
0.70028037
0.7045377
0.7078461
0.7079622
0.70516664
0.6953164
0.69034123
0.6833258
0.6839137
0.6947995
0.70131975
0.7040304
0.7005738
0.6966297
0.68904954
0.6849632
0.6826655
0.6815265
0.6892583
0.6971787
0.7034764
0.7077091
0.7059069
0.7108874
0.71602476
0.6951953
0.67606646
0.6781312
0.68165344
0.6899444
0.6940735
0.7022356
0.7100176
0.7251522
0.7099057
0.69440764
0.6812999
0.6768621
0.6807191
0.6794107
0.683935
0.6931294
0.6963752
0.69816804
0.6987851
0.7098795
0.7172907
0.7044967
0.70034915
0.6824858
0.6808773
0.692494
0.68951434
0.6835431
0.68934965
0.692405
0.6958855
0.69799036
0.69768924
0.69926935
0.7195423
0.72261006
0.7011002
0.67379314
0.6737245
0.68249005
0.6876114
0.689852
0.6857589
0.6832287
0.68447405
0.6940029
0.6999325
0.7030468
0.70223105
0.70093393
0.70701087
0.7142857
0.7104608
0.7015011
0.683598
0.6714793
0.6788351
0.68615973
0.6824544
0.68094355
0.68114763
0.6989465
0.7019588
0.7015786
0.6998976
0.70033854
0.71155566
0.7109057
0.7011047
0.69731414
0.69177836
0.6968824
0.6973526
0.6894125
0.69322723
0.69412035
0.69392306
0.6940936
0.694956
0.696481
0.693112
0.6933972
0.6946149
0.69286245
0.69694614
0.6956191
0.70129323
0.6963994
0.6907714
0.6897092
0.6940211
0.7003061
0.6991171
0.6930967
0.6902523
0.6936675
0.707839
0.70197546
0.7006847
0.69128984
0.6801645
0.69351304
0.705816
0.7037835
0.69327694
0.6910119
0.6878633
0.68953294
0.6958726
0.71070933
0.704322
0.6924331
0.68796456
0.6898091
0.69421154
0.70164996
0.70204216
0.69896317
0.69521385
0.6909623
0.69324654
0.6974527
0.6988542
0.6962226
0.6933338
0.6961758
0.69651675
0.6963405
0.6971583
0.69982487
0.70316815
0.6940291
0.69062537
0.6913796
0.70744723
0.6967371
0.684601
0.6867461
0.69307274
0.69541055
0.6938008
0.69730103
0.6982112
0.6960188
0.69458574
0.7010846
0.7010571
0.6956442
0.68817705
0.6938315
0.6936371
0.69523793
0.6936769
0.6948641
0.6954236
0.69397485
0.6941829
0.69526434
0.69660306
0.6989053
0.6968792
0.6938685
0.692597
0.6937738
0.69407004
0.6947616
0.6948946
0.6981879
0.69796866
0.69267833
0.69325763
0.69153285
0.69275814
0.6918266
0.68678933
0.6889226
0.69114304
0.69250154
0.6933391
0.69344276
0.6935441
0.6929243
0.69407374
0.6950998
0.6936647
0.69404453
0.6934578
0.693555
0.69339675
0.69547445
0.6927962
0.69308794
0.696601
0.696269
0.69504
0.698265
0.6961605
0.6949294
0.6944645
0.6939715
0.6944545
0.69478697
0.69514906
0.69447607
0.69702864
0.69804555
0.69550383
0.6962522
0.6935516
0.69398075
0.6953857
0.69297296
0.6937111
0.6936998
0.6942619
0.69435424
0.6944814
0.6937279
0.6932417
0.6970496
0.6998013
0.695671
0.6914974
0.6897337
0.696541
0.6954277
0.69275206
0.69485325
0.69765526
0.6962113
0.69571686
0.69640493
0.69633114
0.69527435
0.6958405
0.69420904
0.69308996
0.7016158
0.69769686
0.6913454
0.6924868
0.6923978
0.69559634
0.7015107
0.69868183
0.69399315
0.6951716
0.69274545
0.6933202
0.70132756
0.69949603
0.6938184
0.69443274
0.6958649
0.6995349
0.69655424
0.6979709
0.6979046
0.6933116
0.6914598
0.69220555
0.6922053
0.6884414
0.6913835
0.6963252
0.7007795
0.70629805
0.6975586
0.6959942
0.69402105
0.6931507
0.6940406
0.69538814
0.6901276
0.6881795
0.6889279
0.6905017
0.6955655
0.6919306
0.6972734
0.6980667
0.70438135
0.70339346
0.69872475
0.6973997
0.69467306
0.694744
0.69140863
0.6925197
0.6925342
0.6942612
0.6939505
0.69512695
0.6945903
0.69643474
0.6980931
0.6962024
0.696117
0.69617665
0.6952356
0.6943533
0.6941808
0.69487256
0.69186974
0.6915733
0.694509
0.69516873
0.69540787
0.6951201
0.6951298
0.69305825
0.6924067
0.6970369
0.69488764
0.6946283
0.6949845
0.69264483
0.69389033
0.6939639
0.6923859
0.69441736
0.6939181
0.6926063
0.693941
0.6928814
0.69573194
0.6933623
0.69733614
0.6953257
0.69018936
0.6916423
0.69400436
0.6959502
0.69671947
0.6958204
0.69496185
0.6944184
0.69421726
0.69336087
0.69070363
0.6919766
0.6948992
0.6960784
0.6949068
0.69427264
0.69514734
0.69502926
0.69514924
