0.6967366
0.7049665
0.6943969
0.6851012
0.69997644
0.7017833
0.70609474
0.6840727
0.6891586
0.699903
0.7019015
0.69688797
0.67515016
0.680338
0.6852075
0.68531275
0.6966956
0.70567954
0.69486094
0.6896774
0.6920727
0.69887495
0.6873808
0.6917461
0.691917
0.6974452
0.69429195
0.695081
0.69845605
0.6883202
0.6887148
0.6901125
0.69110125
0.69363946
0.69491166
0.69421625
0.6976395
0.697829
0.6960834
0.6941269
0.6928147
0.6925232
0.6926593
0.6943162
0.6962929
0.69762146
0.6963748
0.6945837
0.6926109
0.6921005
0.69199836
0.6921777
0.6919583
0.69675714
0.6983135
0.6951035
0.6939153
0.69277364
0.6915829
0.6904667
0.6902486
0.6912027
0.69365406
0.6925946
0.6957262
0.6951279
0.69299495
0.6915856
0.69059324
0.68971306
0.6907703
0.6910446
0.69162196
0.6937025
0.69505805
0.69513345
0.69385403
0.6932483
0.6925487
0.69222933
0.6922844
0.69254595
0.69303125
0.6939157
0.694547
0.69495267
0.69429153
0.6934101
0.6916994
0.6919044
0.69236064
0.6947748
0.6922076
0.69812983
0.695438
0.6920728
0.6905101
0.6937946
0.69252443
0.69360334
0.694577
0.696718
0.69778645
0.6975668
0.697682
0.6954666
0.69406754
0.69361454
0.6928217
0.6923035
0.6921983
0.6922479
0.69291997
0.69411564
0.696967
0.69737256
0.6948388
0.6921774
0.6905341
0.6906511
0.6927515
0.6942589
0.69632655
0.6959453
0.69331825
0.690851
0.6887257
0.689003
0.68935823
0.6897626
0.6918064
0.69423246
0.6951563
0.6850687
0.6817116
0.6919529
0.6938319
0.6969477
0.69942904
0.6991496
0.69619936
0.6916342
0.68888384
0.69138986
0.69240993
0.694118
0.696394
0.69860506
0.69536996
0.6933532
0.6916911
0.6916712
0.69395953
0.6949925
0.6960865
0.695546
0.69380873
0.6920336
0.6913178
0.6918232
0.6925464
0.6940142
0.6943452
0.6937995
0.6919827
0.6894429
0.6909735
0.6931353
0.69444025
0.69527066
0.69576097
0.6946008
0.6924928
0.6926268
0.6931625
0.6936943
0.69528025
0.69577
0.6930495
0.6907445
0.69145644
0.69136363
0.69280976
0.69400615
0.69444376
0.69210154
0.6900363
0.6889186
0.689798
0.6912958
0.6954141
0.69733137
0.6982143
0.6942242
0.6927454
0.6926915
0.69301945
0.6940155
0.6948503
0.696932
0.69657016
0.68755645
0.6900937
0.6944119
0.6930662
0.7027755
0.705476
0.6893387
0.69523376
0.685801
0.6894905
0.6950279
0.6958368
0.6981687
0.70833015
0.6899114
0.68888426
0.69115776
0.69278365
0.69378597
0.69597286
0.6897847
0.6895585
0.69362366
0.69600916
0.69720155
0.69853306
0.70018595
0.70004976
0.69401246
0.692422
0.69743246
0.708485
0.6784715
0.6865612
0.69405144
0.69439715
0.69090265
0.6989363
0.7010208
0.6896386
0.6859885
0.69028264
0.69192266
0.6924838
0.6934826
0.69493943
0.6956296
0.69580036
0.69580734
0.6946532
0.69347495
0.6933154
0.69212675
0.6911127
0.6901374
0.6905013
0.69059414
0.6906739
0.69207937
0.69244266
0.69334084
0.69431984
0.6941175
0.6929747
0.6917405
0.6899895
0.6917741
0.69194925
0.69249934
0.69389874
0.69497395
0.69626606
0.70179856
0.68850523
0.6891742
0.6924564
0.69321406
0.69404364
0.6946247
0.6941249
0.6949007
0.696306
0.69705725
0.7026537
0.68488044
0.6889898
0.6928226
0.6938459
0.69284093
0.6941651
0.6954483
0.6962563
0.6962649
0.69590175
0.6944573
0.6920997
0.6906687
0.69070387
0.69080156
0.6921774
0.69256324
0.6937557
0.69491047
0.6928157
0.6934886
0.69239885
0.6933965
0.6941349
0.6950238
0.69529235
0.69454783
0.69406486
0.69352245
0.69229394
0.69124985
0.69086605
0.6917424
0.69259435
0.69333464
0.6939912
0.69463396
0.69381183
0.6914258
0.6906212
0.69168806
0.69239813
0.6934042
0.6941323
0.6943798
0.69226694
0.6896835
0.69083464
0.6921341
0.6934003
0.69540215
0.69565386
0.6986998
0.6879085
0.6878762
0.69270074
0.6928958
0.6935243
0.69462997
0.69617987
0.6973497
0.7116021
0.68951666
0.6779566
0.6929145
0.69389063
0.6968518
0.6964701
0.68800676
0.695991
0.69872934
0.6984792
0.7068079
0.6977004
0.68214256
0.6898834
0.69099146
0.69235265
0.69734126
0.6945901
0.68972594
0.69602686
0.6980497
0.69725025
0.6984576
0.7078083
0.6797906
0.68675005
0.6934391
0.70104086
0.69758165
0.6899058
0.68880713
0.6960436
0.69719076
0.70661813
0.71105003
0.68670666
0.6929504
0.6948326
0.68607694
0.68595636
0.69911474
0.7101771
0.69863963
0.6853734
0.6929402
0.71255314
0.6856383
0.6988806
0.6917936
0.6785516
0.6915844
0.70730567
0.70243263
0.6954059
0.68335015
0.68896884
0.69305074
0.6943889
0.6966719
0.69522196
0.68749255
0.6930801
0.69651425
0.70258445
0.7105235
0.6775875
0.6857661
0.69631207
0.704666
0.6958102
0.6958233
0.691787
0.68833274
0.690043
0.6995687
0.7004978
0.69159746
0.68864936
0.6915772
0.6957612
0.6936117
0.6862922
0.68870753
0.6944957
0.69715613
0.70425385
0.69520193
0.682395
0.68817025
0.6931631
0.694303
0.701134
0.69966644
0.69094384
0.6853484
0.6911483
0.6948355
0.6954282
0.7001346
0.6977986
0.6876059
0.687958
0.69139963
0.6920588
0.6922462
0.69334567
0.697413
0.70052433
0.68756807
0.6852831
0.69256085
0.69534856
0.69630706
0.7032977
0.6955622
0.68768954
0.70308006
0.6999752
0.6894126
0.6934791
0.69437224
0.69507474
0.6926625
0.692446
0.68517745
0.68855333
0.70063287
0.70119685
0.68639725
0.68416095
0.70300645
0.7074984
0.6785331
0.68249923
0.69324094
0.70129436
0.71716094
0.69460136
0.6737083
0.6852182
0.69285184
0.6958228
0.7033076
0.7031337
0.6790264
0.68519574
0.69378775
0.6973574
0.7084717
0.70452833
0.6814831
0.6823669
0.69006664
0.69324315
0.6942776
0.6951025
0.69646406
0.6963149
0.68944126
0.68924063
0.69272184
0.69429034
0.6944018
0.69624215
0.704932
0.69236636
0.6865073
0.6885565
0.6916401
0.69274884
0.6929262
0.6934726
0.69381124
0.6939257
0.69261307
0.69152415
0.6919567
0.6928934
0.6937349
0.6945186
0.69628376
0.7017295
0.6912079
0.6862445
0.6909753
0.6965813
0.71043473
0.69946647
0.6923258
0.6867225
0.70482695
0.69429314
0.6870149
0.69079876
0.68313086
0.6947017
0.6970758
0.69556147
0.693713
0.68892026
0.6881134
0.69286233
0.6950361
0.6960842
0.69849294
0.69850856
0.68529695
0.6867719
0.6916398
0.69308853
0.69476926
0.70127237
0.6957653
0.68932146
0.6874702
0.6910658
0.69358623
0.69451916
0.6951556
0.69543034
0.6958226
0.69553137
0.6927383
0.6902018
0.69028044
0.691304
0.692005
0.6931717
0.6950417
0.7028267
0.6973567
0.686827
0.68586063
0.69318885
0.6956889
0.6954739
0.69591784
0.6988454
0.6990431
0.68394685
0.6874817
0.6920483
0.6930833
0.6942277
0.7018932
0.69900995
0.6914192
0.6838422
0.6890872
0.69487095
0.6954183
0.694866
0.6955581
0.6974008
0.70188725
0.6856284
0.6859623
0.6913164
0.6931788
0.69467944
0.70378256
0.69664305
0.7013491
0.69091016
0.6936159
0.68601507
0.68921256
0.6931986
0.6937917
0.6972822
0.7046002
0.6959195
0.6874168
0.683795
0.6920722
0.697271
0.70276463
0.699549
0.6904088
0.6933783
0.6961098
0.68913347
0.6849655
0.6957112
0.7001032
0.70230967
0.6923852
0.6879947
0.69186234
0.6934159
0.69478565
0.69467044
0.69124013
0.6895401
0.6897689
0.6924372
0.6948821
0.69728726
0.69641894
0.6903457
0.689295
0.69325525
0.6987621
0.69895923
0.6947124
0.6938707
0.69282717
0.69492453
0.6917987
0.69182414
0.6905624
0.6921261
0.6937063
0.6954859
0.70012766
0.7105224
0.6751724
0.68458426
0.6954498
0.70462316
0.7054019
0.6947245
0.6819731
0.68119544
0.6901714
0.69463617
0.70073617
0.710738
0.6994789
0.6852625
0.68573517
0.6897156
0.6947249
0.69609827
0.69636506
0.6966922
0.70185286
0.69209766
0.68258655
0.6864801
0.6925314
0.6954954
0.6983058
0.7174007
0.7173419
0.6762102
0.670308
0.6852842
0.6925191
0.6954196
0.69824773
0.71231496
0.70857686
0.6948534
0.68248796
0.67768645
0.6858716
0.69177896
0.6940981
0.6956093
0.6976738
0.7077245
0.71867484
0.6939929
0.6738327
0.67898655
0.6871959
0.69122046
0.6929459
0.69429386
0.6968306
0.7078852
0.70885324
0.7014888
0.6895772
0.6781709
0.6822708
0.68947095
0.6929664
0.6940711
0.6951419
0.6970195
0.7044248
0.7278552
0.6921461
0.685154
0.6845503
0.69306797
0.69162846
0.68797636
0.6987379
0.71196383
0.6961679
0.67992705
0.6829752
0.68946654
0.69395137
0.6994556
0.70162404
0.6918586
0.6867403
0.6878658
0.69306946
0.69591606
0.6991982
0.714186
0.70959044
0.67537427
0.6770116
0.68673915
0.6924957
0.6957559
0.7052192
0.7004027
0.69165796
0.6871912
0.68644184
0.6900082
0.69294596
0.6941222
0.69542867
0.6975021
0.702958
0.72069687
0.6890565
0.67545706
0.68205786
0.6890884
0.6921716
0.6935255
0.6943724
0.69612616
0.6986643
0.7030425
0.6977479
0.6880523
0.68567246
0.6898269
0.6926721
0.69463265
0.6957824
0.6999357
0.7168859
0.69969773
0.6888935
0.67973757
0.6823076
0.6880148
0.69169635
0.6937832
0.69457895
0.6957337
0.6994653
0.7101986
0.70789325
0.67910147
0.6772914
0.68740827
0.69318974
0.69478685
0.69548225
0.6976728
0.70868737
0.7127566
0.69590783
0.6795125
0.67760396
0.6851978
0.69048166
0.6931361
0.6948202
0.6969754
0.7065896
0.71315074
0.6979958
0.68631583
0.6776102
0.682323
0.6894908
0.69347256
0.69550216
0.69807196
0.7053736
0.7162229
0.7065823
0.69289213
0.67439157
0.6738483
0.68415886
0.6900625
0.6926128
0.69474083
0.69791
0.7127373
0.7197394
0.70126885
0.6880619
0.6751978
0.6755507
0.6848302
0.6909064
0.69329184
0.69482154
0.69651014
0.7012364
0.7172974
0.70956576
0.6956582
0.68021196
0.67504925
0.68238705
0.68819153
0.690871
0.6921787
0.69333637
0.69409585
0.6953182
0.6980313
0.70800924
0.7147969
0.7038488
0.6902624
0.67614126
0.67837477
0.6858571
0.6899594
0.6919887
0.6931044
0.6938364
0.6949884
0.6955992
0.6971399
0.7044892
0.71118164
0.6919637
0.68544495
0.6802495
0.68489504
0.6894412
0.691541
0.6928499
0.69367445
0.6946357
0.6966768
0.7035336
0.70935935
0.7021236
0.6994199
0.6949456
0.6841996
0.6786745
0.6825404
0.68787575
0.6910691
0.69270724
0.6936499
0.69495326
0.69518965
0.69776326
0.70999646
0.6998484
0.6929465
0.68989176
0.68063515
0.6841505
0.6891297
0.69166934
0.6928916
0.69421136
0.69694215
0.7051132
0.71239614
0.7061985
0.70910025
0.6898827
0.6737618
0.67393714
0.68285036
0.68875444
0.69167095
0.6930819
0.69370896
0.6941293
0.6957046
0.7014906
0.715896
0.70489335
0.6929458
0.6846749
0.6789351
0.68067753
0.68697184
0.6907655
0.69221765
0.6931346
0.69414896
0.6964728
0.7036398
0.7100465
0.70377874
0.6998594
0.6925809
0.6859711
0.68226767
0.6837109
0.68619287
0.68920404
0.6916625
0.69389313
0.6994576
0.6992463
0.69768065
0.6977415
0.69614464
0.6967496
0.69530535
0.6926261
0.6905856
0.69062024
0.69021595
0.68992394
0.69112843
0.6921016
0.69375825
0.6947052
0.696502
0.70341533
0.7070054
0.7022517
0.70124364
0.68532705
0.6805171
0.68258554
0.6876655
0.6914364
0.69310725
0.6936151
0.6938927
0.6939161
0.69353503
0.6940786
0.69632775
0.6978035
0.69392866
0.6913162
0.6886911
0.6877559
0.6873783
0.6908067
0.69551706
0.7040916
0.7118193
0.706623
