0.69339585
0.6967638
0.70045364
0.6886234
0.68954265
0.7116093
0.7117858
0.68759817
0.6776982
0.69735926
0.7105437
0.6974839
0.68387073
0.68461055
0.6867979
0.696408
0.6894881
0.6862043
0.68191385
0.68880993
0.7057307
0.71760577
0.73038083
0.68199337
0.67630285
0.68393546
0.6853938
0.6880009
0.6967885
0.70594096
0.7110191
0.6880207
0.68789005
0.68484175
0.6841625
0.6968252
0.7040098
0.68075466
0.6847566
0.69317484
0.69702226
0.69721144
0.6973415
0.69873554
0.69804716
0.6967886
0.69619834
0.6960599
0.6962498
0.6973889
0.6985844
0.69810313
0.6963515
0.69614583
0.6978381
0.69980735
0.6986747
0.69460636
0.69731885
0.7017146
0.7017413
0.6951998
0.6927517
0.6954721
0.6975748
0.69523436
0.6951098
0.69611084
0.69737816
0.69630015
0.6896831
0.69088
0.6975684
0.7149728
0.6879029
0.690213
0.6942641
0.68730605
0.6832843
0.6893051
0.6888554
0.6841625
0.67997074
0.6794627
0.6875028
0.6901084
0.69048977
0.6910615
0.6892313
0.6835668
0.68585825
0.7001905
0.7031595
0.7028643
0.6977576
0.68987834
0.69719875
0.6894348
0.6956693
0.687722
0.68647057
0.6903848
0.6925785
0.7119919
0.69658333
0.6863057
0.70280266
0.72222286
0.69959277
0.68744266
0.6990074
0.69467777
0.6896829
0.7008694
0.6942401
0.7165306
0.7305553
0.7093247
0.6801153
0.6844237
0.70760816
0.6924856
0.69547206
0.6980054
0.7027386
0.7003626
0.70117295
0.6910015
0.7102095
0.70427483
0.68886125
0.69433975
0.69249475
0.6937096
0.704508
0.7014551
0.69436276
0.68991464
0.6982217
0.70512885
0.69979596
0.6877122
0.69008857
0.694986
0.6970147
0.69454
0.69228035
0.6921219
0.6921725
0.6918702
0.69211054
0.69318014
0.69395876
0.6941836
0.6937421
0.6928625
0.69242823
0.6927431
0.6928933
0.69340813
0.6937139
0.6941595
0.694035
0.69363785
0.69376534
0.6937701
0.6936284
0.6932311
0.6936673
0.6938369
0.69384885
0.69346875
0.6928161
0.69235134
0.69267166
0.6932041
0.69281286
0.6929582
0.69332343
0.6931688
0.69271463
0.6933338
0.6934314
0.6929849
0.6921403
0.69230866
0.69263643
0.69278675
0.6926454
0.692817
0.6927598
0.6931157
0.6937447
0.6937737
0.69365853
0.69355214
0.6937467
0.6940731
0.69469076
0.69361895
0.69414985
0.6931084
0.6956004
0.69808245
0.69425243
0.69553626
0.6873204
0.69463766
0.69795305
0.69132197
0.6912735
0.6953394
0.6909661
0.6914155
0.69685465
0.6986069
0.6931781
0.6927838
0.6966945
0.6984663
0.6906544
0.6950226
0.69953454
0.70051545
0.6921293
0.6943739
0.70531857
0.6908033
0.68836653
0.6938047
0.69560444
0.69503814
0.69797426
0.70445037
0.68979627
0.6805472
0.68930703
0.699717
0.6989419
0.69377595
0.6957451
0.699079
0.70556384
0.68746376
0.69213694
0.6927463
0.7009492
0.7069907
0.6893431
0.6893819
0.68370366
0.68946
0.69435686
0.6941996
0.69355685
0.69512033
0.6961955
0.69826776
0.70619154
0.6909252
0.67885005
0.6896248
0.69245774
0.6911915
0.6915176
0.6926262
0.6938243
0.6970784
0.7147617
0.6888206
0.68021417
0.6902486
0.6960072
0.69643724
0.6951942
0.69404554
0.69544417
0.69660735
0.69781095
0.7133507
0.6921341
0.67308426
0.6915116
0.6974379
0.69485176
0.6865049
0.69363755
0.6972223
0.7163332
0.6980669
0.683699
0.6797064
0.6912184
0.6949296
0.6966037
0.6925946
0.68889856
0.6965848
0.70112056
0.6998767
0.69992745
0.69450474
0.69222474
0.6971874
0.69434476
0.69464827
0.6939641
0.6938719
0.695376
0.69605273
0.69665253
0.6988994
0.7025284
0.68536586
0.68655163
0.6928759
0.693996
0.69659567
0.69255257
0.69075793
0.69389015
0.69626707
0.6975777
0.706335
0.70536196
0.67376643
0.68691224
0.696012
0.70530903
0.7000095
0.69136053
0.6918233
0.68313265
0.693291
0.6987255
0.7156208
0.71125066
0.6898866
0.6724993
0.6848114
0.69342506
0.6965961
0.7084477
0.6828032
0.6873982
0.69749355
0.70650965
0.7221752
0.69639796
0.6739819
0.68073946
0.6912145
0.6937127
0.6970728
0.70484227
0.6943258
0.69569284
0.6864498
0.69144285
0.7131864
0.6974018
0.6788952
0.69275343
0.7057177
0.68989325
0.68777186
0.6944549
0.7049138
0.71834064
0.6838647
0.6776007
0.6993789
0.70187587
0.6885649
0.6869315
0.69202566
0.6946819
0.6976514
0.7196463
0.7020138
0.67469007
0.68557686
0.6949379
0.7070475
0.69259185
0.6892527
0.6912394
0.6938549
0.69506115
0.69571066
0.70243984
0.70921427
0.68180764
0.6867707
0.69451094
0.6991975
0.70400053
0.68905365
0.68919665
0.6922633
0.6941695
0.6953428
0.6974326
0.7080872
0.69630814
0.6810357
0.6907716
0.69675654
0.7036466
0.7084827
0.6965402
0.6901145
0.6847507
0.713196
0.7084304
0.6900336
0.6744461
0.6831127
0.7026958
0.7044943
0.68196917
0.6877859
0.69706666
0.71950346
0.713638
0.6922539
0.6733794
0.68006957
0.69260484
0.6995594
0.71140844
0.6882695
0.6813362
0.6936626
0.7207478
0.71575814
0.69415915
0.6727063
0.6779768
0.69064444
0.696662
0.7040548
0.71704215
0.67987543
0.68076086
0.69197047
0.7014031
0.72881913
0.7117758
0.6823334
0.6734602
0.6843753
0.69299895
0.69766206
0.711498
0.69601786
0.68164176
0.6876382
0.6937377
0.69894075
0.7147727
0.70814013
0.6786056
0.6793399
0.6901894
0.6973337
0.71356934
0.7112616
0.67511576
0.6832124
0.6943865
0.7080527
0.73222923
0.70662487
0.66933674
0.67380655
0.6906099
0.724439
0.7127587
0.6731118
0.6755131
0.68899274
0.6982297
0.72533756
0.7278418
0.700472
0.6966154
0.6929768
0.6929437
0.6827952
0.6834091
0.6919682
0.7142425
0.7050832
0.6980375
0.68707734
0.6839566
0.6898818
0.6951411
0.6983077
0.70071334
0.69775355
0.6924916
0.6897495
0.69044507
0.6916863
0.693567
0.6968974
0.71062315
0.7045551
0.688641
0.6839539
0.6912315
0.695859
0.6994174
0.70110846
0.6984309
0.69443625
0.6905776
0.6908547
0.6954448
0.6977206
0.70647526
0.6954859
0.6796921
0.6862053
0.6966841
0.70928
0.71031994
0.67959094
0.68044823
0.6940066
0.7006471
0.70691836
0.6980179
0.68451804
0.6836187
0.68977994
0.6937306
0.6958755
0.69784975
0.69967127
0.6984928
0.69336283
0.6898786
0.6944417
0.69880396
0.69801646
0.7008672
0.7066133
0.68987525
0.6925192
0.69223386
0.6871776
0.6905064
0.6942366
0.7013258
0.70008606
0.696548
0.6958505
0.69525754
0.69584763
0.6952287
0.69939137
0.7003226
0.694771
0.6892119
0.6851813
0.69086283
0.69144046
0.68894243
0.6915309
0.69375056
0.69428056
0.6944843
0.6945005
0.69419783
0.69372433
0.69433385
0.6947222
0.6960451
0.69825655
0.7005094
0.697166
0.6950527
0.6932403
0.69073373
0.69189733
0.6967313
0.699183
0.6896803
0.6930375
0.70106906
0.69760877
0.6970446
0.69492435
0.68885803
0.6867175
0.6915135
0.6969399
0.69935787
0.69144297
0.6883363
0.6932944
0.6998206
0.70556116
0.69835734
0.69317716
0.68951494
0.69304895
0.69512
0.69308555
0.6926955
0.6936068
0.7013933
0.7005086
0.69363874
0.6941033
0.6963183
0.6939022
0.6917582
0.68957406
0.6900436
0.69373053
0.69658166
0.6948776
0.6903613
0.6932677
0.70019567
0.70051557
0.6954137
0.69154096
0.69322646
0.69068867
0.6894197
0.69159436
0.6940871
0.69421846
0.69380105
0.6936684
0.6938698
0.69765675
0.7022115
0.6966205
0.6934159
0.69138324
0.6911628
0.691432
0.6940587
0.69517726
0.6938545
0.6948912
0.6996258
0.6981641
0.69572985
0.693433
0.69115824
0.69051844
0.6933905
0.6975442
0.69112927
0.6967172
0.7020266
0.69577026
0.6942586
0.6927928
0.69187814
0.69034994
0.6918572
0.7001667
0.70676535
0.6766079
0.6906991
0.70677567
0.6971269
0.6948768
0.69384557
0.69144267
0.6898266
0.6897427
0.6928321
0.6974691
0.6965787
0.6916196
0.6914423
0.69318557
0.69584674
0.70150703
0.70166504
0.6939111
0.6936815
0.69218165
0.68892145
0.693618
0.70472115
0.7017671
0.68303853
0.6867957
0.7050265
0.6960993
0.6931198
0.69084376
0.6918631
0.69220644
0.6920654
0.69043577
0.69194204
0.6946552
0.6969654
0.6988793
0.6961089
0.69243693
0.69104207
0.6914923
0.6943461
0.7015239
0.7032342
0.6935845
0.69347507
0.6920669
0.68860495
0.69063437
0.6968271
0.70572805
0.6932677
0.6933963
0.6927398
0.7001465
0.69721264
0.69397396
0.6883967
0.6929149
0.69498175
0.69490993
0.6915746
0.69320285
0.69715804
0.7041907
0.70008487
0.69669074
0.69444853
0.69403166
0.6905214
0.69163954
0.6884587
0.6900721
0.6987141
0.69786596
0.696805
0.69339865
0.6897206
0.6928751
0.69850105
0.70165676
0.69601375
0.6950518
0.6956109
0.6944519
0.69157237
0.68876886
0.68911874
0.6907029
0.6905956
0.6912568
0.6920635
0.69287854
0.6922827
0.69241077
0.6928973
0.69383144
0.6937583
0.69404787
0.6936857
0.6936239
0.69384944
0.69437593
0.694549
0.69477797
0.69369495
0.6949136
0.6953215
0.69408286
0.6955487
0.6965976
0.6960247
0.69590825
0.6960653
0.6954121
0.69614124
0.69709975
0.69794834
0.69743466
0.6958646
0.69687283
0.6968359
0.6966376
0.6961671
0.696114
0.69648296
0.6962025
0.69563127
0.6957179
0.69624436
0.6951478
0.69689566
0.6952726
0.69558585
0.6947774
0.6950396
0.6960859
0.69571215
0.6958755
0.6955441
0.69575185
0.6947358
0.6946611
0.6955381
0.69569695
0.6953636
0.6959255
0.69512063
0.69586354
0.6956605
0.6954282
0.6959472
0.6958271
0.6956227
0.69448483
0.69550747
0.6956347
0.6952811
0.69591504
0.6957418
0.6954474
0.69558316
0.69575477
0.69526184
0.6961197
0.6960958
0.6953905
0.6953782
0.69430596
0.6951471
0.6960569
0.69583684
0.6951552
0.6952337
0.69675
0.6962484
0.6941368
0.69462794
0.6966918
0.6954792
0.6945813
0.6951865
0.69480217
0.6950591
0.6946145
0.69485724
0.6947277
0.6953787
0.6955979
0.69629616
0.69632006
0.69538677
0.6948735
0.69579446
0.695842
0.6961132
0.69635254
0.6964756
0.6956702
0.6958979
0.69634104
0.6952703
0.69531834
0.69450355
0.6947163
0.6962065
0.69641113
0.6955122
0.69544834
0.6951099
0.69534457
0.6955173
0.69518906
0.69601667
0.6959958
0.6952187
0.69621897
0.6963796
0.6969823
0.69600415
0.69578826
0.69656754
0.6964826
0.6955721
0.6960009
0.69623655
0.6963014
0.6959015
0.6962745
0.69664687
0.6949559
0.6948558
0.69551563
0.69447845
0.69557095
0.6960445
0.6956963
0.69524974
0.695047
0.6960556
0.69638044
0.695116
0.6942761
0.69630754
0.69638616
0.6962484
0.6963943
0.69748104
0.69636023
0.6968444
0.6948753
0.69485986
0.6957942
0.69523835
0.6953861
0.6952269
0.69509536
0.6950674
0.694971
0.6962783
0.6956636
0.69586706
0.695915
0.69582194
0.69665587
0.6972537
0.69602644
0.69651526
0.69743925
0.6963205
0.6948958
0.6944698
0.6950351
0.6955228
0.69570965
0.6948816
0.69504577
0.69523674
0.6959558
0.69644177
0.6955036
0.6959002
0.6961293
0.69596004
0.69634193
0.6970678
0.6965256
0.696639
0.695965
0.6956108
0.6953971
0.69528466
0.69566876
0.69566816
0.6961194
0.6961819
0.6955692
0.6954837
0.6958686
0.6954916
0.6953484
0.6958673
0.6967943
0.69698924
0.69650525
0.6963298
0.6959112
0.6951499
0.6958417
0.69607145
0.69588834
0.6951569
0.6955337
0.69570476
0.6954487
0.69656134
0.6959143
0.6961183
0.6966705
0.6961582
0.6966322
0.69665956
0.69595766
0.69638854
0.6956191
0.695378
0.6959318
