0.6944017
0.69454604
0.69460225
0.6947994
0.6951417
0.6957101
0.69538045
0.69536024
0.6952405
0.6955085
0.6946274
0.6946922
0.69493717
0.69526607
0.6950244
0.6954202
0.69544065
0.6949703
0.6950262
0.69469595
0.6951086
0.69522583
0.69523156
0.6952283
0.693732
0.6936577
0.69353855
0.6938023
0.69410723
0.694271
0.695504
0.6963662
0.6954742
0.6939718
0.69395345
0.69426376
0.69415116
0.69340235
0.6940824
0.69602007
0.69688976
0.6954351
0.69288623
0.6939141
0.69449484
0.6950208
0.69444543
0.6938769
0.6963766
0.6980579
0.69651747
0.69481176
0.6942219
0.6942824
0.69473284
0.69331247
0.6936897
0.69421256
0.69420385
0.6941933
0.6941399
0.69406813
0.69369346
0.69375783
0.6936716
0.69337994
0.6932949
0.6938201
0.6944399
0.694273
0.694473
0.69412977
0.69407684
0.69408417
0.69423604
0.6942109
0.6939613
0.6943179
0.69438607
0.6952429
0.6943726
0.69425565
0.69451755
0.6944301
0.69431615
0.69420326
0.694576
0.6944294
0.69424516
0.69455093
0.6946953
0.6945055
0.69467616
0.69365305
0.69415766
0.6944571
0.6938262
0.69373363
0.6944055
0.69423056
0.6934243
0.6938365
0.6943863
0.6943322
0.69409037
0.69467354
0.6943834
0.6938553
0.6940748
0.6944515
0.6941143
0.6942833
0.6940245
0.6946777
0.6942855
0.69438887
0.69438696
0.69475216
0.69429076
0.6942402
0.6940165
0.69450456
0.69435245
0.69414824
0.69378525
0.6937925
0.6939675
0.69354016
0.69355994
0.6942354
0.69415885
0.6939832
0.69448596
0.6945725
0.6943003
0.69453675
0.6947408
0.6945625
0.69433945
0.694479
0.69462293
0.6944874
0.69433177
0.69425166
0.6941489
0.69423556
0.69439626
0.6945109
0.6945728
0.6942765
0.69432646
0.6944811
0.69432884
0.6944549
0.6940494
0.69397706
0.69441813
0.6940164
0.69430953
0.6937733
0.6941009
0.69440156
0.69433427
0.6939618
0.69420075
0.6945086
0.69453114
0.69412464
0.6945982
0.6941973
0.69425815
0.6940484
0.6943607
0.6943709
0.6939291
0.69416636
0.6941972
0.6940702
0.6944353
0.6942668
0.69434154
0.6941842
0.694384
0.6941005
0.6940685
0.6944386
0.69458735
0.69403535
0.6941269
0.69391555
0.69402206
0.6941946
0.69410104
0.6939531
0.6940913
0.6941546
0.6943434
0.6944543
0.69437104
0.6945387
0.6944937
0.6945574
0.694098
0.69433284
0.6942398
0.6945864
0.6944128
0.69414663
0.69440544
0.6940177
0.6941246
0.69383556
0.6941725
0.6941325
0.69478554
0.69432384
0.6945105
0.69458944
0.694291
0.69409525
0.6940726
0.6944361
0.69471717
0.69420797
0.69499606
0.6945569
0.69447154
0.6943825
0.6945616
0.69446826
0.6946938
0.6942686
0.6941534
0.6936448
0.6944931
0.6939154
0.69465303
0.69451344
0.694523
0.6947367
0.6945267
0.69429684
0.6946759
0.6942003
0.6942714
0.69455284
0.694716
0.69405556
0.6944361
0.6946613
0.694233
0.6944594
0.694406
0.6943205
0.69417924
0.6944553
0.6947478
0.6943109
0.69452584
0.69462234
0.6945963
0.69487834
0.69454336
0.6948071
0.6945581
0.6943609
0.6943774
0.69428855
0.6945553
0.69471693
0.6946327
0.694491
0.6948988
0.6943542
0.6946643
0.69414693
0.6945892
0.6943601
0.6946309
0.6946085
0.6948295
0.6947909
0.6946707
0.6947268
0.6948781
0.69477665
0.694557
0.6943862
0.6946555
0.69455355
0.6946595
0.6944835
0.6946826
0.6944597
0.6946973
0.69460326
0.69459736
0.694575
0.694596
0.69446766
0.6945224
0.69459516
0.6950065
0.6946597
0.6948454
0.6944323
0.69461733
0.69412047
0.69474
0.69427997
0.6946878
0.6946689
0.6945376
0.6947389
0.6948223
0.69495004
0.69443685
0.69464284
0.69447935
0.69476116
0.6946348
0.69457483
0.69472164
0.6947224
0.6947597
0.69485307
0.6945992
0.69483614
0.69445705
0.69494295
0.6947579
0.6947085
0.69453895
0.6948829
0.69453686
0.69506896
0.6950518
0.69454396
0.6944936
0.69459796
0.6943168
0.6943699
0.6942846
0.6942941
0.69451445
0.69432306
0.6946794
0.69453186
0.6948726
0.69455063
0.6950328
0.6944302
0.69478726
0.6945978
0.69481885
0.694812
0.69500655
0.6947746
0.6950037
0.6949369
0.6945446
0.6947881
0.69490826
0.6948142
0.69446117
0.6946745
0.6946222
0.6948552
0.6946381
0.6946104
0.6945189
0.69471914
0.69514674
0.6946568
0.694693
0.69520044
0.6946382
0.69490564
0.69440985
0.69471025
0.6944397
0.6948285
0.69443655
0.6947135
0.69457495
0.6953161
0.69452465
0.6948188
0.69456434
0.69436955
0.69470996
0.69492364
0.69454765
0.6946927
0.6948676
0.69496375
0.69464666
0.6948139
0.69470865
0.69500643
0.69502944
0.6951957
0.69444346
0.69482565
0.69464236
0.69507265
0.6953381
0.69457674
0.694837
0.69460917
0.6949376
0.6948247
0.6946555
0.6948147
0.6943301
0.6952138
0.69474036
0.6948094
0.6946346
0.69473886
0.6951453
0.69498897
0.69487673
0.69453984
0.69484764
0.6946162
0.6952745
0.6950186
0.69484866
0.6949288
0.6946775
0.6949056
0.6951382
0.694895
0.69468796
0.6949217
0.6949201
0.6949571
0.69496936
0.6948818
0.6946565
0.6950152
0.6942051
0.69519705
0.6948595
0.6947233
0.6947214
0.6951048
0.6945656
0.69518936
0.694805
0.6949827
0.6950909
0.69504666
0.6949485
0.6952172
0.6946583
0.69496626
0.6949833
0.69527215
0.69469553
0.6947966
0.69485766
0.6950657
0.6947012
0.6955187
0.6945653
0.6948044
0.69484085
0.6946784
0.69487077
0.6952449
0.6947007
0.69501704
0.6944964
0.6950846
0.695147
0.69489306
0.69530797
0.69462013
0.6946384
0.6953306
0.69498754
0.69506854
0.6950018
0.69508934
0.69522554
0.6950392
0.69499445
0.6951188
0.69509166
0.6949115
0.69459796
0.69520134
0.6947507
0.6952583
0.69490033
0.6949164
0.6952417
0.6952164
0.69492465
0.69518983
0.69478416
0.695219
0.6949864
0.69497275
0.6948501
0.69511
0.6947153
0.6947754
0.69519246
0.695109
0.69514894
0.6949348
0.6950342
0.69543433
0.69479495
0.69492376
0.69484097
0.69491357
0.69506
0.69515437
0.6949693
0.6951766
0.69483274
0.6950785
0.69478995
0.6954347
0.6947515
0.6952437
0.6946203
0.6949296
0.6949851
0.6947159
0.69459444
0.6954727
0.69469625
0.69496274
0.69493556
0.69493467
0.6947198
0.6949139
0.69545406
0.6948856
0.69514596
0.69515115
0.6954445
0.6952596
0.6952145
0.69495183
0.6950431
0.69568753
0.6948497
0.69530886
0.6952473
0.694861
0.6949951
0.6951467
0.6949437
0.69535697
0.6951671
0.6951413
0.69508517
0.69506216
0.6951882
0.6949395
0.69510996
0.69480544
0.69551545
0.6947208
0.6950045
0.6948594
0.6948055
0.69551224
0.6950861
0.69488794
0.69512475
0.6950883
0.6952922
0.69485456
0.69495785
0.69513047
0.6952569
0.6952299
0.6949206
0.6953305
0.69518036
0.6953432
0.69500357
0.6951395
0.6950894
0.6951536
0.6953121
0.69543993
0.6953518
0.6952534
0.6954018
0.6953144
0.6949725
0.69538236
0.6948895
0.6953628
0.69502556
0.6951963
0.6953835
0.69536775
0.69522756
0.6950678
0.6953585
0.69576067
0.69538045
0.6949894
0.69535166
0.69537956
0.6953176
0.69495857
0.6953404
0.69505286
0.6953085
0.6954227
0.69545543
0.69495875
0.6955157
0.6949531
0.69529575
0.6954179
0.6949019
0.6952093
0.6950102
0.69553804
0.6951799
0.6951381
0.6952923
0.69501084
0.69531566
0.6954119
0.6952169
0.695369
0.6954125
0.69529897
0.6952341
0.6954662
0.69484174
0.6956252
0.69516695
0.6953289
0.69541144
0.69531995
0.6954643
0.6950816
0.6951078
0.6954112
0.6952866
0.6951251
0.6952521
0.69547707
0.695389
0.6949815
0.69524336
0.6951744
0.6951537
0.69517046
0.6949435
0.6955881
0.69525385
0.6954527
0.6955263
0.6953203
0.6953842
0.6950841
0.69543064
0.6949748
0.6955044
0.6959056
0.69531566
0.69499606
0.69537
0.6951314
0.69524527
0.6950573
0.6960167
0.69454503
0.6956529
0.69533587
0.6956503
0.69520116
0.6949249
0.69579625
0.6952522
0.69491404
0.69504046
0.69555044
0.695445
0.69525534
0.6954608
0.6953089
0.69526243
0.69566274
0.69545573
0.6952993
0.6951021
0.69543433
0.6951603
0.6954866
0.69537896
0.6950428
0.6957703
0.69473255
0.69574255
0.6955756
0.69509745
0.6954919
0.69542646
0.69542235
0.69542813
0.69542766
0.69534665
0.69549996
0.6950577
0.6957808
0.6950631
0.695799
0.69547725
0.69521326
0.6955345
0.6951939
0.69561136
0.6951781
0.6953337
0.69558746
0.69545794
0.6952031
0.6955335
0.6952328
0.6955234
0.69573957
0.69506216
0.6957719
0.69530755
0.6953012
0.69526416
0.69567925
0.69553643
0.69505787
0.6957035
0.69543153
0.69558626
0.69531006
0.69504833
0.6956118
0.69537306
0.69545895
0.69573396
0.6951644
0.6952134
0.6959064
0.6954077
0.69539475
0.6954849
0.69498205
0.6959805
0.6954465
0.6953032
0.6953188
0.6955239
0.6951763
0.69567037
0.69509894
0.69548327
0.69521034
0.6954449
0.69507384
0.69534516
0.6953532
0.69567156
0.69546396
0.69522953
0.69556916
0.6955943
0.6955132
0.6956206
0.6955248
0.69543886
0.6955489
0.6952049
0.6955822
0.6956727
0.6950934
0.69563323
0.695413
0.69585603
0.69535774
0.6953305
0.69574994
0.6952794
0.69520235
0.6957885
0.6955914
0.69571066
0.69521874
0.6957819
0.6952598
0.6955137
0.6955452
0.69538826
0.69547683
0.6956331
0.69596845
0.6952221
0.69552904
0.6954058
0.69552594
0.69543165
0.6958318
0.6952904
0.6954202
0.69549465
0.6955031
0.6955494
0.69546413
0.6957945
0.6952669
0.6958748
0.6949109
0.695721
0.6955
0.69576263
0.6951998
0.695822
0.6952071
0.69564044
0.69571155
0.6952563
0.69546026
0.6956841
0.69563186
0.6953637
0.69557893
0.69593036
0.6955251
0.69571906
0.69577485
0.6959881
0.69529706
0.69533676
0.69563127
0.6954271
0.6954012
0.6950161
0.69625837
0.6951827
0.6955552
0.6958254
0.6951976
0.6958966
0.6955261
0.69547457
0.6958385
0.69539064
0.69549257
0.69576484
0.69554186
0.6953886
0.6954814
0.69558644
0.69491106
0.6961019
0.69553256
0.6956087
0.6960474
0.6951461
0.69544995
0.6955924
0.69575304
0.6957277
0.6956312
0.69551826
0.6954917
0.695813
0.69564164
0.6953597
0.69559556
0.695484
0.6960404
0.6954147
0.6950682
0.69576085
0.6957266
0.69545805
0.69608146
0.6953485
0.6954683
0.69560254
0.6955045
0.6954694
0.6958342
0.69571596
0.69588983
0.69524056
0.69579726
0.69593596
0.69549525
0.6956615
0.6953911
0.69612616
0.6956932
0.6957584
0.6955558
0.6959171
0.6955213
0.695985
0.6955209
0.6956459
0.69584537
0.6954428
0.69535786
0.69542444
0.69568306
0.6956771
0.69591564
0.69553775
0.6954574
0.69613266
0.69568133
0.695688
0.695957
0.6953801
0.695884
0.6954861
0.6953945
0.69600016
0.6955225
0.69539404
0.69558555
0.6954859
0.6958257
0.69588596
0.69585
0.69572055
0.69537866
0.69527197
0.6956604
0.6957011
0.6957748
0.6956785
0.69560385
0.69586647
0.6960413
0.6956049
0.6958843
0.69574326
0.69599587
0.6959551
0.69545156
0.6959643
0.69595164
0.6954363
0.6960924
0.6953632
0.6958917
0.69577503
0.6958909
0.69543684
0.695924
0.6959606
0.6955555
0.69545
0.6958906
0.6957837
0.6956949
0.6959694
0.6955078
0.69569653
0.69585663
0.695567
0.6956269
0.69592714
0.6957266
0.6957391
0.6960288
0.6958884
0.69587624
0.6955559
0.6956987
0.6952544
0.6961815
0.6959375
0.69535816
0.69613653
0.69578344
0.69571084
0.695628
0.6950486
0.69586366
0.6958837
0.6956406
0.69577855
0.6957514
0.69568074
0.695651
