0.69301116
0.68840307
0.68037504
0.6815073
0.6806697
0.67827386
0.6793527
0.68702376
0.69574594
0.6843603
0.6897384
0.69611317
0.69396883
0.69235885
0.6889583
0.6936176
0.69933575
0.6974535
0.6912721
0.7002335
0.7008108
0.68544817
0.6889386
0.6899229
0.69422424
0.6949288
0.70675755
0.7002568
0.6932624
0.69543755
0.713455
0.6930825
0.68635744
0.6994353
0.7007926
0.6930477
0.6962375
0.70254606
0.7092563
0.69518244
0.69705576
0.70696944
0.6951144
0.6883871
0.68405783
0.6944546
0.67914885
0.6810447
0.68444306
0.69728214
0.6991561
0.7050196
0.69935083
0.69795275
0.69952047
0.69795173
0.695834
0.6962492
0.6968034
0.69817346
0.699763
0.7002697
0.69636136
0.69377077
0.69493806
0.695938
0.70021427
0.6935362
0.692675
0.6947336
0.69617856
0.6984922
0.6978429
0.6932892
0.69329023
0.69569224
0.70106566
0.6946225
0.69104844
0.69519657
0.6971947
0.7013404
0.6927729
0.6952845
0.6950095
0.71385485
0.69158286
0.70145434
0.7030135
0.6967181
0.69526637
0.6941934
0.7031809
0.7001101
0.7070199
0.70413965
0.68967086
0.7086874
0.6870273
0.6745935
0.6870599
0.69591516
0.6977584
0.6985678
0.69961894
0.699342
0.70051867
0.70059854
0.6998369
0.69978815
0.70202214
0.6964087
0.70395124
0.6894707
0.69571525
0.68356544
0.6860451
0.69166076
0.6952215
0.6964345
0.6971308
0.6965607
0.6954706
0.69438076
0.69262016
0.6931675
0.69424146
0.695031
0.6948709
0.6945729
0.69496065
0.69505465
0.695122
0.6941779
0.69327605
0.69335777
0.69374156
0.6942103
0.69575197
0.69669
0.6947574
0.69485164
0.69625026
0.6914398
0.69875896
0.7014712
0.69405097
0.69197255
0.68811417
0.70098907
0.68364865
0.6944073
0.7062282
0.69259864
0.69833916
0.6853591
0.69327134
0.69842756
0.71121997
0.6976727
0.6917815
0.69556504
0.6816374
0.68847954
0.6938047
0.695196
0.7021699
0.6961572
0.685056
0.6935958
0.70211375
0.70554066
0.6953619
0.6956466
0.6936482
0.6877264
0.6907446
0.6941076
0.694222
0.69487625
0.69916075
0.6970905
0.6951909
0.69328845
0.69170016
0.69606423
0.6987959
0.69643384
0.69346887
0.6900231
0.69502753
0.69649047
0.69574547
0.69465214
0.6943932
0.69413865
0.6938103
0.69457006
0.6950647
0.6954428
0.69511145
0.6960121
0.69711685
0.6967341
0.69712734
0.69727147
0.69667196
0.69763255
0.6940723
0.7006787
0.693833
0.68971884
0.69416636
0.6859683
0.7198506
0.7011336
0.6957413
0.6903055
0.6892547
0.70417947
0.6863947
0.6871433
0.69583815
0.69936085
0.7019669
0.69599134
0.7025114
0.7171827
0.69715214
0.70427287
0.6956605
0.68226504
0.7058816
0.7007066
0.6982913
0.689109
0.6834862
0.6918767
0.6862769
0.6805875
0.6891376
0.69786
0.7056
0.7016409
0.69684523
0.69605845
0.69493264
0.69584095
0.69894946
0.7088974
0.7050927
0.6967743
0.6987443
0.70036227
0.67545027
0.6919648
0.711376
0.68045604
0.6848679
0.7000432
0.7105569
0.70034283
0.69657725
0.6909593
0.6922909
0.6889798
0.7181717
0.7016524
0.68184024
0.69309855
0.69426185
0.6840381
0.68200034
0.68739545
0.692498
0.7083784
0.69144523
0.6988969
0.68810207
0.6808797
0.7015133
0.71495324
0.7218638
0.6863389
0.679308
0.6870872
0.6991417
0.6968478
0.6939063
0.693311
0.6940325
0.6927638
0.6924398
0.6930818
0.69466263
0.70080215
0.7130268
0.6879564
0.685616
0.6978504
0.6973335
0.6896803
0.6898247
0.6974626
0.7058476
0.7086358
0.68330574
0.6871228
0.69831496
0.70049524
0.6964569
0.69645643
0.6961334
0.69314176
0.6913357
0.6921487
0.6991056
0.6890511
0.6891691
0.70661956
0.69949967
0.68599486
0.6895553
0.69545096
0.69626594
0.690657
0.6941019
0.7078911
0.7051587
0.68259066
0.68858224
0.6992277
0.7043706
0.6848402
0.6947748
0.7201497
0.6944046
0.6801317
0.68961084
0.69554377
0.6976965
0.6945962
0.68789625
0.69264096
0.70029527
0.7044981
0.70696783
0.68055123
0.6892012
0.69599
0.69489247
0.69330907
0.69262934
0.69369507
0.6941234
0.6913524
0.6933642
0.69564885
0.69644773
0.6953597
0.6941861
0.69559276
0.7002384
0.702421
0.70204955
0.69246054
0.7050928
0.7212862
0.67085344
0.680969
0.7105605
0.7048141
0.68943125
0.6945853
0.68432456
0.6869893
0.70113516
0.7040339
0.686857
0.69211894
0.6917199
0.6934322
0.697131
0.6999796
0.68937206
0.68832254
0.695807
0.70368695
0.7146028
0.70020753
0.69128454
0.6885965
0.6957293
0.6939202
0.69192827
0.6908132
0.6939156
0.69085103
0.68849224
0.70566404
0.70270026
0.6971294
0.70245683
0.6978524
0.69206935
0.6876485
0.688716
0.69492984
0.7035429
0.70323473
0.6984363
0.6962455
0.69311917
0.6884036
0.6911728
0.69028926
0.69522077
0.70080966
0.69870514
0.70175886
0.7189143
0.6965921
0.68266255
0.68728846
0.69443536
0.711023
0.69981843
0.68288094
0.6909933
0.70259506
0.72031814
0.7112477
0.68660206
0.6781437
0.6896077
0.6999326
0.7135468
0.7099408
0.6637174
0.6792449
0.7012784
0.723109
0.71447396
0.6975341
0.67674136
0.6802997
0.6927148
0.70076126
0.7112923
0.6991639
0.6848923
0.6884342
0.69492906
0.6989767
0.7004912
0.70572555
0.69600666
0.6903806
0.6896845
0.69544554
0.6980943
0.6976484
0.7048466
0.7104867
0.6877686
0.69259435
0.70057994
0.6832699
0.6852161
0.69896424
0.7140562
0.6964738
0.68957126
0.6931322
0.70499086
0.7133247
0.70526624
0.69158554
0.6929732
0.6872055
0.71360004
0.72449136
0.6723294
0.6749358
0.7270222
0.72562414
0.6809508
0.66935146
0.68697286
0.732385
0.7315193
0.662003
0.6664517
0.6923871
0.72852594
0.7218249
0.6944022
0.6864835
0.69155145
0.6974297
0.6972327
0.6936884
0.69658166
0.69518775
0.695117
0.69442177
0.6984098
0.69534284
0.70116603
0.69765574
0.6860995
0.6977085
0.6949267
0.6891338
0.6796187
0.7224931
0.74176437
0.67788464
0.6582894
0.6768585
0.7167001
0.71583855
0.6909638
0.6759157
0.68348897
0.71476936
0.7549038
0.70929956
0.6594938
0.6646371
0.6815039
0.7116189
0.7241925
0.7012658
0.6722095
0.67622423
0.6944731
0.7272976
0.73948175
0.6801931
0.66896015
0.6766092
0.6915147
0.7233068
0.7122095
0.69631046
0.6719363
0.68374026
0.6990879
0.7247024
0.7359093
0.6879796
0.66890174
0.6775841
0.69363326
0.72457755
0.7082109
0.6726271
0.6787866
0.69770163
0.7171189
0.70113456
0.68029994
0.68431175
0.6917541
0.70329654
0.70416844
0.6937886
0.71006876
0.7450289
0.7336247
0.691933
0.6711351
0.6707731
0.68487567
0.71166855
0.7036379
0.6982006
0.6855543
0.68844086
0.7068761
0.75640947
0.7379805
0.68568605
0.6625979
0.66606385
0.6835822
0.7186093
0.73208666
0.70705736
0.69203067
0.7107443
0.690462
0.668322
0.6775541
0.6844201
0.69016695
0.68987864
0.695241
0.7039892
0.70552135
0.7096201
0.720743
0.72621614
0.68844736
0.67271554
0.6776925
0.6817371
0.6728101
0.68948984
0.69433767
0.70833635
0.7157426
0.715291
0.7103155
0.7033477
0.69691396
0.69151044
0.682244
0.68343365
0.68783617
0.6920903
0.7045679
0.7111307
0.7249459
0.73069507
0.7068925
0.67970985
0.67083347
0.6749188
0.6741286
0.68119186
0.6929804
0.69815344
0.7157864
0.7000267
0.700382
0.6985262
0.69607717
0.6949318
0.6935972
0.7036631
0.7028302
0.69860566
0.7019631
0.7059465
0.7097714
0.71755445
0.71010685
0.69548756
0.6810269
0.69187665
0.69618523
0.6938826
0.6937746
0.7091267
0.7147122
0.7040689
0.6886883
0.6783742
0.67331105
0.6795413
0.68578637
0.6893886
0.6925735
0.6942029
0.69950736
0.70254457
0.7048531
0.70732224
0.7092464
0.7094293
0.70055425
0.693926
0.683274
0.67974746
0.6778881
0.6870193
0.6935134
0.6936037
0.6968565
0.70095366
0.7068012
0.7103178
0.713176
0.70908946
0.6998335
0.69138
0.6794089
0.6852199
0.6821407
0.6923225
0.69444025
0.70052606
0.70504314
0.705028
0.7023505
0.6957258
0.6936999
0.6905034
0.693908
0.69620246
0.70748645
0.7231064
0.72707313
0.71394
0.6859816
0.6759407
0.67348206
0.67808396
0.6849357
0.6919641
0.6950305
0.69816774
0.70150536
0.70652175
0.71182555
0.723025
0.72746944
0.721169
0.6965131
0.6777077
0.6722586
0.6740603
0.67766356
0.6857764
0.68964976
0.69637096
0.6956029
0.6977773
0.7094159
0.70199
0.70241904
0.7007624
0.69694865
0.697357
0.6975541
0.69424003
0.6954054
0.6999109
0.7160551
0.6971713
0.68842626
0.69516337
0.7010312
0.69849104
0.70021874
0.69469905
0.70144314
0.6954181
0.7008869
0.7006698
0.7028025
0.6967293
0.68920434
0.69065666
0.6985586
0.70019734
0.7164585
0.70083565
0.689493
0.68731165
0.68775374
0.6952217
0.70052147
0.7092331
0.719207
0.7044737
0.69962317
0.68715423
0.68682593
0.6873897
0.69414043
0.69419116
0.69464797
0.70984334
0.71292806
0.6965782
0.68826723
0.69015217
0.68982065
0.7033121
0.6956844
0.69466645
0.7138652
0.7108531
0.6948517
0.68997204
0.7011974
0.6956131
0.6973607
0.701236
0.699647
0.6992275
0.6993571
0.6998564
0.7011984
0.70157033
0.70282835
0.70033914
0.69882166
0.69641745
0.6960037
0.7006747
0.7000861
0.6982218
0.6966166
0.69816315
0.69473433
0.70065993
0.6990014
0.70287615
0.6928081
0.6963668
0.69735605
0.69727397
0.6996595
0.69945717
0.7084298
0.69894946
0.6935159
0.7013155
0.6995808
0.70413435
0.6984919
0.69373846
0.7104325
0.70242184
0.6903476
0.6907377
0.71014786
0.6962889
0.69194186
0.69597864
0.69606787
0.69120353
0.69739676
0.7048533
0.70414907
0.69662786
0.6959175
0.69356865
0.70519286
0.7096954
0.7088391
0.70043916
0.6998051
0.6939928
0.6906084
0.6935862
0.6903501
0.70063925
0.7019983
0.69695276
0.6882359
0.7099489
0.706161
0.70336753
0.7023165
0.69957614
0.69237
0.6931224
0.6969226
0.6982661
0.70091677
0.7000829
0.6943696
0.70877755
0.70977974
0.7054035
0.69597226
0.697717
0.70343107
0.7022751
0.68977135
0.70552564
0.7026821
0.69241834
0.6971151
0.69808364
0.7023643
0.7002047
0.7027184
0.7170384
0.7049685
0.6930496
0.6977557
0.69051534
0.692451
0.6958515
0.69087684
0.69867146
0.6962308
0.6986502
0.70467705
0.71424615
0.7065682
0.705864
0.7002352
0.6879974
0.70295006
0.6971202
0.69687605
0.6997749
0.6999124
0.70674527
0.7097175
0.70141774
0.7073942
0.7016482
0.692266
0.6926306
0.69979113
0.70044
0.69785625
0.69872797
0.700696
0.70451945
0.703807
0.69860107
0.70297533
0.7048027
0.7052396
0.7051092
0.7028714
0.7018102
0.69973683
0.6995368
0.70079726
0.6974359
0.7002698
0.7030742
0.702972
0.70137155
0.7051729
0.69643193
0.696063
0.70402247
0.706102
0.70397234
0.70323354
0.7015062
0.70223427
0.70307493
0.7038095
0.7112188
0.70267123
0.7009918
0.6993864
0.699738
0.7093528
0.7168043
0.6992242
0.6991722
0.6993005
0.7030329
0.70273626
0.7053072
0.7007492
0.6997525
0.70216215
0.6984007
0.7008844
0.7020211
0.7035433
0.7066143
0.70835096
0.7056772
0.7045752
0.70522135
0.6990706
0.7045498
0.7054714
0.6972865
0.6995606
0.70492053
0.69964474
0.70442355
0.7134538
0.7065638
0.6931742
0.692792
0.69536674
0.6919918
0.69822943
0.7019616
0.6956973
0.70515597
0.70064753
0.700408
0.7160182
0.71301466
0.7053326
0.7043516
0.69683725
0.70207876
0.70404667
0.70358866
0.7032463
0.70398825
