0.69098455
0.68924755
0.6977841
0.6978099
0.7044224
0.6965193
0.6870045
0.69707704
0.69305766
0.69005996
0.688471
0.68488663
0.70034724
0.6931957
0.6937419
0.69411296
0.69256043
0.69564015
0.70702475
0.7229337
0.7094222
0.699285
0.72168463
0.72531784
0.68127143
0.67204076
0.68447614
0.69638073
0.6946545
0.68935335
0.6959758
0.69903976
0.69234514
0.68662214
0.6871503
0.6880633
0.6939917
0.695517
0.6975792
0.6964079
0.69087833
0.6961736
0.6976654
0.6915399
0.69516194
0.68927217
0.6913053
0.6943793
0.6970584
0.69609123
0.69596314
0.6931748
0.6931861
0.6907781
0.695682
0.69561076
0.690611
0.6921547
0.6931834
0.6939659
0.6941958
0.6976839
0.6967136
0.69301283
0.6906522
0.6900746
0.6915782
0.69373465
0.693368
0.6892125
0.6898488
0.69049925
0.69304305
0.69558424
0.69674844
0.6962591
0.69501394
0.6952536
0.6963477
0.6962183
0.69594353
0.6955146
0.69510543
0.6935107
0.69184965
0.69128704
0.69186705
0.69273216
0.6927126
0.6925235
0.69263977
0.6929718
0.69390136
0.6937789
0.69305885
0.69248
0.6926035
0.693552
0.69416857
0.69482607
0.6946104
0.6944857
0.6939605
0.6940222
0.6935645
0.6937287
0.69440436
0.69484025
0.69456464
0.69444036
0.6937858
0.6932936
0.6941101
0.6939884
0.692137
0.69228935
0.6937229
0.6929867
0.6934428
0.69693536
0.6932856
0.690463
0.69675463
0.69894236
0.68809533
0.68201673
0.7030439
0.695593
0.67226803
0.6839563
0.69309324
0.70042557
0.6941489
0.70742494
0.7326135
0.6914945
0.67459714
0.6905094
0.6941802
0.6908581
0.69005257
0.7130526
0.7027595
0.690782
0.6907077
0.69403267
0.6929687
0.6764242
0.6781583
0.69391984
0.7212095
0.7303036
0.68238676
0.67680645
0.681307
0.6835162
0.6814918
0.68087643
0.6888936
0.69943964
0.7134151
0.71379614
0.70346093
0.6902843
0.685117
0.6857929
0.6932753
0.70477927
0.70549935
0.68711776
0.6961744
0.6905949
0.6985943
0.7121895
0.7427965
0.68834513
0.67289317
0.6848333
0.69129974
0.6926145
0.6938975
0.6960171
0.697721
0.69801027
0.69816744
0.6975051
0.6956469
0.69365466
0.6923126
0.6916052
0.6914994
0.6929345
0.69461304
0.6953563
0.69497186
0.6942995
0.6934608
0.6930855
0.69368607
0.69461036
0.69464
0.6939011
0.693316
0.6929211
0.6932697
0.6939718
0.6943592
0.69408643
0.6939043
0.6939347
0.69334644
0.69356465
0.6939757
0.6935551
0.69338244
0.69402105
0.6945029
0.69437087
0.6939635
0.693822
0.6933114
0.6937276
0.69488543
0.69477534
0.6941702
0.693425
0.69371396
0.6945699
0.69421
0.6935232
0.69359565
0.6938011
0.69469184
0.69548976
0.69549686
0.6945185
0.693641
0.6935684
0.69396615
0.6953644
0.6958801
0.69492406
0.6938938
0.6936222
0.69453615
0.696054
0.6959055
0.6948431
0.6938138
0.6935875
0.695102
0.69622374
0.69454014
0.6937861
0.6935868
0.69486994
0.6959052
0.6954318
0.69392854
0.6931041
0.694183
0.6949593
0.695584
0.6946821
0.69313496
0.69332165
0.6952545
0.69539326
0.6946123
0.69191945
0.6908676
0.69232196
0.6954815
0.6986523
0.70027393
0.69863147
0.6975846
0.6952637
0.6908434
0.69348705
0.7026822
0.69230705
0.69673
0.70221204
0.6888297
0.68692607
0.69314826
0.7020035
0.7041146
0.6806318
0.69011384
0.7044012
0.6947186
0.68832254
0.69328827
0.69549197
0.70268506
0.69663
0.6847327
0.68920004
0.6908913
0.69275916
0.69561726
0.6969291
0.6966536
0.6965579
0.6967695
0.69676906
0.6961551
0.69543236
0.69684136
0.6932021
0.6905478
0.69305974
0.6932262
0.6932613
0.6936321
0.69392765
0.6942742
0.6936708
0.693703
0.6938686
0.6941661
0.6949082
0.6945465
0.69343406
0.69419736
0.6948788
0.6953493
0.6950246
0.6942397
0.6929509
0.69338036
0.69426936
0.6958884
0.69455725
0.69062066
0.69804144
0.7021476
0.6958068
0.6895999
0.68719894
0.6973743
0.7185435
0.6722825
0.6853074
0.70747006
0.7006267
0.7005888
0.6898494
0.7013004
0.713128
0.69025916
0.6893664
0.6869814
0.6864154
0.6936204
0.70629483
0.692187
0.68564653
0.69346595
0.70060986
0.70527226
0.68615294
0.68662876
0.69336635
0.69628704
0.70853025
0.69988745
0.6893163
0.6875686
0.6827128
0.6890642
0.6944461
0.69656575
0.7018534
0.69761807
0.6938122
0.68845415
0.691303
0.6918088
0.68309134
0.69934636
0.7063103
0.6956586
0.6932878
0.6993939
0.7071994
0.6974856
0.6861242
0.6914847
0.696828
0.6950088
0.6902671
0.68983406
0.6958759
0.7019718
0.69685525
0.68552786
0.68399036
0.68928856
0.6914735
0.6914193
0.69067305
0.6913492
0.69179136
0.6921222
0.6922643
0.6916752
0.6859827
0.69169617
0.7047493
0.7058775
0.70161605
0.7000637
0.6988637
0.69766384
0.6963336
0.69485104
0.6932458
0.6918744
0.69144416
0.6915631
0.6919921
0.6921984
0.6922415
0.6923339
0.69230545
0.69248664
0.69288975
0.69267344
0.697163
0.69884
0.6854279
0.6878389
0.69882715
0.69485426
0.6928802
0.6936601
0.6950901
0.6956558
0.6959955
0.6956702
0.69441295
0.693934
0.6947627
0.694009
0.692979
0.6926595
0.69231784
0.69250065
0.6929938
0.69420004
0.6973183
0.70251477
0.7079437
0.69933796
0.6903216
0.6894228
0.6886337
0.68032414
0.69185555
0.6981613
0.6963141
0.6833689
0.69418454
0.6918845
0.6933627
0.6913438
0.69172937
0.6986142
0.69560874
0.68874836
0.6944368
0.6899924
0.7024293
0.7002592
0.7027106
0.7052741
0.7138932
0.71563697
0.7084799
0.6864589
0.6797246
0.69371474
0.69351274
0.69394076
0.6974288
0.68616027
0.68298453
0.6908627
0.6953923
0.6968027
0.70149595
0.7017119
0.6986634
0.6880595
0.69171077
0.69432336
0.6953244
0.69562423
0.69492936
0.6917774
0.6885511
0.6896749
0.6922703
0.6937288
0.6951828
0.697289
0.69987106
0.6953791
0.6905753
0.6922726
0.6946221
0.69599766
0.6977991
0.70168114
0.7052034
0.69427496
0.6856545
0.68969196
0.6956257
0.6989111
0.7088507
0.70862085
0.68074703
0.6837776
0.6927429
0.700465
0.7203738
0.70887923
0.67837894
0.6770166
0.68950254
0.69491595
0.6960562
0.69937485
0.70537996
0.69458914
0.6790122
0.6870047
0.69264853
0.69467366
0.69632834
0.70671093
0.7133701
0.70138085
0.69407696
0.6855656
0.68881625
0.6948511
0.69977206
0.6978162
0.6919144
0.6878883
0.69063234
0.6939995
0.6959551
0.704322
0.7115202
0.6951299
0.67967606
0.686166
0.69585127
0.6951789
0.6883382
0.6887729
0.69242096
0.69469786
0.6974705
0.7048656
0.6937561
0.6962007
0.6882669
0.691848
0.6986463
0.7169048
0.7129496
0.6747968
0.6803936
0.6895017
0.69334257
0.6964912
0.7124239
0.7021315
0.6950851
0.681521
0.6884239
0.68945533
0.6930045
0.695168
0.6959177
0.69600505
0.69714475
0.69927377
0.7054515
0.7003458
0.6845577
0.68596196
0.69107455
0.69328296
0.69400007
0.6971478
0.70995843
0.69202375
0.68525684
0.69005466
0.69018877
0.69451463
0.69709903
0.6980536
0.6993327
0.7039733
0.69230604
0.686547
0.69048625
0.6934829
0.69388026
0.6947567
0.69535905
0.696894
0.69954664
0.69723934
0.694268
0.69349635
0.6943096
0.69535387
0.6970146
0.699794
0.7031331
0.6948266
0.6855616
0.6892093
0.69253254
0.6942673
0.703126
0.70204556
0.6893748
0.68813646
0.68731993
0.6944781
0.699651
0.7171969
0.7172332
0.6833326
0.68293494
0.6908867
0.69389427
0.69429815
0.6950606
0.6955672
0.69550496
0.6956742
0.6936046
0.6919041
0.6931515
0.69266844
0.6926523
0.6930642
0.7031619
0.69610316
0.6916589
0.689953
0.68865585
0.6993867
0.6995816
0.69547814
0.69053036
0.6881019
0.6898567
0.6984479
0.70290864
0.682634
0.7031525
0.7048255
0.6996603
0.69305414
0.6899134
0.6861764
0.6880047
0.6838121
0.6853155
0.6912777
0.69342333
0.6962603
0.70509607
0.70916885
0.70306283
0.6989318
0.6984404
0.7023206
0.70683026
0.69718957
0.69123054
0.69032097
0.6923862
0.692379
0.6910119
0.68262166
0.6833645
0.6968698
0.70126194
0.70442444
0.6998358
0.7001379
0.71664476
0.70873195
0.6914132
0.68196434
0.6843666
0.6899338
0.691934
0.6955361
0.70270425
0.6941968
0.69497174
0.6916532
0.6921099
0.6941726
0.6968211
0.70047706
0.7188983
0.72353625
0.69331986
0.6690313
0.67182654
0.6824031
0.69098216
0.6969124
0.6975388
0.69213635
0.69069874
0.7007661
0.6993145
0.69885963
0.70254236
0.70111984
0.6912952
0.6887425
0.6898375
0.6921465
0.692842
0.6957307
0.69706106
0.6990689
0.7144974
0.725846
0.6984495
0.6898281
0.6760065
0.6782627
0.68654996
0.6900121
0.69556314
0.6974193
0.6956487
0.6936896
0.6957033
0.7036589
0.7200466
0.72417486
0.7125223
0.6756501
0.6717042
0.6766347
0.6828654
0.6882879
0.6918366
0.6951305
0.6981447
0.69394094
0.71137005
0.7039895
0.69544345
0.6930422
0.6937552
0.69267374
0.6892309
0.6857524
0.6829111
0.68806994
0.69273305
0.6940272
0.6956356
0.6984692
0.70080185
0.70353025
0.7019091
0.70064706
0.6981552
0.6958568
0.69463277
0.6929384
0.6876477
0.6851249
0.6933132
0.6927097
0.70161116
0.7016107
0.6991011
0.7022824
0.6952777
0.6883945
0.68926674
0.6921542
0.69402677
0.6952123
0.69578534
0.7002699
0.71028614
0.7173947
0.70354885
0.700729
0.69586885
0.6930024
0.68888205
0.6927242
0.6922717
0.6941737
0.6943106
0.6927029
0.69259036
0.6946895
0.69328606
0.6936433
0.69157475
0.6921849
0.6907864
0.69647336
0.69407034
0.69845694
0.6976213
0.69488657
0.69604224
0.6943765
0.6947732
0.69563264
0.69495994
0.69436884
0.69323415
0.6924259
0.69239324
0.6920629
0.696066
0.6956702
0.6927292
0.69175863
0.69414765
0.69637954
0.69733477
0.69709116
0.69754815
0.6981345
0.6968627
0.6953785
0.69519657
0.6959853
0.69491
0.69432354
0.69353384
0.69514173
0.6948218
0.6935255
0.6943617
0.6973274
0.69984293
0.69750124
0.6966676
0.6959229
0.6957221
0.6950648
0.6954604
0.69321555
0.68987095
0.69398534
0.69267887
0.6924667
0.69798154
0.6983482
0.70006734
0.6979442
0.6948144
0.6982842
0.69952375
0.6961245
0.6961965
0.695894
0.6934691
0.6958115
0.69687796
0.69504446
0.6967873
0.698791
0.69672114
0.69582164
0.6965667
0.69631535
0.6968753
0.6980128
0.69664186
0.6959215
0.6945892
0.6948981
0.6942439
0.69395113
0.6962811
0.6962222
0.69637924
0.6950447
0.6914842
0.6941934
0.695924
0.69695234
0.6958615
0.6946601
0.69513494
0.6953175
0.6951998
0.6950445
0.6952514
0.6955745
0.6947841
0.6939869
0.695668
0.6976401
0.6965444
0.695006
0.6954004
0.69538784
0.6957784
0.69637823
0.6954224
0.69540167
0.69540495
0.6955724
0.69475806
0.6944289
0.6950082
0.6951422
0.693525
0.69538134
0.6983004
0.6968665
0.69517195
0.6954524
0.69517523
0.69624466
0.69511
0.6948956
0.6933912
0.69105685
0.6964842
0.69365937
0.69759095
0.6974518
0.69813395
0.69811505
0.6972277
0.6945911
0.69559205
0.69651335
0.6947423
0.6941891
0.694874
0.69252443
0.69251794
0.68881387
0.68740743
0.6997367
0.6996319
0.6944025
0.699055
0.6995426
0.69750494
0.6972092
0.69688696
0.6943676
0.6955386
0.6969733
0.69809943
0.6960619
0.69557333
0.69454163
0.6941452
0.69319785
0.6929971
0.6913378
0.69154996
0.69458896
0.69502896
0.69368917
0.69218016
0.6946593
0.69737196
0.69851816
0.6937542
0.6942069
0.69599295
0.696092
0.6957769
