0.6945455
0.69492644
0.69455916
0.695284
0.6954258
0.6954277
0.6951835
0.6950987
0.69482666
0.69483906
0.69503194
0.69522077
0.6953857
0.6954143
0.69516295
0.6947544
0.6951837
0.69538105
0.69487345
0.6946737
0.6953225
0.6943773
0.6938687
0.6943666
0.6938139
0.6934269
0.6936107
0.6946365
0.69438696
0.69446987
0.69450325
0.69380844
0.69396234
0.69405866
0.6940794
0.6938735
0.6942338
0.69461125
0.6947174
0.6948352
0.695282
0.6951388
0.6948487
0.69467205
0.69413966
0.69406384
0.6942213
0.6940987
0.6942116
0.6938965
0.6935372
0.69384956
0.69407845
0.69411457
0.6942953
0.6945141
0.6946254
0.6946615
0.6943816
0.69422865
0.6942423
0.6936764
0.6935917
0.69375277
0.69393295
0.693846
0.69430494
0.69431204
0.69426334
0.6943169
0.6941493
0.69384974
0.6937978
0.6939218
0.6941845
0.69448215
0.69367605
0.6938148
0.6946245
0.6945833
0.69396996
0.6939153
0.6944057
0.6947635
0.69450617
0.6946334
0.6942112
0.6936585
0.6938221
0.6947544
0.6947742
0.69543505
0.6949117
0.69418526
0.6938669
0.6948586
0.6942436
0.69215494
0.6939866
0.6946731
0.69423836
0.69354945
0.6932741
0.6936981
0.6945713
0.69470865
0.6943601
0.6942286
0.6945681
0.6954588
0.695971
0.6953033
0.6936611
0.6941781
0.69519854
0.69645655
0.6941598
0.69454694
0.6945059
0.6947573
0.69451666
0.694315
0.69404364
0.69426966
0.6939757
0.69447184
0.69470626
0.6947409
0.6945157
0.69423115
0.69460607
0.6949663
0.69519216
0.69549745
0.6957827
0.6949671
0.6946475
0.69470614
0.69532
0.6950381
0.69522864
0.69587344
0.6954548
0.6951996
0.69442266
0.69389933
0.6938471
0.6944098
0.6944309
0.6948406
0.69457126
0.69442993
0.69392025
0.69439477
0.69451976
0.6952027
0.6944664
0.69513535
0.6953954
0.6955917
0.6952263
0.6956143
0.69658226
0.69658923
0.69591343
0.6956388
0.69451326
0.69323266
0.69278544
0.6931609
0.6939743
0.69418085
0.6939802
0.69455796
0.69480085
0.69498163
0.6950692
0.6948525
0.6947927
0.6948037
0.6949961
0.69594765
0.6958765
0.6957631
0.69608927
0.69665873
0.69642305
0.69589
0.69564766
0.69496226
0.6937862
0.693844
0.69309855
0.6932751
0.69323474
0.69374824
0.69434744
0.69496435
0.6948247
0.69446725
0.6945216
0.69429886
0.69405323
0.6940402
0.6943888
0.6952439
0.6952497
0.6958118
0.69611794
0.6960356
0.695503
0.69568807
0.6955922
0.6953861
0.6948928
0.6934679
0.69219196
0.69236565
0.6926919
0.6938729
0.69504815
0.6954338
0.69462997
0.694827
0.69456595
0.6944452
0.6944458
0.69475436
0.6946123
0.694345
0.69432825
0.69469494
0.6947892
0.6956376
0.69595784
0.6959544
0.69595045
0.6957266
0.69517577
0.69443977
0.6934759
0.69312274
0.6933067
0.6939314
0.6945884
0.6945669
0.69478106
0.69512624
0.69480556
0.69516176
0.6941228
0.6940568
0.69473165
0.694749
0.6953264
0.69479746
0.6953499
0.6954605
0.69567466
0.6957411
0.6955304
0.6953246
0.69541144
0.6950592
0.6951955
0.6941477
0.693406
0.6930302
0.6933772
0.6944791
0.6946674
0.6953933
0.69505954
0.6949674
0.6945984
0.6942552
0.69469
0.6946677
0.6948517
0.6949705
0.694962
0.6951549
0.6949877
0.69502383
0.694711
0.69495606
0.6950965
0.6948705
0.6948801
0.6946496
0.6946112
0.6948529
0.69439554
0.6950938
0.69416326
0.69441587
0.69456
0.69503576
0.69438434
0.6941653
0.694024
0.6941702
0.6947282
0.69490385
0.69484633
0.6951069
0.6954134
0.6944227
0.694216
0.6946125
0.6948807
0.6952523
0.6951442
0.6953543
0.6952764
0.6950159
0.6945166
0.6945855
0.69415706
0.6941551
0.6943139
0.6949639
0.6947663
0.69502324
0.69452196
0.6949318
0.6950345
0.69458455
0.6940737
0.694258
0.694329
0.69498783
0.6948761
0.6952597
0.69521105
0.69506246
0.6952036
0.6949731
0.69498634
0.694317
0.69430065
0.69493824
0.6951283
0.6951807
0.69462353
0.6948433
0.6948969
0.6950569
0.69557333
0.69390047
0.6945536
0.6939793
0.69475925
0.6946138
0.69482446
0.6947812
0.69466287
0.69515795
0.6950313
0.6954113
0.69490504
0.6944203
0.6946316
0.6947408
0.6949728
0.6948603
0.69516796
0.69492286
0.69470286
0.6952029
0.6954735
0.69552565
0.69484156
0.69384193
0.6948665
0.6942645
0.69517165
0.69509953
0.6949978
0.69446397
0.69462603
0.6948463
0.6954401
0.69520116
0.6948981
0.69421786
0.6945311
0.6945761
0.6950428
0.6951309
0.69480145
0.6949806
0.6948045
0.69515467
0.6949665
0.69520813
0.694891
0.694743
0.6940952
0.6943398
0.69442654
0.6951071
0.695519
0.69503343
0.6950205
0.6946747
0.6947228
0.69495046
0.6948166
0.69493264
0.6949565
0.6944765
0.6947682
0.695087
0.6946673
0.69506615
0.6944374
0.6952078
0.69488734
0.6945389
0.6949984
0.69478923
0.6951124
0.6948412
0.69509745
0.69495547
0.69505686
0.6947746
0.69534326
0.6951833
0.69510156
0.6950329
0.6944571
0.69493943
0.69501394
0.6949552
0.6951109
0.6951045
0.69500935
0.69505703
0.69503665
0.6951133
0.69471186
0.69501543
0.6951065
0.6948099
0.69468284
0.6950018
0.695018
0.6945618
0.6948593
0.6948647
0.6948472
0.69514716
0.6946235
0.695235
0.6943468
0.69478947
0.69468117
0.69545263
0.6953104
0.69532394
0.6949978
0.6946629
0.69478923
0.69488275
0.6947762
0.69486654
0.694838
0.69478303
0.69489837
0.6952176
0.6950814
0.6951755
0.6951599
0.69472843
0.6953263
0.6949919
0.6946734
0.69459933
0.69483334
0.6947217
0.69477385
0.6949243
0.6951771
0.6948977
0.6950555
0.6953007
0.6952351
0.6950302
0.6951388
0.694735
0.69469655
0.69501364
0.69487077
0.6948692
0.6948864
0.6955196
0.69535434
0.69481844
0.69541246
0.6950769
0.6948714
0.6950082
0.69489473
0.6946411
0.6948838
0.694752
0.694851
0.6948597
0.6950942
0.69538677
0.69518435
0.695353
0.69506955
0.6951607
0.6952702
0.69462293
0.6953633
0.69501895
0.6951586
0.6951627
0.6949455
0.6953817
0.6948299
0.6951285
0.6948371
0.6948988
0.6955242
0.6947732
0.6950628
0.6954368
0.6950653
0.6952606
0.6951501
0.6954649
0.69517815
0.69501585
0.6950643
0.6953533
0.6950733
0.6951554
0.6952459
0.69529384
0.69503045
0.69521236
0.6953339
0.6950795
0.69496804
0.69517696
0.69482476
0.6954917
0.69493747
0.69507205
0.6951648
0.69547874
0.694936
0.69515336
0.6948997
0.6955101
0.69507134
0.6947356
0.6952648
0.6948745
0.6955169
0.69519687
0.69536674
0.6954195
0.69503564
0.69497854
0.69527376
0.69523114
0.6948844
0.6950544
0.6949692
0.69539875
0.69495517
0.6953541
0.6952651
0.69518995
0.6953646
0.69561934
0.69471
0.69553834
0.6950653
0.6952487
0.695113
0.6953927
0.69488573
0.695064
0.6951161
0.6953944
0.69532126
0.6951661
0.6947696
0.695213
0.6947732
0.69522756
0.69514155
0.69512075
0.6956163
0.69494367
0.695271
0.6951143
0.6954268
0.6952475
0.6956261
0.6946474
0.6952299
0.6950229
0.69517756
0.6952528
0.6955558
0.69529444
0.6956138
0.69511706
0.69511044
0.69550365
0.69531393
0.6950173
0.695224
0.69513303
0.6952972
0.6948233
0.6954755
0.695001
0.6952943
0.6953011
0.6952758
0.6949573
0.6956726
0.6952316
0.6949585
0.6954258
0.6951217
0.6960022
0.6948836
0.6949726
0.6952166
0.6955797
0.6951869
0.69507414
0.6951443
0.6951817
0.6954626
0.6952513
0.6948597
0.695563
0.6953951
0.69543123
0.69537467
0.6951432
0.6952202
0.6954012
0.6954942
0.69528747
0.6951698
0.6954146
0.694887
0.695692
0.6946843
0.6955208
0.69504064
0.69555986
0.6952427
0.69536567
0.6950893
0.6958274
0.6952402
0.6957003
0.6949639
0.6957195
0.6951357
0.6955883
0.6952228
0.6954164
0.6951321
0.69578373
0.69478893
0.69538456
0.69524926
0.69542533
0.6952376
0.6950566
0.6952607
0.69521374
0.6950669
0.6955009
0.6955002
0.6959187
0.6954068
0.69573325
0.6954277
0.69518375
0.69544303
0.69543093
0.6959341
0.69506073
0.6954098
0.69539106
0.695272
0.69529915
0.69541645
0.69526803
0.6954114
0.6956584
0.6949846
0.6951155
0.69525886
0.69516355
0.6950476
0.6954613
0.6952748
0.69532204
0.6952319
0.6954945
0.6953457
0.6953797
0.6954506
0.69564444
0.69518393
0.6954752
0.69548684
0.6959649
0.695442
0.6956015
0.695408
0.6955048
0.6952164
0.69522935
0.69536865
0.6955794
0.69538355
0.6955296
0.69535905
0.6954672
0.6955774
0.6952878
0.695263
0.69570875
0.69571036
0.6952526
0.69582266
0.69521254
0.6952328
0.69541734
0.6956425
0.6952883
0.69567436
0.69532657
0.6951376
0.69573736
0.6954351
0.69563943
0.69549406
0.69578534
0.695132
0.69545823
0.69506216
0.69534814
0.6957478
0.6954282
0.695306
0.6954154
0.695211
0.69558185
0.6955569
0.6954096
0.69508
0.69567937
0.695662
0.6951761
0.6951496
0.6955934
0.69522524
0.69593304
0.69542044
0.69547373
0.6955204
0.6958409
0.69528705
0.6953209
0.695888
0.69495356
0.69572395
0.6954955
0.6956775
0.6956124
0.69568807
0.69531995
0.695356
0.6951853
0.6954961
0.6953055
0.6956161
0.69547606
0.6955642
0.6958871
0.6952672
0.6955231
0.69503313
0.6961074
0.6951908
0.6956492
0.695704
0.69491464
0.69550776
0.69579166
0.6951484
0.6957793
0.69582605
0.6958144
0.69554085
0.69565094
0.695787
0.6956025
0.6955858
0.69579595
0.69534445
0.6954883
0.6958057
0.6949781
0.6962402
0.6954216
0.69572586
0.6954872
0.6954091
0.69545996
0.69575846
0.6951679
0.6954253
0.69591224
0.695107
0.6959449
0.6951789
0.69570243
0.6949309
0.69542813
0.6956864
0.695509
0.69529897
0.69537884
0.6957268
0.6956827
0.6953664
0.6955358
0.69564784
0.6955666
0.6954212
0.69564927
0.69537723
0.69536
0.69546765
0.69586146
0.69607204
0.69544303
0.6957951
0.6957596
0.69548273
0.6960787
0.6958872
0.6953387
0.6953891
0.6959805
0.69514674
0.6957889
0.6958444
0.69556814
0.6955546
0.6955931
0.69552034
0.6960287
0.695473
0.6959947
0.69576776
0.69558126
0.6951741
0.6955283
0.6955768
0.69548017
0.69535446
0.69544536
0.69589055
0.6948964
0.6958956
0.6957176
0.695787
0.69536287
0.6958881
0.69568205
0.69524944
0.6955857
0.6961545
0.695563
0.6960585
0.6952965
0.69575113
0.69495577
0.69569135
0.69537795
0.6951308
0.69556254
0.6959446
0.69569504
0.69549674
0.6958086
0.6957069
0.6956958
0.69570464
0.6960127
0.69516325
0.69607115
0.69521046
0.6965599
0.6952282
0.69535905
0.6955514
0.6951228
0.69623446
0.6953469
0.6957893
0.6956842
0.69547737
0.6954001
0.69579595
0.6954172
0.6961668
0.69542074
0.69553083
0.6954437
0.6954815
0.6955388
0.6955194
0.69557256
0.69590336
0.6955359
0.69565696
0.6956527
0.6959207
0.695181
0.6957068
0.695315
0.6964473
0.6954258
0.69584227
0.69548476
0.69605535
0.69548094
0.6960816
0.6955727
0.6953455
0.6953657
0.6958172
0.69590044
0.69553995
0.69537693
0.69588727
0.69524497
0.6955469
0.6960382
0.6955554
0.69562507
0.6956036
0.6960819
0.69511193
0.6956805
0.695497
0.69588804
0.695572
0.69573426
0.69566005
0.6961525
0.69538707
0.69564867
0.69572103
0.6953203
0.69576305
0.69549954
0.6957383
0.69543463
0.69562155
0.6960506
0.69552135
0.6956563
0.695701
0.6961743
0.6956591
0.69535464
0.6960668
0.6954036
0.6959035
0.6960536
0.69560707
0.69601184
0.695559
0.696106
0.69519705
0.6960182
0.6958664
0.69555897
