0.69345903
0.6923651
0.68821436
0.68756104
0.69986963
0.687158
0.6793431
0.68109053
0.6825856
0.69641185
0.7087295
0.6943811
0.68726027
0.6873009
0.6900908
0.6927724
0.6997098
0.70158434
0.6888453
0.68625736
0.6973481
0.6913731
0.6878088
0.6958058
0.6987755
0.700627
0.6985595
0.69750667
0.69531184
0.728821
0.71805596
0.67964953
0.6863911
0.6829967
0.6963133
0.7227696
0.70658094
0.6901657
0.69299585
0.70080984
0.68450165
0.69846785
0.6950535
0.68725824
0.6997572
0.7173588
0.6949213
0.6895177
0.69289994
0.6894747
0.6916231
0.7117986
0.7001874
0.68007594
0.69010144
0.7005218
0.69892514
0.6896081
0.6973616
0.7256751
0.6903173
0.6780407
0.6956618
0.70443785
0.689993
0.69148487
0.6976494
0.72801983
0.7032007
0.6940459
0.6914236
0.69349945
0.685616
0.70577353
0.697655
0.6971226
0.6962164
0.6924965
0.6910612
0.717409
0.71297646
0.69519854
0.6987312
0.69360536
0.6895189
0.69696575
0.6978348
0.69697624
0.6961687
0.6976433
0.6948252
0.69488055
0.69090587
0.69983244
0.69685817
0.7096347
0.7130656
0.7200671
0.71380746
0.70404553
0.6953209
0.6988884
0.696733
0.7039169
0.6985208
0.68653643
0.6851878
0.69215494
0.6966093
0.6974519
0.6975064
0.69725364
0.6975021
0.7087722
0.7045147
0.6892917
0.688961
0.69741976
0.7022012
0.69229656
0.68845034
0.6930818
0.69845724
0.7207178
0.7043462
0.6993023
0.67512006
0.6819977
0.689851
0.6966181
0.70151937
0.7015176
0.70078295
0.70689964
0.7005865
0.6961292
0.6897328
0.688396
0.69187075
0.6935939
0.6936164
0.6929197
0.692384
0.691952
0.6915925
0.69216627
0.6930191
0.6939392
0.6951067
0.6954316
0.69629985
0.69636405
0.69576406
0.6952994
0.6950304
0.69447064
0.69421285
0.69430256
0.6933971
0.69665045
0.6979978
0.69693303
0.6980894
0.6976483
0.6977898
0.6997117
0.69527173
0.6945818
0.696181
0.6983397
0.6950937
0.6949267
0.6964738
0.69712245
0.702503
0.698714
0.69437426
0.6875643
0.69360507
0.6962003
0.6963269
0.69666815
0.70281285
0.700514
0.6990507
0.6869274
0.6912605
0.6951997
0.69596434
0.69874436
0.70325834
0.6970433
0.69427323
0.69317967
0.6884363
0.69392174
0.6956616
0.69602287
0.7037854
0.69566745
0.6881426
0.69251853
0.69396603
0.69406587
0.69462955
0.6961118
0.69850934
0.6978495
0.69214207
0.69031465
0.68951064
0.6935686
0.6934462
0.69499254
0.7001516
0.69367343
0.6909012
0.689802
0.6931412
0.6938636
0.6921142
0.6948186
0.6995248
0.69931954
0.6882881
0.6786205
0.69796085
0.7047209
0.6989027
0.70046186
0.6894626
0.69312537
0.6976239
0.6936561
0.6922933
0.6942686
0.69656855
0.6969996
0.69651407
0.69570595
0.6942551
0.69360685
0.69372314
0.6966348
0.6960455
0.69564074
0.6953493
0.692015
0.6982843
0.6963382
0.69335884
0.69298947
0.69479674
0.6960318
0.6984307
0.693622
0.69567794
0.6973973
0.69553506
0.69868684
0.69460195
0.6969183
0.69031286
0.6945952
0.706626
0.6989683
0.6886937
0.69354063
0.6960635
0.7023992
0.7024674
0.70762616
0.69736725
0.6958075
0.6921753
0.68839186
0.69617766
0.7019256
0.68902695
0.6901565
0.6953848
0.6960601
0.69686204
0.698404
0.69088656
0.6936402
0.6945172
0.69642186
0.69809276
0.69536036
0.6946188
0.69382846
0.69442713
0.69674224
0.7014143
0.69947004
0.69631416
0.69532716
0.69543046
0.6938265
0.69327
0.6920769
0.69063926
0.690386
0.6964034
0.6968588
0.6988775
0.7057658
0.67940515
0.6866852
0.68377244
0.69004446
0.7117411
0.71953964
0.7043779
0.67135507
0.684813
0.6898055
0.6910802
0.7077475
0.702277
0.71015495
0.6835863
0.69212526
0.70751095
0.6953436
0.68942344
0.69276285
0.696904
0.6945612
0.7049624
0.6996789
0.6977658
0.7085184
0.71021116
0.6740352
0.68342
0.69623715
0.7015075
0.73654246
0.6626933
0.68135095
0.7105526
0.7203493
0.68232685
0.6894539
0.6988495
0.6992031
0.69609475
0.6944329
0.70104605
0.71130675
0.69588476
0.692794
0.6961053
0.69815916
0.69974595
0.70522773
0.6996624
0.69102585
0.6911313
0.69439155
0.6963314
0.6982274
0.7042192
0.6903494
0.6873024
0.69754463
0.69808793
0.695931
0.6939397
0.69195884
0.68659896
0.6870431
0.6811112
0.6938523
0.6973752
0.7023268
0.6979279
0.6909263
0.6933578
0.702704
0.7008102
0.69636214
0.69221854
0.69405204
0.6922987
0.7082365
0.71494424
0.70384103
0.69918644
0.685383
0.6880364
0.69126695
0.6878556
0.7093967
0.7151712
0.7017208
0.6940365
0.6876461
0.6907868
0.68940765
0.69270235
0.69481015
0.6974075
0.70254296
0.70873606
0.6969302
0.6776242
0.674969
0.679868
0.70859766
0.7146556
0.7228348
0.72004575
0.69526947
0.7064338
0.6933835
0.6902263
0.69200873
0.677655
0.6882331
0.6948525
0.69923663
0.6964677
0.6918281
0.6943053
0.70018125
0.6974886
0.6957021
0.6938833
0.6906024
0.69429106
0.69588774
0.7043789
0.69828427
0.69350755
0.6928209
0.6941941
0.70100194
0.698291
0.69670963
0.69337016
0.69155455
0.69641733
0.7060281
0.7054518
0.6788059
0.68513083
0.6943813
0.70075923
0.7086635
0.6965206
0.68985236
0.68972
0.6973269
0.6918933
0.6884682
0.6888925
0.6951608
0.6949532
0.6966344
0.6960245
0.6942033
0.6943354
0.69425464
0.6973181
0.6990383
0.6949693
0.69839066
0.70233834
0.69670415
0.699165
0.7108958
0.7033798
0.6976897
0.6978992
0.6984741
0.6955064
0.69510484
0.7008446
0.69608456
0.69289064
0.69694805
0.6966102
0.6950809
0.6948914
0.69445765
0.6994681
0.6973102
0.693751
0.694193
0.6936186
0.69109684
0.6901169
0.6895509
0.69796723
0.6981088
0.69893914
0.6969397
0.6958175
0.6971912
0.7025134
0.6999263
0.694185
0.691517
0.6920024
0.6971943
0.6993952
0.7082576
0.7005601
0.697641
0.69795936
0.69941247
0.6966196
0.69368476
0.6951072
0.6895043
0.69268036
0.69252795
0.6955587
0.70058954
0.69506854
0.6972556
0.69058436
0.6893864
0.6868892
0.69088775
0.6924883
0.7018115
0.6995127
0.6915731
0.6948655
0.6919799
0.6897201
0.71536064
0.69422406
0.69984734
0.7071378
0.69193166
0.6957691
0.6944233
0.70912457
0.70911205
0.6962617
0.6844713
0.70053107
0.69834024
0.7011526
0.70131826
0.6953738
0.6939447
0.6975147
0.6999511
0.69423515
0.6960269
0.6967566
0.7033842
0.70871335
0.6928559
0.71051866
0.6851509
0.69681156
0.695855
0.70933104
0.70211536
0.71206206
0.6893305
0.6905678
0.68896735
0.6925537
0.6935213
0.6950898
0.699541
0.6878303
0.69690305
0.6883969
0.6915697
0.693796
0.7128661
0.698971
0.69269836
0.6954719
0.6963002
0.70128465
0.70150745
0.72791684
0.7171612
0.71113354
0.7039588
0.69851965
0.68857634
0.69096935
0.6960072
0.6957474
0.692679
0.6911059
0.7021825
0.7028972
0.6765715
0.6825244
0.69003075
0.7002264
0.71791786
0.7088018
0.69706345
0.69701177
0.6983097
0.69522244
0.6904563
0.69162536
0.6948536
0.68572646
0.6904648
0.6941958
0.6939438
0.6947175
0.6922286
0.69882554
0.6964361
0.70036364
0.69673353
0.6972824
0.6973368
0.698539
0.6929971
0.70382625
0.69554883
0.6919642
0.69341445
0.6978115
0.7086869
0.71170956
0.690729
0.6933648
0.7047213
0.70527124
0.7010352
0.70472986
0.6960927
0.6978978
0.69614524
0.6980937
0.6973165
0.697261
0.6991172
0.6985984
0.69568396
0.69964856
0.7007906
0.69763136
0.696567
0.69763786
0.7067152
0.69548905
0.6982652
0.6896874
0.6941698
0.6957202
0.6980854
0.70153147
0.69620925
0.69900876
0.693561
0.6911417
0.6961659
0.6965049
0.70388836
0.70275867
0.69407195
0.69659567
0.6868031
0.69093305
0.69819987
0.69836164
0.70459634
0.6909456
0.69727725
0.69494677
0.6939142
0.68944216
0.6951135
0.6997217
0.7148805
0.6945586
0.7010428
0.7098079
0.6831678
0.68919843
0.6956137
0.7006495
0.6967795
0.69511205
0.6982241
0.701622
0.6949108
0.6980874
0.6992601
0.70204306
0.69360775
0.7028362
0.6976623
0.69274306
0.6998531
0.7002457
0.6907429
0.69516116
0.70458174
0.69862473
0.7025712
0.7054942
0.6943539
0.69501257
0.70011806
0.70702714
0.71358454
0.7018421
0.6972038
0.6951649
0.6919577
0.694382
0.6901997
0.68966013
0.69301814
0.7014323
0.6952584
0.6990957
0.6998236
0.70163655
0.69662285
0.7022312
0.6918585
0.70035416
0.6989324
0.6954048
0.695087
0.70095485
0.69965667
0.6888159
0.6863996
0.69565564
0.69326454
0.69672775
0.6966901
0.69598514
0.69722044
0.69747126
0.697062
0.69707686
0.69568175
0.6977677
0.69587976
0.69764715
0.6985568
0.6957408
0.6973651
0.69834197
0.699042
0.6950784
0.6978879
0.6991938
0.69916266
0.6961716
0.70034957
0.700265
0.69817674
0.7033896
0.7093046
0.71131945
0.6997032
0.6932249
0.68643874
0.69241595
0.69559896
0.69576085
0.69904953
0.6960919
0.7001116
0.6951242
0.702027
0.70214814
0.6965744
0.6988646
0.7016667
0.7049966
0.6967843
0.6953152
0.6972169
0.6963899
0.7071984
0.70267594
0.68933743
0.69818026
0.68911254
0.69382334
0.69730645
0.69930094
0.6994246
0.7069013
0.7013811
0.6948489
0.69919014
0.69480073
0.6907585
0.6948722
0.7015783
0.7013289
0.6972681
0.7061649
0.7006816
0.69436115
0.70636576
0.6978916
0.6918226
0.6926741
0.69725406
0.7032139
0.7021097
0.7015437
0.708292
0.7050201
0.6997331
0.6908475
0.7061874
0.700551
0.6990838
0.7001923
0.69958353
0.7015008
0.6998667
0.6990044
0.69853324
0.6964176
0.7028479
0.6998798
0.7025845
0.69704616
0.7034169
0.7005899
0.7041388
0.6986121
0.7065073
0.7018731
0.70329607
0.70355254
0.6941847
0.7157178
0.6961634
0.69331783
0.7006617
0.7004909
0.6924118
0.7006925
0.71174145
0.70929706
0.697913
0.69421923
0.6943788
0.7163734
0.69961786
0.69672626
0.6994314
0.6981928
0.704684
0.710158
0.69657946
0.7064916
0.7051497
0.70288604
0.70412207
0.7005274
0.69837356
0.6976262
0.70520043
0.703925
0.7004644
0.699336
0.69721407
0.6973701
0.70006
0.7003311
0.69727
0.69994646
0.696613
0.6962577
0.6972557
0.6942455
0.6957549
0.6953569
0.700054
0.6987371
0.6991614
0.6983409
0.69881934
0.7021473
0.70036995
0.6955714
0.6935951
0.69869155
0.70801353
0.70473164
0.6943339
0.7014689
0.70099217
0.69914937
0.6996098
0.6995474
0.700448
0.7025305
0.69849306
0.6987406
0.70604956
0.7067952
0.7024939
0.7050918
0.70099026
0.6960597
0.6987815
0.69606924
0.69757
0.70223075
0.6998781
0.704262
0.69396317
0.704158
0.70518893
0.69359064
0.70033765
0.70256317
0.704762
0.6999241
0.6999761
0.6926009
0.70221525
0.7033706
0.6989271
0.7079796
0.6942585
0.6960938
0.7037463
0.69835097
0.70095086
0.69003725
0.70861715
0.70112
0.6942733
0.70145977
0.7049523
0.70563686
0.7062037
0.7063349
0.7062529
0.7021441
0.70488185
0.6988984
0.6987197
0.7000916
0.69971186
0.69482785
0.6994877
0.71732044
0.7051987
0.70164174
0.70565844
0.6895054
0.6961079
0.70475024
0.70623827
0.6991243
0.7101556
0.69070184
0.70039797
0.6998039
0.6943213
0.69510126
0.697534
0.69256127
0.6930374
0.6983517
0.6979213
0.69532883
0.6972653
0.69726765
0.6977873
0.6981985
0.70173436
0.69996434
0.69879705
0.6953039
0.7014754
0.69968563
0.70397806
0.69902754
0.6971758
0.69712985
0.7027882
0.70035684
0.70028305
0.69831395
0.7009093
