0.695321
0.6906924
0.7000677
0.69477636
0.693819
0.69361126
0.7077758
0.7074167
0.68471265
0.6881378
0.69261986
0.7052218
0.69039845
0.6858694
0.6945147
0.6980272
0.70268
0.7063303
0.6907789
0.6809245
0.698987
0.7262067
0.6887484
0.67576015
0.68344873
0.69367635
0.70425653
0.6943774
0.67787313
0.6834382
0.6782148
0.6866511
0.70811796
0.6879092
0.6846245
0.6949225
0.70409316
0.681656
0.67956614
0.6955639
0.710264
0.7259857
0.74388444
0.68331665
0.67117554
0.68205416
0.6874791
0.6882014
0.6889664
0.6918219
0.69514614
0.69694877
0.6974914
0.69694024
0.69516003
0.6932187
0.69261056
0.6928272
0.69320905
0.6931404
0.6926248
0.69368154
0.6948146
0.6952238
0.6949469
0.69488156
0.6949627
0.69528896
0.6943266
0.69318193
0.69275373
0.6937796
0.69517255
0.69518507
0.69401014
0.69272345
0.6935979
0.69518626
0.6957311
0.6957221
0.69503456
0.69433886
0.6948146
0.69526887
0.6955147
0.6955864
0.6962814
0.69613725
0.695958
0.69598866
0.69589156
0.69601065
0.6964031
0.6957507
0.6959015
0.6964708
0.6962137
0.6964838
0.69587725
0.6955759
0.69581205
0.69608384
0.6950554
0.6939529
0.6934843
0.69339925
0.69373244
0.69273394
0.6923501
0.6927367
0.6929229
0.69259953
0.69137305
0.69068784
0.69168836
0.69230705
0.69219637
0.6915079
0.6918493
0.69306016
0.69351786
0.69218254
0.6925133
0.6930449
0.6935849
0.69467443
0.69322854
0.6928102
0.694394
0.6947599
0.693472
0.6932782
0.69435763
0.6946975
0.6939515
0.6930949
0.695288
0.6975277
0.69045496
0.6922536
0.6979032
0.7070871
0.6873974
0.69228125
0.7090431
0.697964
0.68816674
0.69508475
0.72169924
0.69187325
0.6816567
0.6899293
0.7046476
0.71058255
0.685142
0.6983486
0.6894482
0.6979831
0.6920767
0.68191093
0.68232495
0.6859382
0.67933714
0.68929404
0.69055235
0.6879697
0.6896856
0.69252324
0.6908757
0.69153905
0.69182754
0.6912385
0.6905335
0.6903116
0.69119346
0.691943
0.6923709
0.6924959
0.69215024
0.69227946
0.6923003
0.69284457
0.6930852
0.6934266
0.6927762
0.69265795
0.6926377
0.69279516
0.6936803
0.6938006
0.6939333
0.694213
0.69432116
0.69444877
0.69428277
0.69452155
0.6946314
0.69492584
0.6949621
0.6954551
0.6957119
0.69584876
0.69566256
0.69545776
0.6956193
0.69585997
0.69602025
0.69601166
0.69679594
0.69700545
0.6977417
0.698192
0.6979213
0.69807196
0.6980455
0.6979572
0.69772124
0.69994706
0.69887173
0.7012938
0.701697
0.71209097
0.69729733
0.68442386
0.69159186
0.71429586
0.6995093
0.6715997
0.68285817
0.6957945
0.6979231
0.695903
0.6949727
0.69476247
0.69593066
0.6970299
0.69789135
0.6974126
0.6957672
0.6935949
0.6922141
0.69169426
0.6914497
0.6910521
0.6909261
0.69068736
0.69050854
0.69098824
0.6916453
0.692493
0.6924885
0.69291
0.6933789
0.69368654
0.69388014
0.6940946
0.6941959
0.6939722
0.6936429
0.693397
0.6931572
0.69315034
0.6929342
0.6932043
0.6934528
0.6937693
0.6938505
0.6941044
0.69409746
0.69401956
0.69438076
0.6949796
0.694769
0.69518214
0.69550925
0.6954775
0.69578964
0.69842505
0.6963914
0.6952102
0.695559
0.69381636
0.69428134
0.69587195
0.6969282
0.6976753
0.696556
0.69585794
0.68990153
0.69213754
0.71798885
0.6881582
0.6942018
0.7006346
0.70662355
0.70255774
0.7005418
0.7164905
0.68194115
0.6838871
0.69168633
0.6991317
0.7036951
0.6936447
0.6789002
0.69049764
0.6981073
0.707073
0.7019027
0.68725127
0.6886477
0.69721085
0.70002204
0.70091665
0.71763575
0.6970748
0.6768131
0.69032496
0.698764
0.71044093
0.68617046
0.6942743
0.6929907
0.6835256
0.6861273
0.69116485
0.69483775
0.69943476
0.70321286
0.6965513
0.6854184
0.6914187
0.696274
0.69905347
0.7028239
0.69308835
0.68822664
0.69219345
0.6954808
0.70958215
0.6990501
0.68583566
0.68954897
0.695113
0.69433105
0.6932684
0.6907002
0.6924812
0.6927858
0.69215876
0.6922422
0.69345754
0.6949343
0.69612825
0.6965818
0.69306237
0.69168186
0.69334525
0.69709104
0.69856215
0.69237125
0.69149095
0.6937941
0.6964265
0.7006872
0.69578785
0.6875011
0.6943125
0.7034563
0.7064498
0.6797244
0.68834573
0.70604527
0.7151667
0.67435735
0.68504953
0.70682067
0.71810454
0.67702883
0.6779296
0.69772357
0.7147208
0.69023067
0.67167586
0.6859265
0.69424796
0.7002022
0.71588475
0.68237954
0.6838581
0.6959939
0.70336473
0.6892475
0.694277
0.69367266
0.6862837
0.69159424
0.71469194
0.70408005
0.6822766
0.68660825
0.693694
0.69833446
0.7065011
0.69388247
0.6890093
0.6934191
0.69650507
0.7075121
0.71406215
0.68112046
0.6827754
0.6933004
0.7022014
0.70691824
0.6972918
0.6913864
0.6887968
0.7042344
0.6986794
0.684345
0.6841843
0.6930706
0.7048829
0.6994491
0.69271815
0.6924688
0.68608934
0.68705463
0.6939885
0.71207213
0.7138896
0.68361604
0.6794677
0.68954164
0.69572973
0.6993293
0.7064558
0.69185746
0.6848191
0.6906886
0.6958895
0.710583
0.7187428
0.6874793
0.6738446
0.68819517
0.6988551
0.7201528
0.7067199
0.68913245
0.6899776
0.68676
0.68630487
0.6879069
0.6931376
0.7026855
0.7023056
0.7059025
0.6981921
0.66814375
0.68145317
0.6947617
0.69803125
0.6947589
0.70152444
0.69288963
0.6949633
0.69058084
0.69537413
0.6940017
0.69128704
0.6959679
0.6974972
0.71636426
0.7144487
0.69613755
0.671943
0.6798512
0.6908472
0.70102006
0.71612746
0.6833642
0.6895545
0.6878227
0.69029665
0.6920897
0.6924456
0.6928461
0.69650155
0.6926837
0.6989962
0.70194674
0.6959893
0.7053097
0.7095486
0.7072948
0.7138724
0.6954403
0.6798859
0.6845818
0.68914515
0.6821233
0.6929397
0.69962835
0.6885519
0.6870496
0.6897485
0.6923951
0.69754326
0.7122413
0.73099947
0.71649474
0.6977992
0.675782
0.67889875
0.68843603
0.69309926
0.7063175
0.70002526
0.69071037
0.6861913
0.6942988
0.7034273
0.7095761
0.7200596
0.6942131
0.6731154
0.6813019
0.68312645
0.6863766
0.6949784
0.6931883
0.69124585
0.6918973
0.6911424
0.69357723
0.7017528
0.693871
0.69457906
0.6963709
0.6971868
0.6974438
0.70688933
0.6977006
0.695378
0.70259625
0.7085376
0.73467106
0.7087355
0.6687558
0.67492604
0.6850254
0.691113
0.6926547
0.69614136
0.69091165
0.69471437
0.6976519
0.7096911
0.75229853
0.70713127
0.6738922
0.6814542
0.6873485
0.6920476
0.6938784
0.6926785
0.69575274
0.6936056
0.6976355
0.6926881
0.689355
0.688522
0.70188475
0.70611787
0.7034842
0.69357044
0.6903179
0.68932784
0.6895028
0.69054747
0.6936805
0.6951196
0.69670194
0.6974426
0.6973526
0.69541633
0.6968343
0.69879436
0.6956912
0.69489807
0.6950502
0.69348574
0.6937183
0.69523144
0.6946442
0.69528097
0.6942259
0.69540405
0.69532907
0.69329125
0.6942293
0.69497365
0.6972143
0.6987441
0.70069104
0.69034547
0.6887877
0.691552
0.6946337
0.6957132
0.69578016
0.69307286
0.6961727
0.7012811
0.7048423
0.68641955
0.6812225
0.6930492
0.6957962
0.69612515
0.6976753
0.7046013
0.69893116
0.68682885
0.6790083
0.6861338
0.70665157
0.7029417
0.6835154
0.70340294
0.6986231
0.68517107
0.6794586
0.68998635
0.7019208
0.70788425
0.7002301
0.70089215
0.7015951
0.69020784
0.6827013
0.68024755
0.6846845
0.689823
0.6929758
0.6952428
0.6957556
0.696184
0.69708043
0.6968407
0.69550925
0.6898678
0.6890843
0.69130355
0.69377655
0.69785595
0.70443296
0.7085457
0.703835
0.6902936
0.6836006
0.68392265
0.6914512
0.698063
0.7021238
0.6972828
0.6963651
0.69424134
0.6905989
0.6907046
0.7003123
0.70660204
0.70375544
0.69874203
0.69557863
0.6871228
0.68991256
0.6971053
0.7038342
0.7012289
0.69201666
0.6829094
0.6887448
0.69681007
0.7048961
0.70383596
0.69880533
0.6853012
0.6921703
0.6870792
0.68686724
0.6929195
0.695852
0.6994446
0.6968335
0.6958126
0.6941059
0.69445944
0.69541425
0.6934429
0.6926931
0.68967617
0.68675923
0.69045556
0.69283086
0.6936715
0.69360334
0.6938795
0.6939862
0.6940204
0.6935996
0.6949057
0.6991438
0.69985116
0.69648886
0.6950216
0.6918222
0.68990177
0.691415
0.6914177
0.69297904
0.6935441
0.6933709
0.69292206
0.69344306
0.69404477
0.69620675
0.6996387
0.6989702
0.69575006
0.6923073
0.68873876
0.6916732
0.6935303
0.6942366
0.69541174
0.6944957
0.69313616
0.69704837
0.70052683
0.69745696
0.6926851
0.68963164
0.69080263
0.69402593
0.69401985
0.69429445
0.6942139
0.69392884
0.69703954
0.69947356
0.69853735
0.6956712
0.69086576
0.6958782
0.69459724
0.691884
0.69175303
0.6938749
0.6962416
0.6985868
0.69253874
0.6909176
0.69947904
0.69610435
0.69316864
0.6954483
0.69389933
0.6921466
0.69220966
0.6953762
0.6966779
0.6944274
0.6928118
0.69469976
0.70103514
0.69464314
0.69379157
0.6976861
0.6934102
0.69159436
0.69317263
0.69556886
0.6952352
0.6954073
0.6951647
0.6967865
0.69942224
0.69642764
0.69534487
0.69368666
0.69286615
0.6995083
0.7084199
0.69224125
0.68407744
0.68927306
0.7010606
0.69645035
0.69635606
0.69539565
0.69639015
0.69241333
0.68832606
0.6908124
0.69526654
0.7000599
0.704603
0.6988797
0.6905629
0.68857807
0.6917806
0.69558
0.70436233
0.71080595
0.70316225
0.6993801
0.6955401
0.692985
0.68833184
0.6881585
0.69228804
0.696678
0.6996673
0.7033052
0.7049206
0.68781686
0.68831235
0.6991019
0.6996666
0.69712687
0.6972591
0.69945866
0.7015667
0.7011186
0.694931
0.69211775
0.6931986
0.691982
0.6933875
0.6956648
0.70647055
0.7027597
0.7017233
0.6992361
0.69665885
0.69664675
0.69851786
0.6939374
0.6942771
0.69020724
0.69246995
0.69550824
0.6824016
0.6881051
0.7045783
0.7021449
0.70242923
0.70280963
0.69902074
0.69565725
0.6934654
0.69238824
0.6897359
0.6992226
0.6954041
0.6946874
0.69289964
0.6852967
0.6958696
0.69705695
0.6926256
0.6907378
0.6889608
0.6945933
0.6895535
0.6930786
0.69562626
0.69559664
0.6964119
0.6964778
0.69546586
0.696235
0.6934494
0.6943367
0.6951334
0.6936157
0.69673556
0.69227064
0.69460344
0.6966674
0.6958687
0.6983967
0.7008503
0.6984981
0.6944607
0.6920048
0.6923325
0.69381934
0.69260424
0.6919881
0.69180423
0.69443554
0.6970037
0.6979791
0.7008092
0.7003522
0.6937267
0.6922717
0.6861841
0.6828459
0.686076
0.6911643
0.69197905
0.6912635
0.69096357
0.69053036
0.6909309
0.6919048
0.69263345
0.6937791
0.6946061
0.6921789
0.69399816
0.6959173
0.69820046
0.6980348
0.69634753
0.69667774
0.695715
0.6953909
0.6961404
0.69404906
0.6939636
0.69595546
0.6952052
0.69533366
0.6965042
0.69490474
0.6942335
0.6980046
0.6965592
0.69428045
0.69567126
0.69771844
0.6967652
0.6969133
0.6973886
0.69631416
0.69638085
0.6985839
0.69601
0.6944165
0.6938602
0.694614
0.69417214
0.6927792
0.69631904
0.6944491
0.6961316
0.6949547
0.6945817
0.6962263
0.6939896
0.6923536
0.6945837
0.69547915
0.69508725
0.69573116
0.6969816
0.69616747
0.6946121
0.6932844
0.69373304
0.69511914
0.69442797
0.69631445
0.694791
0.69564795
0.69576913
0.6957438
0.696016
0.6926847
0.69511056
0.69438314
0.695863
0.6950706
0.6948347
0.69739485
0.69567376
0.6942876
0.6951041
0.6952107
0.6957771
0.69692266
0.6946214
0.6932806
0.69435847
