0.6918855
0.690588
0.6971799
0.6915038
0.7180439
0.7331216
0.6911741
0.67983073
0.68317205
0.69494456
0.69647837
0.68325526
0.68603003
0.6910524
0.7116118
0.719939
0.69470567
0.68823004
0.69353133
0.692356
0.6920096
0.6977671
0.72497624
0.7229511
0.7048067
0.6813018
0.6837418
0.68957126
0.69102263
0.6902615
0.6902558
0.6925804
0.696362
0.69395095
0.68962353
0.6897785
0.69237494
0.69407386
0.69505167
0.69636106
0.7096389
0.69921666
0.6871634
0.69113684
0.6940752
0.6941441
0.7001789
0.7171518
0.6882357
0.68832314
0.69643515
0.68639845
0.7034041
0.72011775
0.702962
0.6942425
0.68313646
0.690148
0.71839476
0.70401347
0.6826738
0.68748116
0.6939883
0.69842136
0.68932146
0.68856555
0.6934336
0.6973344
0.7147611
0.6997083
0.6852212
0.69527817
0.69950026
0.6964778
0.68842334
0.69587225
0.71418107
0.7021746
0.6872929
0.6924355
0.6977951
0.6890655
0.6929825
0.7140832
0.69277257
0.6893558
0.69631433
0.6996428
0.69855744
0.69343925
0.70177126
0.7158407
0.6893152
0.69387484
0.70119894
0.69319385
0.7076685
0.7222513
0.6904887
0.69189453
0.69566
0.6907325
0.6926131
0.70153123
0.7025198
0.6953183
0.69181
0.6949258
0.69578314
0.69750845
0.6998213
0.6992998
0.6942821
0.6935407
0.6950334
0.6962535
0.69713134
0.6957402
0.6954092
0.6961398
0.6960759
0.69625515
0.6951345
0.69581634
0.69810385
0.70091814
0.695781
0.6942457
0.69568646
0.7059498
0.70781744
0.6830862
0.70007056
0.7216627
0.712512
0.6877549
0.68876463
0.6992307
0.699866
0.6889451
0.6950043
0.70125794
0.7097771
0.70132047
0.6909418
0.70277023
0.7123175
0.7089462
0.70055044
0.69106734
0.68746203
0.6935709
0.69402367
0.6912136
0.6900792
0.6903547
0.6926895
0.6965168
0.69909376
0.6998706
0.6997723
0.69969636
0.6997505
0.6984621
0.6926806
0.69325566
0.69453096
0.69387966
0.6934371
0.6952535
0.69709605
0.69861525
0.69803363
0.69833785
0.69812506
0.69682026
0.6960589
0.6950537
0.69453055
0.6942448
0.69436073
0.69584435
0.6970313
0.698186
0.6991285
0.6985785
0.6969717
0.69735473
0.69736755
0.701778
0.6987209
0.68974954
0.69551533
0.7062499
0.7030411
0.7012478
0.69655305
0.69562423
0.69861543
0.69753104
0.69782376
0.70009524
0.705237
0.6879652
0.6946119
0.69557494
0.6927975
0.69480693
0.6975445
0.6991257
0.70939904
0.6857402
0.69162196
0.70263493
0.69951063
0.69606143
0.6918091
0.694307
0.7017021
0.69491875
0.69235224
0.70449895
0.6995496
0.6899176
0.6955238
0.7025653
0.6933187
0.6878155
0.69675046
0.7020124
0.6930709
0.68977934
0.69550484
0.69902474
0.7010179
0.6935629
0.69237006
0.70409137
0.7016885
0.69735247
0.6942068
0.70002806
0.7054242
0.703911
0.68596226
0.6955102
0.689586
0.71928495
0.7259981
0.6764829
0.6826424
0.71446735
0.6908932
0.7180869
0.6974705
0.6967802
0.7001292
0.69857866
0.6960743
0.7076151
0.71270144
0.674352
0.69246423
0.7181649
0.6975413
0.68818706
0.70630914
0.7041142
0.6728587
0.68894196
0.7051485
0.7056833
0.6885354
0.6849739
0.70645976
0.72200394
0.7303812
0.71163756
0.68341845
0.7081647
0.7204403
0.6738168
0.6805602
0.7076978
0.71609634
0.6955787
0.6861965
0.70277894
0.7197725
0.6967915
0.7053135
0.68382376
0.68725646
0.7346937
0.6981385
0.6931704
0.6967415
0.6784675
0.6869863
0.71720296
0.70764923
0.71082026
0.70169944
0.7046851
0.70505023
0.68806905
0.70467335
0.7094588
0.69605774
0.7012156
0.70499736
0.6974686
0.6987112
0.69963616
0.6984364
0.69836104
0.69843197
0.6964122
0.69394636
0.69620425
0.7130462
0.69027597
0.68352264
0.7109917
0.7498689
0.68778086
0.67167777
0.70248115
0.74978685
0.7133505
0.6770969
0.68610215
0.70141375
0.72542137
0.68840396
0.67397195
0.7150452
0.7165739
0.68452364
0.6889825
0.6942858
0.69934416
0.7015838
0.6970926
0.6741058
0.6873407
0.7106595
0.7054924
0.68787813
0.6893268
0.7286085
0.72147894
0.68666667
0.66596204
0.6867228
0.71894956
0.7243927
0.69369894
0.6764468
0.6844246
0.7119889
0.7271889
0.68450874
0.67968607
0.6979411
0.72822654
0.7100316
0.66581047
0.6641604
0.6880894
0.71033067
0.68156374
0.67857426
0.68916017
0.6941543
0.698956
0.696697
0.6972038
0.69917214
0.69523287
0.698201
0.7211117
0.7009031
0.69093883
0.6894144
0.69531155
0.7065976
0.6983503
0.6925492
0.69092834
0.69072294
0.7032552
0.6982126
0.69225806
0.69078904
0.72048205
0.7142271
0.6922977
0.68445224
0.6920731
0.691283
0.7122181
0.73522645
0.72593105
0.713358
0.70411026
0.686981
0.681651
0.68802273
0.6931376
0.69691736
0.69762635
0.6980881
0.69748724
0.6956499
0.6934438
0.6932235
0.6958035
0.70062256
0.7194724
0.70756966
0.68581533
0.68414646
0.6924283
0.6967361
0.6993248
0.6908226
0.69557154
0.71772254
0.7220808
0.70186275
0.6803975
0.68422216
0.6935207
0.69948334
0.702984
0.6920603
0.6895589
0.71142375
0.72368234
0.71413946
0.69799095
0.6810756
0.6847371
0.6937623
0.70028013
0.70312923
0.7039785
0.69336146
0.68549234
0.6979222
0.72196597
0.71433026
0.6982272
0.67983264
0.683859
0.6941825
0.7012288
0.70471895
0.690649
0.6882482
0.7091491
0.7289631
0.70666075
0.6936409
0.68610406
0.68834203
0.6922781
0.69605654
0.70142645
0.7039581
0.70148355
0.69563675
0.69828016
0.70143926
0.7077127
0.7303081
0.7007767
0.6801543
0.6838333
0.72536486
0.7193399
0.6647794
0.6995073
0.72996694
0.7385069
0.7214397
0.6936591
0.6685843
0.6810367
0.6949706
0.71240103
0.7244236
0.71877146
0.6970629
0.68338245
0.6956192
0.69916457
0.6996934
0.70164937
0.69228864
0.7078637
0.7055097
0.7090313
0.6990253
0.6941724
0.69221336
0.6979415
0.6996977
0.7098503
0.6959441
0.6949917
0.7077152
0.6972562
0.69577926
0.70432526
0.7060677
0.7048104
0.7055094
0.7018775
0.701803
0.7119625
0.6871557
0.6961808
0.72052383
0.7247518
0.7231819
0.7042412
0.707617
0.71196955
0.71291125
0.7179964
0.7083598
0.7148086
0.69739866
0.7018413
0.71184397
0.71053725
0.7138942
0.7056584
0.6987602
0.7062131
0.69915825
0.70518225
0.72152305
0.70865554
0.70941097
0.70577645
0.7081896
0.7092963
0.7028467
0.70957136
0.70282215
0.7139568
0.7093687
0.70772713
0.7000887
0.6960813
0.7037178
0.70121324
0.7089133
0.7161376
0.7060075
0.7076742
0.71071655
0.70448655
0.7087034
0.6982911
0.6905518
0.6975005
0.70128363
0.70506877
0.7074982
0.7096041
0.7047289
0.7105935
0.7163884
0.6980343
0.7029678
0.70500356
0.7134595
0.6944811
0.70878845
0.6925748
0.7018322
0.70884806
0.7005037
0.7095173
0.70670366
0.70692015
0.7014581
0.7039373
0.7111778
0.6994794
0.7054238
0.7078608
0.7052178
0.70539874
0.7058883
0.704353
0.7011303
0.7065302
0.7078195
0.7061579
0.71199113
0.70048225
0.70207334
0.69896764
0.7026342
0.71252483
0.7106779
0.7026995
0.7073117
0.7132726
0.7150512
0.7159976
0.7135984
0.70704997
0.70375925
0.70413935
0.7013905
0.69789344
0.6981257
0.6963226
0.7001963
0.71726435
0.71004504
0.70807993
0.70896006
0.70274866
0.7041376
0.69893193
0.6960697
0.6940455
0.7132586
0.7047177
0.7044074
0.70840055
0.7060415
0.7030709
0.7006784
0.69452864
0.69705915
0.72065365
0.7227945
0.71345484
0.7007916
0.6969989
0.6967124
0.696067
0.6934464
0.71165705
0.7149596
0.7146806
0.7088313
0.707516
0.6972956
0.6875685
0.6957963
0.7072085
0.7154579
0.71753424
0.71439123
0.70567113
0.70813054
0.6976246
0.6865925
0.69503784
0.7073041
0.7215014
0.712893
0.70400417
0.70195323
0.7000546
0.6932299
0.7063978
0.7010811
0.72056985
0.70891774
0.7065505
0.6872087
0.69693315
0.70202017
0.6973898
0.70323676
0.70760995
0.6976563
0.71618533
0.6869963
0.699499
0.70896864
0.70771354
0.70301133
0.69958854
0.7145142
0.70527965
0.69066
0.7116053
0.7122085
0.70791817
0.7144037
0.7027736
0.69428
0.7105893
0.70974976
0.7038599
0.72242004
0.71089697
0.70225954
0.7046603
0.7207354
0.7238546
0.7108009
0.70813036
0.7029684
0.70732516
0.70368624
0.69884366
0.6962912
0.69891775
0.7095062
0.7081623
0.7050448
0.70741516
0.70391256
0.707185
0.7096651
0.71012056
0.70341074
0.70399135
0.7074946
0.71157914
0.7108862
0.7116342
0.70749736
0.7063047
0.70762485
0.7091283
0.71230847
0.7095003
0.7071483
0.7111827
0.7084568
0.71309036
0.71328944
0.71294993
0.70436704
0.7107698
0.71567166
0.7108061
0.7088335
0.70684576
0.7147918
0.7090775
0.7134592
0.71231186
0.7106681
0.70571786
0.7092047
0.70819724
0.7174715
0.70595723
0.7127092
0.7114854
0.7093563
0.71561164
0.7046237
0.7100774
0.7176827
0.7076879
0.710664
0.71147424
0.7123358
0.7099299
0.71383995
0.7189366
0.71378785
0.71431714
0.71069413
0.7193401
0.70122385
0.7134011
0.7159327
0.7071473
0.70584273
0.70951414
0.72905374
0.6965093
0.7233717
0.711472
0.7052884
0.70500445
0.7106342
0.71449876
0.7135933
0.7046898
0.7123694
0.7088723
0.71344125
0.7078819
0.7183577
0.7097376
0.7104136
0.7156193
0.7114162
0.7233655
0.7113455
0.7182159
0.7114155
0.71902084
0.7122366
0.7102297
0.71147627
0.7143961
0.71225786
0.70634323
0.7131527
0.7200505
0.7186536
0.7120039
0.7155784
0.7228723
0.7041965
0.7077206
0.7055791
0.7225749
0.71515805
0.7096127
0.7205055
0.71950006
0.7198504
0.72109187
0.72497046
0.7079303
0.7106504
0.72255415
0.7052342
0.70994484
0.7161445
0.71212757
0.735637
0.71018815
0.70749617
0.718049
0.7100532
0.71725255
0.71653795
0.72362846
0.70665026
0.7091037
0.7096554
0.7191723
0.7108197
0.71297956
0.72358286
0.7088346
0.70939016
0.7169833
0.7132993
0.71205527
0.72313803
0.7171582
0.7178235
0.71658397
0.7106186
0.71824723
0.718129
0.71794325
0.7161988
0.71307516
0.7144323
0.71881825
0.71677667
0.71236575
0.7154622
0.71899223
0.72779924
0.71020466
0.7155107
0.7153865
0.70931804
0.71121264
0.72054833
0.7181456
0.71066815
0.7177073
0.7132586
0.72237086
0.71818143
0.7120083
0.71160305
0.71386325
0.7164784
0.71371514
0.71830094
0.7287748
0.7153848
0.72072405
0.7221518
0.7152327
0.71547276
0.7336364
0.71744347
0.7189558
0.7146662
0.7249239
0.7216643
0.7223573
0.72199357
0.71552306
0.719487
0.7181095
0.7208619
0.7172411
0.7241489
0.71933347
0.7245606
0.7257168
0.72175145
0.71471083
0.7235547
0.7195802
0.7190459
0.71428496
0.7204503
0.7226762
0.7170165
0.72104913
0.7234847
0.71781975
0.71888566
0.72394943
0.72092056
0.7200219
0.72029227
0.7239013
0.7203434
0.72009057
0.7209382
0.7244684
0.71699476
0.72026396
0.72318554
0.7213186
0.72327363
0.71644443
0.72067654
0.7215548
0.7213869
0.72303087
0.72164506
0.72112846
0.7213171
0.72249526
0.7241114
0.7251854
0.7253753
0.7237053
0.7223594
0.72071445
0.7236836
0.7248733
0.7249095
0.7255807
0.72156495
0.7258307
0.72173685
0.71881586
0.72075593
0.72426176
0.7227404
0.72280395
0.7215172
0.7223404
0.7233265
0.72422975
0.72602844
0.7198893
0.7249841
0.7233968
0.72410625
0.72362256
0.72314054
0.72623235
0.72540396
0.722376
0.7216019
0.72585666
0.7245068
0.7246835
0.7233567
0.7229755
0.72288144
0.7245408
0.7223629
0.7239807
0.7207155
0.72385424
0.72388345
0.72242975
