0.09213922917842865
0.10201108455657959
0.06694081425666809
0.07900312542915344
0.07525931298732758
0.09889107197523117
0.060778696089982986
0.034727271646261215
0.03333354741334915
0.05779901519417763
0.0830235704779625
0.04682260751724243
0.04423774033784866
0.04891959950327873
0.027886586263775826
0.039374519139528275
0.019685670733451843
0.07416163384914398
0.08977801352739334
0.12696771323680878
0.12476088106632233
0.10088902711868286
0.04564717039465904
0.01976044476032257
0.022138070315122604
0.02642885595560074
0.016097920015454292
0.025908557698130608
0.020320024341344833
0.02689336985349655
0.03433135896921158
0.04291747137904167
0.06165685877203941
0.06686444580554962
0.08267197012901306
0.12200839072465897
0.1443132609128952
0.10006639361381531
0.06530784070491791
0.05773936212062836
0.0470074824988842
0.053082425147295
0.051122505217790604
0.017613885924220085
0.02415766380727291
0.04781800135970116
0.05492817237973213
0.04701225087046623
0.031194891780614853
0.015959613025188446
0.014532091096043587
0.014549743384122849
0.019548656418919563
0.020419487729668617
0.023691371083259583
0.02836472913622856
0.031985364854335785
0.03794470801949501
0.041467901319265366
0.05633077025413513
0.07302310317754745
0.07724753767251968
0.07096412032842636
0.05773676186800003
0.06974054127931595
0.08000773191452026
0.06429362297058105
0.03850289434194565
0.030742425471544266
0.034495145082473755
0.050289276987314224
0.05119569972157478
0.04441624507308006
0.038628365844488144
0.03457041084766388
0.036862075328826904
0.03428669646382332
0.02655043639242649
0.019061986356973648
0.01438953634351492
0.01395101472735405
0.025857742875814438
0.026857515797019005
0.011219424195587635
0.012861561961472034
0.009961618110537529
0.022080453112721443
0.013576752506196499
0.015790825709700584
0.015943698585033417
0.023725692182779312
0.03711213916540146
0.017701512202620506
0.02266709879040718
0.026153741404414177
0.01705382578074932
0.030294405296444893
0.018057245761156082
0.023786460980772972
0.018471471965312958
0.03329041600227356
0.046175673604011536
0.01998668536543846
0.02768082357943058
0.023866664618253708
0.03328818455338478
0.020066624507308006
0.030030744150280952
0.026010651141405106
0.0331190750002861
0.054382845759391785
0.0403352752327919
0.031637389212846756
0.040972381830215454
0.05900999531149864
0.03697078675031662
0.018755534663796425
0.017332157120108604
0.022747445851564407
0.03611903637647629
0.029797058552503586
0.03401916101574898
0.030137374997138977
0.05808635056018829
0.06160835921764374
0.02630508691072464
0.0217105895280838
0.016500629484653473
0.02780195139348507
0.018243424594402313
0.02327233925461769
0.02383994869887829
0.05529730021953583
0.0803263783454895
0.07867442071437836
0.04979725554585457
0.02523668482899666
0.0369117297232151
0.03945757821202278
0.046746354550123215
0.04171280935406685
0.049414556473493576
0.03565133363008499
0.03404868394136429
0.07564035803079605
0.08840640634298325
0.02961301989853382
0.028596056625247
0.017531240358948708
0.015479670837521553
0.01338409073650837
0.014894478023052216
0.023216212168335915
0.015490250661969185
0.013389241881668568
0.02244436740875244
0.03345607593655586
0.04106781259179115
0.04455476626753807
0.044782910495996475
0.04055606201291084
0.030914777889847755
0.023208925500512123
0.028326280415058136
0.03594372048974037
0.04676540195941925
0.04704016447067261
0.04181785508990288
0.06039867550134659
0.06940813362598419
0.030379487201571465
0.02137567661702633
0.020486559718847275
0.03890815004706383
0.03992864862084389
0.031662467867136
0.027348730713129044
0.023562802001833916
0.02913164533674717
0.026422683149576187
0.026038996875286102
0.0301673486828804
0.033436115831136703
0.034184105694293976
0.03226569667458534
0.02701326087117195
0.026709552854299545
0.03162965178489685
0.032638732343912125
0.027956709265708923
0.01733831688761711
0.01677509769797325
0.019603710621595383
0.014348888769745827
0.018988000229001045
0.015550196170806885
0.01795167103409767
0.02515300363302231
0.020584024488925934
0.02010679803788662
0.018598800525069237
0.010067861527204514
0.011332348920404911
0.012538237497210503
0.01601257361471653
0.026681119576096535
0.04151928424835205
0.039000336080789566
0.021982446312904358
0.014334172010421753
0.012624917551875114
0.010560240596532822
0.009010553359985352
0.01074026245623827
0.01343323290348053
0.0150090791285038
0.0156736820936203
0.016446882858872414
0.014886262826621532
0.029419206082820892
0.04262501001358032
0.01785624958574772
0.025182079523801804
0.024619080126285553
0.04289202019572258
0.05512384697794914
0.05634600296616554
0.06791132688522339
0.019174588844180107
0.01568380557000637
0.0684049129486084
0.06706226617097855
0.01239077840000391
0.03564658761024475
0.030630942434072495
0.02674694173038006
0.026723384857177734
0.0192966740578413
0.018052104860544205
0.015913259238004684
0.022690270096063614
0.03132481127977371
0.03492126241326332
0.035548899322748184
0.03524845093488693
0.0346883162856102
0.03292650729417801
0.03293076530098915
0.03300667181611061
0.032840076833963394
0.03210798650979996
0.031896255910396576
0.0336410328745842
0.03419356048107147
0.034868113696575165
0.03215154632925987
0.03280333802103996
0.033381879329681396
0.03334255516529083
0.03545841947197914
0.03629910945892334
0.036014802753925323
0.03517041355371475
0.03653423488140106
0.037828266620635986
0.03907333314418793
0.03877030313014984
0.03835059702396393
0.038560204207897186
0.0385349802672863
0.03873754292726517
0.0400407500565052
0.040305688977241516
0.043114956468343735
0.04405127093195915
0.04241185262799263
0.04124819487333298
0.04190189763903618
0.041748203337192535
0.04062218591570854
0.041211072355508804
0.043192166835069656
0.04553510248661041
0.04452762380242348
0.04250689968466759
0.03414285182952881
0.031045204028487206
0.038044143468141556
0.04752561077475548
0.042691100388765335
0.029873089864850044
0.03602202236652374
0.06259918957948685
0.07558301091194153
0.05983017757534981
0.04078630730509758
0.03178781270980835
0.030277101323008537
0.03837203234434128
0.045134417712688446
0.046248599886894226
0.03902474418282509
0.02798701636493206
0.02373301237821579
0.02604316920042038
0.028881872072815895
0.03375294432044029
0.03939257189631462
0.04083643853664398
0.04200469329953194
0.04011709615588188
0.03647994250059128
0.0316070131957531
0.02696719393134117
0.024251354858279228
0.023716015741229057
0.021988848224282265
0.019332237541675568
0.018825113773345947
0.018225666135549545
0.017022104933857918
0.015636375173926353
0.016452321782708168
0.0296334195882082
0.031121551990509033
0.028745699673891068
0.030534658581018448
0.03892816975712776
0.05938229709863663
0.07010488957166672
0.052203468978405
0.017832716926932335
0.01630089059472084
0.023836873471736908
0.044735971838235855
0.06471136212348938
0.07580556720495224
0.06819557398557663
0.04598626121878624
0.03201773762702942
0.0427929051220417
0.04648737236857414
0.01736176386475563
0.02053048461675644
0.01797630824148655
0.025469157844781876
0.027636665850877762
0.026452720165252686
0.025893637910485268
0.027835672721266747
0.03634386509656906
0.03995469585061073
0.03851267322897911
0.033351216465234756
0.02748068794608116
0.028315629810094833
0.035294342786073685
0.04945262521505356
0.061823345720767975
0.06768191605806351
0.06637469679117203
0.06118972226977348
0.05378064513206482
0.04670858383178711
0.040835339576005936
0.03802652284502983
0.03676921874284744
0.04432273656129837
0.0442635715007782
0.016787288710474968
0.02295105718076229
0.02445407025516033
0.02204018458724022
0.04463694617152214
0.06232224404811859
0.06254910677671432
0.05944637209177017
0.05050625279545784
0.03813755884766579
0.028601840138435364
0.021505216136574745
0.023651493713259697
0.026461511850357056
0.02675461769104004
0.026139114052057266
0.0270831361413002
0.029344728216528893
0.02579452469944954
0.019111022353172302
0.04310791566967964
0.0425724983215332
0.04093855619430542
0.03304775431752205
0.039691489189863205
0.04367697983980179
0.04872411862015724
0.05772843584418297
0.08836397528648376
0.09389223903417587
0.08978483080863953
0.08243931084871292
0.07294944673776627
0.06304371356964111
0.05037132650613785
0.03304807096719742
0.028149422258138657
0.030232081189751625
0.027982747182250023
0.022935647517442703
0.02899188920855522
0.03361589461565018
0.03725185990333557
0.04058968275785446
0.04506007209420204
0.04817340150475502
0.05085892975330353
0.05528794974088669
0.058303456753492355
0.059557005763053894
0.057728879153728485
0.05543045327067375
0.05428574979305267
0.055021982640028
0.05556662008166313
0.05666474997997284
0.05741489678621292
0.059280071407556534
0.06182461604475975
0.06563394516706467
0.06708640605211258
0.06843317300081253
0.06814204901456833
0.07067845016717911
0.07225960493087769
0.073610819876194
0.07319443672895432
0.06956732273101807
0.07253405451774597
0.0792139396071434
0.0910848006606102
0.09212139248847961
0.08791150897741318
0.08085831999778748
0.07295640558004379
0.06574752926826477
0.06153632327914238
0.06069514900445938
0.0638369545340538
0.07012349367141724
0.0752088725566864
0.07878952473402023
0.07794741541147232
0.07517077773809433
0.06925610452890396
0.06458776444196701
0.06173930689692497
0.06033273786306381
0.06115827336907387
0.06047014892101288
0.059467196464538574
0.05870684236288071
0.05799129605293274
0.05909328535199165
0.059778254479169846
0.059206586331129074
0.056061942130327225
0.05352417007088661
0.055782996118068695
0.06209065392613411
0.0694022923707962
0.07110858708620071
0.06971925497055054
0.06381971389055252
0.06166844442486763
0.06369107216596603
0.06951865553855896
0.08550778031349182
0.10481800138950348
0.10673701018095016
0.10303279757499695
0.09548760205507278
0.07435260713100433
0.04917803779244423
0.042883697897195816
0.04637428745627403
0.05266237258911133
0.06713647395372391
0.09692750126123428
0.09891124814748764
0.08816102147102356
0.07736612856388092
0.07062965631484985
0.06988070160150528
0.06827407330274582
0.06565987318754196
0.06238560378551483
0.05512135475873947
0.050576597452163696
0.053632594645023346
0.06041212007403374
0.06670201569795609
0.07145854085683823
0.07392700016498566
0.07459449023008347
0.07168779522180557
0.06645958870649338
0.059686604887247086
0.05410660430788994
0.049664076417684555
0.0480937696993351
0.049924563616514206
0.05380665883421898
0.05903485417366028
0.06442338228225708
0.06924717128276825
0.07229205965995789
0.07372283190488815
0.07270348072052002
0.0717640221118927
0.06997141242027283
0.0678543895483017
0.06586257368326187
0.06397714465856552
0.06324834376573563
0.06319494545459747
0.06567200273275375
0.0682152733206749
0.06825121492147446
0.06663252413272858
0.06237535923719406
0.05557739734649658
0.05222184211015701
0.05482849106192589
0.06046523153781891
0.07210790365934372
0.08132719248533249
0.07800831645727158
0.06987842172384262
0.06067134067416191
0.05195463076233864
0.05247548595070839
0.058963123708963394
0.06487655639648438
0.06421679258346558
0.06373609602451324
0.06486637890338898
0.06957045942544937
0.07125361263751984
0.06753381341695786
0.060531582683324814
0.05338981747627258
0.051071301102638245
0.05838988721370697
0.07539654523134232
0.08080769330263138
0.07715409249067307
0.06906233727931976
0.054329127073287964
0.046674326062202454
0.049323778599500656
0.05578167364001274
0.06389933079481125
0.07252662628889084
0.0796908438205719
0.08217830210924149
0.08188319951295853
0.08106959611177444
0.07947224378585815
0.07655134797096252
0.06913657486438751
0.057762861251831055
0.05155688151717186
0.050706636160612106
0.05144961550831795
0.05326507240533829
0.05984831228852272
0.07190021127462387
0.0847245454788208
0.08423611521720886
0.0791868343949318
0.07220626622438431
0.06501708924770355
0.05779757350683212
0.05096184462308884
0.04791370779275894
0.04785037040710449
0.049288298934698105
0.051339101046323776
0.055681195110082626
0.07010940462350845
0.08455423265695572
0.08719975501298904
0.08591065555810928
0.08290351927280426
0.07455721497535706
0.06130346655845642
0.04871590435504913
0.04479756951332092
0.045432042330503464
0.04714277759194374
0.04995400458574295
0.05444340035319328
0.06345995515584946
0.07555419951677322
0.08573944121599197
0.08757510036230087
0.08430617302656174
0.08047685027122498
0.07722253352403641
0.07409288734197617
0.0707019567489624
0.06662091612815857
0.05902497097849846
0.05199697986245155
0.049297843128442764
0.048647064715623856
0.04979000240564346
0.053923141211271286
0.0583597794175148
0.06263063848018646
0.06743883341550827
0.07026928663253784
0.07020368427038193
0.06788227707147598
0.06392422318458557
0.059278037399053574
0.055547334253787994
0.054454781115055084
0.0573178194463253
0.06274732947349548
0.07142766565084457
0.07841012626886368
0.0788942277431488
0.07447411864995956
0.06645990163087845
0.058577679097652435
0.05484093353152275
0.057388998568058014
0.06310346722602844
0.06939753144979477
0.07326628267765045
0.07338391244411469
0.07040514051914215
0.06491405516862869
0.05948944762349129
0.05399848893284798
0.05007117986679077
0.04938860982656479
0.05121602118015289
0.05541958287358284
0.06528831273317337
0.07714872062206268
0.07884546369314194
0.07524289935827255
0.06891391426324844
0.06286590546369553
0.05747806280851364
0.05484386906027794
0.055763594806194305
0.061308953911066055
0.06966887414455414
0.07657549530267715
0.08049437403678894
0.07955126464366913
0.07629334181547165
0.07149232178926468
0.06554559618234634
0.058991484344005585
0.05310701206326485
0.04872925579547882
0.04799119010567665
0.04927621781826019
0.05455072596669197
0.060586269944906235
0.06773880869150162
0.07307353615760803
0.07443759590387344
0.0739637240767479
0.07169661670923233
0.06634409725666046
0.05936304107308388
0.05347996577620506
0.05198401212692261
0.05270570144057274
0.05384485051035881
0.055245429277420044
0.05924783647060394
0.0674106627702713
0.07544609904289246
0.07973642647266388
0.07941632717847824
0.07778938114643097
0.07588870078325272
0.0739467665553093
0.07057592272758484
0.06556681543588638
0.06008534133434296
0.05452888086438179
0.0514526441693306
0.05056668817996979
0.05105734243988991
0.05239899083971977
0.0550021193921566
0.05897395685315132
0.06521427631378174
0.07196276634931564
0.07758473604917526
0.07876686006784439
0.07716960459947586
0.07549089193344116
0.07229824364185333
0.06686174869537354
0.06055700033903122
0.05522385984659195
0.052170153707265854
0.05165102332830429
0.05250399187207222
0.054454050958156586
0.05765600875020027
0.061839621514081955
0.06643693149089813
0.07067131996154785
0.06888027489185333
0.06461551040410995
0.0616372749209404
0.06048666685819626
0.06020035967230797
0.06012900546193123
0.06102709099650383
0.06204045191407204
0.06300607323646545
0.06392543017864227
0.062441565096378326
0.06111892685294151
0.06059788167476654
0.06051976978778839
0.06134199723601341
0.06266869604587555
0.06473518162965775
0.0672340989112854
0.06875814497470856
0.06880760192871094
0.06774263828992844
0.06526508182287216
0.06191644445061684
0.05866985395550728
0.05676328390836716
0.05677109211683273
0.059129152446985245
0.0625443384051323
0.06647536158561707
0.07010488957166672
0.07158523797988892
0.07022784650325775
0.06817322224378586
0.06519539654254913
0.06219244375824928
0.0602201372385025
0.058998171240091324
0.059164293110370636
0.06016308069229126
0.06269074231386185
0.06619901955127716
0.0694688931107521
0.0709024965763092
0.07085684686899185
0.06961847096681595
0.06761280447244644
0.06518495827913284
0.06305085122585297
0.06142137199640274
0.061595369130373
0.06284725666046143
0.06452272832393646
0.06708957254886627
0.0686609074473381
0.06764824688434601
0.06594700366258621
0.0646664947271347
0.06379702687263489
0.06288682669401169
0.06445682793855667
0.06752187758684158
0.07022503018379211
0.07105918973684311
0.06882881373167038
0.06481222063302994
0.06019286438822746
0.05717884749174118
0.05740909278392792
0.05907851830124855
0.060986775904893875
0.06287749856710434
0.0645173117518425
0.06658881902694702
0.06845696270465851
0.06938108056783676
0.07006670534610748
0.06859397888183594
0.0666220486164093
0.06489423662424088
0.06342952698469162
0.06268808990716934
0.06209392100572586
0.06249456852674484
0.06307299435138702
0.06382226198911667
0.06445275992155075
0.06518515944480896
0.06567055732011795
0.06591053307056427
0.06538709998130798
0.06468303501605988
0.06460197269916534
0.06481059640645981
0.06562673300504684
0.06606338918209076
0.06698297709226608
0.067886121571064
0.06836681067943573
0.06779877096414566
0.06562447547912598
0.06376662850379944
0.06217377260327339
0.06123100966215134
0.06075624004006386
0.060875363647937775
0.0613398402929306
0.06162130832672119
0.06223936006426811
0.06281106919050217
0.06356905400753021
0.06443548947572708
0.06516432017087936
0.06582826375961304
0.06643469631671906
0.06684941798448563
0.06728319823741913
0.06762214750051498
0.06810510903596878
0.06857774406671524
0.0688384547829628
0.06859138607978821
0.06800223886966705
0.06652455031871796
0.06512695550918579
0.06432835012674332
0.06408132612705231
0.06462042033672333
0.06546343863010406
0.06578190624713898
0.06641679257154465
0.0666314885020256
0.06703824549913406
0.0675838515162468
0.06769227236509323
0.06712866574525833
0.06608385592699051
0.06472031772136688
0.06363588571548462
0.06246911361813545
0.06262391060590744
0.06325020641088486
0.06392146646976471
0.06466575711965561
0.0656554251909256
0.06634898483753204
0.06681536883115768
0.06736034154891968
0.0676627904176712
0.06789752095937729
0.06746198236942291
0.06592179089784622
0.0643540546298027
0.0628877803683281
0.062061697244644165
0.06180553510785103
0.06195252016186714
0.06247737631201744
0.0629924088716507
0.06338653713464737
0.06425583362579346
0.0648755356669426
0.06533737480640411
0.06614979356527328
0.06676212698221207
0.06721857190132141
0.06768689304590225
0.06766732037067413
0.06671895831823349
0.065218985080719
0.0642351359128952
0.06358577311038971
0.06356220692396164
0.06419599056243896
0.06497160345315933
0.0654096007347107
0.06585866212844849
0.06700078397989273
0.06752367317676544
0.06775034219026566
0.06658096611499786
0.06506672501564026
0.06382617354393005
0.06314591318368912
0.063405342400074
0.06390067934989929
0.06481790542602539
0.06568948179483414
0.06721878796815872
0.06878232210874557
0.07013773918151855
0.06975600868463516
0.06774520874023438
0.0653563141822815
0.06267745047807693
0.06124299764633179
0.06125795841217041
0.06275026500225067
0.06453210860490799
0.0659094899892807
0.06767509877681732
0.06914810836315155
0.06975673884153366
0.0698009505867958
0.06895207613706589
0.06833529472351074
0.06749234348535538
0.06614094972610474
0.06477677822113037
0.06328476220369339
0.06212616339325905
0.06155190244317055
0.06187457963824272
0.06320436298847198
0.06457310169935226
0.06626329571008682
0.06754159927368164
0.0685887485742569
0.06839806586503983
0.06725461035966873
0.06525435298681259
0.06314084678888321
0.061317287385463715
0.06041720137000084
0.060212455689907074
0.06121449172496796
0.06213104724884033
0.06304868310689926
0.06393838673830032
0.06481187790632248
0.06555546075105667
0.06659644097089767
0.06720611453056335
0.06784622371196747
0.06769917160272598
0.06664323806762695
0.06545760482549667
0.06489457190036774
0.06439074873924255
0.06381012499332428
0.06330601125955582
0.06293457746505737
0.06260688602924347
0.06279655545949936
0.06338650733232498
0.06436890363693237
0.0649905651807785
0.06549257785081863
0.0660613402724266
0.06666587293148041
0.06745671480894089
0.0682627484202385
0.06870131939649582
0.06929748505353928
0.06932622194290161
0.06896734237670898
0.06833203881978989
0.0671456828713417
0.06575856357812881
0.06488682329654694
0.0645381361246109
0.06404329836368561
0.06406523287296295
0.06471231579780579
0.0655992329120636
0.06632405519485474
0.06687016040086746
0.06733297556638718
0.06784018129110336
0.06822390109300613
0.06874188780784607
0.06866825371980667
0.06830333918333054
0.06754080951213837
0.06709208339452744
0.0663839727640152
0.06560050696134567
0.06510516256093979
0.06501609832048416
