0.04973144456744194
0.04993940889835358
0.08052870631217957
0.09726587682962418
0.08378288894891739
0.0746186375617981
0.07360994815826416
0.1296517699956894
0.1074090376496315
0.05813024938106537
0.06118972599506378
0.09005902707576752
0.11966590583324432
0.08570147305727005
0.021361181512475014
0.07653912901878357
0.0582243874669075
0.04773091524839401
0.10920904576778412
0.03998993709683418
0.037956684827804565
0.08376441150903702
0.10652236640453339
0.06864064931869507
0.03689879551529884
0.08197792619466782
0.07004555314779282
0.04327236860990524
0.0818532258272171
0.10815013945102692
0.10409918427467346
0.09425368905067444
0.0858701691031456
0.07800482213497162
0.06035781279206276
0.05171141028404236
0.05293911695480347
0.057838305830955505
0.06232864409685135
0.06633173674345016
0.06816332042217255
0.06531008332967758
0.05605504289269447
0.042571939527988434
0.03772008791565895
0.034034475684165955
0.04030430689454079
0.048976849764585495
0.05640726163983345
0.06039947271347046
0.05768836662173271
0.04865396395325661
0.03616264462471008
0.02493290603160858
0.02386055700480938
0.02327456884086132
0.027044065296649933
0.03649131581187248
0.04500307887792587
0.045367076992988586
0.04022417217493057
0.03405357152223587
0.02266901731491089
0.026495207101106644
0.02286856435239315
0.020913265645503998
0.029988044872879982
0.041590381413698196
0.04656513035297394
0.045659590512514114
0.04019077867269516
0.03405216708779335
0.027988461777567863
0.0226533692330122
0.02194863185286522
0.022063063457608223
0.026239149272441864
0.031140824779868126
0.034148216247558594
0.03290588781237602
0.02945854142308235
0.02579263225197792
0.022636426612734795
0.02005866728723049
0.019069349393248558
0.017958559095859528
0.02353264018893242
0.03451225906610489
0.039823535829782486
0.040205780416727066
0.03273982182145119
0.017069067806005478
0.038651857525110245
0.022056041285395622
0.020137347280979156
0.04810861498117447
0.06278014928102493
0.056383442133665085
0.04696580395102501
0.04540221393108368
0.04754743352532387
0.04782755300402641
0.04397815838456154
0.03521375730633736
0.026950353756546974
0.027490289881825447
0.03358076885342598
0.034367311745882034
0.03167586401104927
0.029167862609028816
0.030580097809433937
0.03270655870437622
0.03379001468420029
0.025196321308612823
0.018876617774367332
0.014638400636613369
0.02969418093562126
0.04135337099432945
0.043287839740514755
0.03819591924548149
0.031465794891119
0.03485523909330368
0.03111591748893261
0.025077378377318382
0.04648342356085777
0.06856095045804977
0.07459847629070282
0.05489402636885643
0.025980325415730476
0.03269359469413757
0.05126883462071419
0.045460041612386703
0.024502942338585854
0.10140753537416458
0.07883967459201813
0.035513799637556076
0.01744857057929039
0.044292375445365906
0.04246209189295769
0.02172032929956913
0.019702231511473656
0.053144585341215134
0.06081223487854004
0.044808484613895416
0.02955201454460621
0.024478266015648842
0.023418553173542023
0.020509405061602592
0.02823394350707531
0.03841749206185341
0.03868653252720833
0.02825114130973816
0.02137017622590065
0.019619489088654518
0.017932888120412827
0.020742982625961304
0.029164886102080345
0.030479490756988525
0.023983169347047806
0.016967905685305595
0.012221298180520535
0.010793515481054783
0.009889987297356129
0.01271580345928669
0.021111516281962395
0.023990683257579803
0.016791533678770065
0.00985658634454012
0.01013148669153452
0.01051963958889246
0.02127200923860073
0.03509083390235901
0.0395771823823452
0.030873289331793785
0.02048911340534687
0.024672890082001686
0.024090677499771118
0.014547272585332394
0.034637704491615295
0.0507759265601635
0.04562971368432045
0.028957508504390717
0.02003452554345131
0.02309923805296421
0.0162266306579113
0.019869642332196236
0.04296094924211502
0.045535262674093246
0.027448870241642
0.014885605312883854
0.025281419977545738
0.02393301948904991
0.019354671239852905
0.04631778597831726
0.06005242466926575
0.040139324963092804
0.019144857302308083
0.02637549862265587
0.03507271036505699
0.023314112797379494
0.042162712663412094
0.08102776110172272
0.0641319528222084
0.0134649146348238
0.06397474557161331
0.05606522783637047
0.06965521723031998
0.03055593930184841
0.033072296530008316
0.0947260633111
0.0884632021188736
0.053821805864572525
0.01696321740746498
0.035770073533058167
0.012703209184110165
0.051700372248888016
0.06121976301074028
0.04284176230430603
0.022139783948659897
0.027706583961844444
0.017436275258660316
0.06070610135793686
0.06844129413366318
0.061656225472688675
0.05071929469704628
0.04135400801897049
0.03463304415345192
0.03011365607380867
0.04605252668261528
0.016013724729418755
0.038405369967222214
0.03346181660890579
0.03433314338326454
0.08446251600980759
0.0804780125617981
0.057219248265028
0.019231580197811127
0.05737200751900673
0.05028246343135834
0.02160237915813923
0.06655425578355789
0.08133247494697571
0.07447897642850876
0.06023554131388664
0.03739660605788231
0.017752744257450104
0.015503555536270142
0.026417594403028488
0.026216167956590652
0.019322725012898445
0.012231139466166496
0.014995915815234184
0.023053960874676704
0.03247857466340065
0.038451388478279114
0.04131330922245979
0.03745559602975845
0.032760344445705414
0.02874845638871193
0.023775652050971985
0.022588446736335754
0.02337334305047989
0.02199111506342888
0.027625583112239838
0.0701630562543869
0.07220152020454407
0.05724959447979927
0.03934791684150696
0.02676626481115818
0.027298806235194206
0.038388941437006
0.04292064905166626
0.03718005493283272
0.03395781293511391
0.06581440567970276
0.06786239892244339
0.05809975042939186
0.04363812878727913
0.0294889397919178
0.021165087819099426
0.024929244071245193
0.03142933174967766
0.030765196308493614
0.022480560466647148
0.04156266152858734
0.06965476274490356
0.06807571649551392
0.05526811629533768
0.03996653854846954
0.028902802616357803
0.025787942111492157
0.03159580007195473
0.028466016054153442
0.022829923778772354
0.02657025121152401
0.03535118326544762
0.04549095034599304
0.045030467212200165
0.03706697002053261
0.029914434999227524
0.0265766903758049
0.02651437558233738
0.026229340583086014
0.0228447113186121
0.028277086094021797
0.0366654209792614
0.04220772907137871
0.033348772674798965
0.0213305801153183
0.012763247825205326
0.010922680608928204
0.009943097829818726
0.009467399679124355
0.014469181187450886
0.020399298518896103
0.023686351254582405
0.022683702409267426
0.018659399822354317
0.015293561853468418
0.014971951954066753
0.013748984783887863
0.01467665284872055
0.02067461609840393
0.024772245436906815
0.020287824794650078
0.01241527870297432
0.008615242317318916
0.01126781478524208
0.010342792607843876
0.015232625417411327
0.037823550403118134
0.0420706644654274
0.030884146690368652
0.017036499455571175
0.01718803681433201
0.02691558375954628
0.024078352376818657
0.028423748910427094
0.0795275941491127
0.07400120049715042
0.052240271121263504
0.02587668038904667
0.021312978118658066
0.044094670563936234
0.05382032319903374
0.052534714341163635
0.017919322475790977
0.09129832684993744
0.1016114354133606
0.0918566957116127
0.07716502994298935
0.053081415593624115
0.019060475751757622
0.046690043061971664
0.06030844897031784
0.06137584522366524
0.0546533465385437
0.02709805592894554
0.07109294831752777
0.09012313932180405
0.08804509788751602
0.07984793931245804
0.06828069686889648
0.05275870859622955
0.03492157906293869
0.03763255476951599
0.04469233378767967
0.044391557574272156
0.039381735026836395
0.029689153656363487
0.05762697383761406
0.08543280512094498
0.08554982393980026
0.07831259816884995
0.0644330307841301
0.04346022009849548
0.030053962022066116
0.04147651419043541
0.04422760754823685
0.041266217827796936
0.02632797695696354
0.04699627310037613
0.05994352698326111
0.04383932054042816
0.02620789036154747
0.03151160106062889
0.03823879361152649
0.03201925754547119
0.026042591780424118
0.03350226581096649
0.022030316293239594
0.023423219099640846
0.04385058581829071
0.05903021618723869
0.03554685786366463
0.01799061708152294
0.03594425320625305
0.0378328338265419
0.02777669206261635
0.0168923232704401
0.03757127746939659
0.047904226928949356
0.04632175341248512
0.041175536811351776
0.03424207866191864
0.022204173728823662
0.01555159967392683
0.025516750290989876
0.027387384325265884
0.025032203644514084
0.016534412279725075
0.039141759276390076
0.05570416897535324
0.054688334465026855
0.045313313603401184
0.026340819895267487
0.016637355089187622
0.01659352146089077
0.02793550118803978
0.040613073855638504
0.04122615233063698
0.033246707171201706
0.02104356698691845
0.025692086666822433
0.03567839041352272
0.03536335006356239
0.028652796521782875
0.0214009340852499
0.017510460689663887
0.017336169257760048
0.01695219613611698
0.01706009916961193
0.022809119895100594
0.03364073857665062
0.04012850672006607
0.03978615254163742
0.038178034126758575
0.03531157970428467
0.029107293114066124
0.018239039927721024
0.011884293518960476
0.01522902399301529
0.016580475494265556
0.01603388972580433
0.014414099976420403
0.01445948425680399
0.024686500430107117
0.034999895840883255
0.03872821852564812
0.03918735682964325
0.038725510239601135
0.03761571645736694
0.035774920135736465
0.031366702169179916
0.0238375011831522
0.02108832634985447
0.02299506589770317
0.022884225472807884
0.02146199345588684
0.020291978493332863
0.025785479694604874
0.024807553738355637
0.020875785499811172
0.023437069728970528
0.035974375903606415
0.031227555125951767
0.02098911628127098
0.018437886610627174
0.0256515946239233
0.02753380872309208
0.019427157938480377
0.01606217585504055
0.016778800636529922
0.0174519345164299
0.02744388021528721
0.04372767359018326
0.044026054441928864
0.033759552985429764
0.015687908977270126
0.020105933770537376
0.024618923664093018
0.024261027574539185
0.019140226766467094
0.014878296293318272
0.03351147845387459
0.0418337918817997
0.042136017233133316
0.03943347558379173
0.03504907339811325
0.02499672956764698
0.011084228754043579
0.018753543496131897
0.021867360919713974
0.021600481122732162
0.018447313457727432
0.01177170965820551
0.021634509786963463
0.03336912766098976
0.03561324253678322
0.03470219299197197
0.03258974105119705
0.029571915045380592
0.02573852241039276
0.020161574706435204
0.012944127433001995
0.010885793715715408
0.012717670761048794
0.013851042836904526
0.013954132795333862
0.01342027448117733
0.012643562629818916
0.01688367873430252
0.02672259882092476
0.032093167304992676
0.033016107976436615
0.032446809113025665
0.03052731230854988
0.02854103408753872
0.02556728571653366
0.02257932722568512
0.01856454834342003
0.015558084473013878
0.014732745476067066
0.014930164441466331
0.014514235779643059
0.014385771006345749
0.014361623674631119
0.016014445573091507
0.022691499441862106
0.037670861929655075
0.04176786169409752
0.04065863788127899
0.03620508685708046
0.023232968524098396
0.01629703678190708
0.023812860250473022
0.030606579035520554
0.022665560245513916
0.015857482329010963
0.019592473283410072
0.02727135829627514
0.032011061906814575
0.03097095526754856
0.026758093386888504
0.02169681154191494
0.016977714374661446
0.014078032225370407
0.014040104113519192
0.014537203125655651
0.015211089514195919
0.01645956002175808
0.020047791302204132
0.026095084846019745
0.030771220102906227
0.03195279464125633
0.03188959136605263
0.0307303536683321
0.028913946822285652
0.024269551038742065
0.018787486478686333
0.014610948972404003
0.012939611449837685
0.01315290480852127
0.01341238059103489
0.013514308258891106
0.014008662663400173
0.014830403961241245
0.017129061743617058
0.02108342945575714
0.025682711973786354
0.02838393673300743
0.029699675738811493
0.030128149315714836
0.02991396002471447
0.029570577666163445
0.027784522622823715
0.023698192089796066
0.017682848498225212
0.013863167725503445
0.01353263109922409
0.013604679144918919
0.013925992883741856
0.014592486433684826
0.016604958102107048
0.019911890849471092
0.027049288153648376
0.03202366828918457
0.03342236578464508
0.03372091054916382
0.03318433836102486
0.032099537551403046
0.02857089228928089
0.02273751236498356
0.01713119074702263
0.015401210635900497
0.015233289450407028
0.01535655278712511
0.015509393066167831
0.016009196639060974
0.01748158223927021
0.01990753412246704
0.027751849964261055
0.03505634889006615
0.036699507385492325
0.03662921488285065
0.03593664988875389
0.034841183573007584
0.031285569071769714
0.026249658316373825
0.01963931694626808
0.017352161929011345
0.020224206149578094
0.02391192503273487
0.02644522674381733
0.027623416855931282
0.028094042092561722
0.026780875399708748
0.02378489263355732
0.018701836466789246
0.014872537925839424
0.014367208816111088
0.014479477889835835
0.015295195393264294
0.017655471339821815
0.023106172680854797
0.02564309909939766
0.021652746945619583
0.016348786652088165
0.013230494223535061
0.01320301741361618
0.013173255138099194
0.015519741922616959
0.020695839077234268
0.027519825845956802
0.029193557798862457
0.02713504247367382
0.02376656047999859
0.019964084029197693
0.017358403652906418
0.019361641258001328
0.022438177838921547
0.023727165535092354
0.0231330543756485
0.022160926833748817
0.01986856944859028
0.016726450994610786
0.014288588427007198
0.013398268260061741
0.014764692634344101
0.016827715560793877
0.02079087682068348
0.024960758164525032
0.02726146951317787
0.02512802928686142
0.022284818813204765
0.01988983526825905
0.017311282455921173
0.016306761652231216
0.015900246798992157
0.015847908332943916
0.01666182093322277
0.018662048503756523
0.027542181313037872
0.03346482664346695
0.03377333655953407
0.03249702230095863
0.02853294648230076
0.02182863838970661
0.015081973746418953
0.012524047866463661
0.013042689301073551
0.013529443182051182
0.013464405201375484
0.013354781083762646
0.016923697665333748
0.024519752711057663
0.03058781288564205
0.0331202894449234
0.032759569585323334
0.03075399622321129
0.02791748382151127
0.025077981874346733
0.021446729078888893
0.017042024061083794
0.013331882655620575
0.012694030068814754
0.013272188603878021
0.01343665923923254
0.013414585031569004
0.013615005649626255
0.015418600291013718
0.023145977407693863
0.030943600460886955
0.03282121568918228
0.03288140147924423
0.03259289264678955
0.03156263381242752
0.02986803464591503
0.02610740065574646
0.020638642832636833
0.015497777611017227
0.012007372453808784
0.012128781527280807
0.012480214238166809
0.012622744776308537
0.012987315654754639
0.01306785549968481
0.013220146298408508
0.014514973387122154
0.019277390092611313
0.025958724319934845
0.029590575024485588
0.03064054250717163
0.03075256198644638
0.03011406399309635
0.02965523861348629
0.028797226026654243
0.02757132425904274
0.02544545941054821
0.021816078573465347
0.017784852534532547
0.014332745224237442
0.012993281707167625
0.012610329315066338
0.012346101924777031
0.012645178474485874
0.01290476880967617
0.012632078491151333
0.013121371157467365
0.014592337422072887
0.020188890397548676
0.023533042520284653
0.022238656878471375
0.01995129883289337
0.017070122063159943
0.014442872256040573
0.013666093349456787
0.014005820266902447
0.017099479213356972
0.021328182891011238
0.023388082161545753
0.02401001565158367
0.023817380890250206
0.023261286318302155
0.021649034693837166
0.01899486966431141
0.01681475341320038
0.014953511767089367
0.01441915612667799
0.013898187316954136
0.014416851103305817
0.01512104645371437
0.017718210816383362
0.02221253514289856
0.024846531450748444
0.02549395151436329
0.025302594527602196
0.02510303072631359
0.02412889339029789
0.021884458139538765
0.01901131309568882
0.016678472980856895
0.015091350302100182
0.014149113558232784
0.013905167579650879
0.01372000202536583
0.013387165032327175
0.013658026233315468
0.014049151912331581
0.01506579015403986
0.017726361751556396
0.021474789828062057
0.02297496423125267
0.02346627414226532
0.023363197222352028
0.023126328364014626
0.02301742695271969
0.02209094539284706
0.021159781143069267
0.019983431324362755
0.017596783116459846
0.015602252446115017
0.013660981319844723
0.012860007584095001
0.012405164539813995
0.012462944723665714
0.012862484902143478
0.013088908046483994
0.013405638746917248
0.015027179382741451
0.01812390610575676
0.021096648648381233
0.022692972794175148
0.023349277675151825
0.02347288466989994
0.023522084578871727
0.023313965648412704
0.023208269849419594
0.022411419078707695
0.021415788680315018
0.019110921770334244
0.016149818897247314
0.013578107580542564
0.012835086323320866
0.012849579565227032
0.012709420174360275
0.012939108535647392
0.012882539071142673
0.013455687090754509
0.014616585336625576
0.017390599474310875
0.020697373896837234
0.02303503267467022
0.023940900340676308
0.024483563378453255
0.024327784776687622
0.0242987759411335
0.024231309071183205
0.02368403971195221
0.02214544266462326
0.019450146704912186
0.01672334596514702
0.014565401710569859
0.013381090015172958
0.0130845932289958
0.01305596437305212
0.012899486348032951
0.012761496007442474
0.012764696963131428
0.013547937385737896
0.015567123889923096
0.01837867684662342
0.02119337022304535
0.023358812555670738
0.024258244782686234
0.02438756637275219
0.02453490160405636
0.024257274344563484
0.023847006261348724
0.02344842627644539
0.02207949198782444
0.019666628912091255
0.016781728714704514
0.01419336348772049
0.01301222201436758
0.01241203211247921
0.012404881417751312
0.012623876333236694
0.012819033116102219
0.012942296452820301
0.013310966081917286
0.013958699069917202
0.015486215241253376
0.017496071755886078
0.020252790302038193
0.02243105135858059
0.023296630010008812
0.023434363305568695
0.02364160865545273
0.02341257967054844
0.023335101082921028
0.023210080340504646
0.022887922823429108
0.02254321053624153
0.02237517386674881
0.02173207700252533
0.019948041066527367
0.018051695078611374
0.016336999833583832
0.015232516452670097
0.014872457832098007
0.014735936187207699
0.014691336080431938
0.014560607261955738
0.014243794605135918
0.014777397736907005
0.014795398339629173
0.014830590225756168
0.015231069177389145
0.015775389969348907
0.017618538811802864
0.019482150673866272
0.02149098925292492
0.022496473044157028
0.022847870364785194
0.022864067927002907
0.022770285606384277
0.022943908348679543
0.022645965218544006
0.022335663437843323
0.022067388519644737
0.02185724303126335
0.020843081176280975
0.01928279921412468
0.017791977152228355
0.016367197036743164
0.015410286374390125
0.01450192928314209
0.014287073165178299
0.0139811085537076
0.014062631875276566
0.01459924504160881
0.01485463697463274
0.015097725205123425
0.0151553088799119
0.015701601281762123
0.016353007405996323
0.01798766851425171
0.019963635131716728
0.02154131606221199
0.022610142827033997
0.02306155301630497
0.023078378289937973
0.022642558440566063
0.02274334989488125
0.022455276921391487
0.02240736223757267
0.021588319912552834
0.020303061231970787
0.01899665594100952
0.017305614426732063
0.015773439779877663
0.014691679738461971
0.014568817801773548
0.01452694833278656
0.01473019178956747
0.01439599972218275
0.014344495721161366
0.014688746072351933
0.01467953808605671
0.014961432665586472
0.015450317412614822
0.01643022522330284
0.018011929467320442
0.019537968561053276
0.02097024768590927
0.021700052544474602
0.02192690595984459
0.02247391827404499
0.02215239591896534
0.02230670116841793
0.022375354543328285
0.022360000759363174
0.021730806678533554
0.021366063505411148
0.02047267183661461
0.019586404785513878
0.018531061708927155
0.01729477383196354
0.016318639740347862
0.015546654351055622
0.015459573827683926
0.015474732965230942
0.015165651217103004
0.014867548830807209
0.014993397518992424
0.015016046352684498
0.015218794345855713
0.015738356858491898
0.016465071588754654
0.01721869595348835
0.01791822910308838
0.01870753802359104
0.019569622352719307
0.020134178921580315
0.020436495542526245
0.02115163579583168
0.021110065281391144
0.021245401352643967
0.021357769146561623
0.021203432232141495
0.021423427388072014
0.021360550075769424
0.021228598430752754
0.020736616104841232
0.019619174301624298
0.01803755760192871
0.016553755849599838
0.01613418199121952
0.016002919524908066
0.015825863927602768
0.01589391566812992
0.016145572066307068
0.01603746972978115
0.01626228168606758
0.016225026920437813
0.016583073884248734
0.01700657792389393
0.017419544979929924
0.018689505755901337
0.020286204293370247
0.021217308938503265
0.021958990022540092
0.02216474711894989
0.022552641108632088
0.022372594103217125
0.022096792235970497
0.021680798381567
0.02081132121384144
0.01989167556166649
