0.037561286240816116
0.10256682336330414
0.02398104779422283
0.09482760727405548
0.07607269287109375
0.1602288782596588
0.11397052556276321
0.055724162608385086
0.09050703048706055
0.04315180331468582
0.0811835527420044
0.02241993322968483
0.05538766831159592
0.05089408531785011
0.06117864325642586
0.09774544090032578
0.0837337002158165
0.06263918429613113
0.06846126914024353
0.12246011197566986
0.1184835210442543
0.036202572286129
0.04969577491283417
0.020359938964247704
0.06334741413593292
0.06100717931985855
0.03590771183371544
0.06742847710847855
0.04555767774581909
0.0272904671728611
0.06830865144729614
0.10664985328912735
0.03984762355685234
0.05580708757042885
0.057178795337677
0.05881982669234276
0.032340552657842636
0.09832176566123962
0.13336527347564697
0.14515075087547302
0.14606985449790955
0.1430826038122177
0.029449576511979103
0.040887705981731415
0.029918169602751732
0.02577769011259079
0.02554384432733059
0.019272495061159134
0.015312782488763332
0.021344000473618507
0.0292651429772377
0.03085203282535076
0.028577564284205437
0.02874644659459591
0.03152036294341087
0.033527690917253494
0.032238300889730453
0.032474275678396225
0.030988633632659912
0.030280085280537605
0.027858849614858627
0.025000499561429024
0.023829789832234383
0.02229161374270916
0.021251093596220016
0.021957116201519966
0.020922617986798286
0.02010522224009037
0.021023640409111977
0.020515553653240204
0.020532092079520226
0.021541597321629524
0.020538579672574997
0.02013409323990345
0.020503247156739235
0.02051365002989769
0.02077787183225155
0.020168432965874672
0.01913861744105816
0.019510801881551743
0.020086145028471947
0.01866179332137108
0.01744384877383709
0.01724380999803543
0.017928481101989746
0.01954123191535473
0.0211418978869915
0.02284504473209381
0.02359583228826523
0.026845676824450493
0.029430082067847252
0.030058344826102257
0.03184564784169197
0.0310526043176651
0.03071708045899868
0.02871764451265335
0.024063367396593094
0.02271297760307789
0.019598161801695824
0.01498121116310358
0.012893530540168285
0.01137210987508297
0.010071712546050549
0.011496664956212044
0.016846906393766403
0.017014946788549423
0.015703601762652397
0.014948420226573944
0.01989458128809929
0.024202492088079453
0.024050580337643623
0.023192496970295906
0.024458328261971474
0.02813352271914482
0.029186392202973366
0.02791328728199005
0.02933618612587452
0.029242919757962227
0.0304015651345253
0.026018979027867317
0.02407233417034149
0.02466011419892311
0.026133952662348747
0.02872064709663391
0.02526591345667839
0.020421573892235756
0.021111229434609413
0.025412285700440407
0.02437911368906498
0.02179771475493908
0.020370328798890114
0.02651166170835495
0.0308945644646883
0.025067484006285667
0.020401112735271454
0.038892973214387894
0.04286918044090271
0.030858110636472702
0.025374820455908775
0.06375032663345337
0.06599880009889603
0.09001962840557098
0.04174352064728737
0.097063809633255
0.04325152561068535
0.0678592249751091
0.09368661046028137
0.09592259675264359
0.0499349907040596
0.03950519487261772
0.05086878314614296
0.07371785491704941
0.041976265609264374
0.06103013455867767
0.058858271688222885
0.06377675384283066
0.10279905050992966
0.04309529438614845
0.03490167856216431
0.03527730330824852
0.01635279320180416
0.04640958830714226
0.03986489027738571
0.023562662303447723
0.03072156012058258
0.02479393407702446
0.017238957807421684
0.03267238289117813
0.03376011550426483
0.02140948176383972
0.01893412135541439
0.017561180517077446
0.015713753178715706
0.01553478091955185
0.01802489534020424
0.01756567321717739
0.012936304323375225
0.011283894069492817
0.011864472180604935
0.01190610509365797
0.012151945382356644
0.013531932607293129
0.013221490196883678
0.014103129506111145
0.01775210350751877
0.021653493866324425
0.026023784652352333
0.030286524444818497
0.03282172232866287
0.0354485921561718
0.03878964111208916
0.042362287640571594
0.04357070103287697
0.04526548087596893
0.04832904785871506
0.05187566950917244
0.055060990154743195
0.05786741152405739
0.0615989975631237
0.06460881233215332
0.06803788244724274
0.07044266909360886
0.07386033236980438
0.07457680255174637
0.0760480985045433
0.07811899483203888
0.07913005352020264
0.08015593141317368
0.08128959685564041
0.0821961835026741
0.08332797139883041
0.08132755756378174
0.0784684494137764
0.08351729065179825
0.0902433767914772
0.08902156352996826
0.0830874964594841
0.09127224236726761
0.09599482268095016
0.08085329830646515
0.07750806212425232
0.10786683857440948
0.10567591339349747
0.14113180339336395
0.142252117395401
0.12238498777151108
0.12052523344755173
0.11080227792263031
0.10389381647109985
0.09547156095504761
0.07965854555368423
0.07094623893499374
0.060261327773332596
0.05540425330400467
0.051680877804756165
0.04916726425290108
0.0508774034678936
0.0532827265560627
0.05635181441903114
0.06013524532318115
0.06262600421905518
0.0634533166885376
0.0657505989074707
0.06840004771947861
0.07142782211303711
0.07349514961242676
0.07401195913553238
0.07394421100616455
0.07355566322803497
0.07118427753448486
0.06823892891407013
0.06799697875976562
0.0666704922914505
0.06456319987773895
0.06336646527051926
0.06365149468183517
0.06456458568572998
0.06522589921951294
0.06683479994535446
0.06812527030706406
0.06876760721206665
0.07103163003921509
0.07206262648105621
0.07334776222705841
0.07401105016469955
0.07487737387418747
0.07448474317789078
0.07374591380357742
0.072966068983078
0.07090149819850922
0.0705612376332283
0.06869642436504364
0.06786255538463593
0.06858394294977188
0.06818289309740067
0.06715773791074753
0.06595761328935623
0.06358372420072556
0.06220553070306778
0.06333775073289871
0.06474247574806213
0.06222829595208168
0.06093011051416397
0.05707940831780434
0.05737048387527466
0.057602182030677795
0.06357568502426147
0.05853661894798279
0.04898429661989212
0.04737582802772522
0.07226154953241348
0.07976707816123962
0.06776640564203262
0.0425354540348053
0.017891081050038338
0.018090611323714256
0.020854394882917404
0.04092436283826828
0.0636153444647789
0.06986438482999802
0.06854337453842163
0.06203385069966316
0.05088082700967789
0.0324784517288208
0.03446308523416519
0.04326602816581726
0.05183480679988861
0.06232380121946335
0.07021251320838928
0.07012922316789627
0.06476651132106781
0.05871983990073204
0.0524836927652359
0.04696653038263321
0.03275178000330925
0.015811065211892128
0.017520034685730934
0.021732833236455917
0.03130538389086723
0.06067857891321182
0.07737758755683899
0.062367137521505356
0.05141109228134155
0.047100622206926346
0.04876784235239029
0.050801943987607956
0.05315883830189705
0.05699589475989342
0.06051751226186752
0.06230125203728676
0.05868477001786232
0.053394515067338943
0.04864880070090294
0.04332238808274269
0.03426014259457588
0.02455051802098751
0.025670301169157028
0.029746344313025475
0.03645257279276848
0.04871643707156181
0.06329535692930222
0.060419607907533646
0.0519830547273159
0.04293958842754364
0.035251110792160034
0.03500381112098694
0.04086773842573166
0.04692499712109566
0.05132729932665825
0.05339371785521507
0.054349999874830246
0.05317503958940506
0.050898753106594086
0.046453651040792465
0.041383009403944016
0.03711361438035965
0.0377754308283329
0.042216066271066666
0.04820918291807175
0.055504947900772095
0.06031772866845131
0.060095254331827164
0.05646069720387459
0.050922051072120667
0.04150686785578728
0.029468875378370285
0.029660435393452644
0.034527603536844254
0.04362316429615021
0.056627657264471054
0.05981183052062988
0.055572349578142166
0.04500783607363701
0.020108234137296677
0.01737029105424881
0.022946584969758987
0.035474035888910294
0.0542825311422348
0.07141503691673279
0.06963060796260834
0.058716192841529846
0.043982334434986115
0.022927790880203247
0.02514837682247162
0.03234171122312546
0.040158458054065704
0.04854161664843559
0.06319818645715714
0.07847433537244797
0.07164677232503891
0.05682489648461342
0.04710137099027634
0.04278888553380966
0.04970335215330124
0.05459507927298546
0.05386747792363167
0.051760558038949966
0.049704816192388535
0.04076455533504486
0.037253934890031815
0.03904834762215614
0.04358958080410957
0.048643361777067184
0.05867214500904083
0.06497296690940857
0.06286050379276276
0.057738687843084335
0.05164622887969017
0.042143307626247406
0.02139446884393692
0.01601104438304901
0.020131634548306465
0.026745475828647614
0.03584515303373337
0.04760093241930008
0.04611145704984665
0.04048926383256912
0.04121364280581474
0.04839858412742615
0.05788092687726021
0.06296003609895706
0.061276018619537354
0.0567786730825901
0.046883028000593185
0.036211661994457245
0.04237360879778862
0.05428912118077278
0.061743658035993576
0.06071295961737633
0.05734161287546158
0.048756543546915054
0.03269154950976372
0.025744283571839333
0.029406268149614334
0.0356234572827816
0.042757850140333176
0.0493713840842247
0.058946117758750916
0.06533578783273697
0.06524527072906494
0.06209156662225723
0.0583607442677021
0.0507584847509861
0.034757763147354126
0.02397998422384262
0.026866095140576363
0.033687300980091095
0.04168101027607918
0.054721664637327194
0.060881614685058594
0.053592607378959656
0.04865439608693123
0.056917954236269
0.061663802713155746
0.0617796964943409
0.058748021721839905
0.05461025610566139
0.04892212525010109
0.03900447487831116
0.02294093184173107
0.02344443090260029
0.031151756644248962
0.03894081711769104
0.044969674199819565
0.050211094319820404
0.04903433471918106
0.04491379112005234
0.040464095771312714
0.04252004623413086
0.047851383686065674
0.052287448197603226
0.0548832044005394
0.054386306554079056
0.05096568912267685
0.04412933066487312
0.035342637449502945
0.027134710922837257
0.02825162187218666
0.03318215161561966
0.0379861481487751
0.043041206896305084
0.050751473754644394
0.05465544015169144
0.05284949764609337
0.04960322752594948
0.04528138414025307
0.040595222264528275
0.038043566048145294
0.04059426859021187
0.045885004103183746
0.0511414036154747
0.05053090676665306
0.04617183655500412
0.042426638305187225
0.040271587669849396
0.0427035354077816
0.04649101197719574
0.052776023745536804
0.058253686875104904
0.05933671072125435
0.056892991065979004
0.05335673317313194
0.047875046730041504
0.039081718772649765
0.03200420364737511
0.03454446420073509
0.04169849678874016
0.04867682233452797
0.054557327181100845
0.05831523239612579
0.0563657209277153
0.046413131058216095
0.03493034467101097
0.027079591527581215
0.02687809243798256
0.031171588227152824
0.03588614612817764
0.04100104793906212
0.04686713218688965
0.05040043592453003
0.047943055629730225
0.04377419874072075
0.03991683945059776
0.03942213952541351
0.042428482323884964
0.0474923811852932
0.052036102861166
0.051777832210063934
0.04996975138783455
0.04740370810031891
0.042189761996269226
0.03786871209740639
0.03490522503852844
0.039987996220588684
0.04579950496554375
0.05045843496918678
0.05141228437423706
0.04843808338046074
0.0448014959692955
0.04376263543963432
0.04835428670048714
0.052560482174158096
0.0533943809568882
0.04965142905712128
0.045153357088565826
0.041278593242168427
0.04043135046958923
0.042582470923662186
0.04701784625649452
0.0511949397623539
0.05239700898528099
0.05144667997956276
0.04978052154183388
0.047544315457344055
0.04355064779520035
0.03663584217429161
0.031224597245454788
0.03233041986823082
0.03623773902654648
0.04115418344736099
0.04767780750989914
0.05420394614338875
0.054776258766651154
0.053050696849823
0.0502682588994503
0.0467250756919384
0.04515042155981064
0.047970790416002274
0.050986628979444504
0.05019654333591461
0.047168269753456116
0.044428545981645584
0.04306221380829811
0.043989572674036026
0.046366408467292786
0.048898059874773026
0.05050079897046089
0.05115831270813942
0.05061918497085571
0.04953287914395332
0.048593513667583466
0.0469408743083477
0.04562836140394211
0.04470207169651985
0.044045526534318924
0.044051643460989
0.04424453526735306
0.04408584535121918
0.044605936855077744
0.04510778561234474
0.04528781399130821
0.04535011202096939
0.0449911430478096
0.045003797858953476
0.04424377530813217
0.043969281017780304
0.04321812093257904
0.042220473289489746
0.0421503409743309
0.04206222668290138
0.042543698102235794
0.042140159755945206
0.04202606901526451
0.041780613362789154
0.041432738304138184
0.0419665090739727
0.04325247183442116
0.04469048231840134
0.044643402099609375
0.04426594451069832
0.04325801879167557
0.04317837208509445
0.04299798235297203
0.04305242747068405
0.04313123971223831
0.043811310082674026
0.04529457911849022
0.0461864247918129
0.045047346502542496
0.043645065277814865
0.04235319793224335
0.04128542169928551
0.0414154976606369
0.0432201623916626
0.04656839370727539
0.04922126233577728
0.05002334341406822
0.04953132942318916
0.04626781493425369
0.038993481546640396
0.036896705627441406
0.04287199303507805
0.049114249646663666
0.052350349724292755
0.05197349563241005
0.04952726885676384
0.04647563397884369
0.043034330010414124
0.04037180542945862
0.0382254496216774
0.03628302738070488
0.03491494432091713
0.034976568073034286
0.03627033159136772
0.03796675056219101
0.03988806530833244
0.041676007211208344
0.043189141899347305
0.04440569505095482
0.04561370611190796
0.04654311761260033
0.047534625977277756
0.04802798107266426
0.04776736721396446
0.04744863137602806
0.04681289941072464
0.04582216590642929
0.04454263299703598
0.04264279082417488
0.04046044871211052
0.0377836637198925
0.03646833449602127
0.0364602729678154
0.03749145194888115
0.03888719528913498
0.04046066850423813
0.04263914003968239
0.04439583793282509
0.0449850969016552
0.045387763530015945
0.04571351036429405
0.04546693339943886
0.043717797845602036
0.041956279426813126
0.04014495015144348
0.038826070725917816
0.03758382424712181
0.03766714036464691
0.038969531655311584
0.04096769541501999
0.04273321479558945
0.043925222009420395
0.04387075453996658
0.042671848088502884
0.04168180748820305
0.040824271738529205
0.039365459233522415
0.03795187175273895
0.03641459345817566
0.03849232196807861
0.04058658331632614
0.04200088232755661
0.042068976908922195
0.04160858690738678
0.04103725031018257
0.03986663371324539
0.038826849311590195
0.0373137928545475
0.03643915802240372
0.03597908839583397
0.03552559018135071
0.035667143762111664
0.03630227968096733
0.036856528371572495
0.03835605829954147
0.03987667337059975
0.041177358478307724
0.04247453808784485
0.0429345965385437
0.04360596835613251
0.043918706476688385
0.04458565637469292
0.04476919025182724
0.04474465176463127
0.04439554363489151
0.04301287606358528
0.04186932370066643
0.041480522602796555
0.041349321603775024
0.04144861549139023
0.042153701186180115
0.04300720989704132
0.043886419385671616
0.04431859031319618
0.04478539526462555
0.045043300837278366
0.045703012496232986
0.04560128599405289
0.045422326773405075
0.04469206556677818
0.043422237038612366
0.042658042162656784
0.04208575189113617
0.042358141392469406
0.0434463806450367
0.04445453733205795
0.045063406229019165
0.04597535729408264
0.04626964032649994
0.04605898633599281
0.045180607587099075
0.044037919491529465
0.04318329691886902
0.0421639047563076
0.042044494301080704
0.04236381873488426
0.04272496700286865
0.04348176717758179
0.044563889503479004
0.0452314093708992
0.04538192227482796
0.04431562498211861
0.04367600753903389
0.043126180768013
0.043877046555280685
0.04360050708055496
0.04312041029334068
0.042358215898275375
0.041898515075445175
0.04223470017313957
0.04298964887857437
0.043661244213581085
0.04440021887421608
0.0446980856359005
0.04423629119992256
0.04332173988223076
0.04252426326274872
0.04194191098213196
0.04143975302577019
0.042092856019735336
0.0421791672706604
0.042803384363651276
0.043698687106370926
0.04465886205434799
0.04532689228653908
0.045474182814359665
0.04502106457948685
0.044058945029973984
0.0432286411523819
0.04243386164307594
0.04187174141407013
0.04126708209514618
0.041297491639852524
0.041958462446928024
0.0427372008562088
0.04357510432600975
0.04411500319838524
0.044418103992938995
0.04349692538380623
0.04249778389930725
0.041542619466781616
0.04087628424167633
0.04090446978807449
0.04133522883057594
0.04286366328597069
0.04468898847699165
0.04581940546631813
0.04647789150476456
0.045810382813215256
0.044214971363544464
0.04262379929423332
0.04099922627210617
0.03963308408856392
0.03896137699484825
0.039022818207740784
0.03926932439208031
0.04080137237906456
0.04182608798146248
0.04299745708703995
0.04443563520908356
0.04514225199818611
0.045540206134319305
0.04541822895407677
0.044981151819229126
0.04428613558411598
0.04312007501721382
0.04149516671895981
0.040135178714990616
0.03911454230546951
0.0384175069630146
0.03824995085597038
0.038588471710681915
0.03945496678352356
0.0404832661151886
0.04154285043478012
0.04246065020561218
0.04403296485543251
0.04502922296524048
0.045717865228652954
0.04516974836587906
0.04445906728506088
0.04312468692660332
0.04197901114821434
0.041033193469047546
0.04030855745077133
0.039542436599731445
0.039304379373788834
0.03890823945403099
0.03912539780139923
0.03948015347123146
0.040104471147060394
0.04119059816002846
0.042480915784835815
0.04380223527550697
0.04494021460413933
0.0447702519595623
0.04357217997312546
0.0425541065633297
0.04176931828260422
0.04101857542991638
0.0403045229613781
0.04015491530299187
0.040746282786130905
0.04153430834412575
0.04240303114056587
0.042557843029499054
0.04263400286436081
0.04228956997394562
0.041720010340213776
0.04046323150396347
0.03981747850775719
0.039125680923461914
0.03854181990027428
0.038774676620960236
0.0393807478249073
0.04061940312385559
0.04195808991789818
0.04250413551926613
0.04295210540294647
0.04277975112199783
0.04301678016781807
0.042343176901340485
0.04147188737988472
0.04042746126651764
0.040193211287260056
0.039888232946395874
0.03978409618139267
0.04024976119399071
0.0406554713845253
0.04060809314250946
0.04080294072628021
0.041205085813999176
0.041582632809877396
0.04222305119037628
0.04240011051297188
0.042215753346681595
0.042119745165109634
0.04168450087308884
0.04162805527448654
0.041644200682640076
0.041460081934928894
0.04149910807609558
0.041452568024396896
0.041755739599466324
0.04216877743601799
0.042462307959795
0.04261993616819382
0.042637817561626434
0.04256518930196762
0.04239880293607712
0.04217058792710304
0.041349899023771286
0.041326794773340225
0.04114086553454399
0.04117751494050026
0.04080663248896599
0.040879279375076294
0.0411195270717144
0.041565876454114914
0.04231393337249756
0.042631879448890686
0.04272492602467537
0.042553070932626724
0.04214734584093094
0.04195128008723259
0.04169413447380066
0.04112646356225014
0.040562041103839874
0.040226489305496216
0.040000032633543015
0.039426349103450775
0.039404239505529404
0.039472077041864395
0.039452310651540756
0.039592817425727844
0.03948170691728592
0.03935932740569115
0.039435628801584244
0.039917223155498505
0.04071663320064545
0.04134900122880936
0.041518326848745346
0.04161841794848442
0.04113677516579628
0.041477520018815994
0.04156358540058136
0.04178321361541748
0.04186113923788071
0.041457757353782654
0.04130752384662628
0.0412379689514637
0.04093974828720093
0.04071265459060669
0.04044856131076813
0.04067248851060867
0.040521979331970215
0.0407259501516819
0.04060731828212738
0.04071127623319626
0.04063905403017998
0.040478918701410294
0.040597472339868546
0.04096568375825882
0.041157566010951996
0.041146419942379
0.04103650152683258
0.04130072891712189
0.04096526280045509
0.04076908156275749
0.04087774083018303
0.041064392775297165
0.04112750291824341
0.04136120527982712
0.04134161025285721
0.041446249932050705
0.04130326211452484
0.041295308619737625
0.04149129241704941
0.04128072410821915
0.04125462472438812
0.04147455096244812
0.04148422181606293
0.041735485196113586
0.04181302338838577
0.04185349866747856
0.041719578206539154
0.041795771569013596
0.04169532284140587
0.04185448959469795
0.0416213795542717
0.041828956454992294
0.04197431355714798
0.041887879371643066
0.04214462265372276
0.042142558842897415
0.04226049780845642
0.04243044555187225
0.04242189601063728
0.042258765548467636
0.04220042750239372
0.04232703149318695
0.04246138408780098
0.04246505722403526
0.04275204613804817
0.04256003722548485
0.042105138301849365
0.0420219711959362
0.04206288233399391
0.04218776151537895
0.04196123406291008
