0.093653105199337
0.10744566470384598
0.10832194238901138
0.11202766001224518
0.09917637705802917
0.11140349507331848
0.1051008552312851
0.07457225024700165
0.08007766306400299
0.09279585629701614
0.11671443283557892
0.11904658377170563
0.11440332233905792
0.09932459145784378
0.07563257217407227
0.05890266224741936
0.07101335376501083
0.04004035145044327
0.05973856523633003
0.0735677033662796
0.05473848059773445
0.06102129444479942
0.049113929271698
0.06325042992830276
0.054288044571876526
0.05127476900815964
0.05886022374033928
0.05558161810040474
0.1114172413945198
0.07963567972183228
0.043012212961912155
0.0223380196839571
0.04480279982089996
0.07481700927019119
0.06655226647853851
0.053083062171936035
0.07089614123106003
0.0560309924185276
0.05606405809521675
0.06303641945123672
0.06464335322380066
0.07056272774934769
0.07446923851966858
0.06497780233621597
0.05306025967001915
0.03991052135825157
0.03544583171606064
0.038884375244379044
0.04902321472764015
0.062036849558353424
0.057267483323812485
0.03779296576976776
0.027215443551540375
0.03373929485678673
0.04319941624999046
0.05228453129529953
0.05332299694418907
0.053329918533563614
0.05117898806929588
0.03745826706290245
0.03427107259631157
0.04197844862937927
0.057807132601737976
0.09099988639354706
0.10922826826572418
0.09822176396846771
0.07875452190637589
0.026411399245262146
0.019489388912916183
0.04641404747962952
0.027627302333712578
0.022412361577153206
0.027051573619246483
0.0428318977355957
0.05476107448339462
0.035440608859062195
0.03726653382182121
0.04658255726099014
0.05873675271868706
0.04605843126773834
0.04674617946147919
0.05679736286401749
0.08149276673793793
0.10051007568836212
0.09795298427343369
0.07853156328201294
0.03857637941837311
0.025553708896040916
0.05735873430967331
0.08808378130197525
0.07259074598550797
0.04879288375377655
0.031156696379184723
0.04247938096523285
0.062314629554748535
0.08443392068147659
0.07842934876680374
0.05729813501238823
0.041408881545066833
0.02231030911207199
0.03176630288362503
0.06562917679548264
0.06838523596525192
0.02837645635008812
0.03761637955904007
0.05958249047398567
0.06763414293527603
0.06464863568544388
0.05890204757452011
0.052854735404253006
0.04753552004694939
0.04307761415839195
0.039106156677007675
0.030340537428855896
0.03498945012688637
0.04273475706577301
0.0371476411819458
0.027718819677829742
0.022946836426854134
0.03196492791175842
0.0472058542072773
0.05858878418803215
0.06154884025454521
0.03989079222083092
0.029858099296689034
0.040403347462415695
0.07538928091526031
0.09522697329521179
0.11267895996570587
0.11903838813304901
0.11375147849321365
0.10137991607189178
0.08838771283626556
0.06869689375162125
0.04335062578320503
0.022660555317997932
0.02568237856030464
0.0319490022957325
0.03719031438231468
0.04002133384346962
0.042101964354515076
0.042477965354919434
0.0440407432615757
0.04365941137075424
0.0430542416870594
0.04092586040496826
0.040397848933935165
0.039464130997657776
0.03954349830746651
0.0393807552754879
0.03930740803480148
0.041620757430791855
0.044409625232219696
0.0474962554872036
0.05071507766842842
0.054268378764390945
0.05752226710319519
0.06092681363224983
0.060349561274051666
0.0640178769826889
0.08374516665935516
0.09556426852941513
0.09014125913381577
0.07352662831544876
0.06149808317422867
0.0733124315738678
0.07215887308120728
0.06564618647098541
0.06743388622999191
0.08027053624391556
0.09259878098964691
0.08887222409248352
0.06901687383651733
0.05700448527932167
0.06918030232191086
0.0874728411436081
0.10082036256790161
0.10117316246032715
0.0928071141242981
0.08366390317678452
0.0699448361992836
0.05899956077337265
0.06115550175309181
0.06645401567220688
0.09093808382749557
0.10114219784736633
0.09079824388027191
0.0739564299583435
0.05777246505022049
0.05328041687607765
0.06106577441096306
0.07557624578475952
0.08432219922542572
0.08838801831007004
0.08516303449869156
0.07039838284254074
0.04989341273903847
0.047664593905210495
0.05861183628439903
0.08653236925601959
0.09219229221343994
0.08310642093420029
0.06896451115608215
0.05595697462558746
0.047240402549505234
0.04548747092485428
0.05435370281338692
0.06831516325473785
0.07714802771806717
0.07967247813940048
0.07045742124319077
0.054088298231363297
0.04162461683154106
0.04321936145424843
0.04508843272924423
0.06846488267183304
0.08506037294864655
0.08601053804159164
0.07007262855768204
0.04341508820652962
0.047129999846220016
0.048349179327487946
0.04955321177840233
0.07546177506446838
0.0896889716386795
0.07860258966684341
0.05201442167162895
0.055052291601896286
0.06012054532766342
0.09393490105867386
0.11382812261581421
0.10829063504934311
0.09066040813922882
0.06638023257255554
0.05298474803566933
0.05191263183951378
0.05709327012300491
0.06744565069675446
0.07600606232881546
0.08471935987472534
0.08523206412792206
0.0853026881814003
0.08306417614221573
0.07075510174036026
0.06649123132228851
0.08219349384307861
0.09512989968061447
0.08307891339063644
0.07024529576301575
0.0824553444981575
0.08220964670181274
0.06310594826936722
0.059519533067941666
0.07031947374343872
0.09756647050380707
0.10434179753065109
0.09051769971847534
0.050947487354278564
0.05040573701262474
0.07059618830680847
0.09646430611610413
0.0868404358625412
0.05711746960878372
0.05646536126732826
0.06864819675683975
0.09974800050258636
0.11575618386268616
0.1155138835310936
0.10364273190498352
0.0663711205124855
0.06284500658512115
0.07045955955982208
0.09863408654928207
0.08716125041246414
0.061355289071798325
0.055579330772161484
0.06015985831618309
0.07647652924060822
0.09282740205526352
0.09703856706619263
0.09573961049318314
0.09221550822257996
0.08463210612535477
0.07216964662075043
0.05632726103067398
0.05204630270600319
0.052080024033784866
0.056779004633426666
0.06318500638008118
0.07125016301870346
0.0747191533446312
0.07451456785202026
0.07074318081140518
0.06250311434268951
0.05426272377371788
0.05151229351758957
0.052543073892593384
0.055957816541194916
0.05794992297887802
0.059055130928754807
0.061403147876262665
0.06241608411073685
0.06271711736917496
0.0582064613699913
0.050839923322200775
0.047263290733098984
0.04854651913046837
0.06315787881612778
0.07346415519714355
0.07600871473550797
0.07229042053222656
0.057461902499198914
0.04895024746656418
0.05239631235599518
0.07739444822072983
0.08920013159513474
0.09022944420576096
0.08553057163953781
0.06367236375808716
0.0824127271771431
0.0917753204703331
0.07855312526226044
0.05424804612994194
0.04706021398305893
0.05425148084759712
0.07280343770980835
0.08464864641427994
0.08916535973548889
0.08708061277866364
0.07390443235635757
0.06107750162482262
0.05517766252160072
0.05366238206624985
0.058033186942338943
0.07445982843637466
0.08946273475885391
0.09461363404989243
0.09538235515356064
0.09267718344926834
0.07358439266681671
0.0759403184056282
0.07305929809808731
0.06300616264343262
0.08107443898916245
0.09022539108991623
0.0921671912074089
0.09326917678117752
0.09157296270132065
0.08362635225057602
0.07372166961431503
0.06905770301818848
0.06690146028995514
0.06687013804912567
0.06815826892852783
0.06869164109230042
0.06994976848363876
0.07120142132043839
0.07159452885389328
0.06910815089941025
0.0649307444691658
0.060353346168994904
0.057268716394901276
0.05450911447405815
0.05058199167251587
0.04909675195813179
0.052233532071113586
0.05689959228038788
0.05995718017220497
0.061874549835920334
0.06172780320048332
0.060510095208883286
0.060316309332847595
0.061396729201078415
0.06224573403596878
0.06591078639030457
0.07105623930692673
0.07597476243972778
0.07926119863986969
0.07981351017951965
0.07845090329647064
0.07454147189855576
0.06907059997320175
0.06482003629207611
0.06321971863508224
0.06720853596925735
0.0700630247592926
0.06294112652540207
0.05252872407436371
0.05249697342514992
0.057977769523859024
0.067532017827034
0.0717032253742218
0.07261320948600769
0.07037526369094849
0.06303839385509491
0.05332374572753906
0.05388735234737396
0.05666341260075569
0.05978512018918991
0.06163617596030235
0.06202641874551773
0.06070281192660332
0.05954410880804062
0.05607951804995537
0.05366271734237671
0.053594667464494705
0.05933544784784317
0.07002238929271698
0.07406803220510483
0.07396183162927628
0.06668440252542496
0.05396494269371033
0.0531916506588459
0.061472538858652115
0.07699903100728989
0.07987260818481445
0.07182798534631729
0.060243599116802216
0.06586375087499619
0.07528316229581833
0.08016221225261688
0.081148162484169
0.08147449046373367
0.07936257123947144
0.0745115727186203
0.0682377889752388
0.06355643272399902
0.06400733441114426
0.06613796204328537
0.06762482225894928
0.06662608683109283
0.06102513521909714
0.054234158247709274
0.052763041108846664
0.056838829070329666
0.06310906261205673
0.06329867243766785
0.05888259410858154
0.05430368706583977
0.053785692900419235
0.06013016402721405
0.0673656165599823
0.06757532060146332
0.06428530812263489
0.05606656149029732
0.05720638111233711
0.06859370321035385
0.0680762454867363
0.05729210376739502
0.04458489641547203
0.040926191955804825
0.045079704374074936
0.05619392171502113
0.06813718378543854
0.0720665380358696
0.06494900584220886
0.056982699781656265
0.05340244621038437
0.05341077968478203
0.054296381771564484
0.055078864097595215
0.056833744049072266
0.06007801368832588
0.06350798159837723
0.06805535405874252
0.07329055666923523
0.07696093618869781
0.07867851853370667
0.07458877563476562
0.06750570237636566
0.060164909809827805
0.05360058322548866
0.04873502999544144
0.04687579348683357
0.04655519500374794
0.04786664992570877
0.05205279588699341
0.05608341470360756
0.062130484730005264
0.06766170263290405
0.06915386766195297
0.06828425824642181
0.06628158688545227
0.06713517010211945
0.07046368718147278
0.07412738353013992
0.0780658945441246
0.07859611511230469
0.07773706316947937
0.07495639473199844
0.07073648273944855
0.06684388220310211
0.06297405809164047
0.0594496950507164
0.05659632012248039
0.056548092514276505
0.05997810140252113
0.06383413821458817
0.06704869121313095
0.07064242660999298
0.07513155788183212
0.07984863221645355
0.08292067050933838
0.08311641216278076
0.08155322819948196
0.07864879071712494
0.0749499648809433
0.06943020969629288
0.06289912015199661
0.05937826260924339
0.0586286336183548
0.06044294685125351
0.06366491317749023
0.06899432837963104
0.07574549317359924
0.07563076913356781
0.07268470525741577
0.06822644174098969
0.062405046075582504
0.058456405997276306
0.05672655999660492
0.057070206850767136
0.0612800195813179
0.06642862409353256
0.07307014614343643
0.07706008106470108
0.07682108134031296
0.07167947292327881
0.06479904800653458
0.06850115954875946
0.07537758350372314
0.08259481936693192
0.0822456106543541
0.07691027224063873
0.0722658559679985
0.07491004467010498
0.0821000188589096
0.08873903006315231
0.09353125095367432
0.09328320622444153
0.08836714178323746
0.07684318721294403
0.07250907272100449
0.08180736750364304
0.09172608703374863
0.090364471077919
0.0852876827120781
0.07528259605169296
0.06830079853534698
0.07446043938398361
0.08325934410095215
0.08471168577671051
0.08073993027210236
0.07366419583559036
0.0708157867193222
0.07865991443395615
0.08622864633798599
0.08498949557542801
0.07718724757432938
0.06729678809642792
0.06889338046312332
0.07837378233671188
0.08789139986038208
0.08832139521837234
0.08221333473920822
0.07304254919290543
0.06949402391910553
0.07330828905105591
0.07863862812519073
0.08284708112478256
0.07854721695184708
0.07274383306503296
0.0683971494436264
0.07076310366392136
0.0771087259054184
0.0846564918756485
0.08419237285852432
0.07847366482019424
0.07235094904899597
0.07460492104291916
0.08160041272640228
0.08616651594638824
0.08349240571260452
0.07761620730161667
0.069401815533638
0.06070500984787941
0.05785376578569412
0.06032746657729149
0.06568972021341324
0.07170700281858444
0.07802607864141464
0.08270207047462463
0.08518526703119278
0.08631391078233719
0.08681380748748779
0.08579088747501373
0.08313710987567902
0.07934224605560303
0.07104121148586273
0.06357001513242722
0.0611141100525856
0.06061288341879845
0.06188604608178139
0.06529399007558823
0.07155350595712662
0.07799375802278519
0.0823015421628952
0.08098563551902771
0.07809863239526749
0.07468759268522263
0.07150614261627197
0.07105698436498642
0.07260031253099442
0.07515399903059006
0.07710256427526474
0.07887645065784454
0.08014285564422607
0.0817345380783081
0.08143415302038193
0.07991909980773926
0.07949429750442505
0.08039186149835587
0.08181778341531754
0.08256044238805771
0.07908670604228973
0.07435481995344162
0.07195401936769485
0.07291243970394135
0.0753239169716835
0.07845915853977203
0.08132459223270416
0.08134320378303528
0.07782822847366333
0.07380622625350952
0.07064473628997803
0.07105183601379395
0.07272881269454956
0.07427961379289627
0.0759899690747261
0.07828351855278015
0.08023996651172638
0.0812036395072937
0.08005716651678085
0.07747673243284225
0.07535859197378159
0.07533961534500122
0.0769418403506279
0.0788598358631134
0.08104433119297028
0.08171435445547104
0.0830543041229248
0.083257295191288
0.0827525407075882
0.08039674162864685
0.07602699846029282
0.07549126446247101
0.07639237493276596
0.0785423070192337
0.08057846128940582
0.08190789073705673
0.08040246367454529
0.0781208872795105
0.07651855051517487
0.07741052657365799
0.07895705848932266
0.08064181357622147
0.08250679075717926
0.08196903765201569
0.07929926365613937
0.07569718360900879
0.07564989477396011
0.07719339430332184
0.07953280955553055
0.08168020844459534
0.08325118571519852
0.08085041493177414
0.07647188752889633
0.0739436075091362
0.07551620155572891
0.07830936461687088
0.0818355605006218
0.08525162190198898
0.08837269246578217
0.08641375601291656
0.0816827192902565
0.07800653576850891
0.07802173495292664
0.07913828641176224
0.08120396733283997
0.08304349333047867
0.0807487890124321
0.07554435729980469
0.07195831090211868
0.07071348279714584
0.07083950936794281
0.07276485860347748
0.07617205381393433
0.07901064306497574
0.08184954524040222
0.08455528318881989
0.08449184894561768
0.08205368369817734
0.07916928082704544
0.07817970961332321
0.07972819358110428
0.0824037492275238
0.08481436222791672
0.08497299998998642
0.08297959715127945
0.08227735757827759
0.08352479338645935
0.08446838706731796
0.08572543412446976
0.08666308224201202
0.08698368817567825
0.08574634045362473
0.08203165978193283
0.07656001299619675
0.07483049482107162
0.07611764222383499
0.0785633847117424
0.08168035745620728
0.08447560667991638
0.08618864417076111
0.08552565425634384
0.08322596549987793
0.08157555013895035
0.08219505846500397
0.08300656825304031
0.08408664166927338
0.0828954428434372
0.08127152919769287
0.08152163028717041
0.08246967941522598
0.08353077620267868
0.08518631011247635
0.08516129106283188
0.08282522857189178
0.0800618827342987
0.07729543000459671
0.07571040093898773
0.07585403323173523
0.07713717222213745
0.07750610262155533
0.07827930897474289
0.07917490601539612
0.08047623187303543
0.08182811737060547
0.08281037956476212
0.08476673066616058
0.08466226607561111
0.08315589278936386
0.0824187844991684
0.0829794630408287
0.08376991003751755
0.0837668925523758
0.08288193494081497
0.08368811011314392
0.08408483862876892
0.08378341794013977
0.0842127725481987
0.08506142348051071
0.08554931730031967
0.08635135740041733
0.08751983940601349
0.0880885198712349
0.08858489245176315
0.0875384584069252
0.08529794216156006
0.08169805258512497
0.07942982763051987
0.07912081480026245
0.07962362468242645
0.08074305951595306
0.08204321563243866
0.08304975926876068
0.0839337557554245
0.08324702829122543
0.08225378394126892
0.08276922255754471
0.08363891392946243
0.08452320098876953
0.08571339398622513
0.0853559598326683
0.08436589688062668
0.08353636413812637
0.08392340689897537
0.0845179557800293
0.08567589521408081
0.08548817038536072
0.08345657587051392
0.08188184350728989
0.0813097357749939
0.0820641741156578
0.08374697715044022
0.08539964258670807
0.08628028631210327
0.08691326528787613
0.08590302616357803
0.08365599811077118
0.08102915436029434
0.0802430659532547
0.08088379353284836
0.0814567431807518
0.08273354172706604
0.08438258618116379
0.08524510264396667
0.08597499132156372
0.08500508964061737
0.08316437900066376
0.08160123229026794
0.08069183677434921
0.08121515065431595
0.08247837424278259
0.08333860337734222
0.08432114124298096
0.08517102897167206
0.08545393496751785
0.08648692816495895
0.08626382797956467
0.08519387245178223
0.08302504569292068
0.08235227316617966
0.0827295333147049
0.08377641439437866
0.08394450694322586
0.08396095782518387
0.08399180322885513
0.08375871926546097
0.08335353434085846
0.08205901831388474
0.08138992637395859
0.0808233916759491
0.08099395036697388
0.08190136402845383
0.08313973248004913
0.08483656495809555
0.08540216833353043
0.08414185792207718
0.08071757107973099
0.07786821573972702
0.07804790884256363
0.07962336391210556
0.08201652020215988
0.08421006053686142
0.08564046770334244
0.08488689363002777
0.08302795886993408
0.08131081610918045
0.07980906218290329
0.07881005853414536
0.07872743159532547
0.07956132292747498
0.08096861094236374
0.0832652896642685
0.08517034351825714
0.08626506477594376
0.08711051195859909
0.08615442365407944
0.0844164490699768
0.08245067298412323
0.08030952513217926
0.0786779448390007
0.07709690183401108
0.0765446200966835
0.07575684040784836
0.07624027132987976
0.07768300175666809
0.07883565127849579
0.07952339202165604
0.08058541268110275
0.08165081590414047
0.08179184049367905
0.08281200379133224
0.08430058509111404
0.0847950279712677
0.0855807363986969
0.08604435622692108
0.08562283217906952
0.08550717681646347
0.08503939211368561
0.08454003185033798
0.08340921252965927
0.08239182084798813
0.08137863874435425
0.08055558800697327
0.08089414238929749
0.08076318353414536
0.08095666766166687
0.08087620884180069
0.0811520591378212
0.08179843425750732
0.0825795978307724
0.08349021524190903
0.08399351686239243
0.08480475842952728
0.08486282080411911
0.08409465849399567
0.08273579180240631
0.0821496844291687
0.08208364248275757
0.08256089687347412
0.08280674368143082
0.08354209363460541
0.08359524607658386
0.08401235193014145
0.08403012901544571
0.08424157649278641
0.08351288735866547
0.08274754881858826
0.08218254148960114
0.08236060291528702
0.08289866894483566
0.08361412584781647
0.08433987200260162
0.08499573916196823
0.08491528779268265
0.08423417806625366
0.0836128517985344
0.0825830027461052
0.0822659283876419
0.08221053332090378
0.08211664110422134
0.08235714584589005
0.08296488225460052
0.08367934077978134
0.08451560139656067
0.08468527346849442
0.08524172008037567
0.08406742662191391
0.08215425163507462
0.0805036798119545
0.0803130567073822
0.08037696033716202
0.08089946955442429
0.08136948198080063
0.08236557990312576
0.08309051394462585
0.08395089209079742
0.08518140763044357
0.08615986257791519
0.08635684102773666
0.0861537903547287
0.08490701019763947
0.08301722258329391
0.08134569227695465
0.08080415427684784
0.08096995204687119
0.08162657916545868
0.08224093168973923
0.08270032703876495
0.08386678993701935
0.08443021774291992
0.08499154448509216
0.08548453450202942
0.08549357205629349
0.08445820212364197
0.08339082449674606
0.08245440572500229
0.08146976679563522
0.08179495483636856
0.08288688957691193
0.08396119624376297
0.08524742722511292
0.08590678870677948
0.08562759310007095
0.08564799278974533
0.08453884720802307
0.08376099169254303
0.08316820859909058
0.08261401206254959
0.08186399936676025
0.08179401606321335
0.08207133412361145
0.08195076137781143
0.08231035619974136
0.08258477598428726
0.08291152119636536
0.0824538990855217
0.08253813534975052
0.08233965188264847
0.08283719420433044
0.08288788795471191
0.08313709497451782
0.08316660672426224
0.08315072953701019
0.08357973396778107
0.0838618203997612
0.08355969935655594
0.08350376784801483
0.08376837521791458
0.0841248407959938
0.08416882157325745
0.08413464576005936
0.08392886817455292
0.08339889347553253
0.0837603285908699
0.08325860649347305
0.08341294527053833
0.08305609226226807
