0.027840150520205498
0.04139541834592819
0.04208109900355339
0.10219641029834747
0.08892634510993958
0.05037899687886238
0.0596536248922348
0.052261773496866226
0.03919170796871185
0.05583851411938667
0.07538698613643646
0.0328628234565258
0.06646287441253662
0.05970520153641701
0.08690030872821808
0.06763047724962234
0.022727562114596367
0.04771876335144043
0.09867260605096817
0.09857045114040375
0.1480429321527481
0.1780594140291214
0.15320955216884613
0.03344590961933136
0.05980904400348663
0.03971784934401512
0.02486906573176384
0.027572430670261383
0.0809156745672226
0.03698185086250305
0.051930878311395645
0.04310155659914017
0.07376936823129654
0.07086309045553207
0.06779428571462631
0.061130866408348083
0.04645950347185135
0.03114948980510235
0.062028106302022934
0.05803252384066582
0.039305537939071655
0.030106782913208008
0.0787137970328331
0.06239652261137962
0.024612493813037872
0.026054130867123604
0.05776653066277504
0.0622740164399147
0.02920238859951496
0.023471761494874954
0.050237882882356644
0.059403203427791595
0.028753021731972694
0.03899040073156357
0.04962923005223274
0.0753072202205658
0.05387066304683685
0.050322454422712326
0.03816091641783714
0.026407262310385704
0.02860855497419834
0.04976304620504379
0.058598197996616364
0.058215510100126266
0.05592125281691551
0.039318304508924484
0.023981191217899323
0.02948457933962345
0.039101507514715195
0.024984441697597504
0.02700820192694664
0.03435829281806946
0.022310057654976845
0.011722364462912083
0.018309367820620537
0.03448530659079552
0.03430487960577011
0.02102312631905079
0.02478298358619213
0.039381541311740875
0.03631902113556862
0.02153957635164261
0.026597362011671066
0.03719049692153931
0.03431010618805885
0.027356915175914764
0.03388948366045952
0.03938739746809006
0.03359805420041084
0.0387171134352684
0.04175013676285744
0.03755355626344681
0.035659316927194595
0.035184044390916824
0.03282702714204788
0.035597022622823715
0.039237815886735916
0.03159978613257408
0.03012474626302719
0.03440193831920624
0.03193557262420654
0.02481292188167572
0.027687393128871918
0.0340614840388298
0.023871280252933502
0.01996217668056488
0.030573366209864616
0.03033813089132309
0.022149141877889633
0.024892710149288177
0.028945624828338623
0.018808512017130852
0.019833171740174294
0.04017204791307449
0.017436156049370766
0.011271310038864613
0.037337664514780045
0.03576400876045227
0.0218675397336483
0.029934808611869812
0.07090339064598083
0.0321098268032074
0.030894508585333824
0.11665210872888565
0.09275462478399277
0.09251715987920761
0.07930677384138107
0.0968947634100914
0.08113966137170792
0.061176665127277374
0.05744897946715355
0.09139546751976013
0.08278752118349075
0.10504993796348572
0.045077431946992874
0.08749586343765259
0.09290280193090439
0.0719536766409874
0.05828727409243584
0.03236212208867073
0.09679880738258362
0.04013991728425026
0.11175905168056488
0.09104416519403458
0.09693993628025055
0.056952208280563354
0.06241524592041969
0.04489845037460327
0.04963349923491478
0.08237332850694656
0.07263852655887604
0.05415789783000946
0.08360607177019119
0.06021600589156151
0.06255348026752472
0.07158412039279938
0.08901543915271759
0.09834910184144974
0.09568465501070023
0.08581260591745377
0.07540274411439896
0.07534876465797424
0.0693306103348732
0.05396775156259537
0.06876149773597717
0.06757570803165436
0.066060371696949
0.07358549535274506
0.08390088379383087
0.0823313519358635
0.06281451880931854
0.07840586453676224
0.08217183500528336
0.06996175646781921
0.0561627559363842
0.08132185786962509
0.08028434962034225
0.07896938174962997
0.07631682604551315
0.07496199011802673
0.07548397034406662
0.07785353809595108
0.08138860762119293
0.0860852599143982
0.09191138297319412
0.09600216895341873
0.0995863527059555
0.1029493659734726
0.10319583863019943
0.1046452596783638
0.1061486005783081
0.10663966834545135
0.1058664470911026
0.10338061302900314
0.10207925736904144
0.1019890159368515
0.0996508076786995
0.0976083055138588
0.09533518552780151
0.09493657201528549
0.09358519315719604
0.09284204244613647
0.0927770659327507
0.09204231947660446
0.09211842715740204
0.09215404093265533
0.09092026948928833
0.09074103087186813
0.09110186994075775
0.0907215029001236
0.09000025689601898
0.09141381829977036
0.09367512911558151
0.09398147463798523
0.09454189985990524
0.09433560073375702
0.09685135632753372
0.09904682636260986
0.10004416108131409
0.09983214735984802
0.09949110448360443
0.10032135993242264
0.10017568618059158
0.09890870749950409
0.09752371162176132
0.09718760848045349
0.09728484600782394
0.09737646579742432
0.09806053340435028
0.09897825121879578
0.09997851401567459
0.0995521992444992
0.10195180773735046
0.10166244953870773
0.10140795260667801
0.1014576107263565
0.10063483566045761
0.10098978877067566
0.10178396850824356
0.10380177199840546
0.10443206131458282
0.10564513504505157
0.10340499877929688
0.10115747153759003
0.1009000688791275
0.1031288430094719
0.10390658676624298
0.10444037616252899
0.10608696192502975
0.10436759144067764
0.10414469242095947
0.10288241505622864
0.10281774401664734
0.10462949424982071
0.10563916712999344
0.10538290441036224
0.10344365239143372
0.10144652426242828
0.10238141566514969
0.10445347428321838
0.10751964896917343
0.10712367296218872
0.10550789535045624
0.10342815518379211
0.10287421941757202
0.10318199545145035
0.10551685094833374
0.10724238306283951
0.10593467205762863
0.10542555898427963
0.10543931275606155
0.10335591435432434
0.10228939354419708
0.09723677486181259
0.08930782973766327
0.0821562334895134
0.08394686132669449
0.0873701423406601
0.0924810990691185
0.09844674170017242
0.10177426040172577
0.09376263618469238
0.10143029689788818
0.10541879385709763
0.10273095220327377
0.10672833025455475
0.11444812268018723
0.12358289211988449
0.1395633965730667
0.1383708268404007
0.12702062726020813
0.1078093871474266
0.09028688818216324
0.08531834185123444
0.08675503730773926
0.08884859085083008
0.09066562354564667
0.08547894656658173
0.08486103266477585
0.0923803374171257
0.10409127175807953
0.11049383133649826
0.11051665991544724
0.10717081278562546
0.10366155952215195
0.10060513764619827
0.09850312769412994
0.09500504285097122
0.09253614395856857
0.0901392251253128
0.0899641364812851
0.08932823687791824
0.08903354406356812
0.09074717015028
0.09375655651092529
0.09328172355890274
0.09462989121675491
0.09528798609972
0.0957566350698471
0.09675710648298264
0.09745477139949799
0.09807366877794266
0.09990903735160828
0.1027427464723587
0.10385245829820633
0.10317526012659073
0.10023745894432068
0.09647852927446365
0.09218945354223251
0.09067823737859726
0.09054829180240631
0.09157808125019073
0.09361258149147034
0.09558674693107605
0.09751662611961365
0.09768008440732956
0.09389666467905045
0.09163154661655426
0.08437658101320267
0.08546793460845947
0.09861034899950027
0.1043357253074646
0.10153280198574066
0.08367001265287399
0.07981590926647186
0.08767521381378174
0.09107916802167892
0.08360143005847931
0.10613173991441727
0.10472680628299713
0.10653015226125717
0.11689750850200653
0.11049975454807281
0.0989043340086937
0.09040993452072144
0.0882100909948349
0.091208316385746
0.09813622385263443
0.10342635214328766
0.10362625867128372
0.10210398584604263
0.0978136956691742
0.08781997114419937
0.08124172687530518
0.08137867599725723
0.08432971686124802
0.08919095993041992
0.10128793120384216
0.11031094938516617
0.10049379616975784
0.0917833223938942
0.09193859249353409
0.09419873356819153
0.09728395193815231
0.09956090897321701
0.10165709257125854
0.10326710343360901
0.1026209145784378
0.10088721662759781
0.10092215240001678
0.09998048841953278
0.09367052465677261
0.08125250786542892
0.07645665854215622
0.07689470052719116
0.08143054693937302
0.08547994494438171
0.08869233727455139
0.08667502552270889
0.08462502807378769
0.08637993037700653
0.08871422708034515
0.08962158113718033
0.0915418416261673
0.09328976273536682
0.09471418708562851
0.09531240910291672
0.09296292066574097
0.0903138518333435
0.09048525989055634
0.0926380455493927
0.09426406025886536
0.09605026245117188
0.0978868156671524
0.10098335146903992
0.10293740034103394
0.10526810586452484
0.10708819329738617
0.10894744098186493
0.11290154606103897
0.11156975477933884
0.10129624605178833
0.09564579278230667
0.09362991154193878
0.09123742580413818
0.08886153995990753
0.087134949862957
0.08750741183757782
0.08817232400178909
0.08968314528465271
0.09158877283334732
0.09270443767309189
0.09531442821025848
0.09747911244630814
0.098638616502285
0.0994148999452591
0.10063713043928146
0.10216348618268967
0.10250835865736008
0.10249593108892441
0.10279318690299988
0.10373073071241379
0.1042986735701561
0.10802315175533295
0.11288142949342728
0.1103484258055687
0.10517045855522156
0.10093355178833008
0.09733915328979492
0.09525052458047867
0.09194700419902802
0.08737261593341827
0.08343765139579773
0.08053002506494522
0.07784003764390945
0.07601962983608246
0.07647860050201416
0.07848238199949265
0.08015605062246323
0.08290950953960419
0.08614067733287811
0.08864858001470566
0.09200631082057953
0.09691455960273743
0.10212665796279907
0.1063571572303772
0.10788825154304504
0.10369712859392166
0.10541567951440811
0.1076122298836708
0.10594112426042557
0.09958791732788086
0.09303198009729385
0.08696939796209335
0.08107256889343262
0.07381826639175415
0.07000284641981125
0.0726640522480011
0.07996942102909088
0.08991286903619766
0.09174493700265884
0.08707856386899948
0.08875909447669983
0.09380771219730377
0.0991973727941513
0.10053881257772446
0.09917152673006058
0.09468987584114075
0.09518828243017197
0.09758862107992172
0.1027134358882904
0.10955586284399033
0.10854516923427582
0.1023963913321495
0.0958242118358612
0.09461449086666107
0.0982484221458435
0.10109615325927734
0.1014714390039444
0.09877191483974457
0.09471269696950912
0.09031379967927933
0.0861959159374237
0.08059193938970566
0.07248730212450027
0.06669795513153076
0.06723547726869583
0.07099161297082901
0.07564189285039902
0.07980579882860184
0.08528830111026764
0.09056579321622849
0.09572166949510574
0.09860225766897202
0.10040047764778137
0.10168501734733582
0.1008838564157486
0.09911162406206131
0.09667917340993881
0.09266456961631775
0.08931970596313477
0.08803735673427582
0.08794945478439331
0.0897330790758133
0.09131806343793869
0.09272237122058868
0.0945846363902092
0.09761451929807663
0.09899236261844635
0.09829506278038025
0.09625410288572311
0.09255331009626389
0.08764445781707764
0.08105652034282684
0.07175065577030182
0.06743627041578293
0.07053831219673157
0.07578793913125992
0.0801442414522171
0.08641812205314636
0.0915205255150795
0.0952116847038269
0.09523384273052216
0.0938783511519432
0.09230219572782516
0.08989693224430084
0.08709190040826797
0.08276841044425964
0.07724548131227493
0.07853629440069199
0.08195528388023376
0.08536264300346375
0.0879487693309784
0.09032421559095383
0.0931544154882431
0.09659974277019501
0.09757484495639801
0.09521269798278809
0.09076814353466034
0.08837980777025223
0.08629410713911057
0.08362342417240143
0.08046593517065048
0.07750511914491653
0.07683879882097244
0.07747786492109299
0.07899881154298782
0.08005315065383911
0.08230451494455338
0.0854196771979332
0.08766895532608032
0.0872734785079956
0.0863785445690155
0.08593808114528656
0.0842503160238266
0.08391489088535309
0.0855962336063385
0.08794039487838745
0.08967418223619461
0.09100295603275299
0.09235277771949768
0.09529532492160797
0.09636994451284409
0.0946739986538887
0.09123656898736954
0.08821504563093185
0.08366600424051285
0.07651815563440323
0.07368841022253036
0.07458126544952393
0.07690946757793427
0.07910352200269699
0.08127240091562271
0.08486362546682358
0.08858302235603333
0.09083442389965057
0.09334400296211243
0.0941954106092453
0.0924406498670578
0.09006031602621078
0.08716604113578796
0.08475913852453232
0.08294592797756195
0.08060341328382492
0.07904167473316193
0.07668360322713852
0.07418947666883469
0.07297656685113907
0.07418768107891083
0.07575932890176773
0.07737220078706741
0.0791681781411171
0.08089371770620346
0.08304835110902786
0.08564052730798721
0.08759595453739166
0.08717191219329834
0.08538132160902023
0.08384016156196594
0.08239838480949402
0.08135852217674255
0.07983067631721497
0.07771583646535873
0.07662806659936905
0.07731021195650101
0.07873543351888657
0.08022556453943253
0.08145622909069061
0.08221059292554855
0.0830037072300911
0.08499588817358017
0.08569364249706268
0.08617530018091202
0.08655477315187454
0.08472144603729248
0.08257794380187988
0.08086314797401428
0.07962602376937866
0.07804076373577118
0.07588285207748413
0.07488739490509033
0.07524450868368149
0.07617206126451492
0.07784857600927353
0.07963350415229797
0.08260315656661987
0.08571256697177887
0.08924654871225357
0.09184721857309341
0.0912310928106308
0.08880120515823364
0.0856839120388031
0.08045681565999985
0.07367777824401855
0.0720345675945282
0.07459820061922073
0.07768361270427704
0.08046796172857285
0.082595095038414
0.08481397479772568
0.08635671436786652
0.08743103593587875
0.08840182423591614
0.0879439041018486
0.08568526804447174
0.08370853960514069
0.08168868720531464
0.08074424415826797
0.08026354759931564
0.08124668896198273
0.0825129970908165
0.08399432897567749
0.08438955247402191
0.08378589898347855
0.08138071000576019
0.0787847563624382
0.07708995044231415
0.0759543776512146
0.07558771222829819
0.07620404660701752
0.07767977565526962
0.07979115843772888
0.08289432525634766
0.08418954163789749
0.08226217329502106
0.0794224664568901
0.07748649269342422
0.07634607702493668
0.0764065533876419
0.07764172554016113
0.07957910001277924
0.0824519693851471
0.0856730192899704
0.0878852903842926
0.08960207551717758
0.08970973640680313
0.08795879036188126
0.08476058393716812
0.08151569217443466
0.07839583605527878
0.07552234083414078
0.07198099046945572
0.06937011331319809
0.06861114501953125
0.06990829110145569
0.07139500230550766
0.07288205623626709
0.0744551569223404
0.07627137005329132
0.07881563156843185
0.08095976710319519
0.08225008845329285
0.08206617087125778
0.08051689714193344
0.07824468612670898
0.0752352923154831
0.07127561420202255
0.06875213980674744
0.07060817629098892
0.07405491918325424
0.07744528353214264
0.08021886646747589
0.0819837898015976
0.0802878588438034
0.07794038951396942
0.07812435925006866
0.08001556247472763
0.08197662979364395
0.08316149562597275
0.08355353772640228
0.08295888453722
0.08046431839466095
0.0778256207704544
0.07565679401159286
0.07560090720653534
0.07703173160552979
0.07869899272918701
0.08014532178640366
0.08188008517026901
0.0832231268286705
0.08405373990535736
0.08454321324825287
0.08358394354581833
0.08189835399389267
0.0804787129163742
0.0793142318725586
0.07762950658798218
0.07721881568431854
0.07782015204429626
0.07928700000047684
0.08008748292922974
0.08060717582702637
0.08077383786439896
0.08095414936542511
0.08041208982467651
0.07936113327741623
0.07606076449155807
0.07408437877893448
0.07339418679475784
0.07390619814395905
0.07510516792535782
0.0765005573630333
0.07773961126804352
0.07917050272226334
0.0804658904671669
0.08096442371606827
0.08101892471313477
0.08030735701322556
0.07925529032945633
0.07742404192686081
0.07458575814962387
0.07179607450962067
0.07083761692047119
0.0712389200925827
0.0727313682436943
0.07467540353536606
0.07625182718038559
0.07766244560480118
0.07908641546964645
0.08012229204177856
0.08061481267213821
0.07959328591823578
0.07772409915924072
0.07603349536657333
0.07464653253555298
0.07360891997814178
0.0735958144068718
0.07413139194250107
0.07508965581655502
0.07619152963161469
0.07709696143865585
0.07819069921970367
0.07899362593889236
0.07946894317865372
0.07964572310447693
0.07922462373971939
0.07840286940336227
0.0774090588092804
0.0764249935746193
0.07572048157453537
0.07535894215106964
0.07540706545114517
0.07569177448749542
0.07616899162530899
0.07759833335876465
0.07872837781906128
0.07987624406814575
0.0801728218793869
0.07964389026165009
0.0794137567281723
0.07865557074546814
0.07752472162246704
0.07748981565237045
0.0776180699467659
0.07807011157274246
0.07903797179460526
0.08004970848560333
0.08049309253692627
0.08104050904512405
0.08085328340530396
0.07939966022968292
0.0777084082365036
0.07642915844917297
0.07603126764297485
0.07605364173650742
0.07691662758588791
0.07814491540193558
0.07951667904853821
0.08057248592376709
0.08143994212150574
0.08140472322702408
0.08066807687282562
0.07903525233268738
0.07817912101745605
0.07746976613998413
0.07706466317176819
0.07725018262863159
0.07740050554275513
0.07763489335775375
0.07796619087457657
0.07837346941232681
0.07874438911676407
0.07878702133893967
0.07840864360332489
0.07802116125822067
0.07769212126731873
0.07754417508840561
0.07689371705055237
0.07645939290523529
0.07632874697446823
0.07630689442157745
0.07636334747076035
0.07720989733934402
0.07783906906843185
0.0782637894153595
0.07864578068256378
0.0785689577460289
0.07861703634262085
0.07882626354694366
0.07871632277965546
0.07805181294679642
0.07761283963918686
0.07734405249357224
0.07689815014600754
0.07609356939792633
0.07549729198217392
0.07504502683877945
0.07477454841136932
0.07458037883043289
0.07450076192617416
0.07454803586006165
0.07514774799346924
0.0758131891489029
0.07632272690534592
0.07677531987428665
0.07695996761322021
0.07696547359228134
0.07711083441972733
0.07677420228719711
0.07621466368436813
0.07572036236524582
0.07497743517160416
0.07436194270849228
0.07331708818674088
0.07299239933490753
0.07292114943265915
0.07353134453296661
0.07451700419187546
0.07537467032670975
0.07613757997751236
0.07668443024158478
0.07730349153280258
0.07725772261619568
0.0771002545952797
0.07658743113279343
0.07631461322307587
0.07597006857395172
0.07571285218000412
0.07577186822891235
0.07643008977174759
0.07626336812973022
0.07657919824123383
0.07664146274328232
0.076744444668293
0.07667657732963562
0.07671704143285751
0.07669799774885178
0.0766545981168747
0.07625385373830795
0.07607341557741165
0.07574227452278137
0.07526497542858124
0.07475249469280243
0.07471570372581482
0.07490652799606323
0.07503634691238403
0.07490367442369461
0.07469118386507034
0.07446588575839996
0.07433794438838959
0.07442638278007507
0.0743110403418541
0.07473810017108917
0.0745370164513588
0.07436826825141907
0.07442750781774521
0.07422726601362228
0.07397905737161636
0.0736621543765068
0.07340922206640244
0.0731169730424881
0.07343453913927078
0.07364653050899506
0.07410716265439987
0.07439228147268295
0.07459747046232224
0.0743386521935463
0.07410085201263428
0.07416859269142151
0.07423361390829086
0.07429557293653488
0.07440466433763504
0.07428097724914551
0.0743195191025734
0.07422465831041336
0.07370096445083618
0.073504239320755
0.07314404845237732
0.07284766435623169
0.07296416908502579
0.07329978048801422
0.07368101924657822
0.0738905519247055
0.07402753084897995
0.07385344803333282
0.07388955354690552
0.07379473745822906
0.07335823029279709
0.07321556657552719
0.07291866838932037
0.07252214848995209
0.07240623980760574
0.07262887805700302
0.07328163087368011
0.07365964353084564
0.07411813735961914
0.07427303493022919
0.07425110787153244
0.07411951571702957
0.07436071336269379
0.07418546825647354
0.07371718436479568
0.07350087910890579
0.07326727360486984
0.07273750752210617
0.07221812009811401
0.0720396414399147
0.07143639028072357
0.07158082723617554
0.07165366411209106
0.07226978242397308
0.07318329066038132
0.07384239882230759
0.07455842941999435
0.07491239905357361
0.07521618157625198
0.07545682787895203
0.07587754726409912
0.0755791887640953
0.07515419274568558
0.07496130466461182
0.07462865859270096
0.07465860992670059
0.0742112547159195
0.07405129820108414
0.07374077290296555
0.07318605482578278
0.07278205454349518
0.072435162961483
0.07224719226360321
0.07198622822761536
0.07223111391067505
0.0727611780166626
0.07295103371143341
0.07335233688354492
0.07381749898195267
0.07441333681344986
0.07525011897087097
0.07590119540691376
0.0762530267238617
