0.0207389947026968
0.013213347643613815
0.08990468084812164
0.07010557502508163
0.1283373385667801
0.0856211930513382
0.09776041656732559
0.05983905866742134
0.10834317654371262
0.13741232454776764
0.02950545772910118
0.08774951100349426
0.07206196337938309
0.022221796214580536
0.04275907948613167
0.08248533308506012
0.04646876081824303
0.04082006961107254
0.08366518467664719
0.10393442213535309
0.09804247319698334
0.09130621701478958
0.018487874418497086
0.06871412694454193
0.045672472566366196
0.021423034369945526
0.05818270519375801
0.0742296576499939
0.06660820543766022
0.03712904080748558
0.0711933821439743
0.08715534955263138
0.07672002166509628
0.08174782991409302
0.10855783522129059
0.07197920233011246
0.07421360164880753
0.050305966287851334
0.01567523367702961
0.02439122460782528
0.027711881324648857
0.032206907868385315
0.042664021253585815
0.046931613236665726
0.046257976442575455
0.037909697741270065
0.03387732058763504
0.03741509094834328
0.0409177727997303
0.04000275582075119
0.03878168761730194
0.04533902555704117
0.05240584537386894
0.04787144437432289
0.035667628049850464
0.03932258486747742
0.06499208509922028
0.04444246366620064
0.03253365308046341
0.027566296979784966
0.055191803723573685
0.06347833573818207
0.02941318228840828
0.034692417830228806
0.04995599016547203
0.07881377637386322
0.05375434830784798
0.03120807558298111
0.026721885427832603
0.04265391081571579
0.06264565885066986
0.03312138840556145
0.056316666305065155
0.08114766329526901
0.0887845903635025
0.1036667674779892
0.058619432151317596
0.06990952044725418
0.07530368119478226
0.05964871123433113
0.06644535809755325
0.04934794455766678
0.08360148221254349
0.09705114364624023
0.09571408480405807
0.07964592427015305
0.08269523829221725
0.08902884274721146
0.09978625923395157
0.12317527085542679
0.12617197632789612
0.1282413899898529
0.11793071776628494
0.0995253473520279
0.0803055390715599
0.07862547785043716
0.07668774574995041
0.10636099427938461
0.0894169956445694
0.10026007890701294
0.11896900087594986
0.12931986153125763
0.1328401416540146
0.14470213651657104
0.14252084493637085
0.14425727725028992
0.1306638866662979
0.103950634598732
0.04008963331580162
0.03330593183636665
0.05718672275543213
0.04239711910486221
0.05282457545399666
0.08507359772920609
0.1329023838043213
0.12415537983179092
0.07267098873853683
0.03984939679503441
0.06480151414871216
0.08225655555725098
0.04958580061793327
0.04671406000852585
0.0842885673046112
0.10371262580156326
0.07473743706941605
0.08489522337913513
0.128049835562706
0.12091691046953201
0.09644459187984467
0.05513382703065872
0.052133433520793915
0.07153795659542084
0.07919200509786606
0.07899200171232224
0.06505528837442398
0.0434696264564991
0.0769127756357193
0.10318522900342941
0.10553623735904694
0.08579033613204956
0.06968000531196594
0.05500989034771919
0.06055808439850807
0.07144526392221451
0.08183471858501434
0.08486387133598328
0.084137462079525
0.08187316358089447
0.07938455045223236
0.07699952274560928
0.07733779400587082
0.0790853351354599
0.08100362867116928
0.08192215859889984
0.08172672986984253
0.08197014033794403
0.08102600276470184
0.07996924221515656
0.0791790783405304
0.07825332880020142
0.07869033515453339
0.07857364416122437
0.07696821540594101
0.07562150061130524
0.07327175885438919
0.07310942560434341
0.07228559255599976
0.07062691450119019
0.07040481269359589
0.06950202584266663
0.06891170144081116
0.06907419115304947
0.06872913241386414
0.0681508257985115
0.06919524818658829
0.06831427663564682
0.06810972094535828
0.06812053173780441
0.06748565286397934
0.06772460043430328
0.06970911473035812
0.07067058980464935
0.07056412100791931
0.0705675333738327
0.07169803977012634
0.07214284688234329
0.07371573150157928
0.07495694607496262
0.07654250413179398
0.07499523460865021
0.0728563442826271
0.07193472236394882
0.07335177809000015
0.07557621598243713
0.07673896849155426
0.0750134289264679
0.07070289552211761
0.07164425402879715
0.07520107179880142
0.07543221861124039
0.06876814365386963
0.06268594413995743
0.0726071372628212
0.08935056626796722
0.07848674803972244
0.045673172920942307
0.0423462949693203
0.05497090518474579
0.06807693094015121
0.0764080137014389
0.07606416195631027
0.07392418384552002
0.06494111567735672
0.07252637296915054
0.08431011438369751
0.09810588508844376
0.10280438512563705
0.09752648323774338
0.08500061929225922
0.057953204959630966
0.048711616545915604
0.056287650018930435
0.06834334135055542
0.08002862334251404
0.0793498158454895
0.07098511606454849
0.05786977708339691
0.03957619518041611
0.04315471649169922
0.0533495731651783
0.06635009497404099
0.0794743150472641
0.08591002225875854
0.07991047948598862
0.07045258581638336
0.06739889830350876
0.07301231473684311
0.08064694702625275
0.08749089390039444
0.08628677576780319
0.07878579199314117
0.06709592789411545
0.041071947664022446
0.04498383775353432
0.0560758076608181
0.05912571772933006
0.058782484382390976
0.052167702466249466
0.04692135378718376
0.046330805867910385
0.05218125507235527
0.059715524315834045
0.06576686352491379
0.0655965507030487
0.06103937700390816
0.057376544922590256
0.05488172546029091
0.052438829094171524
0.04939999058842659
0.04381385073065758
0.04492868110537529
0.052264340221881866
0.06277954578399658
0.07548755407333374
0.0830836147069931
0.08667251467704773
0.08632425963878632
0.08408499509096146
0.07275016605854034
0.05954586714506149
0.055191218852996826
0.06108497083187103
0.06777841597795486
0.07156584411859512
0.07290621846914291
0.06973429024219513
0.06390649825334549
0.05731749162077904
0.05169607326388359
0.04273521155118942
0.029859444126486778
0.03548450395464897
0.047662362456321716
0.06427134573459625
0.07648125290870667
0.07533447444438934
0.07214575260877609
0.06763042509555817
0.058742936700582504
0.040997184813022614
0.029849527403712273
0.034133974462747574
0.04193323478102684
0.053859513252973557
0.06909240037202835
0.0794992744922638
0.07931098341941833
0.07542029023170471
0.06992717832326889
0.06050966680049896
0.04705535247921944
0.03633994236588478
0.037632714956998825
0.04739150032401085
0.05614318326115608
0.06410937011241913
0.06647393107414246
0.0635749027132988
0.059223875403404236
0.05396261811256409
0.049181386828422546
0.04173148050904274
0.029967935755848885
0.027766427025198936
0.03395385295152664
0.042043592780828476
0.0516011081635952
0.06229385733604431
0.07207150757312775
0.07639389485120773
0.07642505317926407
0.07204502075910568
0.06468051671981812
0.05066980794072151
0.026608021929860115
0.028513841331005096
0.03517227619886398
0.046971261501312256
0.06481023132801056
0.06345943361520767
0.05369146168231964
0.0768003985285759
0.0814196988940239
0.07598576694726944
0.07054281234741211
0.05837252363562584
0.03597649931907654
0.02092529460787773
0.0263751782476902
0.031244026497006416
0.03959096968173981
0.05178528651595116
0.07236979901790619
0.07943964004516602
0.07468756288290024
0.06866669654846191
0.0614258237183094
0.047922033816576004
0.02913568541407585
0.02809746563434601
0.03281216323375702
0.03963712975382805
0.05019300431013107
0.0648859366774559
0.08781128376722336
0.07939590513706207
0.0575537234544754
0.05309879779815674
0.05999651923775673
0.0693533793091774
0.07216361910104752
0.07146090269088745
0.07148997485637665
0.06203203648328781
0.04911035671830177
0.04941943287849426
0.053224414587020874
0.060090672224760056
0.07816395163536072
0.09240738302469254
0.08661546558141708
0.0689791589975357
0.044461674988269806
0.030504323542118073
0.03310385346412659
0.03757068142294884
0.0441674180328846
0.050290074199438095
0.05897805467247963
0.06947474181652069
0.07123532891273499
0.06871160119771957
0.06351490318775177
0.05350286886096001
0.04367569833993912
0.040809936821460724
0.04351285472512245
0.04643814265727997
0.0500248521566391
0.05383526161313057
0.058654893189668655
0.07143434137105942
0.07619968056678772
0.07255140691995621
0.06623378396034241
0.05773037299513817
0.042358048260211945
0.03632567077875137
0.03893277794122696
0.04312804341316223
0.04785844311118126
0.052592478692531586
0.056831542402505875
0.06455624848604202
0.07264868915081024
0.07249978184700012
0.06849335879087448
0.062337931245565414
0.053319454193115234
0.037777435034513474
0.045086584985256195
0.05803530290722847
0.0624004527926445
0.057061318308115005
0.04801035299897194
0.04023087024688721
0.0416274219751358
0.04867616668343544
0.06043676286935806
0.07525942474603653
0.07825922966003418
0.07471715658903122
0.07070257514715195
0.06193302944302559
0.05071961134672165
0.04005932807922363
0.037646111100912094
0.04346911236643791
0.04953542724251747
0.05633154883980751
0.0689081996679306
0.07588429749011993
0.07276429980993271
0.06831806898117065
0.06122835725545883
0.04981767386198044
0.04064743593335152
0.03894273191690445
0.04309089109301567
0.04886508733034134
0.053969405591487885
0.06167106330394745
0.07317975908517838
0.07462144643068314
0.07119685411453247
0.06687966734170914
0.06307482719421387
0.05488749220967293
0.04202347621321678
0.03373965248465538
0.03491693362593651
0.038705553859472275
0.04331774637103081
0.04939500242471695
0.05923544615507126
0.06843253970146179
0.06867393851280212
0.06598996371030807
0.06379356980323792
0.06007366627454758
0.05124781280755997
0.041507236659526825
0.03929191455245018
0.04312066361308098
0.04835718497633934
0.05402912572026253
0.06370118260383606
0.07396519184112549
0.07553360611200333
0.07170337438583374
0.06661667674779892
0.06041344627737999
0.047074876725673676
0.03255847096443176
0.031743474304676056
0.03660515695810318
0.04238038882613182
0.05203242599964142
0.06516969949007034
0.0692194253206253
0.06606891751289368
0.062250006943941116
0.05801234021782875
0.049948494881391525
0.03804650902748108
0.03396368771791458
0.04315441474318504
0.05223459377884865
0.05801308527588844
0.06092419847846031
0.06143873557448387
0.05920805037021637
0.05471314117312431
0.04908493533730507
0.043912556022405624
0.04195070639252663
0.043598297983407974
0.047074925154447556
0.050416890531778336
0.05374831333756447
0.056791357696056366
0.05933668464422226
0.061256714165210724
0.0621463768184185
0.06193044036626816
0.06104535609483719
0.059099629521369934
0.056519001722335815
0.050356458872556686
0.04309863969683647
0.039585936814546585
0.04082869365811348
0.0438300296664238
0.04688279703259468
0.0509832501411438
0.05397440120577812
0.05668511614203453
0.05789472907781601
0.05769643932580948
0.05608081817626953
0.053707875311374664
0.050977714359760284
0.045262131839990616
0.039480071514844894
0.04004152491688728
0.043266985565423965
0.04705114662647247
0.05175343528389931
0.057808879762887955
0.060845982283353806
0.060510002076625824
0.05796937644481659
0.05455653369426727
0.04866285249590874
0.04340703785419464
0.04169563204050064
0.04411403089761734
0.04721854254603386
0.050138574093580246
0.05324903503060341
0.05603232607245445
0.05832461640238762
0.05956220626831055
0.05974955856800079
0.05934332683682442
0.05806620046496391
0.05465366691350937
0.0513429269194603
0.04836379736661911
0.04336665943264961
0.045023974031209946
0.05011521652340889
0.05328426510095596
0.05397654324769974
0.05397208407521248
0.05307210609316826
0.05149202048778534
0.050026942044496536
0.04784615710377693
0.04636744409799576
0.045037806034088135
0.04427172616124153
0.04360039532184601
0.042553674429655075
0.041095346212387085
0.03903260827064514
0.039299026131629944
0.04188089817762375
0.045916371047496796
0.04788534715771675
0.049743276089429855
0.05078841745853424
0.05152532830834389
0.052040498703718185
0.052652567625045776
0.05324922502040863
0.05380517989397049
0.05349862575531006
0.05294274166226387
0.0529802180826664
0.05227008834481239
0.05074479430913925
0.04901308938860893
0.048002101480960846
0.046945951879024506
0.04649938642978668
0.04643223434686661
0.04663829132914543
0.04759093001484871
0.04944290220737457
0.05039767920970917
0.049757733941078186
0.04848160967230797
0.04665207862854004
0.044968973845243454
0.04436115920543671
0.044799741357564926
0.04597663879394531
0.047544799745082855
0.0492648109793663
0.051352228969335556
0.05307945981621742
0.053051527589559555
0.05276291444897652
0.051565349102020264
0.04918234795331955
0.04686705395579338
0.04528126120567322
0.04626180976629257
0.0490153506398201
0.051011402159929276
0.05146544426679611
0.051559560000896454
0.051687464118003845
0.050423406064510345
0.049030810594558716
0.047653622925281525
0.04684386029839516
0.046036917716264725
0.045227665454149246
0.04478143900632858
0.0455344058573246
0.04652073234319687
0.04793374612927437
0.04971802234649658
0.050350528210401535
0.05059978738427162
0.050815265625715256
0.04978371784090996
0.047825224697589874
0.04620612412691116
0.04541870951652527
0.04593982174992561
0.046380024403333664
0.04754960536956787
0.04904435575008392
0.05104072764515877
0.05219028890132904
0.05257655680179596
0.05272649973630905
0.052236512303352356
0.05134810134768486
0.05000102519989014
0.04895974323153496
0.047936711460351944
0.04731030389666557
0.047359708696603775
0.04872244969010353
0.050012364983558655
0.05116340517997742
0.052076227962970734
0.05208813026547432
0.05074751749634743
0.049402348697185516
0.04856313392519951
0.0476168729364872
0.046973202377557755
0.047954052686691284
0.04904250428080559
0.05103829503059387
0.05258357524871826
0.052170392125844955
0.050084881484508514
0.04827719181776047
0.04722406715154648
0.0457998663187027
0.04534924402832985
0.04577216878533363
0.04744841530919075
0.05042256414890289
0.054532453417778015
0.056079309433698654
0.05486840009689331
0.051697153598070145
0.048562776297330856
0.04550366476178169
0.043511033058166504
0.04201418533921242
0.041523199528455734
0.04252738505601883
0.044387709349393845
0.04573527351021767
0.047251854091882706
0.04851692169904709
0.0489601194858551
0.04902522265911102
0.04861597344279289
0.04686923325061798
0.045065563172101974
0.04420631006360054
0.04359259456396103
0.04388871788978577
0.04418666288256645
0.045983463525772095
0.04881850257515907
0.052190687507390976
0.05341401696205139
0.05272287875413895
0.0499759204685688
0.047909997403621674
0.04592069610953331
0.04470445588231087
0.0434667207300663
0.04298296198248863
0.04307420179247856
0.04330810531973839
0.04422304779291153
0.045629337430000305
0.04688136652112007
0.048545535653829575
0.049966879189014435
0.05065224692225456
0.051085252314805984
0.05081290751695633
0.049623437225818634
0.04800928756594658
0.04581889882683754
0.044240862131118774
0.043728191405534744
0.043523166328668594
0.04417428746819496
0.04545828700065613
0.047101154923439026
0.049676455557346344
0.05338636040687561
0.05345964431762695
0.05180369317531586
0.048956435173749924
0.04513675719499588
0.04298553243279457
0.04417825862765312
0.04701262712478638
0.0492732897400856
0.05149313434958458
0.05152158439159393
0.050411950796842575
0.04915313422679901
0.04691889509558678
0.04502503201365471
0.043395936489105225
0.04259005934000015
0.04216807335615158
0.04186214879155159
0.04187054559588432
0.0428655780851841
0.044570278376340866
0.04672784358263016
0.04836582392454147
0.04983489587903023
0.05024176463484764
0.05065697431564331
0.050206299871206284
0.048509322106838226
0.04672805592417717
0.04513134807348251
0.044346898794174194
0.04524499177932739
0.0470162071287632
0.04909282550215721
0.04986543208360672
0.049846045672893524
0.04965904355049133
0.04909926652908325
0.04864418879151344
0.048005133867263794
0.04735206812620163
0.04694284498691559
0.046279001981019974
0.04544946551322937
0.04528895020484924
0.04510100930929184
0.044952064752578735
0.044552113860845566
0.0441414900124073
0.043931785970926285
0.04416801035404205
0.04393596574664116
0.04384860768914223
0.0442330576479435
0.04483604431152344
0.04524161294102669
0.04569974169135094
0.046596985310316086
0.04724854230880737
0.047238342463970184
0.04811600595712662
0.04854453727602959
0.04898853227496147
0.04912090674042702
0.04911589249968529
0.049557510763406754
0.04973164200782776
0.05016864463686943
0.050127506256103516
0.04957227036356926
0.04953581839799881
0.04983125627040863
0.050194621086120605
0.05035121738910675
0.050099361687898636
0.0499541312456131
0.049580615013837814
0.04934627190232277
0.049195826053619385
0.04899652302265167
0.04888259992003441
0.04883667454123497
0.04892541468143463
0.04846242815256119
0.04793861135840416
0.047767095267772675
0.047599852085113525
0.0476529560983181
0.047508709132671356
0.04697990417480469
0.04629676043987274
0.04650420695543289
0.046523988246917725
0.04640115052461624
0.04654058441519737
0.046611033380031586
0.04682498797774315
0.04647344723343849
0.04664566367864609
0.04694082587957382
0.04683634266257286
0.04714786633849144
0.047193389385938644
0.0477597676217556
0.04794513061642647
0.04864402115345001
0.04870103299617767
0.04871749505400658
0.04925627261400223
0.04931147024035454
0.04935142770409584
0.04938393086194992
0.049406640231609344
0.049474816769361496
0.04962524026632309
0.04956669360399246
0.04968297481536865
0.04979506880044937
0.049686118960380554
0.049577746540308
0.04983510449528694
0.04992959648370743
0.05030207335948944
0.05039573460817337
0.050875648856163025
0.05075973644852638
0.050747018307447433
0.05074506625533104
0.051047585904598236
0.05089088901877403
0.051261626183986664
0.05133480206131935
0.051173072308301926
0.05114937946200371
0.05081971362233162
0.05064399540424347
0.0505974218249321
0.050566188991069794
0.05070435628294945
0.05069446563720703
0.05084154009819031
0.051079802215099335
0.05092630535364151
0.050625890493392944
0.05050300061702728
0.05073225870728493
0.050834208726882935
0.0510929636657238
0.0513126403093338
0.051189858466386795
0.05112564191222191
0.05093151703476906
0.05082666873931885
0.05064935237169266
0.050619255751371384
0.05074889585375786
0.05104496330022812
0.05087906867265701
0.05075715109705925
0.05043899640440941
0.05034473538398743
0.05013338103890419
0.05015606805682182
0.05026447772979736
0.05015595257282257
0.050386957824230194
0.05038512125611305
0.05055835843086243
0.050902318209409714
0.05099712684750557
0.05113695561885834
0.05141032487154007
0.051274824887514114
0.05114690214395523
0.051177382469177246
0.05144711211323738
0.05106809362769127
0.050764694809913635
0.050320155918598175
0.050352487713098526
0.05020572617650032
0.05028395727276802
0.05002891272306442
0.04966849833726883
0.049633484333753586
0.04973811283707619
0.049831464886665344
0.04968290030956268
0.04938628524541855
0.04932808876037598
0.04972280561923981
0.04975814372301102
0.04939388483762741
0.0495448112487793
0.049313973635435104
0.04919466748833656
0.04931533336639404
0.04949619248509407
0.04994644224643707
0.0500672347843647
0.050299473106861115
0.049959391355514526
0.04991956800222397
0.0498836524784565
0.04933563619852066
0.04907713457942009
0.049285367131233215
0.04943622648715973
0.04960208013653755
0.04960162565112114
0.04988373443484306
0.049925826489925385
0.05025118589401245
0.050392765551805496
0.05016477033495903
0.050276145339012146
0.05029601976275444
0.050000373274087906
0.049805961549282074
0.049796804785728455
0.04972467198967934
0.04962826147675514
0.049377404153347015
0.04912656173110008
0.0492306612432003
0.04920581355690956
0.04905945435166359
0.04887839034199715
0.04904576390981674
0.04943312704563141
0.049378443509340286
0.04937729611992836
0.049118250608444214
0.04915224015712738
0.04921960085630417
0.04908394441008568
0.04894479364156723
0.04891383275389671
0.049139510840177536
0.04923943430185318
0.0488690584897995
0.048776671290397644
0.048512935638427734
0.048675063997507095
0.0488705113530159
0.04900007322430611
0.04898178577423096
0.04906747490167618
0.04899563267827034
0.04926848039031029
0.04899851232767105
0.048923879861831665
0.04884080961346626
0.04871886223554611
0.04875769466161728
0.049191806465387344
0.04907478019595146
0.04921814426779747
0.049193426966667175
0.049269262701272964
0.04929160326719284
0.04927782341837883
0.04937657713890076
0.049657512456178665
0.049401406198740005
0.049552351236343384
0.04970540478825569
0.049648649990558624
0.049599114805459976
0.04934892803430557
0.0492277555167675
0.04896417632699013
0.048924416303634644
0.049240872263908386
0.049198977649211884
