0.15748073160648346
0.13443033397197723
0.14075826108455658
0.15190930664539337
0.16306042671203613
0.15890799462795258
0.1729818880558014
0.13539651036262512
0.1130080446600914
0.12684153020381927
0.08422938734292984
0.07677987962961197
0.0687633752822876
0.039778050035238266
0.051444876939058304
0.05318642407655716
0.0783589631319046
0.08128684759140015
0.023572208359837532
0.024695083498954773
0.05557679384946823
0.02815084531903267
0.028124677017331123
0.024958200752735138
0.024227183312177658
0.04573787748813629
0.05623355135321617
0.07530385255813599
0.046055421233177185
0.05115829408168793
0.06486976146697998
0.04934002831578255
0.04903267323970795
0.037880782037973404
0.06993409991264343
0.05787533149123192
0.06522073596715927
0.07421672344207764
0.06182033568620682
0.04411407187581062
0.0492803119122982
0.0651751235127449
0.0764797106385231
0.10684206336736679
0.11157523840665817
0.08515471965074539
0.06640127301216125
0.061884693801403046
0.04701845720410347
0.05587150901556015
0.07077955454587936
0.06309296935796738
0.04488943889737129
0.04471009969711304
0.049776311963796616
0.05924461409449577
0.058239467442035675
0.050774186849594116
0.04687182605266571
0.0478113554418087
0.0532069206237793
0.06382586807012558
0.0676673948764801
0.06259485334157944
0.058847200125455856
0.058455877006053925
0.06854284554719925
0.0732496827840805
0.0687120333313942
0.06208793818950653
0.06221344694495201
0.07365419715642929
0.08299797773361206
0.07863860577344894
0.07043410837650299
0.06763595342636108
0.0812152773141861
0.08867058157920837
0.07668974995613098
0.0637548565864563
0.0703391581773758
0.0909532979130745
0.09171102941036224
0.06328366696834564
0.06461246311664581
0.10515139251947403
0.11476258933544159
0.1112893670797348
0.08368201553821564
0.07749193161725998
0.0995904728770256
0.10040820389986038
0.07444195449352264
0.08294671773910522
0.07483860105276108
0.10472874343395233
0.11171954870223999
0.11418993026018143
0.0969557911157608
0.08295216411352158
0.07316640019416809
0.06291060894727707
0.055183377116918564
0.05124553292989731
0.04832333326339722
0.0476001612842083
0.0497455932199955
0.05398399382829666
0.05728942155838013
0.056822821497917175
0.049188826233148575
0.05275261402130127
0.05355200916528702
0.052429381757974625
0.051406506448984146
0.043835971504449844
0.03431636840105057
0.0345265194773674
0.037539348006248474
0.042494505643844604
0.04327915236353874
0.042205486446619034
0.041116755455732346
0.037741273641586304
0.03711767494678497
0.03811157867312431
0.04126955196261406
0.04553995653986931
0.04848550632596016
0.04928438737988472
0.049631260335445404
0.05028986930847168
0.04982323944568634
0.05082055926322937
0.052617985755205154
0.05329129472374916
0.05668286606669426
0.06233258172869682
0.06190716102719307
0.05471659451723099
0.05098329111933708
0.05594063922762871
0.07091926038265228
0.07229410111904144
0.05978894233703613
0.05792955309152603
0.07206244021654129
0.06372755765914917
0.05859830603003502
0.08336988091468811
0.09947565943002701
0.09367455542087555
0.050986602902412415
0.05475373938679695
0.10198047757148743
0.12046388536691666
0.12045244127511978
0.11891293525695801
0.10959264636039734
0.08362044394016266
0.07934854924678802
0.10367380082607269
0.11451685428619385
0.1181180328130722
0.11945134401321411
0.11859983205795288
0.10825968533754349
0.0858190581202507
0.06339011341333389
0.05958027392625809
0.06663340330123901
0.09212598204612732
0.08875890076160431
0.07131274789571762
0.07871919870376587
0.0912858173251152
0.09639981389045715
0.09696569293737411
0.09438177198171616
0.08761800825595856
0.07621827721595764
0.06553878635168076
0.08187685906887054
0.09256529062986374
0.09455221146345139
0.09346695989370346
0.08921489864587784
0.08065653592348099
0.0687960609793663
0.06254676729440689
0.06465461105108261
0.06998521834611893
0.07614539563655853
0.08089712262153625
0.08515195548534393
0.08903778344392776
0.09220041334629059
0.09351646900177002
0.09427760541439056
0.09255354106426239
0.08989714086055756
0.08710626512765884
0.08777198195457458
0.08529990166425705
0.08084709942340851
0.07815253734588623
0.0751635953783989
0.08157932758331299
0.08643509447574615
0.07858346402645111
0.10190586745738983
0.09854502230882645
0.06836250424385071
0.059900395572185516
0.10208619385957718
0.13043290376663208
0.12841615080833435
0.10881350189447403
0.09690819680690765
0.11100462079048157
0.11014293879270554
0.1056109145283699
0.10045281052589417
0.08493977040052414
0.05534978583455086
0.061482738703489304
0.052859701216220856
0.08424907177686691
0.09280123561620712
0.0834924504160881
0.06458098441362381
0.05377429723739624
0.07193341106176376
0.08690492808818817
0.09456338733434677
0.11171164363622665
0.10509857535362244
0.07639642059803009
0.06196008622646332
0.05989842116832733
0.05457683280110359
0.05852576345205307
0.06704474240541458
0.06648990511894226
0.05902652069926262
0.04757531359791756
0.04582391306757927
0.04950883612036705
0.04858459159731865
0.05135209485888481
0.07684751600027084
0.07939580082893372
0.07553888112306595
0.07245122641324997
0.07125826925039291
0.05367534980177879
0.05569690838456154
0.07657832652330399
0.07667233794927597
0.06736018508672714
0.04863185063004494
0.04680481180548668
0.07684267312288284
0.06701910495758057
0.04719375818967819
0.04874059185385704
0.06047379970550537
0.07767817378044128
0.08029192686080933
0.08079911023378372
0.08355492353439331
0.0847998782992363
0.07540999352931976
0.06211752071976662
0.04984652251005173
0.060577500611543655
0.0668918564915657
0.05662427470088005
0.0456266775727272
0.06296877562999725
0.06603605300188065
0.05296401306986809
0.0471457876265049
0.06767383962869644
0.06562022864818573
0.0603959895670414
0.05817022547125816
0.059026751667261124
0.05854061618447304
0.055782731622457504
0.05058850720524788
0.04351421073079109
0.04086711257696152
0.04214252531528473
0.044347211718559265
0.04448123276233673
0.06336840987205505
0.07990550249814987
0.07890551537275314
0.07043253630399704
0.056471481919288635
0.044522058218717575
0.0459228940308094
0.046464525163173676
0.05301816016435623
0.07723774760961533
0.08808048069477081
0.08509740978479385
0.07551249861717224
0.06079978868365288
0.05497613549232483
0.057682160288095474
0.06652765721082687
0.07315108180046082
0.07638056576251984
0.07046825438737869
0.05557358264923096
0.0470869243144989
0.04778532683849335
0.060017019510269165
0.08463676273822784
0.0905250757932663
0.08627880364656448
0.07780981063842773
0.05870332941412926
0.04800304397940636
0.048678260296583176
0.05840979143977165
0.08754421770572662
0.09557177871465683
0.09076598286628723
0.07929476350545883
0.04998872056603432
0.05007495731115341
0.0471574105322361
0.06669900566339493
0.09144755452871323
0.09653132408857346
0.0940614864230156
0.08794894069433212
0.07713190466165543
0.06019283086061478
0.04974864423274994
0.0482749380171299
0.05310111120343208
0.0668751522898674
0.08809467405080795
0.09326662123203278
0.0883089080452919
0.07904351502656937
0.06809213012456894
0.06197959557175636
0.06081899255514145
0.06486213952302933
0.07174298167228699
0.07825291901826859
0.08099392056465149
0.07851146906614304
0.07170370221138
0.06366605311632156
0.0555078499019146
0.05213505029678345
0.05382559075951576
0.06606583297252655
0.08874914795160294
0.09676749259233475
0.0925450399518013
0.07515350729227066
0.06391677260398865
0.05765131860971451
0.05890318751335144
0.07796090841293335
0.08982978761196136
0.08115027844905853
0.06481924653053284
0.055970270186662674
0.05654559284448624
0.0674753338098526
0.08675138652324677
0.09417282789945602
0.09415925294160843
0.09148716926574707
0.08616525679826736
0.0726318284869194
0.05386369302868843
0.04909395053982735
0.04876123368740082
0.04834262281656265
0.05661351606249809
0.07461703568696976
0.08389092236757278
0.08227170258760452
0.07863524556159973
0.07344407588243484
0.06761939823627472
0.0635075718164444
0.061921074986457825
0.06611533463001251
0.0822376012802124
0.0941847637295723
0.09764713048934937
0.09742991626262665
0.09427665174007416
0.09017182141542435
0.08303963392972946
0.07525429874658585
0.07016811519861221
0.06652975082397461
0.0667552500963211
0.0715576633810997
0.07713185250759125
0.08247110247612
0.08762092888355255
0.09021244198083878
0.09106649458408356
0.08910816162824631
0.08090018481016159
0.07345829904079437
0.06975730508565903
0.06981738656759262
0.07812929898500443
0.08872685581445694
0.09400367736816406
0.09576378762722015
0.09726110845804214
0.09501107037067413
0.08647607266902924
0.07718852907419205
0.07090199738740921
0.0682608038187027
0.07514560967683792
0.08510654419660568
0.09101821482181549
0.09478875994682312
0.09697765856981277
0.09852644056081772
0.09697818756103516
0.08916597068309784
0.08105137944221497
0.07508146017789841
0.07175826281309128
0.074033223092556
0.07898811995983124
0.08256310224533081
0.08428151905536652
0.08857280761003494
0.0912468433380127
0.0924844741821289
0.08988296985626221
0.08512365818023682
0.07960010319948196
0.0758044645190239
0.07410098612308502
0.07432780414819717
0.0746694952249527
0.07857705652713776
0.08300738036632538
0.08590200543403625
0.08725666254758835
0.0854140967130661
0.08276074379682541
0.08106068521738052
0.07949148118495941
0.08141142874956131
0.0856572836637497
0.08624003082513809
0.08123715966939926
0.07549373060464859
0.07531826943159103
0.07795096188783646
0.08436865359544754
0.08643603324890137
0.08572761714458466
0.08215354382991791
0.07899079471826553
0.07729438692331314
0.07916359603404999
0.08219566196203232
0.08448252826929092
0.08711139857769012
0.08793207257986069
0.08131639659404755
0.07126502692699432
0.06565138697624207
0.06972430646419525
0.08064597100019455
0.08494794368743896
0.08773791790008545
0.09010998904705048
0.09233009070158005
0.08965478837490082
0.08181549608707428
0.07701696455478668
0.0743836760520935
0.07663978636264801
0.08055771887302399
0.08248842507600784
0.0834895521402359
0.08498655259609222
0.08569382131099701
0.08458591252565384
0.08342384546995163
0.08304394036531448
0.082951620221138
0.08318326622247696
0.0822867751121521
0.08158443868160248
0.08268114924430847
0.08238957077264786
0.08208470046520233
0.08096282929182053
0.07896656543016434
0.07709474116563797
0.07775594294071198
0.0807630643248558
0.08374787867069244
0.0826023668050766
0.0771387591958046
0.07251033186912537
0.06962534040212631
0.07305524498224258
0.0789291188120842
0.08205125480890274
0.08298689126968384
0.08517828583717346
0.08679720014333725
0.08706966787576675
0.08161548525094986
0.0765066146850586
0.07310104370117188
0.07075901329517365
0.07255282253026962
0.07787179946899414
0.08194153010845184
0.08356968313455582
0.08430270105600357
0.0855773314833641
0.08651278913021088
0.08314096927642822
0.07806091755628586
0.07270783185958862
0.0702727809548378
0.06941939145326614
0.07324979454278946
0.07855486124753952
0.0812910869717598
0.08239283412694931
0.08324714004993439
0.08380835503339767
0.08378884941339493
0.08084560185670853
0.07449880987405777
0.06940623372793198
0.06589881330728531
0.06576743721961975
0.07267402112483978
0.08046499639749527
0.08436150848865509
0.08575582504272461
0.08560384064912796
0.08462782204151154
0.0807948037981987
0.07637547701597214
0.07496166229248047
0.0749584212899208
0.07703330367803574
0.08067436516284943
0.08275669813156128
0.08379316329956055
0.08390657603740692
0.08180814236402512
0.07739714533090591
0.07291880249977112
0.06905000656843185
0.06745430082082748
0.06871023029088974
0.07312554866075516
0.07731394469738007
0.07996264100074768
0.08149277418851852
0.08272723108530045
0.08170050382614136
0.07701610028743744
0.07083023339509964
0.06598440557718277
0.06340750306844711
0.06281332671642303
0.06675107777118683
0.07324721664190292
0.0773354098200798
0.07704385370016098
0.07462213933467865
0.07015517354011536
0.06737937033176422
0.06603929400444031
0.06651192158460617
0.0695270448923111
0.07356420904397964
0.0762607604265213
0.07785460352897644
0.07862766087055206
0.07853159308433533
0.07725287228822708
0.073870949447155
0.06951040029525757
0.06641543656587601
0.06475584954023361
0.0645926371216774
0.06653450429439545
0.07082220166921616
0.07520939409732819
0.07826505601406097
0.07891268283128738
0.07863038033246994
0.07739657163619995
0.07603906095027924
0.07418530434370041
0.07310272753238678
0.07284750789403915
0.07360327988862991
0.0744982361793518
0.07623013854026794
0.07797255367040634
0.07892242819070816
0.07969653606414795
0.0781998261809349
0.07531479001045227
0.07268209755420685
0.06964962184429169
0.06818685680627823
0.0682244598865509
0.06990709155797958
0.07174421846866608
0.07482174783945084
0.07577592134475708
0.07555198669433594
0.07382746785879135
0.07133013755083084
0.06906268745660782
0.06746377050876617
0.06786148995161057
0.06938200443983078
0.07211156189441681
0.07458525151014328
0.07708927243947983
0.07794362306594849
0.07805810868740082
0.07671894878149033
0.07453948259353638
0.07117694616317749
0.06979979574680328
0.06996283680200577
0.07146332412958145
0.07297728210687637
0.07542480528354645
0.07745920866727829
0.07782904803752899
0.0757192000746727
0.07225774228572845
0.07008208334445953
0.0692090094089508
0.06896502524614334
0.06876717507839203
0.06952562928199768
0.07129976898431778
0.0734952762722969
0.075474813580513
0.07652435451745987
0.07761214673519135
0.07823885232210159
0.07766888290643692
0.07689367234706879
0.07581456005573273
0.07475995272397995
0.07347171008586884
0.07285166531801224
0.07246847450733185
0.07258038967847824
0.07393443584442139
0.07542815804481506
0.07681629061698914
0.07778504490852356
0.07826558500528336
0.07877512276172638
0.07875439524650574
0.07758593559265137
0.07628560811281204
0.07450205832719803
0.07286353409290314
0.07227879762649536
0.0723615363240242
0.07373623549938202
0.07588951289653778
0.07702256739139557
0.07735307514667511
0.07658592611551285
0.07436835765838623
0.07222336530685425
0.07093106210231781
0.07223901897668839
0.07471723854541779
0.07716219872236252
0.07941505312919617
0.07984819263219833
0.07818487286567688
0.07503926753997803
0.07104766368865967
0.06833168119192123
0.06668306142091751
0.06626514345407486
0.06730186194181442
0.06970581412315369
0.07238546758890152
0.0754203274846077
0.07810481637716293
0.07977735251188278
0.08103716373443604
0.08138387650251389
0.0804293155670166
0.07851278781890869
0.07662953436374664
0.07427682727575302
0.07295436412096024
0.07163532823324203
0.07122837752103806
0.07060825824737549
0.07152970880270004
0.07301903516054153
0.07507038116455078
0.07665776461362839
0.07728824764490128
0.07754947245121002
0.07769062370061874
0.07799380272626877
0.07796544581651688
0.07724644988775253
0.07652459293603897
0.07705162465572357
0.07743246108293533
0.0783110037446022
0.07834389060735703
0.07819412648677826
0.07759012281894684
0.07761342823505402
0.07751432061195374
0.07757829129695892
0.07724324613809586
0.07700148224830627
0.07679300755262375
0.07609733939170837
0.07608016580343246
0.07645115256309509
0.0764937475323677
0.07593921571969986
0.07555540651082993
0.07622018456459045
0.07669802755117416
0.07708104699850082
0.07649363577365875
0.07509192079305649
0.07437863200902939
0.07486963272094727
0.0757499635219574
0.0767044723033905
0.07780575007200241
0.07882869988679886
0.07898979634046555
0.07876234501600266
0.07780828326940536
0.07675890624523163
0.07633369415998459
0.07608705013990402
0.07618340849876404
0.07635093480348587
0.07771798968315125
0.07729307562112808
0.07685694098472595
0.07587038725614548
0.07486365735530853
0.07488695532083511
0.07502242922782898
0.07598870247602463
0.07685577124357224
0.07746611535549164
0.07716339826583862
0.07600193470716476
0.07513126730918884
0.07440216094255447
0.0742264911532402
0.0742083415389061
0.07432747632265091
0.07490718364715576
0.07559901475906372
0.07658694684505463
0.07757620513439178
0.0777660608291626
0.07711589336395264
0.07724571228027344
0.07623396068811417
0.07506638020277023
0.07467234134674072
0.07534632086753845
0.07611873000860214
0.07666190713644028
0.07722898572683334
0.07711219787597656
0.07739949971437454
0.07801619917154312
0.0781451165676117
0.07758673280477524
0.07634054869413376
0.07537324726581573
0.07521214336156845
0.07558691501617432
0.07639922946691513
0.07674576342105865
0.07718486338853836
0.07793426513671875
0.07801345735788345
0.07700128853321075
0.07616787403821945
0.0763922780752182
0.07699955254793167
0.07799781113862991
0.07886834442615509
0.07910533249378204
0.07881437242031097
0.0778447687625885
0.0759778767824173
0.07448632270097733
0.07440584152936935
0.07488714158535004
0.0759851410984993
0.07662785798311234
0.07744978368282318
0.07855506241321564
0.07884427160024643
0.078731968998909
0.07835407555103302
0.0774778202176094
0.07570845633745193
0.07466045767068863
0.07386290282011032
0.0741686224937439
0.07499364763498306
0.0760268121957779
0.07699455320835114
0.07727538794279099
0.07840314507484436
0.07884731143712997
0.07860682159662247
0.07817958295345306
0.07774486392736435
0.07610385864973068
0.07540672272443771
0.074859619140625
0.07541302591562271
0.0759601816534996
0.07683074474334717
0.07763659954071045
0.07781615853309631
0.07776559889316559
0.07749279588460922
0.0767747089266777
0.07586732506752014
0.07494406402111053
0.0747905895113945
0.07490473985671997
0.07536420971155167
0.07609812915325165
0.07683255523443222
0.07765291631221771
0.07822947949171066
0.0790068581700325
0.07898874580860138
0.07786340266466141
0.0768599584698677
0.07612960040569305
0.07610148191452026
0.07661417871713638
0.07689616084098816
0.07766740024089813
0.07788436114788055
0.07683449983596802
0.07598484307527542
0.0752556249499321
0.07470452040433884
0.07458103448152542
0.07469044625759125
0.07542483508586884
0.07614995539188385
0.07667422294616699
0.07727301120758057
0.07775936275720596
0.07854186743497849
0.07822360843420029
0.0777420848608017
0.07676689326763153
0.07590853422880173
0.07515555620193481
0.0751524344086647
0.07534174621105194
0.0763220265507698
0.07642907649278641
0.07678141444921494
0.07683038711547852
0.0765301063656807
0.07624722272157669
0.07590914517641068
0.07488009333610535
0.07477148622274399
0.07506701350212097
0.07538362592458725
0.07572665810585022
0.07579418271780014
0.07587061822414398
0.07606128603219986
0.0762770026922226
0.07634283602237701
0.07685146480798721
0.07714831829071045
0.07723364233970642
0.07702862471342087
0.07665267586708069
0.07599607855081558
0.07612965255975723
0.0760297179222107
0.07520513236522675
0.07567626982927322
0.07630147784948349
0.07684433460235596
0.07661087810993195
0.07712167501449585
0.07709609717130661
0.0770111083984375
0.07727310061454773
0.07743610441684723
0.07742731273174286
0.07773448526859283
0.07718989998102188
0.0765238106250763
0.0756889209151268
0.07556983083486557
0.07537280768156052
0.07577157020568848
0.07604014873504639
0.07705099135637283
0.07763168960809708
0.07819599658250809
0.07852330803871155
0.07857869565486908
0.07812716066837311
0.07689091563224792
0.07581901550292969
0.07463601231575012
0.07423081994056702
0.07374324649572372
0.074489526450634
0.07506383955478668
0.07539358735084534
0.0758902058005333
0.07589929550886154
0.0764162689447403
0.07691558450460434
0.07710292190313339
0.07696297764778137
0.07660605758428574
0.07664024829864502
0.07598235458135605
0.07535336166620255
0.07558390498161316
0.0758269727230072
0.07622986286878586
0.0766981914639473
0.07690636813640594
0.07755513489246368
0.07787010818719864
0.07771719247102737
0.07710778713226318
0.07677507400512695
0.0758114606142044
0.07591158896684647
0.07584119588136673
0.07607255131006241
0.07641799002885818
0.07694391161203384
0.07740422338247299
0.0777166560292244
0.0781608372926712
0.0780394971370697
0.07747140526771545
0.07707607746124268
0.07698269188404083
0.07724375277757645
0.07684357464313507
0.07686126977205276
0.07718232274055481
0.07713710516691208
0.07731135189533234
0.07743118703365326
