0.06903614103794098
0.04056563600897789
0.03992505744099617
0.04527433216571808
0.05169016122817993
0.10340096056461334
0.16812017560005188
0.22056055068969727
0.2683681547641754
0.2909451723098755
0.2869238257408142
0.2608970105648041
0.2108018845319748
0.1421681046485901
0.1151568815112114
0.12191066890954971
0.14992864429950714
0.1613117903470993
0.1682838648557663
0.14978459477424622
0.12427853792905807
0.10802637040615082
0.10038115084171295
0.08536875993013382
0.05706540867686272
0.059318870306015015
0.07995569705963135
0.09618175029754639
0.13141612708568573
0.15764120221138
0.18077349662780762
0.2010984569787979
0.20766648650169373
0.22361400723457336
0.22809527814388275
0.21187078952789307
0.17581607401371002
0.14987266063690186
0.11388882994651794
0.07516022771596909
0.06106378510594368
0.08555430918931961
0.12921081483364105
0.1382741630077362
0.13182730972766876
0.11418798565864563
0.10383958369493484
0.09044517576694489
0.08209861069917679
0.08399558812379837
0.0778360664844513
0.09796254336833954
0.12119823694229126
0.16742421686649323
0.18444977700710297
0.18702387809753418
0.18603810667991638
0.16921985149383545
0.15528008341789246
0.12667424976825714
0.09809846431016922
0.10450419783592224
0.103095144033432
0.119027279317379
0.11605139076709747
0.11118695139884949
0.11883343756198883
0.15522100031375885
0.21400389075279236
0.26794952154159546
0.3108381927013397
0.3420615792274475
0.34938204288482666
0.3434655964374542
0.3151873052120209
0.2714754343032837
0.21506904065608978
0.14249727129936218
0.09847156703472137
0.11290968209505081
0.130684494972229
0.11954163014888763
0.11353544145822525
0.1418665498495102
0.1503162831068039
0.1390272080898285
0.12388447672128677
0.13791054487228394
0.16930314898490906
0.19581271708011627
0.22807791829109192
0.23370800912380219
0.22405582666397095
0.22660507261753082
0.20300045609474182
0.16358888149261475
0.12808801233768463
0.10030822455883026
0.10232178866863251
0.139459490776062
0.14662888646125793
0.10637155920267105
0.07384803146123886
0.06987736374139786
0.09068726748228073
0.11156992614269257
0.12595893442630768
0.14685574173927307
0.1654406040906906
0.16682641208171844
0.17962731420993805
0.18906134366989136
0.18545056879520416
0.1492968648672104
0.10914654284715652
0.11774575710296631
0.15473520755767822
0.12408360093832016
0.09404957294464111
0.08315645903348923
0.07997921854257584
0.0974639430642128
0.12061845511198044
0.15328103303909302
0.1884145438671112
0.22082246840000153
0.2513817846775055
0.2764624059200287
0.30494168400764465
0.32460010051727295
0.34402087330818176
0.35734468698501587
0.3687587380409241
0.3465045988559723
0.29496335983276367
0.25404393672943115
0.19158057868480682
0.15563847124576569
0.15524989366531372
0.15126246213912964
0.13720782101154327
0.1309497356414795
0.1241847425699234
0.12735189497470856
0.15562181174755096
0.19203536212444305
0.2228032797574997
0.2513981759548187
0.24961242079734802
0.2319413721561432
0.19962069392204285
0.16491489112377167
0.12092415243387222
0.0935359001159668
0.09520597010850906
0.10953053832054138
0.10155659914016724
0.07994318753480911
0.09009028226137161
0.10913985967636108
0.10269211232662201
0.0890873521566391
0.08511531352996826
0.08876904100179672
0.08643050491809845
0.0795765370130539
0.09516353905200958
0.16377370059490204
0.2158876210451126
0.24858152866363525
0.2697996497154236
0.2814023792743683
0.27627018094062805
0.24762791395187378
0.21583250164985657
0.19737675786018372
0.1798209846019745
0.16104969382286072
0.126691535115242
0.09669540077447891
0.08285275846719742
0.07411149144172668
0.07001139223575592
0.07046336680650711
0.07343447953462601
0.0711636170744896
0.0677889809012413
0.08782777190208435
0.12101158499717712
0.17414940893650055
0.22747138142585754
0.2642761468887329
0.2938651144504547
0.3108377158641815
0.31376904249191284
0.298084020614624
0.26926031708717346
0.25314000248908997
0.2463463544845581
0.2438933551311493
0.2274637669324875
0.2002061903476715
0.17890600860118866
0.13950195908546448
0.11221939325332642
0.10243013501167297
0.0998011976480484
0.10248538851737976
0.11196136474609375
0.12714606523513794
0.14725658297538757
0.16990670561790466
0.19325792789459229
0.20931926369667053
0.22013381123542786
0.23021617531776428
0.2454591542482376
0.2658865451812744
0.2680601477622986
0.25420674681663513
0.25673070549964905
0.25810763239860535
0.22540876269340515
0.1740257889032364
0.12000809609889984
0.08525780588388443
0.07881355285644531
0.08977686613798141
0.0904325619339943
0.0928361713886261
0.09210464358329773
0.0877646952867508
0.07790211588144302
0.0766991674900055
0.08708597719669342
0.10717945545911789
0.11480584740638733
0.12095150351524353
0.14435669779777527
0.18801575899124146
0.2377978414297104
0.27368801832199097
0.2899962067604065
0.300944447517395
0.307259202003479
0.2980758547782898
0.2519838213920593
0.19221358001232147
0.14713093638420105
0.1182640790939331
0.1030019149184227
0.09149430692195892
0.07631117850542068
0.07440479099750519
0.08845674246549606
0.09883717447519302
0.09344013035297394
0.10110729932785034
0.13244622945785522
0.16921572387218475
0.20134058594703674
0.2330302894115448
0.26226213574409485
0.287930965423584
0.3071573078632355
0.314837783575058
0.306306928396225
0.2971518635749817
0.29503458738327026
0.2837672531604767
0.2639867961406708
0.23723003268241882
0.2062382698059082
0.1627883017063141
0.1228322759270668
0.0938090831041336
0.083714060485363
0.08982815593481064
0.09976581484079361
0.10023423284292221
0.09387429058551788
0.0946059599518776
0.10917359590530396
0.12856879830360413
0.14964178204536438
0.16487015783786774
0.17699295282363892
0.19227871298789978
0.20001360774040222
0.19945813715457916
0.19774869084358215
0.19800661504268646
0.20732836425304413
0.21817366778850555
0.22766566276550293
0.22501106560230255
0.21644209325313568
0.2039090096950531
0.19196319580078125
0.16846045851707458
0.1528410166501999
0.1472405195236206
0.15934410691261292
0.17032364010810852
0.17479343712329865
0.17217715084552765
0.16810570657253265
0.1571424901485443
0.14962898194789886
0.14449675381183624
0.15397071838378906
0.17424419522285461
0.19345895946025848
0.21511472761631012
0.23007658123970032
0.23912666738033295
0.24376772344112396
0.2484755665063858
0.2582058906555176
0.262927770614624
0.2612140476703644
0.2593531012535095
0.253765344619751
0.24169927835464478
0.22630754113197327
0.21269264817237854
0.1938982605934143
0.1777869313955307
0.16695892810821533
0.16036541759967804
0.15176324546337128
0.15169216692447662
0.15429472923278809
0.1578858196735382
0.15864111483097076
0.16155138611793518
0.16968335211277008
0.17934423685073853
0.19056253135204315
0.1953413039445877
0.2056773602962494
0.22009190917015076
0.2372632920742035
0.2504858374595642
0.2546573877334595
0.25164952874183655
0.2452821582555771
0.2350883185863495
0.22233334183692932
0.21594473719596863
0.21468321979045868
0.20599406957626343
0.1989208310842514
0.20083853602409363
0.20431126654148102
0.2050400972366333
0.19974803924560547
0.1897979974746704
0.18718935549259186
0.19478003680706024
0.20180991291999817
0.20264406502246857
0.20269188284873962
0.20470760762691498
0.21190957725048065
0.22391508519649506
0.2320777028799057
0.23022815585136414
0.21933239698410034
0.20630910992622375
0.1972835808992386
0.19037963449954987
0.18441849946975708
0.177145317196846
0.1694536805152893
0.16351823508739471
0.1660672128200531
0.1796087920665741
0.19197218120098114
0.19054323434829712
0.17430773377418518
0.1603206843137741
0.15803022682666779
0.17039839923381805
0.18290302157402039
0.18741729855537415
0.18420255184173584
0.18288901448249817
0.19194886088371277
0.2041958123445511
0.2120518684387207
0.21333301067352295
0.21028314530849457
0.20134367048740387
0.19021840393543243
0.17656421661376953
0.16876010596752167
0.16447561979293823
0.16355250775814056
0.1582198292016983
0.1509052962064743
0.1465383917093277
0.15153253078460693
0.16302672028541565
0.16639824211597443
0.15820415318012238
0.14774805307388306
0.14344187080860138
0.14803752303123474
0.15785156190395355
0.16636499762535095
0.1755160242319107
0.17658813297748566
0.17909970879554749
0.18975067138671875
0.20230969786643982
0.21215665340423584
0.2127295583486557
0.21174515783786774
0.2070552110671997
0.20157462358474731
0.19249722361564636
0.18746337294578552
0.1821696013212204
0.17605285346508026
0.1718805730342865
0.1626134067773819
0.15723437070846558
0.15632174909114838
0.1560439169406891
0.1555740386247635
0.15291127562522888
0.14987275004386902
0.1452503651380539
0.14276817440986633
0.14494037628173828
0.15161076188087463
0.1533648669719696
0.15885895490646362
0.15882617235183716
0.16216765344142914
0.17055338621139526
0.17671599984169006
0.18427205085754395
0.1887519359588623
0.19420738518238068
0.19611915946006775
0.196578249335289
0.20000602304935455
0.20108669996261597
0.19822171330451965
0.19269628822803497
0.18697550892829895
0.18436643481254578
0.1837214231491089
0.1832660585641861
0.1836158037185669
0.18019650876522064
0.17530573904514313
0.17101429402828217
0.1706363409757614
0.16861557960510254
0.16331107914447784
0.15851490199565887
0.15531553328037262
0.15799480676651
0.16273464262485504
0.17078441381454468
0.17899544537067413
0.18262743949890137
0.18039624392986298
0.18194253742694855
0.18632759153842926
0.18851137161254883
0.19031815230846405
0.1888607144355774
0.18457293510437012
0.18575729429721832
0.18867439031600952
0.18916864693164825
0.18922863900661469
0.18753784894943237
0.18902426958084106
0.19190973043441772
0.19246789813041687
0.19119417667388916
0.18800093233585358
0.18481197953224182
0.17738543450832367
0.17199820280075073
0.1674475520849228
0.16482242941856384
0.16448700428009033
0.16589640080928802
0.17096059024333954
0.1733793467283249
0.17737138271331787
0.18184643983840942
0.18519924581050873
0.18690362572669983
0.19139625132083893
0.19309653341770172
0.19178833067417145
0.19243918359279633
0.19323542714118958
0.19565501809120178
0.19836509227752686
0.19893641769886017
0.19709140062332153
0.1918395459651947
0.19133761525154114
0.19153191149234772
0.19087009131908417
0.1863078474998474
0.1821473240852356
0.18033695220947266
0.17791959643363953
0.17830908298492432
0.17663265764713287
0.17520055174827576
0.17413240671157837
0.17705227434635162
0.18049220740795135
0.18125173449516296
0.18248187005519867
0.18277886509895325
0.18459203839302063
0.18502463400363922
0.18409204483032227
0.18401701748371124
0.18526042997837067
0.1870652735233307
0.1884573996067047
0.18707053363323212
0.18678438663482666
0.18569119274616241
0.18721435964107513
0.1876177340745926
0.18550242483615875
0.18579867482185364
0.18843954801559448
0.188092902302742
0.18673883378505707
0.1861013025045395
0.18395128846168518
0.18373535573482513
0.1830434799194336
0.1823253184556961
0.18426887691020966
0.1860012263059616
0.1878654807806015
0.19001369178295135
0.1901889592409134
0.18893899023532867
0.1889856606721878
0.18762797117233276
0.1862669140100479
0.18616175651550293
0.18527251482009888
0.18538498878479004
0.18435023725032806
0.18309079110622406
0.1816863715648651
0.18190298974514008
0.1827227920293808
0.18600724637508392
0.18693991005420685
0.18734821677207947
0.1878487765789032
0.18871399760246277
0.18802690505981445
0.18768614530563354
0.18778447806835175
0.18498115241527557
0.18287931382656097
0.18143248558044434
0.18108150362968445
0.1831141859292984
0.18522989749908447
0.18656639754772186
0.18740426003932953
0.18584367632865906
0.18512549996376038
0.1851794719696045
0.1853526085615158
0.18633012473583221
0.18717974424362183
0.18800319731235504
0.1872130036354065
0.18603941798210144
0.18483863770961761
0.1855938583612442
0.18807893991470337
0.19043301045894623
0.1905776411294937
0.18944385647773743
0.18922506272792816
0.1880393624305725
0.1873331218957901
0.185113787651062
0.1832958459854126
0.1831907033920288
0.1822178214788437
0.1823759526014328
0.1815810650587082
0.1804715245962143
0.17814971506595612
0.1773146390914917
0.17684143781661987
0.1749068945646286
0.1726837307214737
0.17280390858650208
0.17162229120731354
0.17136250436306
0.17401498556137085
0.1775338053703308
0.1785425841808319
0.17926707863807678
0.1798226684331894
0.18020391464233398
0.17955894768238068
0.18037818372249603
0.18083733320236206
0.1816832423210144
0.18352679908275604
0.18498186767101288
0.18640173971652985
0.18772251904010773
0.18707984685897827
0.18743769824504852
0.18761099874973297
0.1884850561618805
0.18912489712238312
0.18854999542236328
0.18789850175380707
0.18725503981113434
0.18639706075191498
0.18734243512153625
0.186982661485672
0.1866447478532791
0.1868632435798645
0.18498356640338898
0.18383635580539703
0.18398267030715942
0.18412572145462036
0.18311916291713715
0.1823708564043045
0.1840982884168625
0.18392039835453033
0.18315428495407104
0.18194101750850677
0.1815536469221115
0.18148654699325562
0.1795366108417511
0.17870238423347473
0.17835915088653564
0.17793436348438263
0.17755120992660522
0.17654918134212494
0.1757764369249344
0.17564013600349426
0.17661482095718384
0.17814770340919495
0.1778324544429779
0.17724452912807465
0.17687715590000153
0.177681103348732
0.17979055643081665
0.18147209286689758
0.18272411823272705
0.18281632661819458
0.1834956258535385
0.1824265420436859
0.18246637284755707
0.18250039219856262
0.18134813010692596
0.18114398419857025
0.18244168162345886
0.18462543189525604
0.18459264934062958
0.18368840217590332
0.18310919404029846
0.1838521957397461
0.18511362373828888
0.1849113553762436
0.18352946639060974
0.18335896730422974
0.18263837695121765
0.18161313235759735
0.1821225881576538
0.18304218351840973
0.18313834071159363
0.18414512276649475
0.18502557277679443
0.18470405042171478
0.1842455416917801
0.18303391337394714
0.18188610672950745
0.1805483102798462
0.17959818243980408
0.17896397411823273
0.17924168705940247
0.18025615811347961
0.18055827915668488
0.18157649040222168
0.18298056721687317
0.18380017578601837
0.18310154974460602
0.18262360990047455
0.182610422372818
0.18317724764347076
0.1827489584684372
0.18302400410175323
0.18342234194278717
0.18326950073242188
0.18350356817245483
0.18487311899662018
0.1851784884929657
0.18567439913749695
0.187002494931221
0.18690934777259827
0.18716201186180115
0.1882680505514145
0.18916894495487213
0.1898379921913147
0.1902010291814804
0.19027648866176605
0.19075225293636322
0.19060347974300385
0.19027715921401978
0.19030584394931793
0.18944014608860016
0.18995358049869537
0.18983393907546997
0.18846164643764496
0.18973366916179657
0.19055430591106415
0.18999707698822021
0.18913525342941284
0.18824827671051025
0.18785357475280762
0.1879945546388626
0.1880805641412735
0.18928180634975433
0.18905460834503174
0.18845432996749878
0.18781523406505585
0.18674336373806
0.18693335354328156
0.1866828352212906
0.18616315722465515
0.18560364842414856
0.18542985618114471
0.18621774017810822
0.18702338635921478
0.1871221512556076
0.1865600198507309
0.18604843318462372
0.18547534942626953
0.18512241542339325
0.18586252629756927
0.1857084333896637
0.18591882288455963
0.18627820909023285
0.18645283579826355
0.18493863940238953
0.18327659368515015
0.18244419991970062
0.1821862906217575
0.1819087117910385
0.1821552813053131
0.1824546754360199
0.18136034905910492
0.1808980256319046
0.18079228699207306
0.18068425357341766
0.18020185828208923
0.1795416921377182
0.18031515181064606
0.18016882240772247
0.17974326014518738
0.1796276569366455
0.17954213917255402
0.18011803925037384
0.1801309436559677
0.17998801171779633
0.17993706464767456
0.18051022291183472
0.18116125464439392
0.18146449327468872
0.18255668878555298
0.18248677253723145
0.182560533285141
0.18205025792121887
0.18215085566043854
0.18270859122276306
0.1835598647594452
0.1835312396287918
0.1834985613822937
0.18346472084522247
0.18287500739097595
0.1818186640739441
0.1820615530014038
0.18218937516212463
0.18135105073451996
0.18134185671806335
0.1817781925201416
0.18115884065628052
0.18082565069198608
0.18068474531173706
0.18145479261875153
0.18162782490253448
0.18233299255371094
0.18284444510936737
0.18363188207149506
0.18457601964473724
0.18385443091392517
0.18374156951904297
0.18415595591068268
0.18395571410655975
0.1838187426328659
0.18306806683540344
0.1832149177789688
0.1828015148639679
0.18282732367515564
0.18244776129722595
0.183399960398674
0.1835189163684845
0.1834762841463089
0.18393507599830627
0.1845989227294922
0.184999480843544
0.18511755764484406
0.18469272553920746
0.1850162148475647
0.18531665205955505
0.18622881174087524
0.18669404089450836
0.18640264868736267
0.18701839447021484
0.18758615851402283
0.18740452826023102
0.18713712692260742
0.18786568939685822
0.1880880445241928
0.1886678785085678
0.18921047449111938
0.18992944061756134
0.19049175083637238
0.1903153359889984
0.19033648073673248
0.1905813217163086
0.19083838164806366
0.19038231670856476
0.19093312323093414
0.19186024367809296
0.19237959384918213
0.1919471025466919
0.1919333040714264
0.1914893090724945
0.19145764410495758
0.19163276255130768
0.1919902265071869
0.1931852549314499
0.19276085495948792
0.1929311454296112
0.19246149063110352
0.19263973832130432
0.19205082952976227
0.1914042830467224
0.19107545912265778
0.19075506925582886
0.19099237024784088
0.1901485025882721
0.1899951696395874
0.18993383646011353
0.19027316570281982
0.19013012945652008
0.19052989780902863
0.19046661257743835
0.1904614418745041
0.19130057096481323
0.19138295948505402
0.19058190286159515
0.19045409560203552
0.1901693493127823
0.18982930481433868
0.18926866352558136
0.18947666883468628
0.189215287566185
0.1889597326517105
0.18860140442848206
0.18882320821285248
0.18914920091629028
0.18983153998851776
0.18962424993515015
0.1890988051891327
0.18958744406700134
0.18915101885795593
0.18981210887432098
0.189510315656662
0.18962626159191132
0.19026537239551544
0.18990306556224823
0.190138578414917
0.19039972126483917
0.19008803367614746
0.18913204967975616
0.18937180936336517
0.1893947571516037
0.18967480957508087
0.1895674467086792
0.18939772248268127
0.18965637683868408
0.18986892700195312
0.19002528488636017
0.19023682177066803
0.19050851464271545
0.19080106914043427
0.19144229590892792
0.1912371963262558
0.1911843866109848
0.1911572962999344
0.19118960201740265
0.19055330753326416
0.19122707843780518
0.1916414499282837
0.19171923398971558
0.19161753356456757
0.19119977951049805
0.19100461900234222
0.19107604026794434
0.19124986231327057
0.19198788702487946
0.19120964407920837
0.19160428643226624
0.1916959434747696
0.19166290760040283
0.19193318486213684
0.19237267971038818
0.19162826240062714
0.19139772653579712
0.19183994829654694
0.19255921244621277
0.19294218719005585
0.19273371994495392
0.1923844963312149
0.19213557243347168
0.1923699826002121
0.19247113168239594
0.19240695238113403
0.19267964363098145
0.19272270798683167
0.19320669770240784
0.1930098831653595
0.19336654245853424
0.19271628558635712
0.1926184892654419
0.1923711746931076
0.19249017536640167
0.19240142405033112
0.1922154277563095
0.19149115681648254
0.1918683499097824
0.1928182989358902
0.19283261895179749
0.19273366034030914
0.1929538995027542
0.19257284700870514
0.19263266026973724
0.19268040359020233
0.19251632690429688
0.19242845475673676
0.1930689960718155
0.19286462664604187
0.19259659945964813
0.19287751615047455
0.1942926049232483
0.19371554255485535
0.19292627274990082
0.19242757558822632
0.19232644140720367
0.1925148367881775
0.19232019782066345
0.1920197755098343
0.1918468326330185
0.1924513280391693
0.19221287965774536
0.19248907268047333
0.19258363544940948
0.19287149608135223
0.19251613318920135
0.19203773140907288
0.1924005150794983
0.192713662981987
0.1925739198923111
0.1927604079246521
0.192475363612175
0.192133367061615
0.19154036045074463
