0.11667580157518387
0.1408730298280716
0.10601788759231567
0.10603765398263931
0.12881776690483093
0.12469926476478577
0.1720396727323532
0.17605610191822052
0.17589829862117767
0.1659654825925827
0.16246788203716278
0.15188585221767426
0.14644812047481537
0.1296304315328598
0.11609340459108353
0.10940349847078323
0.11071000248193741
0.1277128905057907
0.12475214153528214
0.116196408867836
0.1248200386762619
0.10908807069063187
0.09801598638296127
0.09089122712612152
0.08102209120988846
0.08296242356300354
0.094599649310112
0.10487204790115356
0.10938533395528793
0.11546068638563156
0.12382124364376068
0.13457350432872772
0.13903746008872986
0.13310301303863525
0.12952245771884918
0.13533657789230347
0.14255976676940918
0.14734604954719543
0.1461789608001709
0.1407555192708969
0.12798012793064117
0.11193312704563141
0.11822963505983353
0.13327842950820923
0.1413497030735016
0.1371636539697647
0.1305091381072998
0.11937499046325684
0.11348370462656021
0.1344837248325348
0.14429351687431335
0.13636787235736847
0.1309364289045334
0.13699406385421753
0.13790318369865417
0.16587701439857483
0.16699910163879395
0.1532764434814453
0.14029376208782196
0.11375308036804199
0.10990042984485626
0.12988096475601196
0.14713580906391144
0.1549815535545349
0.14864632487297058
0.13787803053855896
0.1258680671453476
0.11756733059883118
0.12352976202964783
0.12393826991319656
0.13361123204231262
0.15356965363025665
0.17177970707416534
0.17439934611320496
0.16277630627155304
0.15027713775634766
0.1404004991054535
0.12050702422857285
0.12840692698955536
0.1444123238325119
0.1481688767671585
0.13674584031105042
0.13074323534965515
0.1344260424375534
0.129032164812088
0.13333351910114288
0.14408756792545319
0.1533709168434143
0.1466660350561142
0.13064832985401154
0.12823303043842316
0.14167840778827667
0.14771229028701782
0.16122399270534515
0.1633986383676529
0.14923615753650665
0.15032802522182465
0.1516043096780777
0.14620932936668396
0.14997965097427368
0.14404240250587463
0.13871103525161743
0.13696882128715515
0.147912859916687
0.15819036960601807
0.16187138855457306
0.15724173188209534
0.1440596878528595
0.1320422738790512
0.12790225446224213
0.1343686878681183
0.1475183218717575
0.1406436413526535
0.12342585623264313
0.12031695991754532
0.13299542665481567
0.14372862875461578
0.1409420520067215
0.13409186899662018
0.12795309722423553
0.13491077721118927
0.15124322474002838
0.15365983545780182
0.1369173377752304
0.13462112843990326
0.15937046706676483
0.16608262062072754
0.13298563659191132
0.12935534119606018
0.20523658394813538
0.19718411564826965
0.164343923330307
0.14851261675357819
0.13658729195594788
0.18015986680984497
0.20771344006061554
0.2084401547908783
0.1960442215204239
0.16077390313148499
0.14064079523086548
0.1426231563091278
0.15883073210716248
0.18560248613357544
0.1555483043193817
0.11602484434843063
0.10547495633363724
0.11054465919733047
0.12916222214698792
0.15412649512290955
0.17454738914966583
0.18029630184173584
0.17809218168258667
0.17374832928180695
0.17317230999469757
0.1767643541097641
0.17973759770393372
0.18033741414546967
0.17787472903728485
0.17232371866703033
0.16499461233615875
0.16167506575584412
0.1616903692483902
0.16513188183307648
0.17487125098705292
0.17932094633579254
0.17682315409183502
0.17391470074653625
0.17155925929546356
0.17079496383666992
0.17152909934520721
0.1753707379102707
0.1768520027399063
0.179143026471138
0.17820119857788086
0.17755486071109772
0.17417369782924652
0.17057710886001587
0.1689378321170807
0.17055562138557434
0.17658044397830963
0.1826738715171814
0.18421883881092072
0.18366464972496033
0.18131163716316223
0.18218952417373657
0.181098073720932
0.17580486834049225
0.1648234724998474
0.16566532850265503
0.1872301548719406
0.1753709763288498
0.1348227709531784
0.12300825864076614
0.13026779890060425
0.14680689573287964
0.16471759974956512
0.17677299678325653
0.17682673037052155
0.16830992698669434
0.15131278336048126
0.13974227011203766
0.1418837457895279
0.16957442462444305
0.18126417696475983
0.17263635993003845
0.15404163300991058
0.13168469071388245
0.1242331862449646
0.1263018399477005
0.1313096582889557
0.1698913872241974
0.19181227684020996
0.19273428618907928
0.17409691214561462
0.15849880874156952
0.17650465667247772
0.19044829905033112
0.19250249862670898
0.18248623609542847
0.15974979102611542
0.1508428156375885
0.15542802214622498
0.17006967961788177
0.1783035844564438
0.17690926790237427
0.16455893218517303
0.1402934193611145
0.1301569938659668
0.1428413987159729
0.16824185848236084
0.18693548440933228
0.19338995218276978
0.19510935246944427
0.19131743907928467
0.18277312815189362
0.16846618056297302
0.15839000046253204
0.15806357562541962
0.1687946915626526
0.17228874564170837
0.16563887894153595
0.1570904403924942
0.1630377471446991
0.17464466392993927
0.1852521002292633
0.1883249282836914
0.18555301427841187
0.17518676817417145
0.16689294576644897
0.17076459527015686
0.1795266717672348
0.13944505155086517
0.13734307885169983
0.18450653553009033
0.19683125615119934
0.19826988875865936
0.19922611117362976
0.1951970010995865
0.18870021402835846
0.18123121559619904
0.16855524480342865
0.16181214153766632
0.16260404884815216
0.15723742544651031
0.13519887626171112
0.12764577567577362
0.1415567398071289
0.15973100066184998
0.16398684680461884
0.1688326746225357
0.17374444007873535
0.17088589072227478
0.16432426869869232
0.1633075475692749
0.16001248359680176
0.16373372077941895
0.16809013485908508
0.15673622488975525
0.14551834762096405
0.14717157185077667
0.15368811786174774
0.15241967141628265
0.15763498842716217
0.16624978184700012
0.1745515614748001
0.17208364605903625
0.16954246163368225
0.16818532347679138
0.1551094949245453
0.15732906758785248
0.16271021962165833
0.16297578811645508
0.16094143688678741
0.15654169023036957
0.14532892405986786
0.15149164199829102
0.15729518234729767
0.15596690773963928
0.15590642392635345
0.15934820473194122
0.1572933942079544
0.16879461705684662
0.1719544678926468
0.16100618243217468
0.14865335822105408
0.14672350883483887
0.1557861864566803
0.1673600673675537
0.16928984224796295
0.16425321996212006
0.15853068232536316
0.16129960119724274
0.1624765694141388
0.16162005066871643
0.1584983617067337
0.1548343002796173
0.15034860372543335
0.1468384712934494
0.145814910531044
0.14772304892539978
0.14777220785617828
0.1457245945930481
0.14736992120742798
0.15587301552295685
0.17095109820365906
0.17961013317108154
0.1746910661458969
0.16494527459144592
0.15008759498596191
0.13813026249408722
0.13686208426952362
0.14211519062519073
0.14771024882793427
0.15099361538887024
0.14317212998867035
0.14361760020256042
0.1497102826833725
0.15370814502239227
0.15620380640029907
0.15989834070205688
0.1608920693397522
0.15732835233211517
0.1533120721578598
0.14935514330863953
0.15045568346977234
0.15411347150802612
0.1553371101617813
0.1524147391319275
0.14491823315620422
0.14220686256885529
0.14560136198997498
0.15298335254192352
0.15629588067531586
0.15886957943439484
0.16162808239459991
0.16307111084461212
0.16080987453460693
0.15617820620536804
0.15124188363552094
0.14655064046382904
0.14439800381660461
0.14570318162441254
0.15031279623508453
0.15476973354816437
0.15868079662322998
0.15893085300922394
0.15342238545417786
0.14534501731395721
0.1449575275182724
0.14776703715324402
0.1539103388786316
0.15778180956840515
0.1579756736755371
0.15466894209384918
0.14840206503868103
0.1478039026260376
0.1510123908519745
0.1536874771118164
0.1496322900056839
0.14189907908439636
0.1341227889060974
0.1420847773551941
0.1524684727191925
0.1519397795200348
0.14618103206157684
0.14031216502189636
0.14835472404956818
0.1600981503725052
0.1597181111574173
0.15421158075332642
0.14527831971645355
0.14308588206768036
0.1504165381193161
0.15097761154174805
0.13904263079166412
0.13606205582618713
0.1528095155954361
0.16408894956111908
0.16132938861846924
0.15115725994110107
0.13694798946380615
0.12411975860595703
0.12539860606193542
0.13701017200946808
0.14793267846107483
0.1585509181022644
0.1644372045993805
0.16722245514392853
0.16868191957473755
0.1691301017999649
0.16904765367507935
0.16909997165203094
0.16755551099777222
0.1652659773826599
0.16170769929885864
0.15828056633472443
0.15541911125183105
0.15179526805877686
0.15068991482257843
0.15433019399642944
0.160628542304039
0.16522958874702454
0.1663220077753067
0.16566675901412964
0.164078488945961
0.15868675708770752
0.14897525310516357
0.14171040058135986
0.14232845604419708
0.15264564752578735
0.16211611032485962
0.16616810858249664
0.16756084561347961
0.16769126057624817
0.16524547338485718
0.15885120630264282
0.14771762490272522
0.1374547928571701
0.1368977129459381
0.14279496669769287
0.15297600626945496
0.1621542125940323
0.16741454601287842
0.16981109976768494
0.1702297180891037
0.16946525871753693
0.16704976558685303
0.16234780848026276
0.15441657602787018
0.14934490621089935
0.14698535203933716
0.14872045814990997
0.1554611325263977
0.16438035666942596
0.16865584254264832
0.17036645114421844
0.16969019174575806
0.16811563074588776
0.1615024358034134
0.15026766061782837
0.14082469046115875
0.13916002213954926
0.14629636704921722
0.15543079376220703
0.16356053948402405
0.16847722232341766
0.1700725108385086
0.17064213752746582
0.17109601199626923
0.17061978578567505
0.16799578070640564
0.162940114736557
0.15602821111679077
0.14972750842571259
0.14681464433670044
0.14647923409938812
0.1537092924118042
0.1652984619140625
0.17136166989803314
0.17196324467658997
0.16633322834968567
0.150472491979599
0.13954044878482819
0.13712579011917114
0.14089074730873108
0.14966966211795807
0.1604015827178955
0.1696716696023941
0.1746997982263565
0.17590266466140747
0.17599771916866302
0.17493866384029388
0.17089885473251343
0.16175477206707
0.15747171640396118
0.16146035492420197
0.16792690753936768
0.1681918203830719
0.16492505371570587
0.1611521691083908
0.15794774889945984
0.15702863037586212
0.15881264209747314
0.1637776494026184
0.16826258599758148
0.1688421368598938
0.16827915608882904
0.1659289300441742
0.16164153814315796
0.16011247038841248
0.16268208622932434
0.16644376516342163
0.1664634495973587
0.16513745486736298
0.16388626396656036
0.16353635489940643
0.16607443988323212
0.16867820918560028
0.16851182281970978
0.16616074740886688
0.16234004497528076
0.16423185169696808
0.16923370957374573
0.17115657031536102
0.16939444839954376
0.16447624564170837
0.16011305153369904
0.16214746236801147
0.16479730606079102
0.16668878495693207
0.16639423370361328
0.1658816635608673
0.16471755504608154
0.16415011882781982
0.16567271947860718
0.16734226047992706
0.16628727316856384
0.16504248976707458
0.16388987004756927
0.1646755486726761
0.16632704436779022
0.16804200410842896
0.16871224343776703
0.16852258145809174
0.16704800724983215
0.16640961170196533
0.16548116505146027
0.16520792245864868
0.16485632956027985
0.16445547342300415
0.16404509544372559
0.16522632539272308
0.16680030524730682
0.16680414974689484
0.16662786900997162
0.1659967005252838
0.1649954617023468
0.1633293330669403
0.16282574832439423
0.16326087713241577
0.1634722799062729
0.16410891711711884
0.1632387340068817
0.16292893886566162
0.16247572004795074
0.1610904037952423
0.1600174903869629
0.16210810840129852
0.16542376577854156
0.16690227389335632
0.1676165908575058
0.16691593825817108
0.1658257246017456
0.164829283952713
0.16361570358276367
0.16329404711723328
0.1629021167755127
0.16218005120754242
0.16040965914726257
0.15888340771198273
0.1595488339662552
0.16188645362854004
0.1636815220117569
0.16460813581943512
0.16484101116657257
0.16488716006278992
0.16502822935581207
0.16442136466503143
0.1637371927499771
0.1630326807498932
0.1622072160243988
0.1627897471189499
0.16323435306549072
0.16312569379806519
0.16162849962711334
0.1609196662902832
0.16012397408485413
0.1616371124982834
0.16344743967056274
0.16375382244586945
0.16322149336338043
0.16170795261859894
0.16077668964862823
0.1593661606311798
0.16132406890392303
0.1639440655708313
0.16370266675949097
0.16238336265087128
0.16069017350673676
0.16155743598937988
0.16353270411491394
0.1659637987613678
0.16820135712623596
0.16971683502197266
0.17003266513347626
0.1685793548822403
0.16629710793495178
0.16383865475654602
0.16053487360477448
0.15901890397071838
0.15890665352344513
0.16086618602275848
0.1633228361606598
0.16554081439971924
0.1669643372297287
0.16781027615070343
0.16747505962848663
0.16669528186321259
0.1650766134262085
0.1628180891275406
0.16142761707305908
0.16214022040367126
0.1643291413784027
0.16624116897583008
0.16743101179599762
0.16697265207767487
0.16550369560718536
0.1634097397327423
0.16138197481632233
0.16161762177944183
0.16231632232666016
0.1652449667453766
0.16835667192935944
0.16830836236476898
0.16656620800495148
0.16345961391925812
0.16076815128326416
0.15919241309165955
0.16045445203781128
0.16415075957775116
0.16744372248649597
0.16886547207832336
0.16877782344818115
0.16717979311943054
0.16463549435138702
0.1608416736125946
0.16047048568725586
0.1631416380405426
0.16640430688858032
0.16901186108589172
0.16962939500808716
0.16872726380825043
0.16600224375724792
0.16296890377998352
0.16116464138031006
0.1612357497215271
0.16278019547462463
0.165284663438797
0.16719605028629303
0.16629190742969513
0.16548261046409607
0.16345037519931793
0.1618717908859253
0.1619870811700821
0.16355739533901215
0.16539868712425232
0.16652700304985046
0.16580751538276672
0.1642082780599594
0.16153521835803986
0.16183102130889893
0.1634339839220047
0.16503657400608063
0.16673310101032257
0.16730757057666779
0.1657961755990982
0.16210611164569855
0.16057124733924866
0.16297301650047302
0.1670200675725937
0.16954903304576874
0.16834020614624023
0.16512511670589447
0.1612955927848816
0.16098825633525848
0.16428028047084808
0.16851845383644104
0.1694837361574173
0.16679036617279053
0.16230113804340363
0.16102981567382812
0.16351410746574402
0.16651883721351624
0.166120246052742
0.16245034337043762
0.1597437858581543
0.1609458327293396
0.16533736884593964
0.16928504407405853
0.17085783183574677
0.17114269733428955
0.17060457170009613
0.16940826177597046
0.16719746589660645
0.166012704372406
0.165195032954216
0.16503432393074036
0.1655164211988449
0.1665821373462677
0.16736315190792084
0.16750721633434296
0.16723473370075226
0.167131245136261
0.16721659898757935
0.1661771535873413
0.16571541130542755
0.1651424914598465
0.16566914319992065
0.1663469672203064
0.1666247397661209
0.166301891207695
0.1653905212879181
0.16546659171581268
0.16554462909698486
0.16595011949539185
0.1661573201417923
0.16572009027004242
0.1654709130525589
0.16541779041290283
0.16508744657039642
0.16542500257492065
0.16582298278808594
0.16621166467666626
0.16594991087913513
0.1657266616821289
0.16540443897247314
0.16569599509239197
0.16642434895038605
0.16656233370304108
0.16636301577091217
0.16654832661151886
0.16666078567504883
0.16674873232841492
0.16666550934314728
0.16666582226753235
0.1662749946117401
0.16639162600040436
0.1668923795223236
0.16740179061889648
0.16725675761699677
0.16713179647922516
0.16753990948200226
0.16715721786022186
0.16526226699352264
0.16430073976516724
0.16618019342422485
0.16822825372219086
0.16812296211719513
0.16650763154029846
0.1657496839761734
0.16576844453811646
0.16645115613937378
0.16717807948589325
0.16946768760681152
0.1700102537870407
0.16880948841571808
0.16721269488334656
0.16564829647541046
0.16555888950824738
0.16679705679416656
0.16897572576999664
0.16931381821632385
0.16827239096164703
0.1673731803894043
0.16668058931827545
0.16593123972415924
0.167339026927948
0.16950564086437225
0.1703430712223053
0.16912412643432617
0.1674174815416336
0.1659177988767624
0.16599474847316742
0.1668720841407776
0.16681461036205292
0.16666044294834137
0.1664699763059616
0.1664728969335556
0.16649067401885986
0.1664976328611374
0.16661834716796875
0.1666233390569687
0.16678985953330994
0.16717801988124847
0.16719195246696472
0.1677340269088745
0.1692354530096054
0.1695050448179245
0.16925030946731567
0.16916489601135254
0.168924480676651
0.16875877976417542
0.16847728192806244
0.16878600418567657
0.16976171731948853
0.17042483389377594
0.17012934386730194
0.16921380162239075
0.16831117868423462
0.16734927892684937
0.1671246737241745
0.16831831634044647
0.1689174473285675
0.16922077536582947
0.16951842606067657
0.16912443935871124
0.16788600385189056
0.16716139018535614
0.1684131920337677
0.16812820732593536
0.16752010583877563
0.16698981821537018
0.16759580373764038
0.1699228584766388
0.17135047912597656
0.1707630306482315
0.16979548335075378
0.1692308634519577
0.16838765144348145
0.1673983931541443
0.1679544895887375
0.16907276213169098
0.17007169127464294
0.16961105167865753
0.16911010444164276
0.16882295906543732
0.1688646376132965
0.16972199082374573
0.17051012814044952
0.17088060081005096
0.17128340899944305
0.17070291936397552
0.16987377405166626
0.1695632040500641
0.17015579342842102
0.17070399224758148
0.17101995646953583
0.17036445438861847
0.16938962042331696
0.1688845157623291
0.16893933713436127
0.17004184424877167
0.1700097769498825
0.1697225719690323
0.16918258368968964
0.16947315633296967
0.17079275846481323
0.17057421803474426
0.16987048089504242
0.16962610185146332
0.17025773227214813
0.17025065422058105
0.1698959320783615
0.16903068125247955
0.16865357756614685
0.16804131865501404
0.16884882748126984
0.1705649048089981
0.1709674745798111
0.17083853483200073
0.17018742859363556
0.17030632495880127
0.17038856446743011
0.170638769865036
0.1701706349849701
0.17023473978042603
0.16976600885391235
0.16929586231708527
0.1707310527563095
0.1713169813156128
0.17113134264945984
0.17069095373153687
0.17059367895126343
0.17025020718574524
0.16965976357460022
0.17042601108551025
0.17062324285507202
0.17157886922359467
0.17102910578250885
0.17065279185771942
0.17037037014961243
0.17086102068424225
0.17094607651233673
0.1713377684354782
0.1718333661556244
0.17105312645435333
0.1708475947380066
0.171585351228714
0.17205381393432617
0.171639084815979
0.1715250164270401
0.17128083109855652
0.17164193093776703
0.17117813229560852
0.17097510397434235
0.17107903957366943
0.17100514471530914
0.1705470085144043
0.1708175390958786
0.17088638246059418
0.1713288128376007
0.17146345973014832
0.1715848743915558
0.171453595161438
0.17104627192020416
0.17127947509288788
0.1715729981660843
0.1714988797903061
0.17144250869750977
0.17121706902980804
0.17096935212612152
0.17111451923847198
0.17121142148971558
0.17065133154392242
0.17104846239089966
0.1709403544664383
0.17147281765937805
0.17127962410449982
0.171258345246315
0.17081549763679504
0.1705193817615509
0.17093704640865326
0.1710536926984787
0.1708962768316269
0.17145752906799316
0.17151175439357758
0.17161935567855835
0.17186607420444489
0.17176735401153564
0.17173177003860474
0.17172957956790924
0.17131438851356506
0.17132459580898285
0.17139090597629547
0.17103976011276245
0.17110252380371094
0.17104178667068481
0.17132212221622467
0.1716143935918808
0.17165057361125946
0.17157629132270813
0.17144009470939636
0.17159126698970795
0.17164674401283264
0.17169545590877533
0.1713602989912033
0.1715080887079239
0.17165763676166534
0.17138735949993134
0.17146535217761993
0.1717936098575592
0.17182272672653198
0.17187045514583588
0.17158137261867523
0.1717754751443863
0.17208540439605713
0.17183205485343933
0.17138993740081787
0.1711626946926117
0.17122028768062592
0.17122770845890045
0.17136403918266296
0.17125336825847626
0.1715165078639984
0.1719961166381836
0.1723569929599762
0.17251548171043396
0.172643780708313
0.17175991833209991
0.17164844274520874
0.1712416708469391
0.17118778824806213
0.1713581532239914
0.17167417705059052
0.1716119945049286
0.17180180549621582
0.17219746112823486
0.17234718799591064
0.17179527878761292
0.17180484533309937
