0.03088502585887909
0.03722183778882027
0.04892883822321892
0.05971887707710266
0.06567638367414474
0.06970502436161041
0.13306792080402374
0.19538411498069763
0.24802368879318237
0.28980690240859985
0.3480242192745209
0.4071495234966278
0.42036500573158264
0.38504165410995483
0.31244125962257385
0.2415824979543686
0.18346303701400757
0.14505794644355774
0.12031463533639908
0.0889897570014
0.0801655501127243
0.06790296733379364
0.038073472678661346
0.039322998374700546
0.075959213078022
0.11494331061840057
0.1489926129579544
0.1787613034248352
0.17605862021446228
0.1528214067220688
0.13686123490333557
0.09772679209709167
0.03660234808921814
0.03503347188234329
0.06910274177789688
0.09778565168380737
0.16344371438026428
0.251481294631958
0.3060661256313324
0.31890442967414856
0.2937984764575958
0.2622176706790924
0.19109848141670227
0.11395930498838425
0.07452176511287689
0.056816186755895615
0.08259061723947525
0.13676448166370392
0.12109822779893875
0.09784425050020218
0.07786578685045242
0.06777893006801605
0.0567467138171196
0.08373146504163742
0.13895918428897858
0.19008074700832367
0.20701630413532257
0.20937003195285797
0.19620685279369354
0.17327386140823364
0.14015339314937592
0.10731276124715805
0.08063910156488419
0.08783572912216187
0.10653045773506165
0.11505983024835587
0.13234533369541168
0.15243634581565857
0.15883009135723114
0.16777680814266205
0.18818743526935577
0.17393578588962555
0.14880625903606415
0.11502731591463089
0.08946453779935837
0.09497185796499252
0.12272924184799194
0.14566195011138916
0.13132067024707794
0.11742373555898666
0.10918761044740677
0.09686950594186783
0.11312677711248398
0.1622084677219391
0.19137950241565704
0.18253372609615326
0.1471889168024063
0.11769184470176697
0.10306020826101303
0.10258076339960098
0.0992254838347435
0.09729883819818497
0.12113998085260391
0.1168244406580925
0.11412294954061508
0.12823276221752167
0.12874038517475128
0.13770118355751038
0.14253784716129303
0.17331506311893463
0.1888560950756073
0.14100292325019836
0.12330468744039536
0.12175826728343964
0.10521740466356277
0.07727537304162979
0.07497965544462204
0.07720267027616501
0.12109417468309402
0.15009255707263947
0.179305300116539
0.1975415199995041
0.1958664059638977
0.19431404769420624
0.19750675559043884
0.19598032534122467
0.16807851195335388
0.12422562390565872
0.08183456212282181
0.09080382436513901
0.09039008617401123
0.08906029909849167
0.07459639012813568
0.05947168916463852
0.06221618130803108
0.08848515897989273
0.1049628034234047
0.12892863154411316
0.16860873997211456
0.21625185012817383
0.22994810342788696
0.23464015126228333
0.2088651955127716
0.15742702782154083
0.1147012859582901
0.08066249638795853
0.07245565205812454
0.07543420046567917
0.05882757529616356
0.05598273128271103
0.06864316761493683
0.08277734369039536
0.06465394794940948
0.05519961938261986
0.06374914944171906
0.07253360003232956
0.07509171962738037
0.06910493969917297
0.07755561918020248
0.07421053200960159
0.07154972851276398
0.0690302774310112
0.074807308614254
0.0805354043841362
0.08014103770256042
0.07369602471590042
0.0682651698589325
0.07176992297172546
0.08931995183229446
0.09454486519098282
0.07903275638818741
0.08606532961130142
0.10182193666696548
0.09947163611650467
0.08244311064481735
0.08934060484170914
0.10386287420988083
0.09749659895896912
0.078081414103508
0.0756135880947113
0.08905854821205139
0.08319655060768127
0.08015348017215729
0.08714891970157623
0.07802723348140717
0.06918308138847351
0.07642010599374771
0.08844815939664841
0.08278661221265793
0.08366977423429489
0.09908425062894821
0.10061196237802505
0.09292186051607132
0.10559864342212677
0.10199219733476639
0.09054180234670639
0.09968800842761993
0.09910152852535248
0.08815417438745499
0.07864608615636826
0.0740443766117096
0.06918834894895554
0.06236562132835388
0.0674922987818718
0.07130139321088791
0.07555019110441208
0.0833335667848587
0.08067511767148972
0.07894068956375122
0.09818707406520844
0.12203826755285263
0.12293921411037445
0.125986710190773
0.1315457969903946
0.1323845088481903
0.12216301262378693
0.11790768057107925
0.11518382281064987
0.08900611847639084
0.07433798164129257
0.07230740040540695
0.06348741054534912
0.054964419454336166
0.05635007843375206
0.06662040203809738
0.071401447057724
0.0607633963227272
0.06901887059211731
0.07835368812084198
0.06704027205705643
0.06845342367887497
0.07919890433549881
0.08292140811681747
0.08486321568489075
0.08138065040111542
0.08148885518312454
0.06884679943323135
0.06560385227203369
0.07538562268018723
0.0731852576136589
0.07394059002399445
0.07703042775392532
0.06365746259689331
0.05417598411440849
0.06044253706932068
0.06850522756576538
0.06570810079574585
0.06332407146692276
0.06437919288873672
0.06311154365539551
0.0605623796582222
0.06044940650463104
0.06324885040521622
0.06824220716953278
0.06314101070165634
0.06096158176660538
0.08185186237096786
0.08501584082841873
0.06763983517885208
0.06650601327419281
0.0686224028468132
0.06700799614191055
0.06391216069459915
0.059430669993162155
0.058223992586135864
0.05763573572039604
0.06061703711748123
0.06316963583230972
0.06426253169775009
0.07009083032608032
0.06712520122528076
0.06550253927707672
0.06665511429309845
0.06034465134143829
0.054664257913827896
0.05909058079123497
0.07140178233385086
0.06988456100225449
0.06608148664236069
0.07044486701488495
0.07304008305072784
0.065311960875988
0.06094980984926224
0.06925614923238754
0.07307553291320801
0.06743954867124557
0.0563119575381279
0.05270059034228325
0.06214112788438797
0.06125292181968689
0.05649601295590401
0.057998985052108765
0.06062747538089752
0.062003929167985916
0.0552649088203907
0.06242632120847702
0.07471160590648651
0.07294774800539017
0.06721863895654678
0.06889337301254272
0.07305927574634552
0.07702566683292389
0.07271179556846619
0.0731189101934433
0.07568224519491196
0.06884869933128357
0.05833790823817253
0.062125056982040405
0.06325840950012207
0.06166203320026398
0.06108992174267769
0.06580623239278793
0.07501144707202911
0.08250650763511658
0.08001872897148132
0.08033561706542969
0.08049429953098297
0.08448553085327148
0.08391417562961578
0.08404472470283508
0.07939913123846054
0.08410582691431046
0.09069561958312988
0.08382119983434677
0.07223019748926163
0.076365627348423
0.07700137794017792
0.06282966583967209
0.05878185108304024
0.06128232553601265
0.0650918111205101
0.06514287739992142
0.06024261191487312
0.06621109694242477
0.07173667848110199
0.07051777839660645
0.06747935712337494
0.06782210618257523
0.06858475506305695
0.06824322789907455
0.06854928284883499
0.0727834403514862
0.07678144425153732
0.07923796772956848
0.08097895234823227
0.07969645410776138
0.08477981388568878
0.09565293788909912
0.09467232972383499
0.08349452167749405
0.08571632206439972
0.09300787001848221
0.09143728762865067
0.08504019677639008
0.08096705377101898
0.0818154439330101
0.07705152779817581
0.06710392236709595
0.05709737911820412
0.06279318034648895
0.06797459721565247
0.06357991695404053
0.058510132133960724
0.05641268938779831
0.06255447119474411
0.07470536231994629
0.07520266622304916
0.07153196632862091
0.07936012744903564
0.0938824936747551
0.09817079454660416
0.09155458211898804
0.09076916426420212
0.10251204669475555
0.10201746970415115
0.08953790366649628
0.08186805993318558
0.0817556232213974
0.08138413727283478
0.07445078343153
0.0648043230175972
0.060389552265405655
0.06719603389501572
0.06894522160291672
0.06210489943623543
0.0581943579018116
0.061771050095558167
0.07134604454040527
0.07033935934305191
0.06658781319856644
0.06908944994211197
0.07804099470376968
0.08613059669733047
0.08716429024934769
0.08059391379356384
0.07776007801294327
0.0811864361166954
0.08794878423213959
0.0854995846748352
0.07227407395839691
0.06767799705266953
0.0742974802851677
0.08015143871307373
0.07131168991327286
0.06341525167226791
0.06061728671193123
0.07143525779247284
0.08441822230815887
0.07625135779380798
0.05921408534049988
0.05791850760579109
0.07432371377944946
0.0910443440079689
0.08753114938735962
0.07087068259716034
0.06952613592147827
0.08849270641803741
0.1010650247335434
0.09145739674568176
0.07873515784740448
0.07992500066757202
0.08891761302947998
0.09265473484992981
0.08156085759401321
0.07172176986932755
0.0665271133184433
0.07307681441307068
0.08500911295413971
0.08298984169960022
0.06675714254379272
0.05905112251639366
0.06502401828765869
0.07597475498914719
0.07872598618268967
0.06698056310415268
0.05823834240436554
0.05960901454091072
0.0670841857790947
0.07457669079303741
0.07654095441102982
0.07092177122831345
0.06642568856477737
0.06896094232797623
0.08024850487709045
0.0886794850230217
0.08183310180902481
0.07213374972343445
0.06765926629304886
0.07472296804189682
0.08197036385536194
0.07741499692201614
0.0681585744023323
0.0637228786945343
0.06870535016059875
0.07279407232999802
0.06847411394119263
0.06285939365625381
0.06277294456958771
0.06441640853881836
0.06826932728290558
0.0699671134352684
0.06571577489376068
0.061405789107084274
0.06433984637260437
0.06934700161218643
0.07134178280830383
0.07252795249223709
0.0696447566151619
0.06714721024036407
0.06838078051805496
0.07511039078235626
0.07888805866241455
0.07212679833173752
0.06562860310077667
0.06379494816064835
0.07160937786102295
0.07729331403970718
0.07814785093069077
0.07205989956855774
0.0665147602558136
0.06491680443286896
0.06812845915555954
0.07009060680866241
0.07298635691404343
0.06825810670852661
0.06226637586951256
0.05966036394238472
0.06175747886300087
0.06581996381282806
0.06719071418046951
0.06316260248422623
0.06027306988835335
0.059632692486047745
0.061987873166799545
0.06805479526519775
0.07104606181383133
0.06525920331478119
0.05976507067680359
0.06350839883089066
0.07018672674894333
0.07461860775947571
0.07278522104024887
0.06535501033067703
0.06327833235263824
0.06662073731422424
0.0706685408949852
0.0703125
0.0662580281496048
0.06454502046108246
0.06615683436393738
0.06646101176738739
0.06657382845878601
0.06795066595077515
0.07042879611253738
0.06775747239589691
0.06309640407562256
0.060666508972644806
0.06110358610749245
0.06338509172201157
0.06325462460517883
0.06295191496610641
0.06185554713010788
0.060403358191251755
0.059820421040058136
0.06135956570506096
0.06604839861392975
0.07009843736886978
0.06979985535144806
0.06520473212003708
0.05936287343502045
0.0603441558778286
0.06517800688743591
0.06967177987098694
0.07157214730978012
0.06966900825500488
0.06653542816638947
0.06564196944236755
0.06777312606573105
0.0704311653971672
0.07358695566654205
0.07322797924280167
0.07051966339349747
0.06937439739704132
0.07113833725452423
0.07085300236940384
0.07301553338766098
0.07226527482271194
0.06769087165594101
0.06622035056352615
0.06776063144207001
0.06796649098396301
0.06581710278987885
0.06293636560440063
0.06269710510969162
0.06116488575935364
0.0614229254424572
0.06144784018397331
0.0597124919295311
0.05918616056442261
0.059400055557489395
0.05975699424743652
0.062378715723752975
0.06312479078769684
0.06244974210858345
0.06281401216983795
0.06526869535446167
0.06562716513872147
0.06418659538030624
0.06303902715444565
0.061143361032009125
0.06259884685277939
0.06487192213535309
0.06666038930416107
0.06555274873971939
0.0654657781124115
0.06615819782018661
0.0664171427488327
0.06633104383945465
0.06748269498348236
0.07078991830348969
0.07082102447748184
0.07107222080230713
0.06952571123838425
0.06768519431352615
0.06570078432559967
0.06578627228736877
0.06623478978872299
0.06689894944429398
0.06811948865652084
0.06826325505971909
0.06638490408658981
0.06312064081430435
0.06154073402285576
0.06181250140070915
0.0626855418086052
0.06481054425239563
0.0643753856420517
0.06326337903738022
0.06567107141017914
0.06813623011112213
0.06582574546337128
0.06218665838241577
0.06207793951034546
0.06366945803165436
0.06764707714319229
0.07258502393960953
0.0733460932970047
0.07049398869276047
0.06731950491666794
0.06806112825870514
0.06773688644170761
0.06892149895429611
0.07150313258171082
0.0716208964586258
0.07161996513605118
0.07046125829219818
0.07101356238126755
0.07230740785598755
0.07334635406732559
0.07250583916902542
0.06976834684610367
0.06831662356853485
0.0656784176826477
0.06617143005132675
0.06852888315916061
0.07051835209131241
0.07186242938041687
0.0714334025979042
0.06964115053415298
0.06769796460866928
0.06600762158632278
0.06489531695842743
0.06533747166395187
0.0661158338189125
0.06715928763151169
0.06782379746437073
0.06739284098148346
0.06699219346046448
0.06640002131462097
0.06639067083597183
0.06650104373693466
0.06587230414152145
0.06644003838300705
0.0670374259352684
0.06685956567525864
0.06526193022727966
0.06490842998027802
0.0652044266462326
0.06698223948478699
0.06754180788993835
0.06579422950744629
0.06607636064291
0.06702758371829987
0.06775722652673721
0.06734046339988708
0.06709321588277817
0.06778626888990402
0.0686897486448288
0.07025477290153503
0.07151869684457779
0.07203216105699539
0.07090219855308533
0.06944479793310165
0.06876516342163086
0.06951814144849777
0.06950777769088745
0.06867741793394089
0.06795404106378555
0.06872595101594925
0.06850112974643707
0.06856802105903625
0.06876479089260101
0.06821002811193466
0.06791310757398605
0.06757098436355591
0.0678422749042511
0.06874985247850418
0.06920582056045532
0.0697026178240776
0.07069557905197144
0.071282297372818
0.07038334012031555
0.06890508532524109
0.06800483167171478
0.06856553256511688
0.0697154775261879
0.07100021839141846
0.07138896733522415
0.07097713649272919
0.06880026310682297
0.06687365472316742
0.06632495671510696
0.06623123586177826
0.06689158827066422
0.06770655512809753
0.06766299903392792
0.06789183616638184
0.06842823326587677
0.0686100646853447
0.06866668909788132
0.06831485033035278
0.06831378489732742
0.06789353489875793
0.06652530282735825
0.06621632725000381
0.06637921929359436
0.06735612452030182
0.0690453052520752
0.07079052925109863
0.07149705290794373
0.07065827399492264
0.06950687617063522
0.06885115057229996
0.06966309249401093
0.06987323611974716
0.06984411925077438
0.06873396039009094
0.06733589619398117
0.06816329807043076
0.06844279915094376
0.06823910772800446
0.06795162707567215
0.06774789839982986
0.06768175959587097
0.0674658864736557
0.06781776249408722
0.06899429112672806
0.06935431063175201
0.06913405656814575
0.06727193295955658
0.06606332212686539
0.06484466046094894
0.06393985450267792
0.06360527127981186
0.06384683400392532
0.06481931358575821
0.06546510756015778
0.06672707200050354
0.06648953258991241
0.06570339947938919
0.06536766141653061
0.06538394838571548
0.06529903411865234
0.06472816318273544
0.06452779471874237
0.06497576087713242
0.06557974964380264
0.06605523079633713
0.06674077361822128
0.06634854525327682
0.06605087220668793
0.06514985859394073
0.0645981878042221
0.06391524523496628
0.06324177980422974
0.06268082559108734
0.06261014938354492
0.06428571045398712
0.06550365686416626
0.06597290933132172
0.06680772453546524
0.06710879504680634
0.06706658005714417
0.06686072051525116
0.06616329401731491
0.06489341706037521
0.06444131582975388
0.06484068185091019
0.06501208990812302
0.06526640057563782
0.06550759822130203
0.06588911265134811
0.06601843982934952
0.0661945641040802
0.06609400361776352
0.06637013703584671
0.06590180844068527
0.06606670469045639
0.06659477949142456
0.06741006672382355
0.06786397844552994
0.06835205107927322
0.06832973659038544
0.06844864040613174
0.06815992295742035
0.06735503673553467
0.06709077209234238
0.06735147535800934
0.06718336790800095
0.06702283024787903
0.06729017943143845
0.06701340526342392
0.06710213422775269
0.06753423810005188
0.06813743710517883
0.06746529042720795
0.06799763441085815
0.06812690198421478
0.06850647926330566
0.06824146956205368
0.0680808499455452
0.06800977140665054
0.06763466447591782
0.06789568811655045
0.06716431677341461
0.06722497940063477
0.06763360649347305
0.06806476414203644
0.06879356503486633
0.06907498091459274
0.0690074935555458
0.0687078982591629
0.06826413422822952
0.06746111065149307
0.06685938686132431
0.06607325375080109
0.06613122671842575
0.06631123274564743
0.06712430715560913
0.0677245482802391
0.06793516129255295
0.06792283803224564
0.0682581439614296
0.06835228949785233
0.06910398602485657
0.0688636302947998
0.06883810460567474
0.0680859237909317
0.06772302836179733
0.06707333773374557
0.06642692536115646
0.06629927456378937
0.067083440721035
0.06703290343284607
0.06737449765205383
0.06803321838378906
0.06835682690143585
0.06881643831729889
0.06896665692329407
0.06871951371431351
0.06852713972330093
0.06790861487388611
0.06732291728258133
0.06696300208568573
0.06623494625091553
0.06593087315559387
0.06652688980102539
0.06652024388313293
0.06644073128700256
0.06690286099910736
0.06719306111335754
0.06788985431194305
0.06796001642942429
0.06839253008365631
0.06827542930841446
0.06814086437225342
0.06745299696922302
0.06726198643445969
0.06758158653974533
0.06747987121343613
0.06760258227586746
0.06777600198984146
0.06789196282625198
0.06785427033901215
0.06800976395606995
0.06805011630058289
0.0679074302315712
0.06782563775777817
0.06767209619283676
0.06786468625068665
0.06807655841112137
0.06807109713554382
0.06751688569784164
0.06658274680376053
0.06593223661184311
0.06519665569067001
0.06541076302528381
0.0657549574971199
0.065974660217762
0.06625615805387497
0.0665537416934967
0.06653080135583878
0.06592713296413422
0.06602665036916733
0.06613686680793762
0.06655070185661316
0.06635025888681412
0.06588670611381531
0.06582556664943695
0.06634174287319183
0.06628364324569702
0.06624370813369751
0.06644506752490997
0.06661318242549896
0.06658271700143814
0.06676802039146423
0.06680204719305038
0.0670933946967125
0.06670355796813965
0.0666193962097168
0.06637173891067505
0.06626106053590775
0.06601530313491821
0.06581642478704453
0.06562171131372452
0.06522349268198013
0.06497660279273987
0.06470496207475662
0.06414545327425003
0.06384699046611786
0.06441386044025421
0.06486620754003525
0.06544796377420425
0.06565088033676147
0.06593436747789383
0.06596368551254272
0.06548373401165009
0.06596914678812027
0.06629402935504913
0.06603463739156723
0.06603093445301056
0.06583353877067566
0.06536894291639328
0.06534623354673386
0.06552928686141968
0.06575825810432434
0.06587382405996323
0.06580978631973267
0.06547271460294724
0.06519035995006561
0.06477668881416321
0.06501097232103348
0.06492605060338974
0.06529533118009567
0.06519313156604767
0.06502510607242584
0.06528171896934509
0.06495112180709839
0.06491236388683319
0.06490827351808548
0.06531243026256561
0.06511639803647995
0.0650888979434967
0.06548243016004562
0.06557700037956238
0.06590355932712555
0.06632557511329651
0.06643189489841461
0.06654881685972214
0.06659350544214249
0.06607456505298615
0.06595123559236526
0.06574089825153351
0.06565318256616592
0.06596611440181732
0.06592357903718948
0.06549496948719025
0.065625861287117
0.06519465893507004
0.06534866988658905
0.06485003232955933
0.06546800583600998
0.06559448689222336
0.06592158228158951
0.06607487797737122
0.06634489446878433
0.06657998263835907
0.06625751405954361
0.06657455116510391
0.06675159186124802
0.06693799048662186
0.06682372093200684
0.0668824315071106
0.06638866662979126
0.06633949279785156
0.06653504818677902
0.0661139190196991
0.06599792093038559
0.06580476462841034
0.0655483826994896
0.06534098088741302
0.0654599666595459
0.06518562138080597
0.06555138528347015
0.0651821494102478
0.06520821154117584
0.06559113413095474
0.06566019356250763
0.06555694341659546
0.06634469330310822
0.06652047485113144
0.06661433726549149
0.06683089584112167
0.06706778705120087
0.06751420348882675
0.0674223005771637
0.06721388548612595
0.06718603521585464
0.06710438430309296
0.06712152063846588
0.06648381054401398
0.06623917818069458
0.06563372910022736
0.06446623802185059
0.06422774493694305
0.063968226313591
0.06351814419031143
0.06369023025035858
0.06372290849685669
0.0637478157877922
