1.3981436
1.3975745
1.3974279
1.3966552
1.3969859
1.3970461
1.3964806
1.3964711
1.3969462
1.3970768
1.39624
1.3968453
1.3974226
1.3969972
1.3970703
1.3964006
1.3966469
1.396933
1.396331
1.3968568
1.3966652
1.3962661
1.3965741
1.3970225
1.3964306
1.3968738
1.3967761
1.3966684
1.3966793
1.3965372
1.3968687
1.3968977
1.3968112
1.39703
1.396289
1.3966246
1.3966311
1.3966794
1.3964262
1.3969976
1.3965445
1.3962547
1.3967441
1.3972608
1.3970627
1.3969871
1.3969426
1.3964815
1.396627
1.3964349
1.3973742
1.3966182
1.397064
1.3969754
1.3969437
1.3964947
1.3963032
1.3964733
1.3971739
1.3962721
1.396785
1.396281
1.3966178
1.397121
1.3970734
1.3970127
1.397328
1.39679
1.3972203
1.3969368
1.3962237
1.3965738
1.3970529
1.3966714
1.3965707
1.3965836
1.3968735
1.3964682
1.3966862
1.3967811
1.3964726
1.3962333
1.3967925
1.3969063
1.3969716
1.3967179
1.396782
1.3965447
1.3969442
1.3968443
1.3966287
1.3964014
1.3973446
1.3963976
1.3964525
1.3967072
1.3963753
1.3966181
1.3968296
1.3968173
1.3969473
1.3971077
1.3970264
1.3968931
1.3973144
1.397146
1.3965801
1.3968681
1.3971015
1.3964496
1.396717
1.3971097
1.3967158
1.3964992
1.3966087
1.3970411
1.3967351
1.3962268
1.3968722
1.3963066
1.3975031
1.3965955
1.3967726
1.3974851
1.396435
1.3966392
1.3962681
1.3972126
1.3969383
1.3969253
1.3961477
1.3972756
1.396615
1.3967949
1.3973227
1.3970944
1.3974288
1.3970178
1.3966362
1.3967074
1.3969012
1.3966671
1.3967339
1.3965063
1.3965298
1.3972794
1.39665
1.397149
1.39686
1.3967342
1.3968618
1.3967497
1.3961468
1.397027
1.3965988
1.3969721
1.3970419
1.3970718
1.3965183
1.3964257
1.3972718
1.3965135
1.397008
1.3962736
1.397078
1.3971167
1.3966771
1.3963886
1.3967956
1.3971522
1.396913
1.3972261
1.3969603
1.3970581
1.3962165
1.3969744
1.3968081
1.3970091
1.3969946
1.3969693
1.3968998
1.3968687
1.3970815
1.3968699
1.3966068
1.3967875
1.396917
1.3971658
1.3963915
1.39665
1.3966486
1.3962392
1.3967282
1.39634
1.3965517
1.396895
1.3969878
1.3969632
1.3971314
1.3970848
1.3964283
1.3968958
1.3977085
1.3967149
1.3963147
1.3967701
1.396648
1.3965633
1.3971295
1.3963655
1.3969511
1.3967133
1.3967428
1.3972206
1.3972603
1.3969132
1.3970293
1.3969488
1.3967714
1.3969709
1.3963404
1.3972374
1.3967267
1.3966873
1.3967285
1.396863
1.3967023
1.3963435
1.3968922
1.3968518
1.3969609
1.3969635
1.3964924
1.3968748
1.3973883
1.3969036
1.396771
1.3969303
1.3967943
1.3962916
1.3965316
1.396934
1.3969762
1.3970686
1.3974493
1.3964295
1.3972065
1.3970252
1.396814
1.3967828
1.3971367
1.3968471
1.3966877
1.3970836
1.3970362
1.3966907
1.3962857
1.3973321
1.3965486
1.3966027
1.3974357
1.396532
1.3969084
1.3967447
1.3961974
1.3973012
1.3969889
1.3971952
1.3969214
1.397226
1.3971428
1.3971262
1.3970162
1.3966125
1.397051
1.3966813
1.3969442
1.3973917
1.3969977
1.3964238
1.3968801
1.3969631
1.3966926
1.3959742
1.3969269
1.3967314
1.3969338
1.3973992
1.3964379
1.3965404
1.3967935
1.3966265
1.396604
1.3970529
1.3973546
1.3971491
1.3968267
1.3972126
1.3966213
1.3968916
1.3966585
1.3964624
1.3972512
1.3969119
1.3967459
1.3970523
1.3964593
1.3966547
1.3966125
1.3970922
1.3967321
1.3966179
1.3965988
1.397
1.396961
1.3967558
1.3966097
1.3966316
1.3964571
1.3965019
1.3961561
1.3967665
1.3963863
1.397575
1.397034
1.3968575
1.3969603
1.3965946
1.3967259
1.3964386
1.3971485
1.3962847
1.3971058
1.3969876
1.3966401
1.396718
1.3970188
1.3970076
1.3959726
1.396919
1.3960106
1.3972273
1.3967314
1.3967308
1.3966633
1.3973789
1.3967651
1.3969216
1.396911
1.396233
1.3963214
1.3970894
1.3966337
1.3966823
1.3970242
1.3964787
1.3962798
1.3963417
1.3973895
1.3964757
1.396859
1.3964136
1.3962978
1.396756
1.396404
1.3964792
1.3965026
1.3972098
1.3968228
1.3963614
1.3970191
1.39715
1.3961746
1.3971161
1.3963032
1.3967975
1.3962089
1.3966978
1.3963487
1.3963835
1.3967432
1.396949
1.3967499
1.3967065
1.3965553
1.3966671
1.3967116
1.3966454
1.3963456
1.3960931
1.3971595
1.3962568
1.3961674
1.3962698
1.3963543
1.3967263
1.3964523
1.3965099
1.3960222
1.396442
1.3966328
1.3962909
1.3964849
1.3964598
1.3963603
1.3964128
1.3967056
1.3966336
1.3970965
1.3955708
1.3967606
1.396617
1.3958367
1.3963238
1.396604
1.3967817
1.3964103
1.3966068
1.3964641
1.3969316
1.3969281
1.3967009
1.3961757
1.3963997
1.3966045
1.3964754
1.3970003
1.3962265
1.3961077
1.3960273
1.3963312
1.3966188
1.3967206
1.3964745
1.396415
1.3967646
1.3962522
1.3967232
1.3963629
1.3963764
1.3964236
1.3963215
1.3972054
1.3965311
1.3967588
1.3968934
1.3962818
1.3958349
1.3965776
1.3962318
1.3961498
1.3966519
1.39633
1.3964356
1.3962389
1.3960447
1.396362
1.3964403
1.3963728
1.3961916
1.3960332
1.396351
1.3958298
1.3965954
1.3961697
1.3968288
1.3967422
1.3966379
1.3956652
1.3961565
1.396675
1.3953816
1.3965923
1.396581
1.3963934
1.3964007
1.3962871
1.3962101
1.3960406
1.3958069
1.3960664
1.396582
1.3966396
1.3961709
1.3962221
1.3958155
1.3966436
1.3962133
1.3968017
1.3961873
1.3967016
1.396405
1.3960845
1.395843
1.3965435
1.3963823
1.3960632
1.396156
1.3966043
1.3958662
1.3961153
1.3962407
1.3962647
1.3964224
1.3960291
1.3963178
1.3963194
1.3959829
1.3960019
1.3958335
1.3968678
1.3953243
1.3966061
1.3962132
1.3958006
1.3958181
1.3962871
1.396265
1.3962077
1.3959928
1.3960348
1.3957589
1.3960396
1.3964186
1.3960675
1.395832
1.3962923
1.3959302
1.395937
1.3964702
1.3966414
1.395952
1.3960142
1.3957211
1.3958087
1.3960669
1.3967806
1.3963288
1.3957818
1.3958822
1.395966
1.3959153
1.3961222
1.3965632
1.3956931
1.3957047
1.3964454
1.3958609
1.3955634
1.3964158
1.3957766
1.395958
1.3962106
1.3953676
1.3956337
1.396075
1.3957529
1.3954611
1.395693
1.3957783
1.3960333
1.396234
1.3951792
1.3959926
1.395842
1.3959653
1.3954546
1.395737
1.3957514
1.3959379
1.3955969
1.396213
1.3956908
1.3958558
1.3952777
1.3960923
1.3953367
1.3955879
1.3958648
1.3957415
1.3959049
1.3958406
1.3954651
1.3952203
1.3954287
1.3952736
1.3955517
1.3953482
1.3953211
1.3955414
1.3953846
1.3951578
1.3955004
1.3955183
1.3957918
1.3955381
1.3959291
1.396013
1.3955332
1.3948468
1.395847
1.3959409
1.3956625
1.3953415
1.3958496
1.396054
1.3953093
1.3959111
1.3956448
1.3954294
1.3955883
1.3950974
1.3957434
1.3953564
1.3956971
1.3957155
1.395083
1.3953034
1.3958732
1.3959996
1.3959767
1.3953508
1.3956885
1.3954232
1.3954049
1.3957993
1.3956705
1.3955265
1.3957366
1.3956023
1.3954948
1.3954531
1.3953662
1.3952256
1.3953073
1.3953474
1.3953217
1.3947847
1.3951826
1.3951124
1.3955834
1.395775
1.3958893
1.395269
1.3945498
1.3953111
1.3951339
1.3953617
1.3955281
1.3953865
1.395257
1.3953843
1.3948984
1.3950567
1.394981
1.3955802
1.3952125
1.3953476
1.3961009
1.3957316
1.3952452
1.3955177
1.3953398
1.394909
1.3955764
1.3956636
1.3947296
1.395386
1.3955461
1.3949628
1.3953043
1.3957896
1.3948646
1.3957214
1.3951916
1.395278
1.3949476
1.3946701
1.3947428
1.3957688
1.3949203
1.3953943
1.3952287
1.3952008
1.395137
1.3949938
1.3953758
1.3952816
1.3949676
1.3947521
1.3952188
1.3947753
1.394454
1.3951548
1.3954943
1.3952429
1.3947759
1.3949702
1.3951535
1.394024
1.3954034
1.3951191
1.3950574
1.3946127
1.3956366
1.3945873
1.394294
1.3953648
1.3947529
1.3945957
1.3951739
1.394882
1.3949084
1.3946034
1.3947004
1.3951658
1.3944589
1.39426
1.3948498
1.3948396
1.3947278
1.3944912
1.3945435
1.3948588
1.3951485
1.3950709
1.3945792
1.3949208
1.3949938
1.3947926
1.3953359
1.3948021
1.3947623
1.3949103
1.3950224
1.3947166
1.3942281
1.3949667
1.3945628
1.3948499
1.394491
1.3946316
1.3948866
1.3947585
1.3950208
1.3944798
1.3941631
1.3947412
1.3946133
1.3947079
1.3944454
1.3948573
1.3945462
1.3947105
1.3949403
1.3949112
1.3944829
1.3945652
1.3947221
1.3952341
1.3941339
1.3937529
1.3944356
1.3948809
1.3941526
1.3946239
1.3943878
1.3947765
1.3945823
1.3946823
1.3944775
1.394628
1.3946606
1.3943579
1.3944799
1.3943095
1.3939912
1.3943427
1.3945216
1.3949176
1.3940655
1.3942986
1.3944756
1.39436
1.3941426
1.3945869
1.3942627
1.3946731
1.3945946
1.39427
1.3946912
1.394721
1.3940146
1.3938285
1.394676
1.3948087
1.3939927
1.3944031
1.3949963
1.3943789
1.3944368
1.3943819
1.3944347
1.3947618
1.3936061
1.3942349
1.394126
1.3943428
1.3936062
1.3943071
1.3938953
1.3941842
1.3940538
1.3939384
1.3939863
1.3938065
1.393929
1.3939736
1.3944068
1.3942649
1.3938576
1.394482
1.3943378
1.3940436
1.3942295
1.3942614
1.3940398
1.3940498
1.3942955
1.3935351
1.394049
1.3935674
1.393815
1.3941066
1.3942153
1.3940834
1.3941789
1.3935212
1.3940511
1.3937662
1.3943729
1.3941735
1.3940058
1.3936863
1.3935131
1.3940964
1.3944509
1.3944284
1.3938869
1.3938586
1.3936918
1.3942043
1.3937045
1.393489
1.393639
1.3933775
1.3931525
1.3939196
1.3937656
1.3931022
1.3946221
1.3941648
1.3936006
1.3936793
1.3941582
1.3937685
1.3935591
1.3937212
1.3939537
1.3940656
1.3935047
1.3937551
1.3940148
1.3932655
1.3938538
1.3935632
1.393972
1.3934406
1.3936609
1.3937284
1.3941021
1.3937701
1.3941034
1.3937769
1.3934612
1.3938073
1.3940005
1.3934972
1.3936089
1.3933549
1.3940762
1.3939178
1.3939632
1.3935053
1.3934909
1.3936193
1.393691
1.3934278
1.3939594
1.393403
1.3929775
1.3935901
1.3934647
1.3936632
1.3933109
1.3939339
1.3941422
1.3936224
1.3930558
1.39376
1.3933705
1.3936993
1.3931711
1.3937981
1.3933135
1.3931049
1.393082
1.3936299
1.3933964
1.3933603
1.3929775
1.3933622
1.3932221
1.3936255
1.3937374
1.3935894
1.393257
1.3934245
1.3934968
1.3931326
1.3937488
1.3932267
1.3933109
1.3933847
1.3929948
1.3933085
1.3932314
1.3934132
1.3935268
1.3933347
1.3931011
1.3932822
1.3931297
1.3936672
1.3928436
1.3927616
1.3933308
1.3928238
1.3928691
1.3931628
1.3936306
1.393311
1.393557
1.3932117
1.3930782
1.3930203
1.3935155
1.3930137
1.3932446
1.3930757
1.3934655
1.3931465
1.3933231
1.393173
1.3929453
1.3930615
1.3931682
1.3931432
1.393168
1.3929111
1.3925967
1.3930175
1.39296
1.3926458
1.3927515
1.3930635
1.3928362
1.3929139
1.3926888
1.3928307
1.3929077
1.3925893
1.3934406
1.3927059
1.3930291
1.3932532
1.3929249
1.3930051
1.3926197
1.3927531
1.3930912
1.3929068
1.3924012
1.3929219
1.3932194
1.3931261
1.3931266
1.392696
1.3932106
1.3923962
1.3930397
1.3925556
1.3928763
1.3930924
1.392494
1.3926071
1.393028
1.3925842
1.3926383
1.3928862
1.3926777
1.3931409
1.3930423
1.3934265
1.392881
1.3930473
1.3929714
1.3923217
1.3931365
1.3930155
1.3926221
1.3929693
1.3927267
1.3931228
1.3924572
1.3927668
1.3923715
1.3923864
1.3927937
1.3926845
1.3925252
1.3930863
1.3927909
1.3927522
1.3925397
1.3928188
1.3923235
1.3926083
1.3923612
1.3924797
1.3933452
1.3931793
1.3928089
1.3925697
1.392998
1.3925787
1.3925885
1.3926721
1.3926153
1.39226
1.3929048
1.3921318
1.3923335
1.3927832
1.3926525
1.3929763
1.3921531
1.3927685
1.392561
1.3923305
1.3924257
1.3925831
1.3925856
1.3922815
1.3927854
1.3923078
1.3925683
1.3925457
1.3925164
1.3927103
1.3925551
1.3926688
1.3921583
1.3924592
1.3921007
1.3919784
1.3926077
1.3924735
1.3929293
1.3926337
1.3926795
1.3927984
1.3920344
1.3923283
1.3927873
1.3924202
1.3924168
1.3917629
1.3925225
1.3924526
1.3923273
1.3930187
1.3922857
1.3924208
1.3926908
1.3914357
1.3922472
1.3926225
1.3923756
1.3923
1.3921112
1.3926617
1.3923024
1.3924413
1.3923502
1.3918186
1.392475
1.3925914
1.3927377
1.3922813
1.392567
1.3920856
1.3921903
1.3922571
1.3924462
1.3925761
1.3928704
1.3922513
1.3918229
1.3920391
1.3925303
1.3921428
1.3925525
1.3923795
1.3921341
1.3917792
1.3922312
1.3922058
1.3920063
1.3924387
1.39218
1.3922935
1.3924468
1.3923674
1.3922783
1.3918643
1.3918988
1.3919919
1.3924057
1.3922768
1.3924806
1.3920418
1.3922033
1.3925141
1.3921753
1.3919586
1.3921655
1.3919961
1.3924739
1.3920393
1.3922848
1.3921697
1.3923349
1.3928143
1.3923721
1.3921684
1.3921314
1.3921009
1.3921726
1.3922409
1.3922396
1.3919394
1.3921256
1.3918846
1.3920527
1.3918258
1.39249
1.3918997
1.3921317
1.3918372
1.3916117
1.3921233
1.3920329
1.3920059
1.3921603
1.3922904
1.3922509
1.3921361
1.3912644
1.3924
1.3917645
1.3920499
1.3922358
1.3920593
1.3925046
1.3922592
1.3919421
1.3916237
1.3922713
1.3919895
1.3923448
1.3923864
1.3916087
1.3919591
1.3914819
1.3919592
1.3919424
1.3918278
1.3920012
1.3917392
1.3921819
1.3921779
1.3914458
1.3922924
1.3919404
1.3921386
1.3924123
1.3918259
1.3918567
1.3912119
1.391204
1.3917178
1.3916546
1.3909228
1.3920819
1.3918612
1.3916905
1.3920671
1.3920103
1.3915825
1.3919785
1.391585
1.3918263
1.3917577
1.3918504
1.3918749
1.3917695
1.3913518
1.3919219
1.391388
1.391511
1.3916578
1.3918456
1.3916048
1.3919904
1.391251
1.3917824
1.3915538
1.3915718
1.3916229
1.391708
1.3922753
1.3917425
1.3920995
1.3918979
1.3919417
1.391922
1.3918186
1.3909749
1.3916339
1.3916324
1.392043
1.3918806
1.3915418
1.3923923
1.3913146
1.3922167
1.3916345
1.3920332
1.39151
1.3915211
1.3912553
1.3915901
1.3910828
1.3918535
1.3914131
1.39136
1.3915167
1.3916414
1.3917133
1.3919104
1.3918886
1.3913841
1.3917843
1.3915753
1.3918674
1.3917041
1.3918796
1.3916916
1.3913424
1.3915553
1.3911941
1.3915752
1.391635
1.3917534
1.3916215
1.3921212
1.3913454
1.3911892
1.3916813
1.3914461
1.391684
1.3913409
1.3910407
1.3914653
1.3914404
1.3912048
1.3915752
1.392008
1.3918538
1.3914696
1.3912967
1.3913672
1.3916051
1.3916783
1.3919502
1.3917292
1.3915414
1.3908956
1.391145
1.3912224
1.3915297
1.3917882
1.3912978
1.3910692
1.3909177
1.3915116
1.3911532
1.3916813
1.3915161
1.3916163
1.3916863
1.3913774
1.3913023
1.3910975
1.3911233
1.3914897
1.3914616
1.3914397
1.3912385
1.3914543
1.3920082
1.3922487
1.3914257
1.3907995
1.390906
1.3914034
1.3907055
1.3914362
1.3911015
1.3912497
1.3910809
1.3911453
1.3912145
1.3915957
1.3904854
1.3913269
1.3913046
1.3913817
1.3911672
1.3914318
1.3914315
1.3912358
1.391198
1.3913679
1.3908185
1.3913302
1.3913003
1.3915383
1.3914078
1.3913821
1.3911192
1.3906145
1.3914927
1.3910342
1.391036
1.390893
1.3914868
1.3908622
1.3912137
1.3910614
1.3910127
1.3909712
1.3911943
1.3912737
1.3908521
1.3910683
1.3911937
1.3914533
1.3910421
1.3910973
1.3913571
1.3914158
1.3913882
1.3909131
1.3911101
1.3915589
1.3908432
1.3913101
1.3912399
1.39111
1.3911114
1.3912292
1.3911282
1.3909259
1.3912967
1.3912508
1.3910968
1.391129
1.3909165
1.3910602
1.3915762
1.3913096
1.3915712
1.3906918
1.3910519
1.3910636
1.3906827
1.3908592
1.391059
1.3908619
1.3907479
1.3916273
1.3916379
1.3908976
1.3912958
1.3911961
1.3916333
1.3905646
1.391291
1.3911978
1.3908638
1.3912446
1.3903389
1.3910258
1.3915197
1.3909543
1.3908453
1.3911843
1.3909241
1.3912954
1.3910644
1.391282
1.3914875
1.3903778
1.3907847
1.3913277
1.3910997
1.3908626
1.3913368
1.3909853
1.3909743
1.3906411
1.3913221
1.3907291
1.3906586
1.3907754
1.3906921
1.3913293
1.390676
1.3909367
1.3907837
1.3910136
1.3908546
1.3907932
1.3913215
1.3908114
1.391001
1.3913723
1.390593
1.3914382
1.3908355
1.3910121
1.391092
1.3918277
1.3909993
1.3909369
1.3908741
1.3907043
1.3910747
1.390755
1.3906642
1.3905646
1.39103
1.3908876
1.3910227
1.3907646
1.3910843
1.3912687
1.3909482
1.3908014
1.3904994
1.3903805
1.3906192
1.3908181
1.3910074
1.3909888
1.3908583
1.3906428
1.3906832
1.3910019
1.3907872
1.3903823
1.3911421
1.390879
1.3903891
1.3904186
1.3904347
1.391005
1.3910401
1.3906833
1.3908259
1.390443
1.3909032
1.3907212
1.390473
1.3906206
1.3906385
1.3905349
1.390687
1.3910953
1.3905267
1.3904619
1.3905123
1.3907208
1.3903784
1.3909836
1.3908314
1.3908294
1.3905878
1.3907014
1.3905672
1.3909805
1.3903817
1.3909992
1.3910847
1.3908376
1.3912125
1.3907964
1.391024
1.3905455
1.3902174
1.3900825
1.3909317
1.3906655
1.3912684
1.3907973
1.3902938
1.3906028
1.3903481
1.390581
1.3907543
1.39036
1.3901178
1.3909336
1.3904791
1.3904302
1.3908597
1.3901867
1.3906084
1.3904572
1.3903002
1.3907436
1.3902586
1.390706
1.391132
1.3907679
1.3908916
1.3905689
1.3901867
1.3908609
1.3907669
1.3908246
1.3906789
1.3907175
1.3909719
1.390596
1.3908395
1.3907422
1.3900815
1.390676
1.390879
1.3906318
1.3898468
1.3909706
1.390308
1.3902417
1.3903112
1.3902546
1.3903185
1.390804
1.3906101
1.3905728
1.3898566
1.390625
1.390175
1.3903488
1.3899924
1.3901229
1.3905908
1.3902792
1.390091
1.3904794
1.3898909
1.3900036
1.3902718
1.3901211
1.3900695
1.3900945
1.3908309
1.3906146
1.3902637
1.3897312
1.3902344
1.3906375
1.3907967
1.3900164
1.3909464
1.3901222
1.3906872
1.3903112
1.3909311
1.3905578
1.3900905
1.3901277
1.3902549
1.3905064
1.3904282
1.3901588
1.389994
1.3904977
1.390568
1.3902553
1.3900315
1.3906732
1.3904706
1.3900079
1.390038
1.3901913
1.3900925
1.3901576
1.3904009
1.3904824
1.390406
1.3904468
1.3899845
1.3906208
1.3904519
1.3904984
1.3901076
1.3904128
1.390695
1.3905176
1.3895407
1.3898437
1.3903369
1.3897606
1.3902035
1.3899539
1.3904378
1.3901932
1.3902422
1.390282
1.3901939
1.390196
1.3906552
1.3901091
1.3902477
1.3900963
1.3901095
1.390528
1.3899064
1.3901955
1.390331
1.3907938
1.3902321
1.3900179
1.3899798
1.3903974
1.3900217
1.3903751
1.3900164
1.390362
1.3910156
1.3901974
1.390093
1.3903013
1.3902667
1.3899876
1.3904129
1.3903377
1.3902785
1.390334
1.3895929
1.3902473
1.390352
1.3903102
1.3905075
1.3897594
1.3901488
1.3903533
1.3895737
1.3902112
1.3901601
1.3904748
1.3897238
1.3901565
1.3902229
1.3899937
1.3901969
1.390111
1.3899423
1.390524
1.3898665
1.390166
1.3898169
1.3896824
1.3897431
1.3899118
1.3900744
1.390194
1.3897249
1.3898902
1.3896558
1.3904061
1.3900396
1.3902022
1.3898134
1.389942
1.389923
1.3897161
1.3901805
1.3906517
1.3902916
1.3897797
1.3902233
1.3899993
1.389994
1.3898693
1.389761
1.3898053
1.389895
1.3901467
1.3903495
1.3900677
1.3899562
1.3900582
1.3896915
1.390111
1.3902446
1.3900009
1.3901949
1.3898461
1.3900255
1.3895558
1.3898643
1.3900684
1.3901745
1.3899336
1.389703
1.3901013
1.3903905
1.3901262
1.390086
1.3897907
1.3896732
1.389714
1.3896934
1.3901157
1.3901503
1.3902475
1.3898313
1.3901215
1.3897461
1.3898891
1.3896034
1.3896861
1.3900223
1.3897799
1.3897702
1.3902439
1.3902187
1.3899207
1.3899442
1.3897575
1.389632
1.3898109
1.3900312
1.3896831
1.3891363
1.3894854
1.3895739
1.3897485
1.3894497
1.3895487
1.3896341
1.3895115
1.390458
1.3896259
1.3898268
1.3899007
1.38962
1.3898712
1.3895954
1.3894179
1.3897563
1.3894129
1.3898665
1.3898449
1.389473
1.3897072
1.3897862
1.3899503
1.3899609
1.3891903
1.3894562
1.389332
1.3893981
1.3893708
1.3893578
1.3896376
1.3898544
1.389423
1.3899114
1.3900537
1.3898766
1.3895168
1.3900235
1.3899832
1.3897687
1.3897635
1.3895606
1.3894268
1.3900201
1.3893178
1.3897197
1.3894325
1.3890688
1.3892627
1.3896747
1.389801
1.3905104
1.3898174
1.3900317
1.3895763
1.3898363
1.3895489
1.3890481
1.3893112
1.3899508
1.3894433
1.3894416
1.3894986
1.3895687
1.3896071
1.3895136
1.3892685
1.38968
1.3891975
1.3897051
1.3895048
1.3895814
1.3903283
1.3893733
1.389466
1.3900677
1.3893158
1.3892082
1.3899966
1.3889664
1.3894472
1.3890339
1.38943
1.389674
1.3896112
1.3890358
1.389235
1.3889107
1.3897203
1.3890153
1.3896126
1.3892531
1.3897526
1.3895833
1.3897121
1.389718
1.389055
1.3892775
1.3892916
1.3893349
1.38982
1.3894075
1.3895018
1.3896866
1.389582
1.3889341
1.3896117
1.3891126
1.389753
1.3891113
1.3899559
1.3894062
1.3894516
1.3898677
1.3890214
1.389483
1.3894988
1.3895054
1.3896052
1.3889208
1.3898152
1.3894253
1.3893629
1.3893975
1.3894687
1.3891286
1.3893462
1.3892001
1.3892215
1.389278
1.3894811
1.3892647
1.3891087
1.3895032
1.3892132
1.3895881
1.3892965
1.3891021
1.3894188
1.3893054
1.3892266
1.3897482
1.3893696
1.3891022
1.3892913
1.3889284
1.3895721
1.3891851
1.3894758
1.3888841
1.3889016
1.3890005
1.3894885
1.3897358
1.3892832
1.3893669
1.3892157
1.3890557
1.3888876
1.3888316
1.3894534
1.3892927
1.3887943
1.3892496
1.3894107
1.3891443
1.3889207
1.3889805
1.3890789
1.3891155
1.3888216
1.3891519
1.389269
1.3891867
1.3892218
1.3890821
1.3891745
1.3890728
1.3889464
1.3890289
1.3891783
1.3890911
1.3892553
1.3889579
1.3887697
1.388981
1.3895532
1.3889905
1.38919
1.389175
1.389256
1.389263
1.3893985
1.3887901
1.389002
1.3892722
1.3894454
1.3891732
1.3889283
1.3890686
1.3891082
1.3893409
1.3888522
1.388931
1.3883783
1.3888204
1.3891662
1.3886936
1.3887824
1.38868
1.3886153
1.3895197
1.3889174
1.3889169
1.3887366
1.3890094
1.3888072
1.3893523
1.3884261
1.3892426
1.3886607
1.3889729
1.3889415
1.3885704
1.3888632
1.3887649
1.389095
1.3890697
1.3892832
1.3888248
1.3886966
1.3888439
1.3885971
1.3886003
1.3891052
1.3890569
1.3884002
1.3887123
1.38894
1.3892543
1.3893499
1.3890555
1.389189
1.3888619
1.3885131
1.3890421
1.3886124
1.3887576
1.388668
1.3887241
1.3894167
1.3889221
1.389183
1.3890431
1.3885466
1.3889991
1.3888222
1.3892696
1.3884147
1.3883778
1.3885654
1.3885757
1.3890153
1.3886827
1.3887097
1.388659
1.388531
1.388964
1.3892231
1.3889233
1.3892837
1.3884671
1.3890249
1.3886946
1.3887042
1.388493
1.3892622
1.3888901
1.388724
1.388515
1.3887287
1.3889278
1.3882742
1.388606
1.3889871
1.3883591
1.3888371
1.3890918
1.388573
1.3887295
1.388097
1.388496
1.388795
1.3886794
1.3883775
1.3888652
1.3887173
1.38883
1.3886224
1.3885069
1.38892
1.3886026
1.3883526
1.3890259
1.3884835
1.3888432
1.3884882
1.388291
1.3885134
1.388752
1.3882247
1.3885515
1.3886665
1.3893448
1.3886464
1.3886625
1.3883656
1.3886412
1.3883238
1.3883846
1.3885692
1.3888973
1.3882213
1.3879693
1.3884503
1.3889012
1.3887905
1.3889252
1.3884484
1.3880208
1.3888088
1.3887777
1.3882701
1.3889105
1.3885162
1.3884068
1.3885068
1.3881464
1.3886491
1.3879696
1.3885431
1.3881946
1.3886546
1.3886437
1.3884472
1.388055
1.3886201
1.3879651
1.3881439
1.388253
1.3884488
1.3885465
1.3885698
1.3883572
1.3886111
1.3884504
1.3882129
1.3884617
1.3878921
1.3885533
1.3884349
1.3887074
1.3886436
1.3879979
1.3888547
1.3885039
1.3879436
1.3888419
1.3884151
1.3882818
1.3885049
1.3882238
1.388177
1.388338
1.3881701
1.3884553
1.3886719
1.388447
1.3882381
1.3885955
1.388821
1.387816
1.3881044
1.3885299
1.3883065
1.3881094
1.3884932
1.3879008
1.3884757
1.3880224
1.3881695
1.3881949
1.3878719
1.3882648
1.3881778
1.3884586
1.3881073
1.3886496
1.3881161
1.3888781
1.3882359
1.388059
1.3881338
1.3887746
1.3889252
1.3882957
1.3886169
1.3883619
1.3882548
1.3878863
1.3881474
1.3882879
1.3876141
1.3882257
1.3880925
1.3882322
1.3880111
1.3883715
1.3880974
1.38835
1.3882284
1.3879696
1.3880161
1.3884962
1.3877705
1.3889492
1.388523
1.3884544
1.387915
1.3882555
1.3876957
1.3881851
1.3883274
1.3880081
1.3878005
1.3879011
1.3884376
1.3882357
1.3887409
1.3879822
1.3877478
1.3880743
1.3882533
1.3882399
1.3881608
1.3885264
1.3884783
1.3882405
1.3878574
1.3879803
1.3883077
1.3882828
1.3877891
1.3878931
1.3881855
1.3882505
1.3884369
1.3879874
1.3885458
1.3879288
1.3874099
1.3884078
1.3880987
1.3874742
1.3879383
1.3885118
1.3880873
1.3879858
1.3880414
1.3881088
1.3878949
1.3882774
1.3878872
1.3883569
1.3883022
1.3881103
1.3878087
1.3884349
1.3881445
1.3883938
1.3878639
1.3883518
1.3873028
1.3879282
1.387783
1.387751
1.3880403
1.3877074
1.3879713
1.3878298
1.3878196
1.3880904
1.3884623
1.3877232
1.3883709
1.3876625
1.3883237
1.3880754
1.3882529
1.3879812
1.388174
1.3880607
1.388399
1.3882891
1.3879837
1.3880805
1.3878362
1.3876774
1.3882157
1.3882084
1.3876622
1.3879037
1.3875568
1.3884994
1.3877505
1.3879519
1.3876994
1.3880739
1.388242
1.3884107
1.3879048
1.3877573
1.3882062
1.3880581
1.3881006
1.3878233
1.3881
1.3881456
1.3881197
1.3879113
1.3876085
1.3878345
1.3879538
1.3880422
1.3878282
1.38762
1.3881527
1.3876913
1.3876244
1.3877738
1.3878107
1.3875754
1.3877821
1.3878993
1.3879187
1.387885
1.3876407
1.3880547
1.3878133
1.3875707
1.3878849
1.387648
1.387578
1.3876595
1.3877217
1.3873378
1.3879122
1.3876139
1.3880498
1.3878766
1.3880389
1.3881278
1.3882127
1.3876816
1.3880434
1.3879385
1.3877436
1.3879658
1.3879801
1.3882216
1.3874813
1.3874546
1.3876204
1.3872613
1.3880048
1.3877947
1.3878425
1.3878607
1.387651
1.3881004
1.3874931
1.3880832
1.3877201
1.3876246
1.3879169
1.3881961
1.3873593
1.3875113
1.3879704
1.3873348
1.387759
1.3878709
1.387763
1.3878641
1.387433
1.3878846
1.3876663
1.3880267
1.3878216
1.3874818
1.3879249
1.3878479
1.3876821
1.3877555
1.3880081
1.3875302
1.387796
1.3875713
1.3873489
1.3872148
1.3874146
1.387737
1.3871039
1.3881048
1.3878765
1.3876369
1.3875238
1.3873175
1.3878909
1.387335
1.3878539
1.387829
1.3876792
1.3875674
1.3874474
1.3877132
1.3877903
1.3872039
1.3872536
1.3876252
1.3878891
1.3880146
1.3872986
1.3874859
1.3871583
1.3879542
1.3875341
1.38786
1.3877393
1.3879987
1.387256
1.3876698
1.3875713
1.3873729
1.3878393
1.3882915
1.3873469
1.3876418
1.3878281
1.3875412
1.387721
1.387571
1.3876244
1.3878706
1.3874807
1.3872489
1.3875315
1.38768
1.3875598
1.3871574
1.3873945
1.3875096
1.3874973
1.3878628
1.3875862
1.387618
1.3880135
1.3872161
1.3880057
1.3873289
1.3876499
1.3878819
1.3872442
1.3873866
1.387532
1.3873929
1.3873767
1.3876867
1.3877815
1.3875148
1.3873925
1.3880295
1.3869674
1.386962
1.3874269
1.3872799
1.3875396
1.3874713
1.3875132
1.3877661
1.3874269
1.3876812
1.3879538
1.3874269
1.387631
1.3876811
1.3873848
1.3870331
1.3873497
1.3871858
1.3869575
1.387529
1.3877734
1.3875191
1.3873305
1.3873415
1.3876358
1.3875142
1.3876442
1.3874903
1.387991
1.3874391
1.3875576
1.3870293
1.3874619
1.3873599
1.3873652
1.3875037
1.3870966
1.3876972
1.3876722
1.3878478
1.387901
1.3872087
1.3871539
1.3874085
1.3871897
1.3871311
1.3875791
1.3876791
1.3875258
1.387729
1.3872898
1.3872663
1.387149
1.3872986
1.3878164
1.3876722
1.3873054
1.3878473
1.3875208
1.3875586
1.3869228
1.3875713
1.3877512
1.3875655
1.3872387
1.3874211
1.3875082
1.3872722
1.3874055
1.3872948
1.3876984
1.3876799
1.3876907
1.3872585
1.3874859
1.38741
1.3874382
1.3868798
1.3869907
1.3874141
1.3877786
1.387578
1.3874024
1.3870083
1.3870255
1.3877795
1.3875192
1.3875375
1.3870649
1.3870198
1.3877416
1.3869456
1.3873037
1.3870934
1.3870034
1.3872939
1.3874305
1.3876789
1.3874674
1.3873935
1.3876342
1.3877455
1.3874936
1.3869673
1.3872479
1.3878131
1.3873461
1.3875761
1.3870946
1.3873823
1.3877062
1.3873758
1.3878309
1.3875519
1.3873924
1.3869234
1.3876022
1.387632
1.3876307
1.3871373
1.387623
1.3870783
1.3874913
1.3870401
1.3874108
1.3874158
1.3867354
1.3873438
1.387487
1.3869457
1.3872902
1.3873764
1.3870565
1.3870535
1.3874255
1.3878185
1.3878231
1.3873314
1.387159
1.3876549
1.3873022
1.3871725
1.3875145
1.3871586
1.3870252
1.3871492
1.3875377
1.3870082
1.3869773
1.3873444
1.387177
1.3872943
1.3871903
1.3868079
1.3870759
1.3874696
1.387674
1.3877499
1.3870627
1.3871968
1.3872857
1.3872663
1.3872595
1.3873492
1.3871949
1.3870606
1.387122
1.3869748
1.3875132
1.3873895
1.3876265
1.3872619
1.3870788
1.3869584
1.3870025
1.3875078
1.387331
1.3875786
1.3873923
1.3874799
1.3874623
1.3876619
1.3875704
1.3875976
1.3870761
1.3873242
1.3870902
1.387349
1.386935
1.3871869
1.3872614
1.38705
1.3865862
1.3875397
1.3873303
1.3877083
1.3871467
1.3872571
1.3874607
1.3877178
1.3876396
1.3873893
1.3872862
1.3873799
1.3872325
1.3871689
1.3868424
1.3869982
1.3872933
1.3875916
1.3867885
1.3869219
1.3868513
1.3872284
1.387538
1.387793
1.3867844
1.3878785
1.387445
1.3878227
1.3869098
1.3871508
1.3872168
1.3875091
1.3870196
1.3871303
1.3874546
1.3874165
1.3869121
1.3874991
1.3870307
1.3872073
1.3871305
1.3870242
1.3873609
1.387134
1.3874625
1.3869367
1.3871891
1.3870611
1.3874662
1.38733
1.3871207
1.3877501
1.3871818
1.3870854
1.3867466
1.38712
1.3874581
1.3874772
1.3875533
1.3870834
1.3873898
1.3873101
1.387352
1.3869312
1.3874711
1.3870943
1.3873533
1.3868374
1.3873146
1.3870939
1.3870203
1.3870248
1.3871027
1.3874407
1.3874089
1.3869332
1.3870605
1.3873432
1.3872759
1.3874096
1.3877294
1.3873358
1.3872001
1.3870386
1.3873594
1.3871088
1.3874899
1.3873149
1.387489
1.387296
1.3875455
1.3878974
1.3873518
1.387312
1.3872203
1.3871528
1.3875539
1.3868374
1.3875233
1.3868309
1.38674
1.3872987
1.387406
1.3872436
1.3870486
1.3869969
1.3873075
1.3871871
1.3873408
1.387139
1.3872017
1.3869232
1.3875053
1.3871573
1.3871044
1.38745
1.3871449
1.3868567
1.3876759
1.3871199
1.3874954
1.3870008
1.3871342
1.3873268
1.3873613
1.3869296
1.3872046
1.3869835
1.3870052
1.3873682
1.3875126
1.3874285
1.3868583
1.3875
1.3871769
1.3870054
1.3871931
1.3872423
1.3870757
1.3869501
1.3872219
1.3868799
1.3873893
1.3873733
1.3868183
1.386923
1.3875135
1.38694
1.3869356
1.3870084
1.3866135
1.3868308
1.3872024
1.387203
1.3867226
1.3873136
1.3874497
1.386798
1.3868071
1.3872886
1.3873042
1.3871613
1.3877429
1.3874079
1.3876806
1.3868494
1.38729
1.387279
1.3871132
1.3870574
1.3871396
1.3870732
1.3871027
1.3873812
1.3871132
1.3871908
1.3870342
1.38708
1.3871865
1.3874718
1.3871261
1.3868082
1.3870878
1.387423
1.3869332
1.3870304
1.3871692
1.3870467
1.386936
1.3871965
1.3875026
1.3870382
1.3870654
1.387332
1.387811
1.3872412
1.3873917
1.3873886
1.3867317
1.3870305
1.3870978
1.3869398
1.3870401
1.3869194
1.3872213
1.3867588
1.3868624
1.3870307
1.3874354
1.3870219
1.3875376
1.3870497
1.386991
1.3871552
1.387145
1.3868197
1.3866063
1.3871609
1.3869222
1.3872396
1.387212
1.3871284
1.3875917
1.3870641
1.3869989
1.3870332
1.3871058
1.3873045
1.386918
1.3869255
1.3871475
1.3871256
1.3868256
1.3871809
1.3866116
1.386783
1.3872364
1.3867267
1.3873197
1.3873544
1.3868235
1.3868765
1.3868146
1.3873619
1.38721
1.3874077
1.3869153
1.3869328
1.3874047
1.3873699
1.3867934
1.3872017
1.3878235
1.3870558
1.3876437
1.387154
1.3870939
1.3870064
1.3872759
1.3868728
1.387176
1.3867178
1.387065
1.3868417
1.387175
1.38746
1.3877897
1.3871588
1.3876022
1.3871348
1.3872356
1.3873576
1.3870828
1.387127
1.3875798
1.3871418
1.3873858
1.3869383
1.3870147
1.3869089
1.3872116
1.3872728
1.3875564
1.387349
1.3873237
1.3871298
1.3873534
1.3869702
1.3872275
1.3870816
1.3873049
1.3870379
1.3872585
1.3871261
1.3870827
1.3874531
1.3867885
1.3872331
1.3876084
1.3874464
1.3874867
1.3870108
1.3871788
1.3869727
1.3868072
1.3868852
1.3868968
1.3871
1.3867792
1.3869878
1.3872125
1.3871398
1.3874649
1.3873478
1.3874427
1.3874831
1.3870531
1.3875805
1.3870366
1.3871177
1.3873328
1.3874903
1.3869936
1.3871399
1.3873361
1.387392
1.3869632
1.3871336
1.3873608
1.3876008
1.3869544
1.3873371
1.387216
1.3867116
1.3869394
1.387571
1.3875412
1.3871605
1.3875513
1.3872651
1.3868237
1.3872945
1.3871963
1.3867024
1.3870769
1.3872292
1.3870306
1.3870518
1.3870533
1.3873321
1.3875691
1.3871044
1.387164
1.3867438
1.386785
1.3869752
1.3870462
1.3873724
1.3872273
1.3868927
1.3873066
1.38692
1.3870807
1.3874251
1.3876084
1.3869796
1.3873188
1.3872817
1.3871948
1.3874694
1.3872974
1.3870502
1.3874999
1.3872646
1.3871679
1.3871478
1.3869314
1.387201
1.3875135
1.3870988
1.3873261
1.3872151
1.3866907
1.387433
1.3864255
1.386944
1.3873379
1.3871691
1.3865175
1.38726
1.3870794
1.3869624
1.3871609
1.387156
1.3872015
1.3871889
1.3875766
1.3869902
1.3873106
1.3873087
1.38738
1.3867066
1.3875791
1.3866464
1.3869675
1.3871868
1.3870237
1.3872904
1.3873687
1.3871583
1.3871373
1.3869509
1.3868878
1.3870629
1.3875958
1.3873981
1.3873488
1.3874253
1.3869396
1.3876995
1.3871576
1.3872114
1.3870764
1.3872433
1.3869138
1.3869365
1.386538
1.387073
1.3875517
1.3874638
1.3872714
1.3873199
1.3872964
1.3868465
1.3870586
1.3870056
1.3874125
1.3873197
1.3873714
1.3874307
1.3874485
1.3871372
1.3873813
1.3870021
1.3872283
1.3868959
1.3871498
1.3873719
1.3872069
1.3875676
1.3873192
1.3874351
1.3872887
1.3869034
1.3873385
1.3877596
1.3871549
1.3869947
1.3871506
1.3869175
1.3872786
1.3871698
1.3873789
1.3868439
1.3872341
1.3872001
1.3868308
1.3873715
1.3867493
1.3869075
1.3872372
1.3871971
1.3875371
1.3868531
1.3872653
1.386997
1.3870379
1.3867825
1.3874935
1.3872566
1.3870255
1.3875412
1.3870689
1.3868595
1.3872613
1.387257
1.3869779
1.3870089
1.3872344
1.387155
1.3868315
1.387131
1.3870169
1.3871456
1.3867941
1.3871652
1.3874944
1.387054
1.3872284
1.3871013
1.3869787
1.3872828
1.3871366
1.3873192
1.3871546
1.3873978
1.3864968
1.3870584
1.3873161
1.38681
1.3871719
1.387477
1.3874468
1.3872137
1.3874098
1.3871504
1.3872973
1.3871434
1.3871404
1.3872868
1.3872209
1.3872453
1.3878132
1.3868456
1.3868573
1.3869735
1.3872626
1.3873036
1.3876497
1.387284
1.3871058
1.3874285
1.3877316
1.3873758
1.3873497
1.3874005
1.3875536
1.3872494
1.3874573
1.3872361
1.3872851
1.3868611
1.3869779
1.3874286
1.386487
1.3874458
1.3872616
1.3871338
1.3870217
1.3872004
1.3872255
1.3871902
1.3871183
1.3870196
1.3875843
1.3872533
1.387046
1.3869454
1.3870877
1.3870577
1.3870401
1.3874451
1.3876768
1.3876371
1.3870877
1.3872825
1.387489
1.3870845
1.3874488
1.3875641
1.387232
1.3873366
1.3872265
1.3866922
1.3873147
1.3875881
1.3870989
1.3872945
1.3870277
1.3876581
1.388043
1.3872919
1.3873018
1.3870289
1.3869661
1.3869333
1.3872207
1.3870908
1.3871106
1.387046
1.387159
1.3871198
1.3874893
1.387779
1.3867805
1.3874022
1.3868254
1.3873476
1.3873409
1.3874737
1.3871635
1.3870935
1.3871495
1.3875543
1.3871948
1.386944
1.3869565
1.3863974
1.3871548
1.3871262
1.3870903
1.3874702
1.3868628
1.3869703
1.3870744
1.387268
1.3871548
1.3865379
1.387387
1.3870715
1.387681
1.3867719
1.3873401
1.3870789
1.3862935
1.3872442
1.3872756
1.3874233
1.3873211
1.3875366
1.3870201
1.3870403
1.3872895
1.387875
1.386948
1.3872881
1.3870422
1.3873664
1.3873892
1.386969
1.3870662
1.3869164
1.3876437
1.3874084
1.3869737
1.3869637
1.3869773
1.3870351
1.3871723
1.3872855
1.3874438
1.3873898
1.387392
1.387428
1.3874127
1.3871254
1.3870554
1.3874316
1.3871112
1.3872242
1.3874712
1.387326
1.3870832
1.3876172
1.3872287
1.3877697
1.3867172
1.3871444
1.3874063
1.3868088
1.3871546
1.3872635
1.3872697
1.3868036
1.3866715
1.3877621
1.3870007
1.3869562
1.3871163
1.3870796
1.3875059
1.3870435
1.3873491
1.3874284
1.387302
1.3870696
1.3875738
1.3874446
1.3870306
1.3872867
1.3871471
1.3877717
1.3871859
1.3870988
1.3875414
1.3873845
1.387409
1.3875655
1.3873352
1.3873924
1.3871276
1.3876222
1.3869827
1.3873284
1.3874084
1.3874661
1.3871286
1.387356
1.3871528
1.3873229
1.3873372
1.3868511
1.3877548
1.3873978
1.3875325
1.3873546
1.3875868
1.3872609
1.3874133
1.3872646
1.3871139
1.3874397
1.3874528
1.3872244
1.3873934
1.3875057
1.3873879
1.3872435
1.3869265
1.3871995
1.3876358
1.3872706
1.3873837
1.3876455
1.3872119
1.3869988
1.3872398
1.3872163
1.3872175
1.3876252
1.3872868
1.3873162
1.3876365
1.3872627
1.3872736
1.3873144
1.3874491
1.3871775
1.3867532
1.3872648
1.3876519
1.3873136
1.38768
1.3877041
1.3879076
1.3874823
1.3874409
1.387483
1.3868589
1.3873633
1.3876622
1.3874054
1.3875186
1.3869431
1.3874283
1.3875527
1.3873367
1.3869416
1.387151
1.3872886
1.3874624
1.3872745
1.3874903
1.3875185
1.3875462
1.3872204
1.3871031
1.38694
1.3872097
1.3873385
1.3870672
1.3873209
1.3874433
1.3879701
1.3873484
1.3873272
1.3871411
1.3871473
1.3872656
1.387211
1.3870561
1.3871814
1.387487
1.3874139
1.3871676
1.3873588
1.3873154
1.3871641
1.3873268
1.3870585
1.3874142
1.3872123
1.3874432
1.387094
1.3875704
1.3873179
1.387129
1.3872112
1.38753
1.387133
1.3872751
1.3871965
1.3873932
1.3871331
1.3872408
1.3873316
1.3874763
1.3872775
1.3877108
1.3871783
1.3872049
1.388011
1.3874135
1.387341
1.388017
1.3870727
1.3871914
1.3875036
1.3872794
1.3874841
1.3875022
1.387517
1.387278
1.3871894
1.387876
1.387223
1.3876817
1.3876225
1.3872238
1.3869842
1.3874866
1.3873287
1.3873906
1.3875654
1.3873999
1.3872548
1.3871429
1.3874592
1.3873608
1.3878618
1.3871137
1.3872739
1.3872046
1.3868846
1.3873453
1.387643
1.3877281
1.3873091
1.3874501
1.3874058
1.3874961
1.3874954
1.3875418
1.3873949
1.3874993
1.386887
1.387564
1.3875383
1.388212
1.3873334
1.3878131
1.3874077
1.3875148
1.3873987
1.3875178
1.3880281
1.3874532
1.3880261
1.3876785
1.3869886
1.3874514
1.3878642
1.3875108
1.3872443
1.3876597
1.3874505
1.3873215
1.3872421
1.3873435
1.3874737
1.3872889
1.3873535
1.3870178
1.3872323
1.3867942
1.3874277
1.3873981
1.387695
1.3876903
1.3874537
1.387225
1.3875908
1.3872461
1.3873268
1.387339
1.3869611
1.3873101
1.3878111
1.3874294
1.3871809
1.3874968
1.3871877
1.3871752
1.3879012
1.387091
1.3874077
1.3875716
1.3876593
1.3875629
1.387286
1.3871348
1.3878325
1.3876593
1.3876195
1.38736
1.3872792
1.3877095
1.3875278
1.3874824
1.387197
1.3872129
1.3872657
1.3874457
1.387336
1.3875946
1.3877324
1.3874989
1.3871716
1.3876957
1.3877993
1.3870611
1.3878957
1.3876733
1.3876258
1.3875042
1.3875294
1.3879839
1.3873683
1.3875093
1.3874098
1.3871216
1.3876555
1.3881445
1.3878448
1.3875234
1.3876472
1.3873898
1.3877488
1.3876232
1.3880932
1.3877234
1.3870759
1.3877462
1.387194
1.3878038
1.3876404
1.3879023
1.3881481
1.3873897
1.3874325
1.3871353
1.387398
1.3874857
1.3876148
1.3875579
1.3875664
1.3874629
1.3877625
1.3873543
1.3875879
1.3878007
1.3877147
1.3870687
1.3876581
1.3871595
1.3872708
1.3875898
1.3872769
1.3874229
1.3877827
1.3879068
1.3871281
1.3874
1.3874092
1.3876905
1.3876153
1.3879206
1.3875768
1.3876115
1.3872641
1.3871473
1.3871164
1.3874896
1.3873473
1.3876156
1.3875319
1.3874644
1.3877755
1.3875142
1.3875762
1.3876524
1.387287
1.3874375
1.3880124
1.387592
1.3876842
1.3877531
1.3873787
1.3877581
1.3874961
1.3876106
1.3877745
1.3871838
1.3880948
1.3876097
1.3872936
1.3872601
1.3878063
1.3874931
1.3875052
1.3876531
1.3877001
1.3876984
1.3875183
1.3872807
1.3873385
1.3873911
1.3876221
1.3878101
1.3877282
1.3876574
1.3875575
1.3870134
1.3872242
1.3874422
1.3880615
1.3878124
1.3878596
1.3875988
1.3874817
1.3875782
1.3880804
1.3879651
1.3876919
1.3873479
1.3869985
1.3878627
1.3873338
1.3874236
1.3875326
1.387337
1.3876493
1.3875896
1.3877084
1.3879074
1.3872458
1.3878578
1.3875628
1.387757
1.3879963
1.3876429
1.3877989
1.3877681
1.3878995
1.3878883
1.3877965
1.3880004
1.3878292
1.3873522
1.3877628
1.3878236
1.3875118
1.3880694
1.3874303
1.3877605
1.3878597
1.3877469
1.3872674
1.3878713
1.3873639
1.3879008
1.3876872
1.3877083
1.388493
1.3878263
1.3882719
1.3878626
1.3877966
1.3881519
1.3881117
1.3877037
1.3876822
1.3878984
1.387931
