1.2290725
1.3630241
1.4211054
1.4221779
1.4352169
1.4265121
1.444358
1.4365789
1.4435942
1.44536
1.440822
1.4364069
1.4388946
1.4554753
1.4619346
1.4485221
1.4521067
1.4478137
1.4639852
1.4610963
1.4734551
1.4711782
1.4565545
1.4637085
1.4757959
1.4773663
1.4735199
1.4801403
1.4811069
1.4798244
1.4800675
1.4739329
1.4778523
1.4881736
1.4815204
1.4802648
1.4932046
1.4840727
1.4889737
1.4828484
1.4849181
1.4926091
1.4986854
1.4985484
1.4910542
1.4918423
1.4932357
1.4982967
1.490793
1.4858253
1.4914038
1.4996136
1.4887472
1.4848646
1.4881271
1.4872005
1.4940604
1.5004166
1.4942348
1.4900215
1.4918389
1.4940147
1.485147
1.4932088
1.4984996
1.4904937
1.4921948
1.4813545
1.4883839
1.4883
1.499889
1.488691
1.4949296
1.4938712
1.4946195
1.4953309
1.4899211
1.485253
1.4868367
1.4913491
1.4862329
1.4937532
1.4831429
1.488213
1.4870288
1.4836186
1.4870768
1.487355
1.4816669
1.478198
1.4805517
1.479297
1.4765838
1.4833587
1.4783703
1.4848354
1.4792229
1.4788929
1.4746599
1.4737977
1.4681308
1.4719808
1.4710996
1.4670131
1.4669063
1.4625704
1.4632487
1.4623367
1.45473
1.4619684
1.4596745
1.4594522
1.4534943
1.4524432
1.4587978
1.452426
1.4529282
1.4482069
1.450706
1.4499062
1.4451859
1.4503818
1.4479336
1.4458084
1.4464749
1.4481229
1.4482298
1.4424878
1.4429427
1.4425347
1.4444331
1.4437221
1.4432622
1.4395335
1.4458897
1.4377548
1.4412898
1.4432713
1.4407228
1.440036
1.4364829
1.4426202
1.4354404
1.4395252
1.4365921
1.4350109
1.4369644
1.4380125
1.4325151
1.4342394
1.4342171
1.431657
1.4306206
1.4282978
1.4336544
1.4269178
1.4296808
1.42832
1.4284052
1.4246491
1.4225578
1.4264591
1.4260316
1.4222305
1.4185759
1.4197426
1.4155446
1.4181782
1.4206432
1.4165678
1.4146434
1.4130467
1.4158995
1.4115727
1.4089313
1.4058956
1.4084603
1.4063724
1.4037733
1.4007941
1.3994048
1.3994888
1.398043
1.3951949
1.3933718
1.3933636
1.3899448
1.3897688
1.3864267
1.3837515
1.3828377
1.3806156
1.3788388
1.3778957
1.3753289
1.3720443
1.3704621
1.3699131
1.3673298
1.3665565
1.3641094
1.3628079
1.3608814
1.3587162
1.3580256
1.3549827
1.3551736
1.3523661
1.3521713
1.3522185
1.3494107
1.3474419
1.3489935
1.3473736
1.3441182
1.3454398
1.3458413
1.3440391
1.3425484
1.3407639
1.3400074
1.3414606
1.3409353
1.339029
1.3387647
1.3411791
1.3412225
1.340768
1.341206
1.3353351
1.3401519
1.342866
1.3382629
1.340504
1.3386344
1.3390087
1.3367041
1.3385447
1.3409897
1.3405405
1.3425694
1.3440149
1.3398536
1.3391
1.3373951
1.337985
1.3382647
1.3424635
1.3437817
1.3428074
1.341174
1.3428525
1.3428743
1.342806
1.3422643
1.3462567
1.345575
1.3431447
1.3459673
1.3444636
1.3469028
1.349459
1.3471993
1.3472033
1.3479447
1.3472618
1.3529383
1.3515033
1.3524336
1.3473098
1.3510119
1.3554275
1.3516973
1.3581961
1.3530289
1.3544557
1.3530866
1.3562961
1.3565059
1.3666086
1.3623557
1.3607693
1.3606666
1.361302
1.3659345
1.3615224
1.363615
1.3642497
1.3663448
1.3636067
1.3675109
1.3621352
1.3698564
1.3670983
1.3696184
1.3679134
1.3721324
1.3750092
1.3740956
1.3785453
1.3767067
1.3748236
1.3767843
1.3733021
1.3807564
1.3809074
1.3789335
1.3855569
1.3883957
1.3826381
1.3838516
1.3830961
1.3867553
1.3875484
1.3911206
1.3905944
1.3917545
1.3860624
1.3926525
1.3900907
1.390371
1.391545
1.3932205
1.3923352
1.39193
1.3953406
1.3955699
1.3945924
1.3966385
1.3974403
1.392307
1.3986887
1.3929125
1.3995835
1.3968322
1.3986342
1.3995556
1.4000164
1.3963273
1.4002727
1.4024514
1.3984693
1.400237
1.4025928
1.4048775
1.4001122
1.4009645
1.4077798
1.404028
1.4048889
1.4049412
1.4071912
1.4013633
1.399918
1.4049845
1.4051474
1.403962
1.4021578
1.4005512
1.403292
1.4052337
1.4052496
1.4010063
1.4010154
1.4051445
1.4064279
1.4042165
1.4069934
1.4035615
1.403937
1.401838
1.4053487
1.4060513
1.4047384
1.4041827
1.404132
1.4053295
1.4022993
1.4041481
1.4051104
1.403388
1.4050862
1.4029378
1.4028778
1.4031541
1.4049106
1.4032072
1.4032589
1.4009448
1.4035437
1.4040338
1.4027965
1.4046042
1.4018513
1.4018521
1.4011998
1.4010073
1.402908
1.401753
1.4022425
1.4022436
1.4007019
1.4023459
1.4025319
1.4020077
1.4020251
1.4016731
1.4007754
1.3991098
1.4018686
1.4014465
1.4009132
1.4009631
1.4008595
1.4005426
1.4002502
1.3993515
1.3995414
1.4009291
1.3996071
1.4008582
1.400427
1.4001418
1.3993272
1.399493
1.3989623
1.3989568
1.400485
1.3981545
1.3996401
1.399809
1.400136
1.3985094
1.398841
1.3983866
1.3997684
1.3990483
1.398392
1.3984085
1.3996935
1.3976932
1.3984234
1.3984525
1.3988727
1.3972747
1.3976469
1.3976755
1.3982344
1.3976654
1.3977944
1.3971151
1.3968004
1.3966904
1.3978871
1.3969153
1.3957652
1.3969558
1.3970741
1.3966937
1.3963925
1.3961602
1.3953563
1.3962942
1.3964256
1.3957021
1.3952513
1.3956506
1.3962711
1.3960028
1.395418
1.3950374
1.3955113
1.3955944
1.3951205
1.3951064
1.3943561
1.3952516
1.3948636
1.395395
1.3951105
1.3941578
1.3946905
1.3934221
1.3941818
1.3939674
1.3935803
1.3943323
1.3937299
1.3945838
1.3932445
1.39313
1.3936267
1.3935499
1.3936294
1.3938397
1.3936752
1.3930553
1.3930389
1.3930761
1.3927517
1.3927374
1.3924042
1.39266
1.3919473
1.3924992
1.3924602
1.3923388
1.3919188
1.3917079
1.3913788
1.391242
1.3922426
1.3916589
1.3914586
1.3907738
1.3915602
1.392305
1.391386
1.3902283
1.3906653
1.3912383
1.3907719
1.3903283
1.3897066
1.3900324
1.3900983
1.390117
1.3903048
1.3906881
1.3906025
1.3901612
1.3902807
1.3904109
1.3908587
1.3896208
1.3892632
1.3898131
1.3897189
1.3897192
1.3896815
1.3897119
1.3892535
1.388505
1.3895987
1.3889424
1.3892792
1.3881667
1.3894895
1.3892998
1.3887686
1.3892796
1.3887168
1.3895915
1.3881744
1.3885643
1.389308
1.3890232
1.3889297
1.3902134
1.3884144
1.3888627
1.3878933
1.3894871
1.3887476
1.3882706
1.3886544
1.3891287
1.388963
1.389542
1.3898638
1.3896129
1.3898478
1.3884495
1.3898698
1.3900882
1.3900152
1.3902248
1.390404
1.3897911
1.3892374
1.3902401
1.3889929
1.390083
1.3901204
1.391272
1.3910801
1.3892467
1.3912264
1.3914025
1.391956
1.3905939
1.3908066
1.3919275
1.3905787
1.3913916
1.3924608
1.392016
1.3925705
1.391502
1.3924676
1.3916665
1.3917865
1.3922243
1.3918686
1.3923601
1.3922576
1.3925635
1.3917078
1.392645
1.3918353
1.3921684
1.392351
1.3934042
1.3922368
1.3921341
1.393217
1.3920158
1.391698
1.3927681
1.3911012
1.3921033
1.3918883
1.3912886
1.3917371
1.3919295
1.3922042
1.3917445
1.3920803
1.3922495
1.3912294
1.3919605
1.391118
1.3919433
1.3912343
1.3914425
1.3922143
1.3920534
1.3919088
1.3919894
1.3921565
1.3916938
1.3911767
1.3918712
1.3924334
1.3917801
1.3915964
1.3919181
1.3924605
1.3919995
1.391842
1.3918667
1.3922714
1.392125
1.3921075
1.3920561
1.3915583
1.3921292
1.3918864
1.3924301
1.3916913
1.3928722
1.3918939
1.3928356
1.3921273
1.3928187
1.3929992
1.3923169
1.3930598
1.3930025
1.3924091
1.3926077
1.3929949
1.3929853
1.3928761
1.3930336
1.3926176
1.393239
1.3922043
1.3922594
1.392985
1.3922566
1.39321
1.3919487
1.3928175
1.392827
1.3923323
1.3928282
1.3933364
1.3925651
1.3922306
1.3930408
1.3929925
1.3931158
1.3932142
1.3930067
1.3929358
1.3927299
1.3927176
1.3923777
1.392802
1.3926787
1.3918391
1.3928572
1.392329
1.3929292
1.3924067
1.392591
1.3931798
1.3930027
1.3925139
1.3930424
1.392516
1.3930236
1.392968
1.393412
1.3928933
1.3926598
1.3924192
1.3925788
1.3932328
1.3925841
1.392652
1.3927114
1.3933945
1.3930252
1.3929032
1.3934653
1.392322
1.3921868
1.3925345
1.3932121
1.3926444
1.3924472
1.3933033
1.392534
1.3924781
1.3926802
1.3927729
1.3924235
1.3926733
1.3926215
1.3927847
1.3924118
1.3934267
1.3927679
1.3926558
1.3925377
1.3931805
1.3924646
1.3926669
1.3925918
1.3920491
1.3924624
1.3921114
1.3927221
1.3924854
1.3926047
1.3921248
1.3924553
1.3924782
1.3921549
1.3917425
1.3920603
1.3923771
1.392265
1.391895
1.3923426
1.3921276
1.3918123
1.3922005
1.3918769
1.3924919
1.3927107
1.3921549
1.3925453
1.3920033
1.3919991
1.3916793
1.3919725
1.3916371
1.3921763
1.3916143
1.3919929
1.3919256
1.3916852
1.3920712
1.3922182
1.3920966
1.3918527
1.3911318
1.3916416
1.3914988
1.3913012
1.3912055
1.3913025
1.3915031
1.3913742
1.3915204
1.3913025
1.3913914
1.3915727
1.3916602
1.3910191
1.3912677
1.3915584
1.3913105
1.391818
1.3913985
1.3905646
1.3910007
1.3910118
1.390958
1.3908854
1.3908398
1.3908598
1.3906978
1.390598
1.3910503
1.390732
1.3904833
1.3908107
1.390916
1.3910252
1.3906305
1.3904976
1.3905666
1.3905362
1.3903437
1.3903427
1.390345
1.3904753
1.3898002
1.3903685
1.3901217
1.3898685
1.3899876
1.3899562
1.3902715
1.3899273
1.3899486
1.3895819
1.3897398
1.3897493
1.3898231
1.3896172
1.3895049
1.3895912
1.3899225
1.3896328
1.3894601
1.3895956
1.3894763
1.3895798
1.3894067
1.3891716
1.3891734
1.3893428
1.3893137
1.3891939
1.3895731
1.3891903
1.3891475
1.3888509
1.3890889
1.3890977
1.3891528
1.3885717
1.3887515
1.3886287
1.3887402
1.3888019
1.3887066
1.3888407
1.3886894
1.3888557
1.3884604
1.3883543
1.3884566
1.3883637
1.3885474
1.3883047
1.3885823
1.3885164
1.388567
1.3881246
1.3881501
1.3880554
1.3878044
1.38813
1.3882061
1.3883357
1.3877963
1.3879668
1.3883123
1.3882252
1.3879176
1.3881803
1.3880814
1.3876967
1.3878281
1.3875977
1.3879802
1.3877051
1.3881906
1.3878813
1.3879251
1.3880237
1.3875087
1.3876904
1.387882
1.3872265
1.3878177
1.3873874
1.3878952
1.3875622
1.3877014
1.3876121
1.3879843
1.3875281
1.387252
1.3875737
1.3876961
1.3876448
1.3878956
1.3875906
1.3874629
1.3877178
1.3874967
1.3874571
1.3876543
1.3872284
1.3873266
1.3874544
1.3874404
1.3871896
1.3877976
1.3874614
1.3875782
1.387556
1.3873557
1.3876575
1.3878074
1.3872181
1.3873501
1.3872734
1.3875611
1.3875856
1.3876879
1.387217
1.3875811
1.3875172
1.3873193
1.38747
1.387469
1.3875595
1.3876195
1.3879715
1.3874148
1.3873264
1.387482
1.3876797
1.387494
1.387418
1.3871593
1.3875203
1.3876026
1.3874007
1.3873466
1.3872188
1.3872005
1.3874127
1.3871058
1.3878924
1.3875413
1.3872703
1.3869678
1.3874323
1.3876319
1.3876445
1.3872814
1.3878093
1.3875561
1.3874087
1.3871877
1.3876604
1.3877652
1.387325
1.3873941
1.3873296
1.3876268
1.3870691
1.3877134
1.3875955
1.3873644
1.387093
1.3877302
1.3875545
1.3875965
1.3874848
1.3877006
1.3874297
1.3876766
1.3871073
1.387588
1.3874234
1.3872614
1.3876625
1.3876588
1.3873614
1.3872294
1.3877368
1.387642
1.387475
1.3875848
1.3874079
1.3874292
1.387397
1.3870777
1.3875507
1.3873714
1.3879151
1.3875847
1.3875254
1.3873862
1.3872297
1.3877481
1.3879418
1.387557
1.3876058
1.388015
1.3875481
1.3875577
1.3873819
1.3874712
1.3876071
1.3876991
1.3873153
1.3876109
1.3873152
1.3872193
1.3877003
1.387647
1.387368
1.387405
1.3883789
1.3879503
1.3876009
1.3872131
1.387313
1.3874742
1.3876524
1.3877132
1.3876619
1.387517
1.3873706
1.3873799
1.3877435
1.3872253
1.3875909
1.3870648
1.3875332
1.3874865
1.3874106
1.387213
1.3873721
1.3872719
1.3873153
1.3873622
1.3879548
1.3873792
1.387343
1.3876895
1.3872272
1.3875457
1.3873101
1.387239
1.3871328
1.3873407
1.3879186
1.3874102
1.3871847
1.3873751
1.3875328
1.3875972
1.3876112
1.3871357
1.3874669
1.3875265
1.3872757
1.3874173
1.3872864
1.3871866
1.387535
1.3869326
1.3874388
1.3873138
1.387249
1.3873559
1.3873194
1.3874825
1.3874286
1.3874464
1.3873745
1.3877472
1.3872133
1.3872701
1.3870153
1.387226
1.3873441
1.3870901
1.3872411
1.3872162
1.3872811
1.3872945
1.387291
1.387175
1.3871145
1.3870682
1.3873073
1.3872964
1.3873252
1.3873373
1.386764
1.3868936
1.3870093
1.386986
1.3874246
1.3870218
1.3872709
1.3869053
1.3871285
1.3866543
1.386857
1.3870852
1.3872514
1.3870151
1.3870752
1.3868608
1.3875988
1.3873023
1.3867341
1.3872838
1.3872406
1.387423
1.3870994
1.3869963
1.3867986
1.3868735
1.386611
1.3869083
1.3872955
1.3873584
1.3866216
1.3866886
1.3867555
1.3866616
1.386507
1.3871859
1.3866137
1.386773
1.3868437
1.386859
1.3867394
1.3865334
1.3866924
1.3863446
1.3869742
1.3865731
1.3867725
1.3865674
1.3869524
1.3866353
1.3865118
1.3865103
1.3863302
1.3865018
1.3867356
1.3859721
1.3865871
1.3867873
1.386196
1.3865076
1.3863316
1.3868127
1.3863502
1.3868208
1.386669
1.386586
1.3861432
1.386008
1.3862797
1.3858898
1.3864018
1.3864006
1.3863248
1.3866974
1.386294
1.386213
1.386258
1.3858063
1.3859427
1.3863567
1.3859638
1.3860765
1.3861895
1.3858995
1.3860404
1.3862954
1.3860432
1.3859686
1.3860981
1.3857687
1.3858316
1.3860916
1.385505
1.3858441
1.3858514
1.386021
1.3859004
1.3855385
1.3854712
1.3853801
1.3861597
1.3854907
1.3854581
1.3859657
1.3856076
1.3857355
1.386171
1.3857948
1.3857598
1.3859749
1.3852916
1.3858192
1.3857145
1.3856899
1.385605
1.3858615
1.3852459
1.385293
1.3854188
1.3852701
1.3858134
1.3852892
1.3851929
1.3853538
1.3853326
1.3856269
1.3858259
1.3855964
1.3853222
1.3853759
1.3854138
1.3854393
1.3857708
1.3851671
1.3853574
1.385452
1.3849908
1.3852401
1.3851306
1.3854982
1.3853744
1.385154
1.3855647
1.3850048
1.3850718
1.3850931
1.3851699
1.3849535
1.3849312
1.3853331
1.3853673
1.3854011
1.3850462
1.3850884
1.3854473
1.3850684
1.3853656
1.3845826
1.384785
1.3846338
1.3850479
1.3847752
1.3847747
1.3852663
1.3849577
1.3849491
1.3846998
1.3848331
1.3847525
1.3844949
1.3843485
1.3848817
1.3848294
1.3850347
1.3848175
1.384602
1.384521
1.3848832
1.3846365
1.3846699
1.3845571
1.3843027
1.3844131
1.3843683
1.3844239
1.3847138
1.3846066
1.384962
1.3843869
1.3845953
1.3849006
1.3843572
1.3845006
1.3845525
1.384641
1.385091
1.3844899
1.3841966
1.3842777
1.3843284
1.3843582
1.3843688
1.3842027
1.384356
1.3843312
1.3842198
1.3846002
1.3841896
1.3844906
1.3847418
1.3846059
1.3838937
1.3841372
1.3843848
1.3841206
1.3844318
1.3840798
1.3839775
1.3839206
1.3842492
1.3840716
1.3840878
1.3842008
1.383787
1.3841149
1.3845367
1.3841606
1.383374
1.3837137
1.3834838
1.3836222
1.3834791
1.3838365
1.3838
1.3837131
1.3837385
1.3839846
1.3834735
1.383681
1.3844316
1.3841089
1.3837409
1.3840004
1.383723
1.3835605
1.3834594
1.3838357
1.383871
1.3833296
1.3828954
1.3839979
1.3834403
1.3832189
1.3841763
1.3834338
1.3833277
1.3836093
1.3837914
1.3832831
1.3829151
1.3828222
1.3834132
1.3833101
1.3832805
1.3832661
1.3832492
1.3833346
1.3829747
1.3832545
1.3839712
1.3830615
1.3828777
1.3834531
1.3834897
1.3831097
1.3829815
1.3834935
1.3830541
1.3829266
1.3834308
1.382971
1.3831936
1.3833067
1.3831754
1.3831612
1.383518
1.3833052
1.3833345
1.3835424
1.3834568
1.3828532
1.3825564
1.383593
1.3827872
1.3830361
1.3831365
1.3829235
1.3830613
1.3828688
1.3828907
1.3834924
1.3827864
1.3834059
1.3827969
1.3826711
1.3829167
1.3823707
1.3826041
1.3827827
1.3825547
1.3827137
1.3829674
1.3824391
1.3828083
1.383052
1.3831297
1.3830526
1.3827747
1.3829666
1.3833942
1.3826859
1.3836371
1.3829676
1.3827568
1.3825318
1.3829222
1.3826175
1.3824773
1.3833764
1.383085
1.3826023
1.3828555
1.3824651
1.3827493
1.3827151
1.3830748
1.3824264
1.3830448
1.3827605
1.3822116
1.3827411
1.3823178
1.3825387
1.382378
1.3830873
1.382539
1.3825705
1.3821325
1.3832461
1.382319
1.3824202
1.3826816
1.3823124
1.3824505
1.3828809
1.3833305
1.3825644
1.3826207
1.382285
1.3821409
1.3821393
1.3823274
1.3828903
1.3822066
1.3829184
1.3824202
1.3827918
1.3823146
1.3820246
1.3822702
1.3824028
1.3822107
1.3831209
1.3829029
1.382327
1.3820759
1.3824726
1.3824095
1.3827213
1.3822685
1.3826233
1.3827711
1.3826584
1.3827511
1.3823643
1.3822788
1.382826
1.3821199
1.3820419
1.3822615
1.3823347
1.382461
1.3822381
1.3825135
1.3823947
1.3822913
1.3823396
1.3830147
1.381834
1.3828092
1.3819232
1.382528
1.3821629
1.3822259
1.382465
1.382282
1.3821642
1.3825423
1.3822209
1.3822961
1.3821872
1.3826237
1.3818709
1.3824673
1.3822217
1.3823974
1.3819163
1.382097
1.3824061
1.3823338
1.3820963
1.3823712
1.3821713
1.3820995
1.3820287
1.3821659
1.3826394
1.3821304
1.3827696
1.38202
1.382049
1.382635
1.3823438
1.3820419
1.3817797
1.3826221
1.3820142
1.3822782
1.3823277
1.3819915
1.3828275
1.3820658
1.382268
1.3827841
1.3816057
1.381986
1.3826911
1.3829517
1.3823397
1.3825216
1.382123
1.3823538
1.3823372
1.382945
1.3829921
1.3823735
1.3822563
1.3824697
1.3817984
1.3827757
1.3822882
1.3817453
1.3823189
1.3814743
1.3822645
1.3816026
1.3820416
1.3819647
1.3817974
1.3823645
1.3815325
1.3823376
1.3820461
1.3821137
1.3821596
1.3825377
1.3830531
1.382983
1.3822222
1.3823061
1.3818156
1.3824404
1.382369
1.3826089
1.3817409
1.3816499
1.3819449
1.3823617
1.382231
1.3823128
1.3818922
1.3813397
1.3818476
1.3818736
1.3815547
1.3822889
1.3819605
1.3820708
1.3819132
1.3816715
1.3824086
1.3822881
1.3821586
1.3821777
1.3817204
1.3821087
1.3822852
1.3827946
1.3822542
1.3824035
1.3818233
1.3819455
1.3817487
1.3822554
1.3823737
1.381847
1.3818655
1.3823338
1.3819664
1.3822086
1.3822244
1.3821325
1.3823098
1.3824941
1.3814403
1.3827473
1.3829771
1.3819152
1.3822024
1.3822024
1.3824623
1.382638
1.3819829
1.3819568
1.3815056
1.3820595
1.3825525
1.382244
1.381735
1.382063
1.3815538
1.3819742
1.3822832
1.382071
1.3824615
1.3820858
1.3814573
1.3817997
1.3821126
1.382128
1.3821405
1.382014
1.3821172
1.3820816
1.3832814
1.3821179
1.3818283
1.3818852
1.382407
1.382316
1.3817283
1.382331
1.3830613
1.3815793
1.3820933
1.3820137
1.381929
1.3816267
1.3820989
1.3822138
1.3822647
1.3818392
1.3821024
1.3821032
1.382058
1.3825475
1.3812635
1.3822707
1.3821121
1.381806
1.3826549
1.3817936
1.3816996
1.3820624
1.3825272
1.3822042
1.3826282
1.3823348
1.3821616
1.3817809
1.382551
1.3821317
1.3821988
1.3818504
1.3823874
1.3821033
1.3823668
1.3820632
1.3819988
1.3822992
1.3816372
1.3821987
1.3817195
1.3820617
1.3824067
1.3823164
1.3821735
1.3818918
1.3821267
1.3817749
1.3821609
1.3822618
1.3818594
1.381846
1.3824091
1.3820263
1.3814588
1.3821796
1.3823627
1.3817673
1.381704
1.3819051
1.3815817
1.3821422
1.381955
1.3824501
1.3817462
1.382004
1.3825312
1.3827428
1.3821588
1.3818325
1.3825032
1.3816391
1.3832861
1.3822153
1.381891
1.3826694
1.3820242
1.3819629
1.3816012
1.3823853
1.3823481
1.382616
1.3823395
1.3818427
1.3819948
1.3825005
1.3814173
1.3821676
1.3823427
1.382629
1.3820212
1.3819674
1.382334
1.3819908
1.3819113
1.3821259
1.3821088
1.382269
1.3821845
1.3825089
1.3822032
1.382796
1.3823963
1.382675
1.3821391
1.3821774
1.3821679
1.3819584
1.382228
1.3821865
1.3823521
1.3822286
1.3818165
1.3823841
1.3823525
1.3827388
1.3828311
1.3820133
1.3821608
1.3822556
1.3820875
1.3823726
1.3819995
1.3826053
1.3817353
1.3815075
1.3827894
1.3825825
1.3827302
1.3824161
1.3821456
1.3820707
1.3817871
1.3829534
1.3824708
1.382212
1.3817593
1.3821323
1.3828025
1.3820658
1.3834461
1.3826405
1.3821207
1.3820965
1.3824192
1.3822887
1.382596
1.3818343
1.3821658
1.382304
1.3820809
1.3817604
1.3818756
1.3826175
1.3823237
1.3821045
1.3820032
1.3825458
1.3819431
1.3824979
1.3819028
1.3820758
1.3825979
1.3830255
1.3816696
1.3827457
1.3828288
1.3829445
1.3816487
1.3822054
1.3824205
1.3833169
1.3822222
1.3825293
1.3825953
1.3823652
1.3827008
1.3818702
1.3825134
1.3817637
1.3823634
1.3821083
1.3834417
1.3827094
1.382259
1.3823266
1.3821173
1.3827688
1.3821919
1.3823228
1.3822407
1.3817202
1.3817803
1.3826799
1.3820577
1.3823265
1.3823017
1.3822292
1.382075
1.3825941
1.3821949
1.3822562
1.3821539
1.3818922
1.3816468
1.3822058
1.3822815
1.3818989
1.3821745
1.3821725
1.3821564
1.3826827
1.3822901
1.38209
1.3829129
1.3818032
1.3824017
1.3817943
1.3820634
1.3824583
1.382081
1.3823751
1.3819975
1.3824528
1.3826118
1.3821802
1.382732
1.3828356
1.3822565
1.3823804
1.3818139
1.3818976
1.38214
1.3827838
1.382376
1.382945
1.3830969
1.38242
1.3828473
1.3823195
1.3828691
1.3828475
1.3822615
1.3819873
1.3816985
1.3824438
1.3828427
1.3826354
1.3824253
1.3823423
1.3824872
1.3827502
1.3819981
1.3824241
1.3824533
1.381967
1.3828987
1.3824619
1.382536
1.382303
1.3831211
1.3826201
1.382539
1.381868
1.3822743
1.3825108
1.3822684
1.3825437
1.3828263
1.3828555
1.3822182
1.3822823
1.3823589
1.382405
1.3821009
1.3827616
1.3825947
1.3833507
1.3827969
1.3827422
1.3824863
1.3838878
1.3823868
1.3829591
1.3819455
1.3828102
1.3824962
1.3826361
1.383059
1.382404
1.3828433
1.3823222
1.3819261
1.3826104
1.3830556
1.382632
1.3830515
1.382708
1.3827884
1.382456
1.3824271
1.382831
1.3828408
1.3827196
1.3825172
1.3829083
1.3826934
1.3825171
1.3823048
1.3827953
1.3822819
1.3825674
1.382736
1.3828793
1.3820912
1.3821495
1.3822204
1.3821507
1.3824829
1.3826066
1.3824974
1.3825758
1.383562
1.3835478
1.383154
1.3829451
1.3832855
1.3827267
1.3825625
1.3832502
1.3825153
1.3825916
1.38235
1.381978
1.3822762
1.3827292
1.3825821
1.3824567
1.3831068
1.3825277
1.3823042
1.3820535
1.3822197
1.3828186
1.3826218
1.3832895
1.3826013
1.3836286
1.3829068
1.3823143
1.3829038
1.382761
1.3825277
1.3823957
1.3823844
1.3829311
1.383759
1.383324
1.3825153
1.3838646
1.3820105
1.3825556
1.3823081
1.3829098
1.382802
1.3823166
1.3833842
1.383023
1.3823208
1.3830894
1.3829355
1.3825427
1.382435
1.3825576
1.3826829
1.3837957
1.3844308
1.3828506
1.3827518
1.3827718
1.3828479
1.3827697
1.3828624
1.3835367
1.3826568
1.3827457
1.3823382
1.3826914
1.382811
1.3828483
1.382895
1.3822312
1.3838292
1.3830657
1.3831661
1.382859
1.382546
1.3833863
1.3828924
1.3829323
1.3837551
1.3827528
1.3822151
1.3829632
1.3831656
1.3825159
1.3834162
1.3829762
1.3833303
1.3824849
1.3834219
1.3836673
1.3833001
1.3830919
1.3835721
1.3834478
1.3827366
1.3830588
1.3832762
1.3826121
1.3826115
1.3822856
1.3836591
1.3833567
1.3831854
1.3824955
1.3829666
1.3831192
1.3827658
1.3829856
1.3828113
1.3830581
1.3834629
1.3831333
1.3826017
1.383828
1.38282
1.3833371
1.383211
1.3828387
1.3832432
1.383511
1.3833961
1.383406
1.3830761
1.3831894
1.3835307
1.3826364
1.3831506
1.3825434
1.3832573
1.3826398
1.3823309
1.3834062
1.3835052
1.3838547
1.3823901
1.3826778
1.3835263
1.3829654
1.3827915
1.3832642
1.3828205
1.3832426
1.3831758
1.3826246
1.3830879
1.3832053
1.3833257
1.3836325
1.3837177
1.3840282
1.3831261
1.3837124
1.3835918
1.3831501
1.3833528
1.3828263
1.3830327
1.3829598
1.3828688
1.3838073
1.3834431
1.3833276
1.3837684
1.3832505
1.3834537
1.3833176
1.3830113
1.3828224
1.38242
1.3834095
1.3823754
1.3832308
1.3831526
1.3835962
1.3831267
1.3831294
1.383424
1.3822031
1.3826247
1.3832566
1.3835695
1.3840548
1.3825916
1.3830024
1.38276
1.3835535
1.3829733
1.3834921
1.3833503
1.3830055
1.3829925
1.3833146
1.3826382
1.3834312
1.3833995
1.382625
1.383533
1.383557
1.3831406
1.3829247
1.3834993
1.3834099
1.3837073
1.3835112
1.3830363
1.3829406
1.3836788
1.3838661
1.3838323
1.3835777
1.3838176
1.383981
1.3835523
1.3827538
1.3830212
1.3831354
1.3831996
1.3830906
1.3840417
1.3838838
1.3836342
1.3835683
1.3842529
1.3832738
1.3837684
1.3837031
1.3832071
1.3832198
1.3840541
1.3823671
1.3836702
1.3828166
1.3832297
1.3828886
1.3831005
1.3837906
1.3830156
1.3830851
1.3831104
1.383098
1.3831265
1.3838433
1.3829927
1.3830857
1.383132
1.3832594
1.3831294
1.3832966
1.3830525
1.3831517
1.384186
1.3831826
1.3835518
1.3835369
1.3839617
1.3838996
1.3833405
1.3834614
1.3835701
1.383522
1.3831433
1.383385
1.383736
1.3835799
1.3830246
1.384141
1.3839487
1.3834842
1.3840885
1.3831527
1.3837197
1.383341
1.3841623
1.3830628
1.3836156
1.3831804
1.3830453
1.3839477
1.3834723
1.3833543
1.3833122
1.3836209
1.3835343
1.3829623
1.3837541
1.3829663
1.3834678
1.383682
1.3840115
1.3841611
1.3840106
1.3835527
1.3832942
1.3834999
1.3837805
1.384223
1.384365
1.3839015
1.3843079
1.3839831
1.3851676
1.3832903
1.3833572
1.3831885
1.3836272
1.3839439
1.3838322
1.3837067
1.382938
1.383221
1.3847375
1.383235
1.3841732
1.3840218
1.3829627
1.3843018
1.3840985
1.3838484
1.3838116
1.3836261
1.3838842
1.3840595
1.3837456
1.3836884
1.3840322
1.3836823
1.3832431
1.3838114
1.3841168
1.3833698
1.3843057
1.384452
1.3834751
1.3842233
1.3835698
1.3844593
1.3834072
1.3836583
1.3841821
1.3833952
1.3838068
1.3847888
1.3837621
1.3840184
1.3846039
1.3838575
1.3836397
1.3838304
1.3837721
1.3836573
1.3831047
1.383613
1.3840244
1.3834977
1.3836842
1.3835453
1.3831513
1.3838888
1.3837994
1.3830913
1.3834851
1.3849308
1.3847481
1.3839382
1.3840048
1.3833799
1.3833793
1.3841065
1.383966
1.383284
1.3838317
1.3839257
1.3837441
1.3840449
1.3839083
1.383773
1.3836336
1.3842897
1.3838103
1.384121
1.3840431
1.3839364
1.3832687
1.3833166
1.3836559
1.3837539
1.3841095
1.3835722
1.384088
1.3835315
1.3831873
1.3840747
1.3845669
1.3835895
1.3839494
1.3834863
1.3829707
1.3834794
1.3830028
1.3833679
1.3838949
1.3836976
1.384049
1.3832552
1.383499
1.3837874
1.3831698
1.3832966
1.38328
1.3834103
1.383522
1.3832059
1.3839566
1.3830924
1.3831228
1.3840153
1.3833184
1.3840817
1.3831053
1.3834257
1.3837907
1.3839599
1.3833297
1.3833721
1.3835629
1.3838352
1.3837588
1.3835287
1.3838383
1.3833925
1.3838457
1.3835753
1.3834825
1.3837601
1.383399
1.3841338
1.3831805
1.3832649
1.3830682
1.3833311
1.3836949
1.3828919
1.3831552
1.3833104
1.3829663
1.3838772
1.3847469
1.3831528
1.3830575
1.3830482
1.3836845
1.3840944
1.3833421
1.383472
1.3837633
1.3839788
1.3837365
1.3839515
1.3837309
1.3831327
1.3833492
1.3834325
1.3836883
1.3840946
1.3837519
1.3836972
1.3830187
1.3835334
1.3835047
1.3840352
1.382964
1.3835987
1.3840349
1.3835135
1.3829724
1.3837677
1.3832594
1.3830488
1.3833418
1.3842299
1.3836043
1.3844216
1.3829895
1.3840837
1.3841348
1.3832506
1.383882
1.384412
1.3835325
1.383448
1.383668
1.3833258
1.382948
1.3837085
1.3841655
1.384021
1.382654
1.3829889
1.3833064
1.3838334
1.3837171
1.3836268
1.3836747
1.3832387
1.3839036
1.3831208
1.3828678
1.3838421
1.3828776
1.3832581
1.383997
1.3833494
1.3832085
1.3837117
1.383469
1.383046
1.3838938
1.3836979
1.3830523
1.3842605
1.3835105
1.3831568
1.3836296
1.3840355
1.3849484
1.3829302
1.3832108
1.383584
1.3828707
1.3845855
1.3833021
1.3831655
1.3837447
1.383885
1.383044
1.3831501
1.38379
1.3831043
1.3840412
1.3837843
1.3836185
1.3832223
1.3828553
1.3830432
1.3831571
1.3831205
1.3836459
1.3836386
1.3829883
1.3833113
1.3827685
1.3836538
1.3831155
1.3843956
1.3831502
1.3840128
1.3832434
1.3839699
1.3835499
1.3827903
1.3832512
1.3827391
1.3832953
1.3837008
1.3833457
1.3831644
1.3831007
1.3829981
1.3843374
1.3835169
1.3839648
1.3829273
1.3832209
1.3829467
1.3834463
1.3834232
1.3835293
1.3834261
1.3840866
1.3832802
1.3829069
1.3832827
1.3833805
1.3835245
1.3832606
1.3834895
1.3831536
1.3835113
1.3829094
1.3832464
1.3840799
1.3828363
1.3830383
1.3831315
1.3823079
1.3828759
1.383759
1.3828865
1.3828771
1.3830132
1.3837162
1.3836069
1.3834704
1.3833393
1.3828167
1.3830016
1.383431
1.3837885
1.3830689
1.3838532
1.3836215
1.3829033
1.3836324
1.3826174
1.3832674
1.382741
1.3830454
1.3829788
1.3834352
1.3832719
1.3834887
1.3835189
1.3837426
1.3829209
1.383077
1.3833818
1.3830612
1.3831373
1.3829031
1.3829893
1.3839171
1.3832397
1.3830277
1.3835876
1.3822393
1.3835185
1.3831085
1.3835832
1.3835703
1.3828695
1.3825101
1.3831728
1.3831626
1.3839241
1.3825299
1.382795
1.3827163
1.3828512
1.3830272
1.3835436
1.3830959
1.383495
1.3832581
1.3830448
1.3830845
1.3825022
1.3824399
1.3829418
1.38277
1.3828236
1.38305
1.3834318
1.3833622
1.3827674
1.383028
1.3837072
1.383448
1.3824109
1.3837885
1.3833647
1.3826929
1.38264
1.3832232
1.3823556
1.3827641
1.3819891
1.3835503
1.382493
1.3826154
1.3831079
1.3829305
1.3829309
1.3834788
1.383292
1.3828058
1.3833507
1.3823783
1.3833939
1.3829669
1.3826506
1.3832467
1.3834655
1.3832985
1.3831677
1.3834614
1.3831054
1.3833107
1.382922
1.3826661
1.383302
1.3825092
1.382478
1.383491
1.3830974
1.3838483
1.382621
1.3833107
1.3827932
1.3837718
1.3832719
1.3829538
1.3823467
1.3832426
1.3822639
1.3832759
1.3831013
1.3831327
1.383013
1.3827853
1.3829184
1.3831923
1.3823533
1.3831358
1.382432
1.3826962
1.3829483
1.3830962
1.3825701
1.3832635
1.3825897
1.3826303
1.3829836
1.3833272
1.3831002
1.3833302
1.3826619
1.3832344
1.3829101
1.3836784
1.3827794
1.381883
1.3834112
1.3828974
1.3829864
1.382444
1.3821232
1.3828709
1.3823469
1.3826143
1.3818947
1.3837506
1.3824427
1.3831019
1.3828936
1.3829758
1.3825244
1.381806
1.3831191
1.3836634
1.3821163
1.3833971
1.3825693
1.3832562
1.3825533
1.3822528
1.3832113
1.3833053
1.3831103
1.3820372
1.3829837
1.382778
1.3825024
1.3823686
1.3826357
1.3827261
1.3826603
1.3824811
1.3834507
1.3825513
1.3824923
1.3831055
1.383373
1.382376
1.3822054
1.3829635
1.3825048
1.3822807
1.3823655
1.3819724
1.3827683
1.3827336
1.3823714
1.3831793
1.3829964
1.3825755
1.3829453
1.3824193
1.3818475
1.3819717
1.3820819
1.3822813
1.3823916
1.3822162
1.382992
1.382393
1.3828605
1.3834846
1.3820311
1.3825558
1.3827804
1.3827701
1.3826464
1.3826485
1.3826765
1.382938
1.3826665
1.3827442
1.3831013
1.3829279
1.3819518
1.38305
1.3823131
1.3822999
1.3830966
1.3828875
1.3822291
1.3827461
1.382706
1.3831074
1.3828776
1.3826891
1.3827783
1.382822
1.3821695
1.3827189
1.3826654
1.3833066
1.3823191
1.3822973
1.3825476
1.3824947
1.3825008
1.3822724
1.3826753
1.3824397
1.3830216
1.3823464
1.3826224
1.38296
1.3825693
1.3817086
1.3829513
1.3831394
1.3825303
1.383145
1.3824582
1.3834816
1.3831434
1.3816174
1.3826772
1.3826857
1.3822768
1.3821635
1.3827696
1.3830283
1.3825696
1.3826475
1.383485
1.3823621
1.3825238
1.3820696
1.3827507
1.3831648
1.3824911
1.3821367
1.3832499
1.3829399
1.3830805
1.3820571
1.3831552
1.3826056
1.382645
1.3821032
1.382753
1.3826543
1.3828198
1.3821783
1.3826869
1.3837953
1.3821014
1.3827494
1.3830141
1.3829389
1.3826189
1.3818535
1.3823346
1.3820732
1.3830246
1.3828669
1.3818861
1.3826988
1.3829247
1.3831204
1.3824849
1.382449
1.3824856
1.382633
1.3827223
1.3832054
1.3829075
1.3827885
1.3821713
1.3827504
1.3830084
1.3825437
1.3822051
1.382494
1.382455
1.3829185
1.3822691
1.3824829
1.3825363
1.3824078
1.3826236
1.3826152
1.3830117
1.3825935
1.3821698
1.3821396
1.3829315
1.3824332
1.3814093
1.3828788
1.3823334
1.3826467
1.3833336
1.3824949
1.3821324
1.382061
1.3828541
1.3831402
1.3830509
1.3831196
1.382608
1.3824033
1.383247
1.3822837
1.3825434
1.3826607
1.3829412
1.3825337
1.3820796
1.3828135
1.3830551
1.3826587
1.3830703
1.3822883
1.3820473
1.3836254
1.3830746
1.3829014
1.3821688
1.3823036
1.3825012
1.3833517
1.3825684
1.3825039
1.3822913
1.3833029
1.382836
1.382489
1.3841257
1.3833559
1.3824562
1.3828298
1.3838232
1.3827792
1.3822047
1.3833845
1.3832483
1.3831694
1.3827577
1.3818204
1.3827784
1.3828264
1.3823422
1.3819084
1.383154
1.3824681
1.3822728
1.3821611
1.3826284
1.3826507
1.382905
1.3820835
1.3833587
1.3829293
1.3823854
1.3827633
1.3832842
1.3823309
1.382863
1.3820733
1.3825003
1.3829921
1.3817561
1.3828355
1.3835232
1.3824917
1.383267
1.3828585
1.3821857
1.3821528
1.3826749
1.3831197
1.3818121
1.3835543
1.3832451
1.3828862
1.3825564
1.3826232
1.3818165
1.3825291
1.3830466
1.3828951
1.3830311
1.3829694
1.3824308
1.3825954
1.3825896
1.3823117
1.3822502
1.3827052
1.3829199
1.3826749
1.382801
1.3819511
1.3829
1.3827363
1.3836151
1.3831736
1.3823601
1.3823314
1.383877
1.3822885
1.3824792
1.3825191
1.3830155
1.3821441
1.3823097
1.382596
1.3824345
1.3827251
1.3821224
1.3826716
1.3823903
1.3834563
1.38315
1.3822273
1.3830261
1.382121
1.3830311
1.3818268
1.3824408
1.3829684
1.3828211
1.3827441
1.3826838
1.3831524
1.3825889
1.382672
1.3826118
1.3829336
1.3829004
1.3826177
1.3830758
1.3828044
1.3824074
1.3828479
1.383814
1.3826212
1.3820472
1.3828377
1.3823323
1.3825136
1.3829898
1.3818221
1.3824855
1.3829803
1.3822216
1.3826903
1.3828726
1.3818699
1.3823792
1.3830538
1.3828884
1.3828387
1.381931
1.3832432
1.382353
1.383241
1.3831878
1.3818649
1.3827351
1.3828404
1.3824537
1.3824614
1.3829801
1.3820772
1.3830074
1.3822969
1.3825921
1.3822023
1.3824029
1.3816495
1.3832792
1.3827645
1.3820151
1.3821782
1.3829466
1.3824571
1.3824193
1.3841947
1.3823872
1.3823867
1.383249
1.3825649
1.3824797
1.3822281
1.3827634
1.3827293
1.3822325
1.3827931
1.383645
1.3828495
1.3835377
1.383139
1.3827922
1.3834233
1.3825248
1.3829546
1.3829834
1.3825785
1.381637
1.3826379
1.3826984
1.3819488
1.3827003
1.3825315
1.3825423
1.3827044
1.3833574
1.3825809
1.3819771
1.3828394
1.3830048
1.3835369
1.3830494
1.3822562
1.3825649
1.382617
1.3835016
1.3830953
1.3826356
1.3837999
1.3830026
1.3835024
1.3822347
1.3833787
1.3826323
1.3825991
1.3829997
1.3824763
1.3826765
1.3833317
1.3831453
1.3819889
1.3829756
1.3825101
1.3831959
1.3827746
1.382617
1.3827572
1.3821268
1.3824109
1.3825752
1.383506
1.3825269
1.3832735
1.3828173
1.3827581
1.3828036
1.3824773
1.3827288
1.3830628
1.3839779
1.3820482
1.3828602
1.3826907
1.3825831
1.3816267
1.3827965
1.3816663
1.3829867
1.3827
1.3828068
1.3822746
1.3826232
1.3828365
1.3833946
1.3819889
1.3825848
1.3823631
1.3828815
1.3825597
1.3827336
1.3831403
1.3825928
1.3835642
1.3819555
1.3823115
1.3830587
1.382462
1.3829533
1.3825483
1.382134
1.3832573
1.3820673
1.3822858
1.3829296
1.3828927
1.3822217
1.3823954
1.3829055
1.3825833
1.3827999
1.3830305
1.3826541
1.382583
1.382652
1.3822778
1.3825855
1.382586
1.3835949
1.3829479
1.3823607
1.3833535
1.3831062
1.3827721
1.3820436
1.3820873
1.382034
1.3828934
1.3826386
1.3831
1.3823445
1.3821732
1.3830589
1.3831072
1.3828796
1.3831241
1.3828433
1.3828042
1.3825059
1.3835278
1.3819329
1.3821878
1.382345
1.3826528
1.3821094
1.382703
1.382531
1.3823963
1.3836402
1.3824381
1.3829061
1.3824582
1.3825947
1.3823551
1.3824486
1.3826767
1.3824865
1.3822043
1.3827201
1.382074
1.3819726
1.3812878
1.382799
1.3825886
1.3825366
1.3822079
1.383572
1.381972
1.3824102
1.3821582
1.3829278
1.3822571
1.3828733
1.3825729
1.3821832
1.3839415
1.382903
1.3826927
1.3821841
1.3828005
1.3829224
1.383055
1.3817888
1.3827664
1.3820032
1.3823818
1.3819921
1.3829938
1.3833249
1.3825127
1.3833097
1.3830476
1.3825878
1.3827024
1.3828096
1.3825126
1.3827069
1.3829069
1.3826387
1.3823879
1.382929
1.3826715
1.3825115
1.3823506
1.3830864
1.3827646
1.3824738
1.3826126
1.3825266
1.382699
1.3817554
1.3830907
1.3826907
1.3823222
1.3825991
1.3822777
1.3823938
1.3830276
1.3830435
1.3827988
1.3827937
1.3826838
1.3822484
1.3825573
1.3826452
1.3826603
1.3833752
1.3823196
1.3825111
1.3827901
1.3824365
1.3830265
1.3822325
1.3825127
1.3818772
1.3832904
1.3827423
1.383203
1.3830509
1.3823375
1.3823719
1.3822771
1.3826141
1.3833323
1.3825432
1.3826511
1.3832763
1.3835548
1.3828157
1.3831767
1.3822489
1.3832166
1.3825381
1.3814173
1.3827351
1.382615
1.3833032
1.3823687
1.3820156
1.3822067
1.3823767
1.3824968
1.3818461
1.3824825
1.3821509
1.3821932
1.3819879
1.3824363
1.3820965
1.3835407
1.3825513
1.3831211
1.3827759
1.3820463
1.3826013
1.3825804
1.3825686
1.3838559
1.3827518
1.3819892
1.3822162
1.3826885
1.3827784
1.3836218
1.3819579
1.3829807
1.3825109
1.382433
1.382981
1.3822826
1.3823806
1.3832934
1.3825793
1.3821672
1.3827791
1.3824447
1.3821114
1.3826684
1.3824841
1.3825511
1.3831421
1.3820096
1.3823262
1.3820995
1.3825464
1.382824
1.3828173
1.383082
1.3827821
1.383313
1.3829525
1.3826777
1.382324
1.3822944
1.3826456
1.3824968
1.3824558
1.3820785
1.3823972
1.3827347
1.3824577
1.3822125
1.3824179
1.3823557
1.3830023
1.3831079
1.38244
1.3827891
1.3823302
1.3822871
1.3823563
1.382263
1.3829472
1.3821957
1.3828636
1.3823061
1.3821124
1.3829296
1.3833195
1.3822534
1.382123
1.3829187
1.3825511
1.3816956
1.3826013
1.3826443
1.3824744
1.3827912
1.3825973
1.3822082
1.3825458
1.3828139
1.3822324
1.3820633
1.3821373
1.3823441
1.3820561
1.3823483
1.3831841
1.3819985
1.382701
1.3826927
1.3831937
1.382938
1.3824452
1.3824664
1.3821071
1.3816437
1.3822541
1.3825092
1.382735
1.3830538
1.3830558
1.3815999
1.3823813
1.3822898
1.3828766
1.3826065
1.3815562
1.3822246
1.3825827
1.3828411
1.3820946
1.3821021
1.3822222
1.3818363
1.3826691
1.3828804
1.3826343
1.3823236
1.3824719
1.3831345
1.3826383
1.3818196
1.3823081
1.3822839
1.3817372
1.3827353
1.3827252
1.3822263
1.3831966
1.3828038
1.3825014
1.3826015
1.381944
1.3826336
1.3828971
1.3820068
1.383506
1.3827418
1.3826429
1.3822418
1.3824097
1.3824924
1.3825077
1.3822429
1.3821532
1.3815798
1.3820292
1.3828242
1.3822428
1.3832932
1.3812023
1.382148
1.3819135
1.3827807
1.3831307
1.3828328
1.3829687
1.383005
1.3822519
1.3819863
1.3834951
1.3825403
1.3832917
1.3814356
1.3827096
1.3822558
1.3838075
1.3827987
1.3820205
1.3823858
1.3824546
1.3818473
1.3823134
1.3821821
1.383636
1.382407
1.3827589
1.382659
1.3827124
1.3822204
1.3824943
1.3823582
1.3835851
1.3817483
1.3822926
1.3825356
1.3828982
1.3829985
1.3818481
1.3826058
1.3823195
1.3829093
1.3826959
1.3826883
1.3822985
1.382486
1.3823605
1.3819802
1.3825108
1.3826323
1.3827575
1.3826147
1.3815756
1.3831209
1.3826214
1.3825274
1.3821363
1.3836762
1.3829346
1.3819965
1.3825314
1.3823814
1.3822588
1.3819191
1.3833662
1.38227
1.3826752
1.3826139
1.3820058
1.382678
1.3828714
1.3817525
1.3826399
1.3836774
1.3827814
1.3822727
1.3825939
1.384076
1.3829623
1.3827332
1.3825351
1.3816128
1.3823549
1.3827337
1.3822443
1.3833263
1.3818638
1.3823404
1.3824465
1.3822343
1.3822169
1.3818871
1.3824352
1.3830638
1.3830427
1.382384
1.3825122
1.3827484
1.3820801
1.3820375
1.3825217
1.3821942
1.3824774
1.3823265
1.3821466
1.3832299
1.3832229
1.3820616
1.3826078
1.3827208
1.382113
1.3829767
1.3816652
1.3831258
1.3829433
1.3822021
1.3830335
1.382634
1.3824773
1.3827305
1.3831952
1.3822685
1.3829216
1.3835851
1.3832331
1.3823115
1.3831975
1.3828895
1.3819698
1.38243
1.3818846
1.3828433
1.3821634
1.3821762
1.3820941
1.3824631
1.382164
1.3829113
1.3828025
1.3827798
1.3817089
1.382148
1.3824415
1.3828038
1.3825262
1.3824131
1.3826208
1.3821872
1.3823993
1.381615
1.3826557
1.3818947
1.38332
1.3824679
1.382407
1.3828006
1.3832133
1.3818078
1.3822551
1.3824272
1.3822947
1.3818618
1.3817105
1.3831124
1.3816838
1.3818811
1.3826255
1.3824987
1.3822794
1.3828236
1.3820848
1.3827678
1.3823513
1.3824114
1.3825406
1.3824337
1.3823664
1.3817481
1.3826457
1.3821812
1.3829873
1.3822502
1.381824
1.3819011
1.3813423
1.3833519
1.3826176
1.383113
1.3829577
1.3810065
1.3833512
1.3827188
1.381527
1.3823067
1.3829938
1.3823149
1.3824481
1.3835115
1.3820913
1.3815467
1.3820049
1.3817983
1.3828614
1.3822025
1.3823141
1.3815063
1.3825221
1.3828557
1.3821048
1.3832728
1.382659
1.3818173
1.3819774
1.3816603
1.3826988
1.3822138
1.382366
1.3826084
1.3814509
1.3837162
1.3831015
1.3830287
1.3821497
1.3816315
1.3828673
1.3821554
1.3834739
1.3830073
1.38215
1.3828233
1.3825073
1.382411
1.3823652
1.3832146
1.3816147
1.382129
1.3819958
1.382644
1.3827468
1.3831074
1.3825
1.3823227
1.3827837
1.3820632
1.3834847
1.3821677
1.3821326
1.3824117
1.3825502
1.382193
1.38237
1.3815336
1.3825603
1.3822517
1.3822219
1.3817735
1.381524
1.3828121
1.3818225
1.3814389
1.3823115
1.3814563
1.3819605
1.3823414
1.3829316
1.3819541
1.3831269
1.3821052
1.381896
1.3824822
1.3820511
1.3823309
1.3819354
1.3821304
1.3814224
1.3833338
1.3830131
1.3822347
1.3825731
1.3827887
1.3816552
1.3819869
1.38245
1.3828837
1.3827897
1.382335
1.3827995
1.3823161
1.3831849
1.3818438
1.3815777
1.3823632
1.3821102
1.3829015
1.3812692
1.3822329
1.3819119
1.3818612
1.3822135
1.3817754
1.3817021
1.382483
1.3830271
1.3823144
1.3817445
1.383039
1.3826586
1.3827837
1.3823881
1.38193
1.3820676
1.3825473
1.3823283
1.3823063
1.381886
1.3817401
1.3825734
1.3822024
1.3833231
1.3828132
1.3822479
1.3818554
1.3821154
1.3810825
1.3820478
1.3813936
1.3822159
1.3827709
1.3818994
1.3826206
1.3823782
1.382152
1.382247
1.3818942
1.3819895
1.3821335
1.3814065
1.3831867
1.3817434
1.3815224
1.3818704
1.3831164
1.3811053
1.3815538
1.3824449
1.38365
1.3822922
1.3818417
1.3838173
1.3824085
1.3818994
1.381974
1.3820698
1.3822827
1.3825749
1.3826689
1.3818835
1.3831872
1.3822905
1.3820044
1.3825488
1.3822268
1.3814878
1.382203
1.3837231
1.381959
1.3820416
1.3829414
1.3823779
1.3827257
1.3822637
1.3815464
1.3824021
1.3828914
1.3822778
1.382002
1.3820419
1.381875
1.3824358
1.382814
1.3821558
1.3821396
1.3826442
1.3817459
1.3816743
1.3824211
1.3812367
1.382012
1.3826061
1.3825941
1.3824438
1.3819207
1.3824936
1.3817489
1.3814589
1.3817534
1.380971
1.3819643
1.3816622
1.3830124
1.3829311
1.3825376
1.382995
1.3816775
1.3829241
1.3826011
1.3826957
1.3819208
1.3828596
1.3827388
1.3813019
1.3819505
1.381743
1.3818678
1.3826103
1.3822633
1.3824364
1.3822854
1.3811893
1.381362
1.3821898
1.3817706
1.3820379
1.3822798
1.3830353
1.3817828
1.3822234
1.3824914
1.3817958
1.3816853
1.382077
1.3815603
1.3819633
1.3820733
1.3820256
1.3825027
1.3815838
1.3817508
1.3812437
1.3826483
1.3822601
1.3818231
1.382612
1.3823375
1.3813806
1.3818312
1.3812819
1.3835578
1.382109
1.3821777
1.3816174
1.3819888
1.3814594
1.3816868
1.381917
1.3821255
1.3820072
1.3812742
1.382145
1.3820946
1.3820084
1.3835431
1.3819889
1.3811909
1.382444
1.3823936
1.3831019
1.3822834
1.381678
1.3816149
1.3816506
1.383436
1.3826642
1.3824195
1.382605
1.3816404
1.3810288
1.3822757
1.3816508
1.3819716
1.3819577
1.3825617
1.3822482
1.381959
1.3822939
1.3819366
1.3821846
1.3819062
1.3815885
1.3824536
1.382072
1.3823053
1.3814126
1.3830425
1.3828537
1.3824686
1.3821614
1.3820969
1.382428
1.3809631
1.3817912
1.3825718
1.382359
1.3815039
1.3814352
1.382474
1.3829437
1.3823988
1.3818012
1.3826234
1.3827345
1.3823158
1.3824108
1.3827049
1.3816862
1.3824509
1.3820918
1.3820271
1.383039
1.3817828
1.3817135
1.3816684
1.3820322
1.3810822
1.3822635
1.3818228
1.3815589
1.3830105
1.3816346
1.3825356
1.3816187
1.3822856
1.3818306
1.3820752
1.3821663
1.3815655
1.3813742
1.3821064
1.3819149
1.3823584
1.3827902
1.3829261
1.3820047
1.382636
1.3817359
1.3820221
1.3824747
1.3815577
1.3822967
1.3835671
1.3819698
1.3814209
1.3822249
1.3822259
1.3828799
1.3824949
1.3837475
1.3829577
1.382407
1.3816494
1.3821884
1.3810964
1.3820542
1.3825325
1.3817173
1.3815292
1.3816417
1.3828114
1.3831428
1.3833554
1.381059
1.3816175
1.3818616
1.3823181
1.3828803
1.3818115
1.3816323
1.3820393
1.3819522
1.3818352
1.3818884
1.381382
1.3827989
1.381814
1.3815459
1.3814067
1.3830003
1.3831048
1.3814173
1.3809247
1.3826214
1.3812728
1.3818324
1.3822703
1.3825845
1.382783
1.3816694
1.3825073
1.382166
1.3812171
1.381634
1.3837955
1.3824348
1.3812186
1.3814175
1.3806038
1.3817962
1.3819095
1.3814421
1.3815671
1.3820225
1.3818536
1.3825537
1.381517
1.3821778
1.3829565
1.3824525
1.3813481
1.3815422
1.3816035
1.3813273
1.3809566
1.3822489
1.382092
1.3813515
1.382179
1.3820032
1.3818774
1.3815435
1.381976
1.3820398
1.3815495
1.3823841
1.381664
1.3832242
1.3834454
1.3819729
1.3811564
1.3813848
1.3809181
1.3814178
1.38172
1.3817099
1.3835859
1.3826259
1.3812717
1.3820071
1.3821002
1.3818023
1.3818228
1.3823671
1.3827486
1.3825369
1.3817924
1.3812246
1.3817685
1.3824339
1.3819251
1.3829281
1.3824656
1.382614
1.382048
1.3823589
1.3816541
1.3817067
1.3815285
1.3815147
1.3812311
1.3824776
1.382735
1.3826421
1.3808051
1.3822638
1.3816167
1.3823551
1.38081
1.3829948
1.3826482
1.3807424
1.3816713
1.3818203
1.3832414
1.3810648
1.3822699
1.3825802
1.3820456
1.3821888
1.382215
1.3821359
1.3815793
1.3821216
1.3820066
1.3808626
1.3825203
1.3820877
1.3824831
1.3828895
1.3821839
1.3821809
1.3825173
1.3821523
1.3827212
1.3821633
1.3831568
1.3814234
1.3827177
1.3825389
1.3818201
1.381908
1.3825296
1.3819919
1.3823646
1.3823593
1.3817955
1.380945
1.3817074
1.3821188
1.3825985
1.3810563
1.3827347
1.3810573
1.3823735
1.3826982
1.3811301
1.3822485
1.3821751
1.3821815
1.3819727
1.3814069
1.382006
1.3833227
1.3808085
1.3818938
1.3816016
1.3820391
1.3814912
1.3821195
1.3808147
1.3812464
1.3817095
1.3829019
1.380656
1.3815093
1.3820058
1.3818867
1.3815922
1.3827926
1.3815591
1.3816993
1.3816444
1.382102
1.3822808
1.3815392
1.3825859
1.3822783
1.3817898
1.3820977
1.3817903
1.3812126
1.3821628
1.3821826
1.3823675
1.3818529
1.3812475
1.3828069
1.3832301
1.3824124
1.3827645
1.381622
1.3821379
1.3814303
1.3825251
1.3825295
1.3833803
1.3820214
1.3826088
1.381859
1.382105
1.3818079
1.3821647
1.3815502
1.3816513
1.3824143
1.3828351
1.3813664
1.3835826
1.3816276
1.3818855
1.3822198
1.3825217
1.3821908
1.3833438
1.3811399
1.3816533
1.3826237
1.3807272
1.3815006
1.3819423
1.3826466
1.3822
1.3822483
1.3826736
1.3811973
1.3811448
1.3815879
1.3828521
1.382622
1.3812479
1.381953
1.3813524
1.3827559
1.3815824
1.3811493
1.382807
1.3823814
1.3816413
1.3819869
1.3827854
1.3819028
1.3820318
1.381453
1.3813041
1.3824885
1.3807148
1.3822151
1.3813946
1.3810844
1.3809862
1.3816177
1.3818973
1.3821956
1.3830345
1.3813449
1.3821702
1.3820556
1.3820009
1.3823878
1.382066
1.381567
1.3814162
1.3814372
1.3819711
1.3816364
1.3810147
1.3826967
1.381207
1.3819889
1.3810903
1.383047
1.3823564
1.3815197
1.3816178
1.3833892
1.3814192
1.3823982
1.3808118
1.382069
1.3824692
1.3810128
1.382095
1.3800362
1.3811457
1.3806041
1.3830595
1.3817288
1.381953
1.3803922
1.3813072
1.381894
1.3829049
1.3814682
1.3821776
1.3825222
1.3821594
1.3819942
1.3820553
1.3817961
1.3813742
1.380384
1.3818585
1.3811312
1.38099
1.3820728
1.3823744
1.3805201
1.381858
1.3816897
1.3814298
1.3819485
1.3812375
1.3810737
1.3813213
1.3811737
1.3833488
1.3820657
1.3829418
1.3823118
1.3828229
1.3828274
1.3823059
1.3828311
1.3818879
1.3817201
1.381382
1.381663
1.380771
1.3821293
1.3807892
1.3816185
1.3823041
1.3821554
1.3800057
1.3819163
1.3828045
1.3816516
1.3820319
1.3823801
1.3813447
1.3831397
1.381085
1.3820858
1.3812038
1.3812882
1.3808013
1.3827358
1.3827055
1.3812252
1.3816932
1.3810353
1.3824748
1.3812789
1.382381
1.3814737
1.3820828
1.3813789
1.3815888
1.3808947
1.3822151
1.3816555
1.3814692
1.3824255
1.3821685
1.3811437
1.3812399
1.3827823
1.380715
1.3827108
1.3821574
1.3816868
1.381586
1.3808954
1.3808684
1.3826625
1.3812445
1.3823099
1.3810108
1.3823363
1.3820357
1.3817519
1.3825383
1.3817663
1.3818253
1.3815539
1.3823069
1.381231
1.3817112
1.3812703
1.3819116
1.3814598
1.3818626
1.3814414
1.3817188
1.3812885
1.3809938
1.3815031
1.3820547
1.3820206
1.3825941
1.3812937
1.3810989
1.3822216
1.3813747
1.3826575
1.3818052
1.3819597
1.3818458
1.3812981
1.3827358
1.3819084
1.3817555
1.3815525
1.3821992
1.3814249
1.3822246
1.3814747
1.38176
1.3829333
1.3803872
1.3822145
1.383036
1.381448
1.3808235
1.3817675
1.3819445
1.3817745
1.381949
1.3821735
1.3814938
1.3816674
1.3818827
1.3813851
1.3819091
1.383114
1.3822923
1.3826112
1.3820316
1.3828968
1.3808559
1.3821303
1.3812819
1.3811291
1.3806295
1.3819342
1.3809941
1.3815546
1.3814157
1.3817638
1.3809876
1.3812761
1.3810211
1.3821652
1.3823546
1.3823386
1.3816417
1.3818997
1.3817806
1.3827488
1.3814179
1.3814275
1.3814048
1.3813027
1.3811369
1.3820904
1.3824801
1.3826336
1.3814856
1.3810581
1.3817812
1.3829387
1.3820142
1.3822082
1.3823111
1.380741
1.3816218
1.3814999
1.3821701
1.381704
1.3816947
1.3811219
1.3816423
1.3821949
1.3816803
1.3815219
1.3832047
1.3804764
1.3813633
1.380836
1.3811618
1.3820994
1.3813639
1.3810741
1.3818773
1.3816483
1.3808652
1.3815664
1.3823711
1.3825121
1.3817184
1.3810195
1.3822682
1.3825419
1.3812337
1.3820367
1.3813939
1.3811028
1.3821415
1.3832858
1.382186
1.3821803
1.3813838
1.3808873
1.3817844
1.3827398
1.3824551
1.3806328
1.3825489
1.3818183
1.3809474
1.3812563
1.3812128
1.381349
1.3824805
1.3824962
1.3814865
1.3820581
1.3826344
1.3816938
1.3821126
1.381567
1.3826462
1.381668
1.3816049
1.3801293
1.3810458
1.382258
1.3813976
1.3814074
1.3819863
1.3815719
1.3815093
1.381593
1.3830782
1.38212
1.3816503
1.3828077
1.382177
1.3815457
1.3807293
1.3815211
1.3813039
1.3817714
1.3819972
1.3820413
1.3814158
1.3810974
1.3814077
1.3819685
1.3822805
1.3809601
1.3829364
1.38066
1.3815299
1.381458
1.3811733
1.3822659
1.3813308
1.3828535
1.3813443
1.3819019
1.3817602
1.3813244
1.3817574
1.3825102
1.3817014
1.3818966
1.3816923
1.381641
1.3815947
1.3818836
1.3809353
1.3811846
1.3812039
1.3821294
1.3827043
1.3827631
1.3819159
1.3817024
1.3833001
1.3822579
1.38109
1.3821905
1.381598
1.3820678
1.3812433
1.3817785
1.3818153
1.3811458
1.3818566
1.3817403
1.3823206
1.3809738
1.3820925
1.3821896
1.3818474
1.3812833
1.381505
1.381884
1.3819634
1.3811886
1.3811005
1.3809358
1.3816596
1.3804718
1.3825308
1.3807453
1.3821555
1.3811315
1.3816277
1.3813074
1.381474
1.3820355
1.3816838
1.38156
1.3820446
1.3811065
1.3808247
1.3825206
1.3810085
1.3822839
1.3814459
1.3813249
1.3816328
1.380148
1.3807148
1.381189
1.381469
1.3813561
1.3819011
1.3817695
1.3814541
1.3816789
1.3811866
1.3824358
1.3813398
1.3822793
1.3818535
1.3825638
1.3818132
1.3825094
1.3828971
1.3816823
1.3811373
1.382268
1.3822484
1.3824451
1.3824334
1.3818444
1.3818197
1.3823159
1.3821367
1.3826782
1.3817295
1.3811412
1.3801231
1.3818142
1.3813089
1.3822029
1.3811895
1.3832009
1.3816609
1.3805876
1.3810211
1.382145
1.3818122
1.3813277
1.3816668
1.3806425
1.3816375
1.3813858
1.3815581
1.381124
1.3804032
1.3822322
1.3827657
1.3815361
1.3818976
1.3822011
1.3829604
1.3812914
1.3813658
1.3814167
1.382083
1.3823599
1.3805281
1.3816748
1.3813429
1.3816569
1.3813262
1.3819454
1.3800645
1.3828605
1.3828139
1.3806123
1.3815917
1.3822794
1.3821083
1.381336
1.3822082
1.3813484
1.3818316
1.3811455
1.381393
1.3815597
1.3814139
1.3810824
1.3809106
1.3824327
1.3809608
1.382158
1.3813539
1.381592
1.3817749
1.3832741
1.3814632
1.3817515
1.3820899
1.381384
1.3826499
1.3817695
1.380811
1.3803383
1.3830805
1.3814082
1.3808438
1.3817587
1.3821042
1.3808454
1.3822849
1.3804973
1.3813049
1.3818879
1.3818481
1.3809189
1.3823044
1.3827293
1.3820881
1.3823383
1.3810104
1.3817449
1.3823767
1.3819883
1.3827803
1.3825026
1.3807737
1.3827692
1.3816096
1.3819377
1.3818208
1.3827963
1.3813969
1.3811026
1.3827937
1.3818268
1.3804564
1.3806734
1.3815737
1.3814656
1.3813218
1.3819149
1.3816261
1.3816195
1.380951
1.3814569
1.381669
1.380853
1.3823766
1.3805046
1.3822479
1.3803803
1.381642
1.3825839
1.380688
1.3831357
1.3822495
1.381868
1.3831654
1.383021
1.3823087
1.3804255
1.3809987
1.3804538
1.3808335
1.382366
1.3824357
1.381627
1.381988
1.3820797
1.3809288
1.3820835
1.3816127
1.3827358
1.3824238
1.3816217
1.3820424
1.3790437
1.3820813
1.3820131
1.3820753
1.3796493
1.3818506
1.3824866
1.382112
1.3819513
1.3817605
1.3810022
1.3826717
1.3830851
1.3813015
1.3829883
1.3813913
1.3826262
1.3826808
1.3806919
1.3819183
1.3811821
1.382563
1.381802
1.3820176
1.3820019
1.3819908
1.3830475
1.381904
1.382681
1.3827205
1.3809385
1.3819654
1.3826436
1.3821007
1.382017
1.3828872
1.3824733
1.38262
1.3817545
1.3807263
1.3810582
1.3828084
1.3814383
1.3824717
1.382095
1.3822609
1.3825922
1.3798914
1.3816124
1.3823805
1.3819233
1.3811698
1.3825729
1.3807528
1.3823488
1.3805064
1.3814827
1.3821613
1.3809837
1.3820267
1.381519
1.3817147
1.3821949
1.3806796
1.3815092
1.383048
1.3821093
1.3827615
1.3811243
1.3811367
1.3826708
1.3808525
1.3813688
1.382258
1.3817587
1.3807558
1.3820937
1.3808118
1.3809159
1.3817347
1.3815129
1.3809023
1.38246
1.3837484
1.381628
1.382226
1.3817624
1.3808763
1.382133
1.3815982
1.3820124
1.3818461
1.3815967
1.3820484
1.380261
1.3820193
1.3821955
1.3818694
1.3820475
1.3812807
1.3817879
1.3809566
1.38055
1.3805418
1.3808314
1.3820118
1.3816761
1.3820548
1.3810132
1.3817028
1.3823981
1.3828897
1.3825748
1.3826336
1.3816851
1.38226
1.3813367
1.3817718
1.3815159
1.3822197
1.3820919
1.381469
1.3821565
1.3816954
1.3820318
1.3810784
1.380374
1.3812553
1.3809413
1.3812774
1.3813502
1.3818133
1.3821725
1.3817276
1.3815154
1.3815392
1.382184
1.3820895
1.3803247
1.3817836
1.3817894
1.381562
1.3825982
1.3814543
1.3814144
1.380326
1.381657
1.3810663
1.3816676
1.3824042
1.3815783
1.3819019
1.3806964
1.3814902
1.381188
1.3816322
1.379974
1.3820503
1.3822156
1.382289
1.3807733
1.3820721
1.3818501
1.3821927
1.3817472
1.3808113
1.3807809
1.3816767
1.3810395
1.381667
1.3815979
1.3822094
1.3809677
1.3820556
1.3813359
1.3808247
1.3808962
1.382274
1.3820201
1.3808343
1.3820152
1.3826603
1.3804098
1.381333
1.3814691
1.3800287
1.3812423
1.3821384
1.3806365
1.3817929
1.3817389
1.381998
1.3806034
1.381774
1.3821096
1.3811083
1.3808101
1.3816539
1.3818402
1.3807528
1.381972
1.3827394
1.3811051
1.3806914
1.3814458
1.3816735
1.3813473
1.3808254
1.3806659
1.3817797
1.3808552
1.381834
1.3818661
1.3809855
1.3807151
1.3812953
1.3813369
1.3824811
1.3830038
1.3809623
1.3823572
1.3809718
1.3819638
1.3816338
1.3819425
1.381578
1.3819127
1.3807181
1.3816558
1.3816558
1.3807669
1.3814766
1.3798293
1.381102
1.381508
1.3821071
1.3807124
1.381392
1.381129
1.3811655
1.3815669
1.3829186
1.3810481
1.3809291
1.3807266
1.382355
1.3813301
1.3810889
1.3821198
1.3808126
1.3825788
1.3803604
1.3807312
1.3820025
1.3811173
1.3822908
1.3815398
1.3812151
1.3822453
1.381107
1.3820969
1.3818445
1.3821032
1.3819197
1.3813554
1.3818202
1.3818338
1.3808085
1.3815435
1.3814656
1.3816417
1.3823986
1.3821019
1.3821323
1.3807766
1.3813516
1.3808906
1.3832388
1.3809955
1.3802072
1.381918
1.3812965
1.3808291
1.381263
1.3817984
1.3812529
1.3823345
1.381434
1.3808925
1.3820817
1.3814416
1.3800329
1.3804528
1.3816351
1.3811933
1.3818355
1.3809574
1.3802869
1.3816386
1.382184
1.3817818
1.3799055
1.382489
1.3818309
1.3824829
1.3813679
1.3825084
1.3817929
1.3823233
1.3814168
1.3800741
1.381747
1.382086
1.3816572
1.382381
1.381417
1.3821142
1.380885
1.3812394
1.380034
1.3808273
1.3831077
1.3814567
1.381777
1.3827832
1.3818612
1.3824319
1.3818741
1.3815714
1.3808119
1.3814389
1.3815352
1.3813182
1.3815622
1.3796381
1.3808123
1.382796
1.3809394
1.3819324
1.3816887
1.3810275
1.3813759
1.3811343
1.383015
1.3816752
1.3821393
1.3801852
1.382165
1.3822521
1.3817781
1.3799622
1.3798149
1.3821802
1.3826637
1.3825113
1.3812704
1.3815968
1.3822956
1.3806012
1.3818021
1.3817546
1.382156
1.3805743
1.3817917
1.3803868
1.3818046
1.381786
1.3810446
1.3809983
1.3805367
1.3811991
1.380517
1.381489
1.3809806
1.3811942
1.3806099
1.3820511
1.3813322
1.3818084
1.3816291
1.3807143
1.3815075
1.3813925
1.3806247
1.3811997
1.3816075
1.3815856
1.3826718
1.38153
1.3820785
1.3805637
1.3816887
1.381513
1.3818231
1.3812947
1.3823233
1.3817759
1.3815088
1.3818169
1.381089
1.3831588
1.3820151
1.3816535
1.3806567
1.3805724
1.3823333
1.381414
1.3804282
1.3817219
1.3811321
1.3817356
1.3821565
1.3808618
1.3815641
1.3818003
1.3811772
1.381367
1.3811909
1.3822922
1.3808578
1.3827355
1.381193
1.3811257
1.3823075
1.380744
1.380448
1.3811144
1.3819387
1.3810437
1.3819814
1.3809546
1.3812658
1.3807205
1.3820198
1.3796921
1.38182
1.3805515
1.3825332
1.3808441
1.3808534
1.3819717
1.3820423
1.3803033
1.3811661
1.3819132
1.381506
1.3816693
1.3808802
1.3813912
1.3818681
1.3816088
1.3806118
1.3810902
1.3807415
1.3823189
1.3815298
1.3804744
1.3825
1.3823491
1.3805258
1.3818775
1.3810147
1.3809825
1.381352
1.3818083
1.3807783
1.3810064
1.3819252
1.3805926
1.3820492
1.382173
1.3799127
1.3814471
1.3800294
1.380938
1.3824462
1.3803873
1.3815216
1.3808095
1.3806611
1.3805739
1.381256
1.3811418
1.3797166
1.3821887
1.3816113
1.3814573
1.3813417
1.3810666
1.3805842
1.3817791
1.3808591
1.3816506
1.3814722
1.3813366
1.3812025
1.3800427
1.3814905
1.3804165
1.3831344
1.3819613
1.3809019
1.3804516
1.3807803
1.3798648
1.3829142
1.3817298
1.381874
1.3814982
1.3813156
1.3802366
1.382043
1.3805748
1.3813013
1.3802733
1.3801602
1.3799906
1.3805708
1.381226
1.3814764
1.381244
1.3827084
1.3809385
1.3813455
1.3804617
1.3818783
1.3823755
1.3821677
1.3814198
1.381077
1.3815343
1.3812808
1.3818094
1.3811268
1.381243
1.3814706
1.3808835
1.3830411
1.381036
1.3808056
1.3825992
1.3809131
1.3800007
1.3822417
1.3808016
1.3832005
1.3825364
1.3816844
1.3795716
1.3808757
1.3816407
1.3805952
1.3809556
1.3808584
1.3804876
1.3810178
1.3817264
1.3812057
1.3814944
1.3804777
1.380751
1.3812032
1.3813357
1.3819315
1.380779
1.381105
1.3825585
1.3826977
1.3800875
1.3808857
1.3815539
1.3806903
1.3815985
1.3811989
1.3806846
1.382016
1.3808578
1.380587
1.3812028
1.3819331
1.381326
1.3813928
1.3821942
1.3814087
1.3817798
1.3804431
1.3825842
1.3815074
1.3813305
1.3817503
1.3806918
1.3813064
1.3807683
1.3823578
1.3814968
1.3797963
1.3801615
1.3814955
1.3806068
1.3802662
1.3813959
1.3806748
1.3816395
1.3808712
1.3798798
1.3816794
1.3803726
1.3820528
1.3818548
1.3798404
1.3822165
1.3815956
1.3817582
1.3813317
1.3817047
1.3798081
1.3810079
1.3797957
1.380987
1.3804346
1.3821566
1.3813541
1.3801602
1.3817364
1.380473
1.3809726
1.3810803
1.3818325
1.3820844
1.3818026
1.3806267
1.3811288
1.381054
1.3814754
1.3796562
1.3814577
1.3812574
1.3808928
1.3821168
1.3817519
1.3813242
1.3806373
1.3820353
1.3797668
1.3800868
1.3817381
1.3809819
1.3828087
1.3798165
1.3814579
1.3820567
1.3808342
1.3817143
1.3820509
1.381053
1.3804601
1.3800539
1.3813143
1.3805883
1.3801864
1.3811203
1.3807404
1.3818592
1.3821892
1.3818296
1.3812978
1.382311
1.3819607
1.3816133
1.3812667
1.3806354
1.3801061
1.3821999
1.3811487
1.3802403
1.3827244
1.379906
1.3801208
1.3804876
1.3802656
1.3808396
1.3810289
1.3810563
1.3809286
1.3818269
1.3820428
1.3801496
1.3818586
1.3831849
1.3815169
1.3806101
1.3808138
1.3804985
1.3798457
1.3802756
1.3806674
1.3813257
1.3812705
1.3817714
1.3809257
1.3807361
1.3806998
1.3815813
1.3810267
1.3805391
1.3795925
1.3816957
1.3818957
1.3805923
1.3819267
1.3817321
1.3807377
1.3819783
1.3813028
1.3809539
1.3806503
1.3815321
1.3819895
1.3811787
1.3799012
1.3813165
1.3813583
1.3824309
1.3803126
1.3815156
1.3810943
1.3819947
1.3815262
1.3815725
1.3799766
1.3803859
1.3812202
1.3807573
1.3811002
1.380595
1.3807319
1.3814068
1.3809803
1.3805181
1.3810172
1.3806616
1.3815743
1.3800375
1.3810244
1.380497
1.381079
1.3810809
1.3820742
1.3815317
1.3811041
1.3815074
1.3820263
1.380766
1.3813761
1.3812536
1.3811314
1.3819537
1.3811481
1.3823556
1.3804094
1.3809347
1.381001
1.3802824
1.3807328
1.3806648
1.3792733
1.3812039
1.3809079
1.3807268
1.3804573
1.3830673
1.3799621
1.3812599
1.3813779
1.3804272
1.3807582
1.3811966
1.3805432
1.3796874
1.3810638
1.3808413
1.3799489
1.3795863
1.3832618
1.381664
1.3802551
1.3819759
1.3823009
1.3798947
1.3804522
1.38179
1.3828033
1.3814944
1.381506
1.3810029
1.3796321
1.3811055
1.3799852
1.3823404
1.3807188
1.3814086
1.3816781
1.3809967
1.3818302
1.3820066
1.3809912
1.3804764
1.3809488
1.379558
1.3814306
1.3818192
1.3803004
1.3813072
1.3810598
1.3814428
1.3826469
1.3823099
1.3805041
1.3813257
1.3802642
1.3802385
1.3800958
1.3810333
1.3803322
1.381319
1.3820326
1.3813739
1.3786911
1.3798108
1.3805851
1.3813778
1.381484
1.3814288
1.3816735
1.3801947
1.3817303
1.3821974
1.3806403
1.3809603
1.3804903
1.3803355
1.38187
1.3816758
1.3824587
1.379757
1.3810295
1.3800806
1.3808846
1.3816755
1.3790585
1.3815823
1.3821062
1.3824645
1.3811804
1.3809848
1.3806295
1.3813798
1.3812553
1.380259
1.3813152
1.3803904
1.3800539
1.3819507
1.3819789
1.3812829
1.3816068
1.3802077
1.380179
1.380154
1.3804183
1.381526
1.3809974
1.3813118
1.3801903
1.3813785
1.3798383
1.3814921
1.3813505
1.3811843
1.3814222
1.3809991
1.3797739
1.3826505
1.3815391
1.3814667
1.3811455
1.3825407
1.3813748
1.381933
1.3809664
1.3802022
1.3801944
1.3800197
1.3816825
1.3792436
1.3817695
1.382495
1.3796446
1.3815427
1.3811357
1.3809977
1.3820711
1.3829417
1.3822216
1.3809849
1.3801035
1.3805662
1.3812428
1.379835
1.3813274
1.3813413
1.381413
1.3800122
1.3804017
1.3796302
1.3802559
1.3820335
1.3808657
1.3826655
1.3810184
1.3802223
1.3804982
1.3794471
1.3814039
1.3812523
1.3804018
1.3796341
1.3789837
1.3816515
1.3808178
1.3800073
1.3797845
1.3809277
1.3812753
1.3811903
1.381063
1.3827854
1.3818786
1.3805557
1.380622
1.3802971
1.3801048
1.3803626
1.3812158
1.3819596
1.3806432
1.3802799
1.3822935
1.3805588
1.3813946
1.3787493
1.3810043
1.3803982
1.3815398
1.3812672
1.3808246
1.3809353
1.3811265
1.3814027
1.3804326
1.3810251
1.3803623
1.3800615
1.3804379
1.380587
1.3812317
1.3811419
1.380429
1.3826448
1.3827821
1.3805095
1.3831773
1.3809068
1.3814634
1.3806545
1.3804369
1.3802675
1.3802221
1.3818737
1.3803605
1.38164
1.381348
1.3812813
1.3807642
1.3818823
1.3801208
1.3822229
1.3803303
1.3803532
1.3818171
1.3809621
1.3815657
1.3809524
1.3801525
1.3810099
1.3824707
1.3806931
1.3813823
1.379736
1.3814007
1.3823141
1.3811401
1.3798525
1.3807676
1.3816489
1.3811233
1.3818679
1.3821899
1.3810166
1.3805465
1.3821571
1.3810735
1.3805611
1.3801657
1.3808367
1.3803148
1.3809606
1.3804023
1.3816904
1.3822615
1.3809462
1.3809824
1.3816509
1.38057
1.3832431
1.380826
1.3806823
1.3804749
1.3815078
1.3815637
1.3809773
1.3802478
1.3801384
1.3814492
1.38181
1.3810264
1.3814596
1.3827147
1.381671
1.3812058
1.3810581
1.380644
1.3808445
1.3812864
1.3821762
1.3814567
1.3822718
1.3805845
1.3809779
1.3814768
1.3811766
1.3811076
1.3812796
1.3812459
1.3807003
1.3817894
1.3810327
1.3797394
1.3802404
1.3818796
1.3807588
1.380987
1.3801974
1.381377
1.3801806
1.3803399
1.3807735
1.3797176
1.3801838
1.3813624
1.3813181
1.3803067
1.3799759
1.3802294
1.3812045
1.3808317
1.3799183
1.3816534
1.3799119
1.3806049
1.3803397
1.379565
1.3799242
1.380471
1.3816532
1.3817816
1.3805802
1.3815762
1.3803512
1.3805108
1.3813542
1.3793703
1.3808303
1.3809639
1.3821216
1.3811452
1.3809569
1.3806217
1.3813465
1.3806453
1.3820009
1.3815261
1.3789431
1.3808464
1.3795198
1.3808129
1.3810034
1.3807945
1.3807404
1.3794935
1.3811032
1.3817371
1.3806088
1.3796244
1.3797684
1.3816779
1.380037
1.3816271
1.3815382
1.3811114
1.3823396
1.3819393
1.382377
1.3810577
1.3811907
1.3839341
1.3819278
1.3815259
1.3812801
1.3821893
1.3816801
1.3804656
1.3804896
1.3808423
1.3815291
1.3805774
1.380019
1.381707
1.3824811
1.380732
1.3812884
1.3808324
1.3811225
1.3798926
1.3816061
1.3813089
1.3816402
1.3795408
1.3807997
1.3820553
1.3806933
1.3809581
1.380109
1.3809748
1.3814263
1.380508
1.3801311
1.3807606
1.3805505
1.3823887
1.3813579
1.3826649
1.3825688
1.3818611
1.381316
1.3797458
1.3811811
1.3806448
1.3823246
1.3836472
1.3809662
1.3810695
1.3802694
1.380454
1.3814251
1.3814158
1.3793865
1.3811867
1.3810016
1.3800293
1.3803047
1.3808609
1.3793589
1.3810142
1.3803322
1.3810842
1.3807526
1.3806117
1.3807918
1.3820959
1.381451
1.3806908
1.3805122
1.3815584
1.3804146
1.3800453
1.3809323
1.3808072
1.3815857
1.3816038
1.379171
1.3810517
1.3800039
1.3806467
1.3822095
1.3799233
1.3821536
1.3806789
1.3810656
1.3803676
1.3824205
1.38018
1.3813194
1.38121
1.3814892
1.3810396
1.3810629
1.3817505
1.3828684
1.3810517
1.3799698
1.3798773
1.381047
1.3802938
1.3806866
1.3804725
1.3826772
1.3806455
1.380731
1.3819385
1.3812517
1.3825519
1.3799036
1.3812964
1.3814573
1.3804402
1.3806361
1.3803425
1.3807445
1.3799478
1.3805029
1.382554
1.3792715
1.3808087
1.3798848
1.380863
1.3796972
1.3817477
1.381029
1.3801686
1.3813672
1.3803371
1.3800963
1.3804877
1.3817735
1.3814561
1.3817577
1.3825097
1.3804208
1.381224
1.3814873
1.3803513
1.3815266
1.3816825
1.3811327
1.3815197
1.3823614
1.3803895
1.3808565
1.3820918
1.3813517
1.3806667
1.3816162
1.3806837
1.3807129
1.3804007
1.3807945
1.3825235
1.3800725
1.3808413
1.3813978
1.380119
1.3814412
1.3810712
1.3821845
1.3806126
1.381052
1.3794401
1.3808314
1.3799157
1.3800416
1.3804114
1.3794776
1.3814076
1.3819672
1.381622
1.3814594
1.3803405
1.3801209
1.3818129
1.3797901
1.380423
1.3794686
1.3808113
1.3817807
1.3800092
1.3805819
1.3824798
1.3803235
1.3810854
1.3811545
1.3808118
1.3804411
1.3808178
1.3812109
1.3807473
1.380514
1.3811035
1.3820461
1.3805985
1.3825655
1.3799756
1.3806236
1.3818997
1.3799716
1.381309
1.3794206
1.3812386
1.3796517
1.381615
1.3809307
1.3804684
1.3809118
1.3816681
1.3801296
1.3801628
1.3809197
1.3794174
1.3808602
1.381926
1.382418
1.3805933
1.381847
1.3798323
1.3796324
1.3814933
1.3807027
1.3794374
1.3801442
1.3811874
1.3807838
1.3808023
1.3806486
1.3808627
1.3806003
1.3813512
1.3820738
1.3801025
1.3820055
1.3799927
1.3811092
1.3811325
1.381155
1.3803345
1.3805878
1.381011
1.3806596
1.3802543
1.3795303
1.3822342
1.3819252
1.382105
1.3818451
1.3801212
1.3809063
1.3811649
1.3811127
1.3826559
1.3805987
1.3806515
1.3810091
1.381385
1.3795017
1.3807454
1.3800131
1.3806953
1.380741
1.380752
1.3805373
1.381739
1.3822839
1.3811561
1.3800234
1.3791878
1.3805295
1.3806989
1.3792906
1.3803381
1.3786236
