1.384
1.3974541
1.3532538
1.3778622
1.3833861
1.3791811
1.3821249
1.3720717
1.3853441
1.3801991
1.3778688
1.388665
1.3960052
1.3906871
1.3921955
1.3912938
1.3903401
1.3964211
1.397764
1.3956246
1.3952
1.3882861
1.3928158
1.3918761
1.3976978
1.3887591
1.3900906
1.3890485
1.3892646
1.388051
1.3891343
1.388268
1.3904384
1.3888674
1.3846705
1.389027
1.3903108
1.3861966
1.3856827
1.3865107
1.3883016
1.3860356
1.3853688
1.3857692
1.3908023
1.3855132
1.3882093
1.3889283
1.3867146
1.3845919
1.3864408
1.3907851
1.386013
1.3828433
1.3907784
1.3863505
1.3828243
1.3824717
1.3837808
1.3850952
1.3938733
1.3835692
1.3851532
1.3802118
1.3830596
1.3850572
1.3916832
1.3824563
1.3835776
1.3875068
1.3818923
1.3891557
1.3884177
1.3877124
1.3851498
1.3821084
1.3806667
1.3844658
1.3789929
1.387453
1.3870229
1.3858618
1.3886259
1.390117
1.3875252
1.3832092
1.3891233
1.3825384
1.3802488
1.3834157
1.3834354
1.3866597
1.3787888
1.3859595
1.3801229
1.3857961
1.3907868
1.3842417
1.3821439
1.3856306
1.3820819
1.3800246
1.3827981
1.3923934
1.3910232
1.3822188
1.385747
1.3866564
1.380621
1.3848795
1.3828983
1.3834547
1.3842667
1.3834722
1.3807704
1.3869603
1.3801454
1.3862693
1.384326
1.3770787
1.385349
1.386284
1.3833151
1.3862518
1.3914411
1.3798523
1.3859138
1.3873852
1.3842647
1.3888248
1.3815202
1.3833919
1.3809544
1.3816813
1.3795286
1.3814956
1.3872747
1.3874962
1.3861411
1.3846862
1.3794426
1.3802211
1.3859036
1.3825
1.3839349
1.388278
1.3868895
1.3831012
1.3833263
1.3800975
1.3823051
1.3892151
1.3831205
1.3820745
1.3881456
1.3791662
1.3850918
1.3862715
1.384196
1.3830951
1.3811657
1.3791845
1.3807688
1.3794606
1.3877028
1.3815441
1.3789983
1.3856837
1.3710974
1.3814783
1.3854268
1.380521
1.3813946
1.3837271
1.3862975
1.391015
1.3870277
1.379688
1.3908484
1.3737067
1.3812213
1.3806773
1.3850088
1.385411
1.3850176
1.378042
1.3754189
1.3861842
1.3865496
1.3821512
1.3811127
1.3831778
1.3834492
1.3809685
1.3763825
1.3815491
1.375751
1.3866833
1.3798444
1.3848335
1.3833636
1.3880732
1.381389
1.3791995
1.3810565
1.3814615
1.386805
1.3822348
1.3783022
1.3858614
1.3829335
1.3839417
1.3844428
1.3894212
1.3827566
1.386768
1.3796979
1.3850561
1.3838352
1.3838738
1.3796402
1.382889
1.3880848
1.3817701
1.3814509
1.380699
1.3866571
1.3858888
1.3774327
1.3837847
1.3845991
1.3845495
1.3793999
1.3861817
1.3868616
1.380077
1.3861085
1.3869414
1.3889945
1.381861
1.3816324
1.3856459
1.3790524
1.3864025
1.3770348
1.3803401
1.3818191
1.3863789
1.3820565
1.3905178
1.3832132
1.385265
1.3879551
1.3808755
1.3862497
1.3832273
1.3778886
1.3910068
1.3878163
1.3823938
1.3878474
1.384781
1.3878256
1.3857726
1.3846493
1.3848764
1.3829265
1.3878012
1.3808734
1.3840673
1.3802334
1.3854482
1.3853154
1.3873858
1.3813328
1.3854121
1.3804209
1.3831744
1.3836757
1.3856164
1.3821231
1.3854342
1.3876017
1.3831902
1.3837358
1.3796266
1.3832655
1.3827097
1.3788159
1.3892928
1.3847135
1.3885603
1.383936
1.382412
1.3829418
1.3861984
1.3874283
1.3892584
1.3786283
1.3881923
1.3853136
1.3767977
1.3848726
1.383888
1.3803887
1.3802934
1.3867663
1.3796511
1.385423
1.3888656
1.3761668
1.3818274
1.3859189
1.3817223
1.376242
1.385957
1.3819386
1.3874341
1.386127
1.3864758
1.3811337
1.3852557
1.3829585
1.3840659
1.3886234
1.381275
1.3834199
1.3802205
1.3813741
1.3864986
1.3815455
1.3829352
1.3844416
1.3859555
1.3866514
1.3882445
1.3858957
1.3827934
1.3831418
1.3886794
1.3816869
1.3833971
1.3819104
1.3861947
1.3839377
1.3826075
1.3880519
1.3823813
1.3860726
1.3859428
1.3828409
1.3808854
1.3847387
1.3822446
1.3786926
1.3850678
1.3829975
1.3817137
1.3858643
1.3818043
1.3815367
1.3802619
1.3843567
1.3820021
1.3817964
1.3785833
1.3893136
1.3838066
1.385467
1.3805964
1.3861766
1.3818821
1.3870112
1.3841306
1.3830405
1.380475
1.3815573
1.3811967
1.3808546
1.3872083
1.3833143
1.3785194
1.3843235
1.3856637
1.3871759
1.3880674
1.3795105
1.3819977
1.3810406
1.3835522
1.389037
1.3855132
1.3873535
1.3829418
1.391891
1.3819507
1.380708
1.384539
1.3840774
1.3756673
1.3834646
1.3828534
1.3870738
1.3822061
1.3919159
1.383593
1.3855581
1.3853139
1.3822149
1.384315
1.3804643
1.3865963
1.3892095
1.3806156
1.38547
1.3875414
1.3873134
1.3902922
1.3849554
1.3794144
1.3795375
1.3828554
1.3882247
1.3881668
1.3877515
1.3913943
1.3830708
1.3847005
1.3782269
1.3818548
1.3880432
1.3845234
1.3857783
1.3870469
1.3821269
1.3888035
1.385254
1.385287
1.3800559
1.3794025
1.3858361
1.3825423
1.387305
1.3904244
1.3778363
1.3869635
1.383702
1.3828301
1.380954
1.3826966
1.3831936
1.3914411
1.3865924
1.3861592
1.3834314
1.3807468
1.3817525
1.3833997
1.3812528
1.3830669
1.3847173
1.3789502
1.381655
1.3774674
1.3854913
1.3844398
1.3842802
1.3861214
1.3855646
1.3841702
1.3820789
1.3900251
1.3866416
1.3837525
1.3801078
1.3815851
1.3839464
1.3865535
1.3823538
1.3857113
1.3892281
1.3767196
1.3829776
1.3854927
1.3800199
1.3838794
1.3819723
1.3830473
1.381378
1.3878641
1.3874086
1.3816307
1.3784434
1.3883944
1.3803905
1.3906548
1.3837179
1.38246
1.3859468
1.3867698
1.3835503
1.3847584
1.380623
1.3769937
1.3868996
1.3889115
1.3837521
1.3850739
1.383544
1.3874546
1.3852481
1.3821703
1.3870134
1.3760366
1.3790293
1.3863733
1.3801827
1.384453
1.3828157
1.382716
1.3864864
1.3837085
1.3829619
1.3822423
1.3889092
1.3847054
1.3840374
1.3823413
1.3851641
1.381664
1.389077
1.3830881
1.3820386
1.3831402
1.3895916
1.3910458
1.379886
1.3819913
1.3796791
1.3805131
1.387988
1.3844678
1.3900094
1.3834869
1.3839146
1.3835915
1.3904548
1.3884331
1.3835299
1.3847212
1.392345
1.3894287
1.3903708
1.3860455
1.3855509
1.3835198
1.384659
1.3882287
1.3805137
1.3832504
1.3778503
1.3803426
1.3802792
1.3830143
1.3888118
1.3876933
1.3883816
1.386674
1.3810177
1.3831748
1.386623
1.3870295
1.3846769
1.3842884
1.382136
1.3790245
1.3852342
1.3814268
1.3809732
1.3815447
1.3885275
1.383808
1.3850132
1.3827844
1.3851349
1.38173
1.3857865
1.3820388
1.3824205
1.3892239
1.3840287
1.3848083
1.3868265
1.3821182
1.3875515
1.3838527
1.3866194
1.3872215
1.3861281
1.3874435
1.3908533
1.38766
1.3783112
1.3810421
1.3820436
1.3842192
1.3851674
1.3762121
1.3841349
1.386709
1.3814238
1.3838644
1.3832468
1.3859969
1.3873335
1.3874173
1.3874938
1.3885022
1.3910513
1.38302
1.3896221
1.3910418
1.3829056
1.3866347
1.3837236
1.3803169
1.379898
1.3884436
1.3880159
1.3836248
1.3852085
1.3801736
1.3846002
1.3835471
1.3820206
1.3916324
1.3874408
1.38488
1.3869164
1.3877372
1.38447
1.385095
1.3856936
1.3815991
1.3833317
1.3892765
1.3885992
1.3875031
1.3837289
1.3802944
1.3854195
1.381382
1.390578
1.3847219
1.3847747
1.3853332
1.3842783
1.3843539
1.3855196
1.3821757
1.3948672
1.388512
1.3838193
1.3818723
1.3819436
1.3858423
1.3782791
1.3863767
1.3895419
1.386311
1.3847309
1.3846773
1.3855082
1.3834614
1.3907554
1.3846573
1.381688
1.3839655
1.3868269
1.3904701
1.3789676
1.3859476
1.3858696
1.3843933
1.3823909
1.3893715
1.3837734
1.3864516
1.3847208
1.3865426
1.3814336
1.3809991
1.3865588
1.3888137
1.3862815
1.380677
1.3901503
1.3798351
1.3890638
1.3865976
1.3828629
1.3865391
1.3814206
1.3892298
1.3848301
1.3828592
1.3841125
1.3832792
1.3882396
1.3833632
1.3884821
1.3895899
1.3798748
1.3877535
1.3884822
1.3906374
1.3853321
1.3786064
1.3897469
1.3801273
1.384647
1.3870796
1.3900374
1.3853093
1.3844794
1.3836948
1.3812437
1.385963
1.3853108
1.3851398
1.3910327
1.3846874
1.3828901
1.3890915
1.3841735
1.3873098
1.3868126
1.3921278
1.3879118
1.3823358
1.3844043
1.3849298
1.391457
1.383166
1.3901434
1.3869823
1.38644
1.3827188
1.3847662
1.3850132
1.3834856
1.3827747
1.3847388
1.3802956
1.3787781
1.3867851
1.3875716
1.3899513
1.381353
1.3812749
1.3877681
1.3827305
1.3869988
1.3840021
1.3842423
1.3839407
1.3823875
1.3873701
1.3895434
1.3779608
1.3827429
1.391138
1.3832083
1.3901838
1.3852597
1.3883206
1.3840106
1.3840746
1.3848883
1.384458
1.3830379
1.3821354
1.3808185
1.3874173
1.3898205
1.3876185
1.3874453
1.3849472
1.38342
1.383785
1.3873032
1.3888412
1.3856592
1.3869268
1.3938576
1.3880659
1.3878653
1.3866196
1.3812332
1.3883392
1.3851887
1.390245
1.3835694
1.3922828
1.388597
1.3895504
1.3894507
1.3894242
1.3780432
1.3851391
1.3866092
1.3877472
1.3851942
1.3870744
1.3852407
1.3923192
1.3895968
1.3873907
1.3866205
1.3885361
1.3810593
1.3868408
1.3902553
1.3789489
1.3851082
1.3805476
1.3849311
1.3867619
1.3840222
1.3826761
1.3887061
1.3828453
1.3828634
1.3776401
1.3889748
1.3908526
1.3835194
1.3867476
1.3918024
1.3810415
1.3876495
1.3879328
1.3867381
1.3895106
1.3860235
1.3863754
1.3836532
1.3807037
1.3857558
1.3852707
1.3800927
1.389846
1.3929324
1.386177
1.3875784
1.3875899
1.3835629
1.387245
1.3864088
1.3830646
1.3865892
1.3838086
1.3824044
1.3848698
1.3847016
1.382975
1.3795434
1.3817503
1.3880231
1.384726
1.3891445
1.3839866
1.3822488
1.3920537
1.3834865
1.3882275
1.3865049
1.3844887
1.387728
1.3835214
1.3877785
1.38327
1.388184
1.3837016
1.3857647
1.3816044
1.3881319
1.38126
1.3825506
1.3839407
1.3801696
1.389229
1.3793534
1.3881878
1.3862263
1.3884839
1.381765
1.3867681
1.3840457
1.3840451
1.3851932
1.3867593
1.3837485
1.3844436
1.3880787
1.387072
1.3858414
1.3883089
1.3846123
1.3890448
1.3848906
1.3891307
1.3877027
1.3854362
1.3814456
1.3874531
1.3827304
1.3882872
1.38731
1.3864977
1.3845001
1.3884825
1.3869038
1.3792408
1.386261
1.3847142
1.3814297
1.3804646
1.3824968
1.3814112
1.3837388
1.3882836
1.3896146
1.3852346
1.3887054
1.3925283
1.3828899
1.3880306
1.3846059
1.3875662
1.3899411
1.3887354
1.384201
1.3893099
1.3830578
1.3837779
1.3880314
1.3826838
1.3840008
1.3870354
1.3841053
1.3855547
1.3825626
1.3918158
1.3795693
1.383139
1.380506
1.3876253
1.3862711
1.3859888
1.3892593
1.3894312
1.3829172
1.3874419
1.3867149
1.3859776
1.3852547
1.3853972
1.3891808
1.3856107
1.3855543
1.3821801
1.3882666
1.3901364
1.3863597
1.3885044
1.385831
1.3849696
1.3852227
1.3816316
1.382963
1.3862226
1.3886347
1.3855267
1.3878635
1.3835797
1.3776066
1.3840278
1.3884821
1.3820748
1.3860971
1.3918189
1.3863916
1.3858196
1.3867382
1.3892978
1.3868049
1.3867192
1.3877863
1.383289
1.3805176
1.3883853
1.3889561
1.3859504
1.38405
1.3868731
1.3914114
1.3775423
1.388047
1.3785549
1.3864403
1.3816252
1.391544
1.3846039
1.386356
1.3836482
1.3855765
1.3839611
1.3840121
1.3826971
1.3884605
1.3840138
1.3844885
1.3858492
1.392473
1.3825616
1.3892457
1.3903574
1.383748
1.3909801
1.3889208
1.3879359
1.381119
1.3876225
1.3889667
1.3814604
1.3873239
1.3869855
1.3873999
1.3912166
1.3831383
1.383929
1.3878449
1.3827546
1.3794363
1.392411
1.384171
1.3884201
1.3883928
1.3809952
1.3862506
1.383499
1.3910081
1.3826278
1.3884584
1.3836898
1.3822533
1.3940505
1.3867327
1.3780152
1.3918253
1.388019
1.390952
1.3816061
1.3888618
1.3869627
1.3820603
1.3790897
1.3858994
1.3816046
1.3869549
1.3828297
1.3835535
1.3838744
1.3955859
1.3861799
1.3905702
1.3764879
1.38358
1.3830267
1.3868525
1.3843461
1.3862416
1.3884083
1.3900187
1.3879162
1.3886479
1.3911507
1.3884661
1.3882127
1.3884625
1.3809084
1.3841623
1.3830011
1.3865744
1.3856523
1.3853782
1.3876
1.3815136
1.3814065
1.3842344
1.39025
1.389582
1.3812435
1.3855858
1.3881321
1.383469
1.3887247
1.389188
1.3872013
1.3899628
1.3880972
1.3864663
1.382562
1.3864453
1.3848524
1.3860339
1.38373
1.3849995
1.3928995
1.3891202
1.39218
1.3797808
1.3808928
1.3884428
1.3834321
1.3848156
1.3853223
1.3899235
1.3880973
1.381566
1.3830537
1.3876985
1.3795483
1.3842045
1.3845955
1.3870672
1.38817
1.3840673
1.3828039
1.3862873
1.3809004
1.3857718
1.3888402
1.3927628
1.382497
1.3906428
1.380216
1.3831807
1.3861343
1.3844397
1.3901211
1.3852937
1.3878464
1.3907158
1.3853155
1.384352
1.383261
1.385499
1.3893807
1.3886614
1.3773489
1.3900061
1.3905691
1.3823436
1.3863429
1.3772433
1.3883847
1.3796015
1.3839959
1.383102
1.389064
1.384016
1.3846093
1.38759
1.3900324
1.3906673
1.3829983
1.3858538
1.3922404
1.3884933
1.391193
1.3899986
1.3829533
1.3873651
1.382424
1.3848358
1.3927723
1.3901206
1.3895874
1.3928581
1.3864527
1.3832941
1.3779688
1.3794127
1.3820792
1.3834354
1.3909458
1.3877792
1.3879105
1.3859429
1.3773082
1.3855293
1.3914685
1.3819994
1.3907531
1.385674
1.3868062
1.3835369
1.3838276
1.3837507
1.3811104
1.3793738
1.3820921
1.3884304
1.3904363
1.3884176
1.380991
1.381294
1.3878672
1.381988
1.3814071
1.3835688
1.3873466
1.3829291
1.3906746
1.3846732
1.3846971
1.3904254
1.3837287
1.3886784
1.3825947
1.3891319
1.3913145
1.3891329
1.382255
1.385382
1.3824849
1.38282
1.3936254
1.3863621
1.3884776
1.3815413
1.3872108
1.3860582
1.3878571
1.3847871
1.3799233
1.3872095
1.386227
1.3860291
1.3860725
1.3897207
1.3835675
1.3859961
1.388748
1.3835282
1.3852987
1.3859898
1.3863387
1.3854793
1.3884573
1.3850262
1.3878329
1.3878871
1.3812598
1.3813658
1.3860611
1.3847532
1.3802938
1.3851731
1.38333
1.3900807
1.388568
1.3858379
1.3860954
1.3907691
1.386988
1.3836737
1.3862927
1.3783787
1.3885405
1.3849336
1.3843998
1.3855022
1.3797104
1.3848356
1.3905274
1.378239
1.3859025
1.3772066
1.3860673
1.3799787
1.3853147
1.3869823
1.3838373
1.3829933
1.3912153
1.383974
1.3929611
1.3898329
1.3849001
1.3864956
1.3853362
1.3815866
1.3821862
1.3860531
1.3849416
1.3812487
1.3816811
1.3863654
1.3840882
1.3818806
1.3820636
1.3859854
1.3852453
1.3818662
1.388252
1.3830408
1.384631
1.381192
1.3869594
1.3869172
1.3859118
1.3831615
1.3881547
1.3823123
1.3755925
1.3883934
1.3867763
1.3869232
1.379763
1.3842818
1.3812526
1.38455
1.3808618
1.3861301
1.3856105
1.3870263
1.3897107
1.3813399
1.3841763
1.382085
1.3821025
1.3805388
1.3867416
1.3803226
1.3845488
1.3862306
1.3881322
1.3795093
1.3866879
1.3859555
1.3862473
1.3882264
1.3843426
1.3863435
1.3858726
1.3847573
1.3847306
1.3819325
1.3827031
1.383558
1.3851578
1.3781781
1.3854793
1.3868357
1.3903162
1.3859991
1.3807806
1.390868
1.3805743
1.3795894
1.3851345
1.3807138
1.386112
1.3874627
1.3841352
1.3863128
1.3828866
1.3846058
1.3860165
1.3861276
1.3792112
1.3855836
1.3888181
1.3878021
1.382671
1.3815124
1.3846909
1.3888692
1.3841183
1.3853133
1.3847921
1.3832306
1.3837013
1.3839169
1.3881086
1.383979
1.3829222
1.3869283
1.3822228
1.3908303
1.3832623
1.3825737
1.3893701
1.3814521
1.3858097
1.3855677
1.3922324
1.3844993
1.3829511
1.3881962
1.3842343
1.3806721
1.3771579
1.3796364
1.3810147
1.390386
1.3918182
1.3815484
1.3843282
1.3845054
1.3782998
1.3864716
1.3853035
1.3867295
1.376566
1.382891
1.3894565
1.3731842
1.3848141
1.3858203
1.3902993
1.3847661
1.3863834
1.388011
1.3894377
1.3874398
1.3886163
1.3808298
1.3904766
1.3825494
1.3837646
1.3866615
1.3821
1.3842747
1.3794718
1.3861146
1.3775192
1.3789682
1.3794852
1.3846549
1.3848251
1.3840787
1.3859568
1.3822317
1.3821516
1.3815103
1.3839527
1.3781838
1.3877358
1.3820236
1.3783785
1.384681
1.3849777
1.3848649
1.3811918
1.3854984
1.3818331
1.3835094
1.3808241
1.3838669
1.3912328
1.3849766
1.3818787
1.3862085
1.3837553
1.3836362
1.3865137
1.3848143
1.3811151
1.3809099
1.376397
1.3803364
1.390411
1.38279
1.3914783
1.3872876
1.3842976
1.3861028
1.3786888
1.3872589
1.3844522
1.3857461
1.3872969
1.3830901
1.3786461
1.3902081
1.3834319
1.3829224
1.3826644
1.3824178
1.382611
1.382543
1.3856598
1.3851122
1.3789662
1.3795382
1.3791584
1.382768
1.3839186
1.3851658
1.3888731
1.3847097
1.3837197
1.3850871
1.3842223
1.3835219
1.384312
1.3782123
1.3811458
1.3893708
1.3790376
1.3774666
1.3793253
1.3870778
1.3859016
1.3806947
1.3808964
1.3763509
1.3818653
1.3782582
1.3879099
1.3850012
1.380011
1.3835958
1.3842785
1.385342
1.3793898
1.3874327
1.3820206
1.3784587
1.3815486
1.3851423
1.3824618
1.3840367
1.3905926
1.3831768
1.383138
1.3834561
1.3817425
1.3894523
1.3787069
1.3856899
1.3857532
1.3805422
1.3820672
1.3834537
1.3844756
1.3810781
1.3882515
1.388662
1.3852172
1.3792899
1.378202
1.3829635
1.3821148
1.3786738
1.377246
1.3813925
1.3808104
1.388046
1.3868405
1.3808964
1.381781
1.3834251
1.3803034
1.3808429
1.3846471
1.3861924
1.3834771
1.3849012
1.3794243
1.3848743
1.386287
1.384592
1.3883572
1.3728033
1.3855718
1.3782555
1.3899857
1.38226
1.3818594
1.3836045
1.384186
1.3870226
1.3853508
1.3831822
1.384602
1.3795614
1.3869656
1.3823104
1.38387
1.3791337
1.3853846
1.3893676
1.3779105
1.3787512
1.3767058
1.3842909
1.3853157
1.378979
1.3856527
1.3837639
1.3839577
1.3798926
1.3861332
1.3818372
1.3857273
1.380212
1.3815575
1.3809685
1.3863279
1.3827589
1.3831825
1.375237
1.3781724
1.3863586
1.3795099
1.3876355
1.3759305
1.3817997
1.384177
1.3871322
1.3814285
1.3882478
1.3840182
1.3782802
1.3787321
1.3805751
1.3805579
1.3825814
1.3777622
1.3839737
1.3866045
1.3830789
1.3820922
1.381479
1.3779671
1.3847048
1.3840468
1.378531
1.3825016
1.3835433
1.3873695
1.3755846
1.3860232
1.3767633
1.3808209
1.3782908
1.3829257
1.3811527
1.3821266
1.3788176
1.3795693
1.387086
1.3841866
1.3801152
1.3853446
1.3844699
1.384307
1.3808506
1.3796759
1.3837773
1.3847916
1.3769331
1.3851488
1.3821613
1.384
1.3871092
1.380641
1.3819664
1.3870064
1.3823467
1.3834145
1.3831593
1.381713
1.3842626
1.3830652
1.385198
1.3807495
1.3848542
1.3812865
1.3817947
1.3791513
1.3760751
1.3866864
1.3821111
1.3838427
1.3742929
1.3852118
1.3838751
1.3837593
1.3832527
1.3852584
1.3882158
1.3870375
1.3834169
1.3865527
1.3843898
1.3843766
1.3825027
1.3872564
1.3816779
1.3873355
1.3824638
1.3789121
1.386366
1.384976
1.3878742
1.3878237
1.3748528
1.3821304
1.3803726
1.386736
1.3861041
1.3771839
1.382762
1.3832433
1.3741032
1.3879654
1.3804737
1.3823383
1.3827921
1.3834502
1.385347
1.3785509
1.3811567
1.3807936
1.3797458
1.3860853
1.3775232
1.3843985
1.3883119
1.3800558
1.3830446
1.3787497
1.378031
1.3862199
1.386068
1.3849765
1.3863236
1.3797073
1.3817194
1.3885311
1.383204
1.3823924
1.3837023
1.3845626
1.379377
1.3862875
1.3793736
1.3819448
1.3818923
1.379664
1.3845981
1.3829306
1.3772291
1.379902
1.3822412
1.3828535
1.38305
1.3826628
1.3801413
1.3850119
1.3781124
1.390403
1.3831685
1.3818318
1.3779975
1.3844225
1.3797897
1.3865906
1.3849953
1.387398
1.3803717
1.3810238
1.3857627
1.3876402
1.3830134
1.3811871
1.3810257
1.3779427
1.3835889
1.3816364
1.3768097
1.3825186
1.3773909
1.3811896
1.3833914
1.3796402
1.3827963
1.3860369
1.3740524
1.3796784
1.3819166
1.3805641
1.380363
1.3857403
1.3807012
1.3852499
1.379357
1.3776203
1.3821675
1.3830894
1.3825059
1.3851838
1.3793077
1.381296
1.3798182
1.3815992
1.387206
1.3790725
1.3889229
1.3863363
1.3770205
1.3838859
1.3804454
1.3826998
1.3799391
1.3843813
1.3847536
1.3829614
1.3800145
1.384692
1.3855059
1.375966
1.3774472
1.3802522
1.3890312
1.3813902
1.3839104
1.3817592
1.3813033
1.3737197
1.3840265
1.3823355
1.3773632
1.3858725
1.3813132
1.3864213
1.3858861
1.3859076
1.3831699
1.3884617
1.3859657
1.3853647
1.3810762
1.3782231
1.3793074
1.3712066
1.3826784
1.3798044
1.3839012
1.382364
1.3787595
1.3820668
1.3767754
1.3826823
1.3785446
1.3780421
1.3847679
1.3838068
1.3813843
1.3724229
1.3837435
1.3849189
1.3809388
1.3848295
1.3866009
1.3822128
1.3789432
1.3778595
1.382235
1.3798131
1.3873359
1.3794261
1.3857394
1.3778021
1.3825811
1.3868793
1.3844534
1.3845118
1.3832752
1.3795851
1.3829964
1.3787155
1.3848436
1.3791932
1.3843917
1.3713834
1.3809232
1.3815835
1.3822051
1.3812073
1.3831726
1.3861504
1.3800381
1.3764645
1.379484
1.3748219
1.3773295
1.3830223
1.3778864
1.3868902
1.3850101
1.3806607
1.3794535
1.3863856
1.3775859
1.3788127
1.3824522
1.3814845
1.386885
1.3814609
1.384379
1.3894835
1.3762846
1.3817232
1.3784811
1.3801546
1.3773121
1.375812
1.380769
1.3830819
1.3794155
1.3830512
1.3807279
1.3874406
1.3799518
1.3865405
1.3863384
1.3811347
1.379571
1.3820351
1.3807657
1.3849306
1.3892214
1.3811898
1.3859296
1.3772272
1.3845383
1.3829374
1.380243
1.383542
1.3820496
1.3872918
1.3867072
1.3802418
1.3739749
1.380108
1.3770914
1.3790015
1.3770183
1.3831317
1.3806485
1.3800595
1.3749502
1.3825183
1.3860863
1.3825606
1.3836766
1.3817033
1.3807265
1.3830316
1.3833321
1.38415
1.3854141
1.3826256
1.3751287
1.3796278
1.3762134
1.3877575
1.3816556
1.369541
1.3799285
1.3802366
1.3827112
1.3788042
1.3851209
1.3820828
1.383471
1.3804593
1.3815247
1.3826226
1.3801124
1.3787311
1.3807317
1.3806978
1.3778435
1.3801043
1.3797848
1.3792704
1.3809463
1.3821021
1.3816583
1.3838559
1.3775368
1.3808848
1.3793248
1.3829954
1.3833736
1.3865252
1.3834605
1.383563
1.3838722
1.3811394
1.3827333
1.3773688
1.3782231
1.3829616
1.3828571
1.3812839
1.3894776
1.3818955
1.381199
1.3835377
1.3775527
1.3805863
1.3837187
1.3773848
1.374109
1.3856192
1.3835847
1.3820897
1.3880677
1.3869276
1.3821847
1.3882817
1.3805093
1.3816855
1.3796161
1.3841856
1.3821255
1.3818387
1.382758
1.3788551
1.38195
1.3874558
1.376284
1.3769017
1.3773555
1.3780433
1.3744602
1.3750733
1.3845185
1.3770355
1.3831927
1.3761189
1.3816549
1.3788147
1.3834372
1.3817207
1.3817055
1.3820869
1.3800377
1.3801497
1.3806937
1.382006
1.3832641
1.3761948
1.3802258
1.3821431
1.3809731
1.3843623
1.3827738
1.378715
1.3816664
1.3855995
1.3838485
1.3824178
1.3831232
1.3802911
1.3786669
1.3853936
1.3821877
1.3814019
1.3788009
1.378766
1.3850254
1.3881782
1.38782
1.3855107
1.3779479
1.3781341
1.3856865
1.3770624
1.3831187
1.3780775
1.3799317
1.3880142
1.3780136
1.3847752
1.3901283
1.3750169
1.3852601
1.3848097
1.3822029
1.3816305
1.3828715
1.3834865
1.3856338
1.3808722
1.3858646
1.3761405
1.3833706
1.3784418
1.3755411
1.3800397
1.3803462
1.385555
1.3874369
1.3767915
1.3777415
1.3803848
1.374575
1.3867851
1.3751439
1.378987
1.3770628
1.3833649
1.3773205
1.3817315
1.3801659
1.3786778
1.3791031
1.3773838
1.3790209
1.3814427
1.3769516
1.386467
1.3810997
1.3757797
1.381183
1.3837596
1.3849126
1.3882271
1.3808972
1.3764918
1.3768883
1.3822238
1.3793389
1.3795053
1.3821329
1.3846112
1.3824937
1.3844202
1.3836807
1.3812526
1.3874012
1.3835018
1.3754914
1.3799444
1.377305
1.38628
1.3863924
1.3812732
1.374587
1.3847497
1.3786668
1.3767266
1.3771219
1.382975
1.3829445
1.3826615
1.3830289
1.3794136
1.3792353
1.382736
1.3777964
1.373516
1.3795353
1.3813407
1.3760003
1.3774354
1.3792442
1.3805828
1.3838998
1.3778296
1.3861134
1.3714379
1.3811035
1.3806779
1.3847119
1.3873367
1.3872554
1.3801813
1.3834604
1.3862188
1.3774513
1.3820133
1.3821878
1.3788979
1.3790587
1.3809627
1.3781786
1.3839662
1.3809154
1.383357
1.3834769
1.3754691
1.3817734
1.3837527
1.3850231
1.3822452
1.3855569
1.3854806
1.3829175
1.3868291
1.3796238
1.3827541
1.3835588
1.3823961
1.3800821
1.3838339
1.3738748
1.3807161
1.3827375
1.3786286
1.3811842
1.3810749
1.380434
1.376666
1.3782945
1.3830585
1.3787094
1.3757553
1.377945
1.3824147
1.3817474
1.3820366
1.3840498
1.3810408
1.378086
1.3822486
1.3838221
1.378072
1.3784171
1.3840818
1.3796844
1.3778747
1.3849033
1.3783572
1.3805534
1.3798938
1.3781055
1.3789164
1.3800006
1.3798904
1.3780668
1.3697114
1.3804668
1.3812987
1.3807585
1.3816129
1.3760046
1.3830361
1.3840184
1.37157
1.3784342
1.3720325
1.3814956
1.3785869
1.3803848
1.3864503
1.3772597
1.3803458
1.3790503
1.3777907
1.3781122
1.3826033
1.3788579
1.3780302
1.3808297
1.3795803
1.379404
1.3846538
1.3777851
1.3858184
1.3842783
1.380648
1.3759199
1.3807507
1.3768476
1.3811473
1.3802097
1.3803014
1.3805614
1.3803809
1.3762312
1.378167
1.375985
1.3846747
1.3776988
1.378786
1.380375
1.3846391
1.3821977
1.380442
1.3794535
1.3752229
1.3830144
1.3840494
1.3821232
1.3833632
1.3777851
1.3842286
1.3817097
1.3769503
1.3820912
1.383717
1.3760152
1.380179
1.3722748
1.3790952
1.376247
1.3797576
1.3778944
1.382985
1.3822342
1.3876591
1.3820459
1.3812475
1.3843007
1.3767081
1.3791639
1.3816353
1.3779444
1.3823786
1.3802125
1.3824384
1.3864334
1.3836755
1.3755625
1.3762623
1.3727938
1.3810236
1.3807578
1.3763719
1.3835728
1.3775402
1.3794689
1.3778601
1.3769492
1.3777479
1.373802
1.3754206
1.3800893
1.3829203
1.3782753
1.3770043
1.3743895
1.3754839
1.3832746
1.3819157
1.3769072
1.3862855
1.3795921
1.3792588
1.3851521
1.3834999
1.3841629
1.382714
1.3827001
1.3835156
1.3787507
1.378606
1.374092
1.3814378
1.3773859
1.379346
1.3788604
1.3765652
1.3798838
1.3723773
1.376531
1.3798738
1.3725227
1.3797756
1.3744617
1.3850254
1.3745594
1.3824536
1.3784436
1.3832492
1.3814836
1.3768771
1.3881037
1.3831868
1.3847222
1.3766389
1.376535
1.378543
1.3841527
1.383144
1.3791595
1.3842906
1.3835186
1.3792137
1.3785137
1.3827552
1.380063
1.3774143
1.3751332
1.3753115
1.3785272
1.3736719
1.3800459
1.3768641
1.3769628
1.3779585
1.3788079
1.3807249
1.3819051
1.3819506
1.3878586
1.3766539
1.3859005
1.3803638
1.3826073
1.3806658
1.3832699
1.384449
1.3747197
1.374988
1.3838768
1.3782133
1.3807254
1.3806292
1.3769054
1.378836
1.3793467
1.3786978
1.3808599
1.3785199
1.3813468
1.3748417
1.3805809
1.377226
1.3854268
1.382059
1.3831112
1.3803521
1.3805207
1.3848883
1.3719226
1.3752437
1.3818976
1.3800688
1.3788372
1.38246
1.3802677
1.3792849
1.3783094
1.3800199
1.3803056
1.378321
1.3820679
1.3759235
1.3757988
1.3793701
1.3799881
1.3745251
1.3775269
1.374767
1.379384
1.3759735
1.3812329
1.3774248
1.3783925
1.3841585
1.3797001
1.3824078
1.378543
1.380808
1.3796275
1.3836939
1.3817315
1.3829801
1.3802658
1.3834957
1.373133
1.3821723
1.3758433
1.3878151
1.3789771
1.3786547
1.3837519
1.381965
1.3734854
1.3853834
1.3836006
1.3817211
1.3755269
1.3734487
1.3836323
1.3809061
1.3778095
1.3813148
1.3739891
1.3788329
1.3772522
1.3753322
1.3789783
1.3867196
1.3828572
1.3781779
1.3795052
1.3799859
1.3818599
1.3744037
1.3819894
1.3835636
1.3807892
1.3803879
1.3752495
1.381777
1.3833387
1.369992
1.3807353
1.3791795
1.3790128
1.3829712
1.3801637
1.3854377
1.3788117
1.3855226
1.3818656
1.3809024
1.3814038
1.3818446
1.3772017
1.3789142
1.3830951
1.3808731
1.3818178
1.3834174
1.3777214
1.3793877
1.37765
1.380877
1.3788079
1.3747762
1.3756166
1.3793414
1.3856255
1.3821245
1.3719391
1.3724133
1.3714168
1.3866835
1.3757124
1.3830712
1.3804076
1.3805584
1.3795551
1.3775078
1.3800596
1.3840454
1.3835465
1.3813359
1.3747942
1.3810673
1.3760735
1.3816557
1.37962
1.3734752
1.3810601
1.3749512
1.3805649
1.3802547
1.3726069
1.381736
1.3781891
1.3868668
1.3778486
1.376423
1.3788953
1.3749576
1.3806355
1.380994
1.3859057
1.3747468
1.3825216
1.383392
1.3773018
1.3782613
1.3784858
1.3762919
1.3820671
1.3820426
1.3831979
1.382156
1.381791
1.376423
1.3784277
1.3792573
1.3774105
1.3755698
1.3820342
1.3772286
1.3815867
1.3718134
1.3792149
1.3740016
1.3802862
1.3865825
1.3820599
1.3837123
1.379541
1.3762779
1.3791806
1.3769987
1.3782078
1.3797054
1.380269
1.3756174
1.3831573
1.3800492
1.3857925
1.3786
1.382127
1.3755969
1.3767531
1.3814704
1.3791685
1.3766024
1.3782969
1.3782396
1.3787013
1.3810303
1.3801644
1.3799607
1.378023
1.382898
1.374553
1.3802134
1.3801425
1.3804394
1.3781208
1.3850708
1.3829685
1.3765568
1.3870422
1.3797771
1.3797665
1.3794162
1.3745571
1.3808205
1.3699137
1.3794723
1.3733939
1.3754272
1.3796762
1.382997
1.3807238
1.3845632
1.3746145
1.3817855
1.3811743
1.3784003
1.3784033
1.3789994
1.3807923
1.3795887
1.3784368
1.3819015
1.3783375
1.3815684
1.3830191
1.3777754
1.3802403
1.3858286
1.3810955
1.3794663
1.3762515
1.3833822
1.3800442
1.3780826
1.3799952
1.3808488
1.3824346
1.3768345
1.3719591
1.3827287
1.3808835
1.3813987
1.3726493
1.3793752
1.3767109
1.3767092
1.3771014
1.3770818
1.3828754
1.3804847
1.3790141
1.3799843
1.3784307
1.380585
1.3753338
1.3743517
1.3801417
1.3770424
1.3830171
1.3803997
1.377738
1.3826625
1.3779647
1.3787423
1.3823694
1.3866314
1.3795493
1.3747463
1.3817713
1.3795773
1.37832
1.3813257
1.3774729
1.3761988
1.3817533
1.3758385
1.382135
1.3820137
1.3800002
1.3833581
1.3812268
1.379302
1.3728961
1.3755026
1.3796927
1.3753196
1.3767314
1.3780113
1.3859729
1.3782071
1.3786532
1.381828
1.3776672
1.3765739
1.3802394
1.3770791
1.3839953
1.3814802
1.3751973
1.3752495
1.3760971
1.3696799
1.3790263
1.3715692
1.3838375
1.3805138
1.3819022
1.3791926
1.3818829
1.3796096
1.3814743
1.3814529
1.3842177
1.3824096
1.3838497
1.3766476
1.3802549
1.3697224
1.379213
1.3792078
1.3781362
1.3759384
1.3760488
1.3776871
1.3781028
1.3773255
1.374514
1.3762028
1.3751224
1.3821185
1.3756756
1.3710787
1.376173
1.3773699
1.3839892
1.3786314
1.379598
1.3718476
1.3839257
1.3807069
1.3879684
1.3760132
1.3784653
1.3756648
1.3843857
1.379192
1.3811227
1.3763669
1.3799281
1.3730615
1.3790973
1.3817714
1.3772672
1.376968
1.3817638
1.3777416
1.3767614
1.3809501
1.3798133
1.383344
1.3783302
1.3790877
1.3822985
1.3760799
1.3720368
1.3831407
1.3767835
1.3801781
1.3735447
1.3832196
1.3793255
1.3736273
1.3750312
1.3796366
1.3842363
1.3744184
1.3755788
1.3822693
1.3744909
1.3807336
1.3759031
1.3761958
1.3765552
1.376323
1.3765062
1.3776456
1.3806257
1.3802418
1.373598
1.3785359
1.3780034
1.3776248
1.3728768
1.3792881
1.3764753
1.3763034
1.3804027
1.3784254
1.3783199
1.3790025
1.3837156
1.383144
1.377853
1.3829978
1.3823067
1.3813105
1.3753766
1.3858002
1.3825667
1.3790253
1.3805108
1.3775947
1.3773766
1.3788614
1.3791088
1.3799039
1.3794922
1.3805137
1.3798279
1.3757783
1.3838907
1.3776836
1.3837517
1.3827013
1.3783145
1.386796
1.3784415
1.3810505
1.3812442
1.3795807
1.383305
1.3777233
1.3745564
1.3804318
1.3837487
1.3783271
1.379264
1.3749464
1.3775932
1.3796233
1.3796873
1.3784882
1.3762647
1.380515
1.38043
1.374625
1.3795015
1.3796415
1.3761343
1.3809072
1.381774
1.3801513
1.376504
1.3787929
1.3763019
1.3866497
1.3794253
1.376307
1.3815658
1.3792806
1.3708246
1.376011
1.3798611
1.3799715
1.3815361
1.3765992
1.3896862
1.3766785
1.3820531
1.3806978
1.3812988
1.380919
1.3807545
1.3777277
1.3783464
1.3843483
1.3810548
1.381772
1.3811954
1.383643
1.3782297
1.3723211
1.3780881
1.3800621
1.3868164
1.3792086
1.3825191
1.3788195
1.375783
1.3783312
1.3761342
1.3844938
1.3810678
1.3825067
1.3803905
1.3779601
1.3813362
1.3736085
1.3782429
1.3807249
1.3785824
1.3791187
1.3760319
1.3809646
1.3766594
1.3792027
1.3757945
1.3728806
1.3807044
1.3770436
1.375655
1.3786777
1.3751441
1.3790333
1.3827342
1.375682
1.376661
1.3813992
1.3802657
1.3786994
1.3763767
1.3808786
1.3781328
1.3743778
1.3852111
1.3764951
1.3799171
1.3750675
1.3767983
1.3813564
1.3812183
1.3781866
1.3790988
1.379382
1.3791689
1.382322
1.3821484
1.3868641
1.3842154
1.3794603
1.3779628
1.3743519
1.3781928
1.380596
1.3817056
1.3846074
1.3763614
1.3803829
1.3729007
1.3781391
1.3817626
1.3799326
1.3804617
1.3798286
1.3801951
1.3811522
1.3814039
1.3823849
1.3796555
1.3795532
1.385861
1.381557
1.3846401
1.3767812
1.3777412
1.375372
1.3817707
1.3735892
1.3796706
1.377356
1.3834239
1.3810933
1.382358
1.3732692
1.3756319
1.3815483
1.3818882
1.3777624
1.3849022
1.3782104
1.379117
1.3790809
1.3839115
1.3754765
1.3799262
1.3708545
1.3811655
1.3872895
1.3795497
1.3817575
1.3779447
1.3751034
1.3756418
1.380799
1.3751907
1.3800936
1.3749888
1.3763026
1.3729248
1.3742621
1.3831834
1.3763748
1.377153
1.378334
1.3777004
1.3838953
1.3781003
1.3824545
1.3794572
1.3797345
1.3824543
1.3750335
1.3739221
1.3787433
1.3743525
1.3762809
1.3800926
1.375205
1.3759133
1.3797927
1.3791928
1.3804698
1.3752724
1.3797362
1.3756251
1.3710306
1.375158
1.3766353
1.3819059
1.3764328
1.3778002
1.3787054
1.3721818
1.3752888
1.3752618
1.3746563
1.3711934
1.3828789
1.3777533
1.3761401
1.3828815
1.3782574
1.374522
1.3745395
1.3791138
1.3795058
1.3748274
1.3751085
1.3791457
1.381442
1.37539
1.378676
1.3762069
1.3782212
1.3733882
1.3777229
1.3794532
1.380217
1.3783361
1.3732557
1.3755646
1.3803191
1.382647
1.382105
1.38119
1.3811321
1.3763021
1.3768821
1.3837293
1.3804661
1.376722
1.38442
1.379862
1.3727146
1.3819635
1.3772242
1.3806401
1.3812215
1.3759558
1.3770993
1.3807442
1.3740225
1.3786217
1.3705032
1.3803368
1.3815953
1.380066
1.3822342
1.3790077
1.3812094
1.3763094
1.3794106
1.3763151
1.377483
1.3774624
1.3740882
1.3773153
1.3838053
1.3758632
1.3795598
1.3808498
1.3746372
1.3774575
1.3779567
1.3779049
1.3759854
1.3789675
1.3755428
1.3836241
1.3788189
1.3728585
1.3821605
1.379647
1.3726158
1.3747663
1.3809717
1.3796145
1.3773156
1.3724426
1.3789158
1.3811821
1.375378
1.3729258
1.3816599
1.3743302
1.3788133
1.3795259
1.3788754
1.3763772
1.3799151
1.3754009
1.3819718
1.3818175
1.3769999
1.3740214
1.382316
1.3806213
1.3856715
1.3829174
1.376692
1.3871168
1.3747102
1.3821642
1.3756742
1.3780594
1.3733152
1.3760931
1.3770227
1.3834819
1.381013
1.3726578
1.3792843
1.3792245
1.3776312
1.3762604
1.3776518
1.3727937
1.376481
1.3753917
1.3815064
1.3734173
1.3775587
1.3723421
1.3762151
1.3802067
1.3750136
1.3756813
1.3883626
1.376282
1.3815693
1.3780336
1.3733441
1.3826138
1.3777176
1.3801519
1.3710781
1.3803217
1.378981
1.3769503
1.3732866
1.3792146
1.3797734
1.3798165
1.3809493
1.3718983
1.3777715
1.3785516
1.374684
1.3731259
1.3714025
1.3777571
1.3792855
1.3814983
1.3797501
1.3730141
1.3834515
1.3805026
1.3785712
1.3834257
1.3816979
1.3872621
1.3817282
1.377139
1.3833363
1.378511
1.3769356
1.3783411
1.3745211
1.3778957
1.3758402
1.3803926
1.3824859
1.380517
1.378769
1.3780204
1.3724494
1.3817127
1.3789167
1.3800701
1.3764148
1.38059
1.3774405
1.3801488
1.375732
1.3762928
1.3731259
1.3709068
1.3770397
1.3795642
1.3790091
1.3714767
1.3815129
1.3780963
1.3810586
1.3726196
1.370381
1.3781304
1.3798685
1.375137
1.3769649
1.378274
1.3776606
1.3809786
1.3768454
1.3801883
1.374378
1.3762993
1.3780947
1.381203
1.3770977
1.3763728
1.376247
1.3771522
1.373149
1.3799942
1.3779333
1.3758699
1.3832026
1.3778851
1.3822014
1.3802074
1.3801692
1.3774313
1.37928
1.3808504
1.3772489
1.3820626
1.3744823
1.375397
1.3762983
1.38259
1.3775082
1.3832895
1.3790438
1.3840834
1.3755996
1.3758771
1.3769996
1.3807411
1.3812097
1.3726418
1.3807248
1.3764615
1.3819022
1.3756901
1.379791
1.3810917
1.3772422
1.3829037
1.3724105
1.3792971
1.3800751
1.377627
1.3715925
1.3800641
1.379185
1.3818014
1.3811998
1.3820827
1.3832461
1.380051
1.3782564
1.3742218
1.3785964
1.3825332
1.3784368
1.3782467
1.3764317
1.3841814
1.3793101
1.3757969
1.3794261
1.3797086
1.3811033
1.3831367
1.3814335
1.3821337
1.3788381
1.3807319
1.3713889
1.380062
1.3772558
1.381437
1.3784223
1.3781661
1.3808806
1.3843292
1.3770598
1.3736771
1.3787729
1.3808445
1.3804328
1.3797792
1.3758656
1.3739349
1.3740473
1.3830873
1.3787594
1.3791335
1.3739437
1.3717414
1.3796705
1.376059
1.3808304
1.375374
1.3820343
1.3751762
1.3825839
1.3808026
1.3804026
1.3803086
1.3763949
1.3858557
1.3797699
1.3741663
1.3774437
1.3779886
1.3836937
1.3808697
1.3841505
1.3810909
1.3869619
1.3779633
1.3801198
1.3802574
1.3829294
1.3862892
1.3764156
1.3747959
1.3749689
1.3780063
1.3764553
1.38004
1.3752469
1.3772966
1.3782523
1.3777539
1.3771049
1.3778588
1.3829051
1.3795143
1.3762163
1.3825456
1.3797218
1.3738467
1.3792442
1.3763163
1.381483
1.3783586
1.3744013
1.3780879
1.3794523
1.381559
1.3759828
1.3778745
1.3781561
1.3811986
1.3798978
1.3742584
1.3723866
1.3813137
1.3727145
1.3786924
1.3813403
1.3828064
1.3732675
1.3773706
1.3740062
1.3720752
1.3745694
1.3730677
1.3774443
1.3801304
1.3733269
1.381218
1.3756641
1.3777099
1.3811114
1.3788867
1.3846447
1.3756647
1.3741636
1.37699
1.3769267
1.3729748
1.3761356
1.3822488
1.387607
1.3820928
1.3773512
1.3752736
1.378819
1.3851014
1.3783585
1.3768085
1.3757198
1.3820206
1.3771607
1.3729265
1.378757
1.3785961
1.373391
1.3773704
1.3813683
1.3789377
1.3783252
1.3761474
1.3748204
1.3795966
1.3806546
1.3794489
1.3741915
1.3721827
1.3824233
1.3745937
1.3820525
1.382473
1.3761398
1.3770179
1.3790547
1.373756
1.3709782
1.3784406
1.3716172
1.3808845
1.3752114
1.3828516
1.378791
1.3815889
1.3781383
1.3795933
1.3779732
1.3794167
1.3802055
1.3766886
1.3814453
1.3815571
1.3761878
1.3773211
1.3799505
1.3791325
1.378787
1.3758533
1.3784974
1.3776644
1.3824545
1.3787107
1.3785192
1.3753613
1.3816767
1.3768597
1.3775401
1.3733056
1.375168
1.3774867
1.3798927
1.3782002
1.3831503
1.3822726
1.3746532
1.3756865
1.3837206
1.3736931
1.3740069
1.3777823
1.3762423
1.3706425
1.3720298
1.3841163
1.3793478
1.3758968
1.3762407
1.3699392
1.3766061
1.3792588
1.3794771
1.3751827
1.3794158
1.3778437
1.3766321
1.3764782
1.3806581
1.3803799
1.3811646
1.3797299
1.3739457
1.3804686
1.377038
1.3822126
1.3738467
1.3727299
1.3809923
1.3772278
1.3802564
1.3809758
1.3789909
1.3820854
1.3815819
1.372572
1.3798026
1.377588
1.3741806
1.3850969
1.380343
1.3800553
1.3732533
1.380848
1.3808925
1.3835585
1.3817736
1.3767173
1.3826603
1.3835984
1.3801384
1.3782732
1.3758733
1.3739899
1.3755548
1.3719336
1.3733197
1.3815502
1.3778416
1.3766794
1.3802812
1.3730186
1.3721795
1.3795937
1.3816742
1.3792608
1.3763306
1.3781713
1.3824505
1.3835168
1.375662
1.3806733
1.3812219
1.3811299
1.3809649
1.3756112
1.3790886
1.3813353
1.3739517
1.3812524
1.3807372
1.3789908
1.3820696
1.3786687
1.3757588
1.3743601
1.3811386
1.3804379
1.3730514
1.376249
1.3815933
1.3781824
1.3784488
1.3755405
1.3782152
1.3810682
1.3810793
1.3824041
1.3890283
1.3768402
1.3764439
1.3831947
1.3774819
1.3811141
1.3808445
1.3754548
1.377445
1.3758465
1.386034
1.3767201
1.3811249
1.3749603
1.3762429
1.376363
1.378164
1.3799944
1.3792825
1.3774631
1.3813874
1.3758266
1.375972
1.3783221
1.3756695
1.38014
1.374648
1.3755229
1.3762333
1.3804871
1.382179
1.3794441
1.3777884
1.3842982
1.3789008
1.3796413
1.3760014
1.380977
1.3794332
1.3750689
1.3782638
1.3718143
1.3761264
1.3726919
1.3766152
1.383682
1.38116
1.3776532
1.37473
1.3769264
1.3746161
1.3781518
1.381519
1.3823838
1.3766662
1.3789709
1.3791647
1.3753849
1.3806145
1.375674
1.3774468
1.3802471
1.3773037
1.3850948
1.3841609
1.3784482
1.3791243
1.37712
1.3752216
1.3761108
1.376867
1.3790588
1.373903
1.3772027
1.3797287
1.3736053
1.3819952
1.3800502
1.3789549
1.3748776
1.3828377
1.3771216
1.373082
1.3784326
1.3749512
1.3794911
1.3677934
1.3770653
1.3820477
1.3799868
1.3762842
1.3837792
1.3812755
1.3744161
1.3762871
1.3722603
1.3779444
1.3747759
1.3773959
1.3761296
1.3760053
1.3798053
1.3801386
1.3775128
1.3770373
1.3787699
1.3710784
1.375078
1.3807224
1.3814243
1.3785418
1.3767792
1.377976
1.3711274
1.3773636
1.3817797
1.3795176
1.3769274
1.3846903
1.3782617
1.3828846
1.3824701
1.3851532
1.3768648
1.375187
1.3765911
1.3796477
1.3798949
1.3756459
1.3768983
1.3669612
1.3819926
1.380269
1.3771204
1.379047
1.3830792
1.3762534
1.3799133
1.3752142
1.380367
1.3788671
1.3836614
1.3758107
1.3793534
1.3761264
1.3815998
1.3848912
1.3800585
1.3744487
1.3750721
1.3821989
1.3770899
1.3749645
1.3802767
1.3746036
1.3782549
1.3732277
1.3788584
1.3780961
1.3726059
1.3769462
1.3814898
1.3751458
1.3776438
1.3761854
1.3798112
1.3794768
1.377689
1.3792582
1.3825848
1.376565
1.3746274
1.3771969
1.3733119
1.3777218
1.376263
1.374556
1.3828201
1.3746608
1.3748654
1.3772967
1.3791406
1.3736372
1.3820977
1.3802725
1.3784851
1.37454
1.376809
1.376969
1.3804458
1.3779681
1.3809983
1.3810194
1.3781599
1.3712223
1.3847879
1.3772959
1.3761414
1.3801816
1.3803247
1.3835204
1.37278
1.3801589
1.3790697
1.3733505
1.3827603
1.3704888
1.3760262
1.3783381
1.3802521
1.372125
1.3759264
1.3732928
1.380093
1.3744622
1.3799239
1.3805556
1.3783424
1.3798279
1.3782091
1.3763657
1.379594
1.3778201
1.3795713
1.3771292
1.3725548
1.3778836
1.3809351
1.3773249
1.3810412
1.3837829
1.3766171
1.3800304
1.3775939
1.377467
1.3701904
1.3775797
1.3750784
1.3782547
1.3812443
1.3766737
1.3866155
1.3782027
1.3837224
1.3736844
1.3741857
1.3803427
1.3752693
1.3752704
1.3779283
1.3791867
1.3804516
1.3832064
1.3805628
1.3645008
1.3760309
1.3815005
1.3723706
1.3841909
1.3778759
1.3768203
1.3789715
1.379159
1.3758396
1.3752323
1.3770483
1.378754
1.371074
1.378281
1.3804156
1.3782313
1.3766346
1.3826953
1.3728476
1.3776796
1.3769839
1.376864
1.3810261
1.3830136
1.377648
1.3724239
1.3784211
1.3752451
1.3783325
1.3781214
1.3744379
1.3725684
1.3772321
1.3786186
1.373669
1.378176
1.3795066
1.3782415
1.3778194
1.38062
1.3861009
1.3811646
1.3761203
1.3832432
1.3818281
1.377807
1.3749996
1.3792932
1.377211
1.3724494
1.3766359
1.3785974
1.3822718
1.3775636
1.3776217
1.3819566
1.3778603
1.3811932
1.3762685
1.3809997
1.3786217
1.3801535
1.3782997
1.3769746
1.3790642
1.3808429
1.3758624
1.3841416
1.3859936
1.3786781
1.374462
1.3814118
1.3807297
1.3817222
1.3798515
1.3782551
1.3731164
1.3781418
1.3743838
1.3808502
1.3735437
1.3778563
1.3684887
1.3837585
1.377229
1.3797688
1.3808744
1.3784138
1.3698764
1.3818464
1.3733612
1.3757544
1.372028
1.3758186
1.3766525
1.3835849
1.375745
1.3679261
1.3728001
1.3761822
1.3792468
1.3733944
1.3762325
1.3791112
1.3754557
1.3787262
1.3766127
1.3793069
1.379314
1.3756403
1.3819617
1.3838245
1.387357
1.3736203
1.3709756
1.3740085
1.3740823
1.3725977
1.3747219
1.3758678
1.3717031
1.3771663
1.3737086
1.3823844
1.3751895
1.3752961
1.3806314
1.3767169
1.3820885
1.379165
1.3751612
1.3650967
1.381397
1.3806576
1.3823225
1.3773891
1.3752235
1.3808656
1.3792725
1.3736335
1.3771863
1.3741764
1.3765656
1.387575
1.3806002
1.3813182
1.3817259
1.3785506
1.3753442
1.381901
1.3770212
1.3809303
1.3740146
1.3804778
1.3746971
1.3766654
1.380256
1.378807
1.3812011
1.3749462
1.3817604
1.376105
1.3748263
1.3780323
1.3848516
1.3815875
1.3799359
1.3793168
1.374918
1.3789179
1.381691
1.3774984
1.3763285
1.3808405
1.3738382
1.3778877
1.3818405
1.3759379
1.3772128
1.3754282
1.3764906
1.3723161
1.3805636
1.3728585
1.3796377
1.3773309
1.3777524
1.3817517
1.3751116
1.3773521
1.3804381
1.3748842
1.3722465
1.3725218
1.3783215
1.3795074
1.3845452
1.3754689
1.3772295
1.3737494
1.3738391
1.3783817
1.3744645
1.37605
1.3744565
1.3755308
1.3758707
1.3772641
1.3808124
1.3731747
1.3831936
1.379921
1.3771915
1.3791533
1.3841964
1.3794073
1.380826
1.3764658
1.3748087
1.3794622
1.3758096
1.376707
1.376865
1.3717473
1.380772
1.3768648
1.3763484
1.3752598
1.379121
1.3778034
1.3790367
1.3802971
1.3766665
1.3775809
1.3819157
1.3780439
1.3766375
1.3781526
1.3741653
1.3777556
1.3787067
1.384639
1.3773093
1.3771386
1.3781948
1.3761197
1.3798213
1.3723373
1.377019
1.3761785
1.374448
1.3760619
1.3793548
1.3820789
1.3809963
1.3778569
1.3801874
1.3826557
1.3760214
1.3798412
1.3770568
1.373862
1.3779778
1.3803142
1.3789438
1.3819534
1.381429
1.3813497
1.3762096
1.3756291
1.3828526
1.381945
1.3702455
1.378798
1.3740335
1.3817911
1.3770249
1.3754379
1.3745846
1.3696196
1.3777239
1.3796623
1.3768356
1.3776535
1.3781704
1.376481
1.3826097
1.376624
1.381625
1.3691151
1.3780369
1.3779898
1.3723396
1.3779845
1.3789749
1.3775132
1.3793927
1.3772912
1.3796452
1.377951
1.3780533
1.3764603
1.3718418
1.3829798
1.3778102
1.3781315
1.379929
1.3863292
1.3820529
1.3809398
1.37996
1.3720776
1.3784126
1.3750992
1.3782392
1.3721654
1.3725975
1.3704132
