1.3968982
1.3961105
1.3961726
1.3957008
1.3955933
1.396003
1.3952534
1.3958124
1.3956286
1.3954405
1.3956082
1.3954903
1.3964127
1.3962524
1.3948263
1.3956579
1.3958241
1.3954924
1.3952876
1.3961757
1.3955101
1.3958547
1.3957858
1.395547
1.3960638
1.3953351
1.3963639
1.3958552
1.3954358
1.3959222
1.395741
1.3954734
1.3962392
1.3959701
1.3958597
1.3957987
1.3951286
1.3955919
1.3957756
1.3958051
1.3963475
1.3951093
1.3952763
1.3956614
1.3953041
1.3956596
1.3954656
1.3955625
1.3955201
1.3959551
1.3959059
1.3958832
1.3955568
1.3959283
1.3952775
1.39564
1.3955508
1.3954209
1.3960449
1.3961513
1.3961914
1.3960897
1.3954605
1.3956487
1.3954237
1.3958832
1.395713
1.3959056
1.395596
1.3961651
1.3963531
1.3956226
1.39599
1.3961421
1.3956763
1.3952906
1.3959379
1.3954498
1.3958473
1.3963321
1.3955215
1.3955318
1.3957826
1.3955534
1.3957294
1.3959265
1.3953023
1.395756
1.3959956
1.3956666
1.3957314
1.3955387
1.3959736
1.3951539
1.3963791
1.3962796
1.3956509
1.3954887
1.395831
1.3957216
1.3951168
1.395389
1.3957181
1.3956287
1.3961865
1.3954142
1.3964134
1.3957523
1.3959303
1.3955046
1.3959544
1.3959523
1.3954325
1.3955419
1.3951844
1.3956856
1.396284
1.396156
1.3959429
1.3961923
1.3956231
1.3954052
1.3952329
1.3957791
1.3955399
1.3953917
1.3956947
1.3956953
1.3948969
1.3959146
1.395098
1.3959922
1.3954414
1.3960681
1.3959538
1.3964313
1.3957069
1.3955047
1.3955845
1.396
1.395839
1.3960124
1.3955055
1.3955601
1.395779
1.3962182
1.3960184
1.3957446
1.3959191
1.3953224
1.3960278
1.3955058
1.3958889
1.3962003
1.396129
1.3957566
1.3960212
1.3956666
1.3958306
1.3958359
1.395401
1.3952484
1.3953886
1.3962761
1.39542
1.3955666
1.3954175
1.395702
1.3957875
1.395746
1.3954821
1.3956035
1.395751
1.3955145
1.3954808
1.3955202
1.396231
1.3960115
1.3960135
1.3957244
1.3957453
1.3955749
1.3958008
1.395737
1.3953967
1.3956611
1.3957064
1.3961117
1.3959812
1.3959156
1.395916
1.3958888
1.3954929
1.3948432
1.3956615
1.3959608
1.3958851
1.3956169
1.3955834
1.3955797
1.3958491
1.3952127
1.3958162
1.3959042
1.3952926
1.3958908
1.3956722
1.3959537
1.3955742
1.3957722
1.3958197
1.3952936
1.3958895
1.3953615
1.3960967
1.3954543
1.3959967
1.3960891
1.3959198
1.3952502
1.3953856
1.3956097
1.3953487
1.3953885
1.3952585
1.3953372
1.3952264
1.395732
1.3957868
1.3955628
1.3956208
1.395752
1.3954082
1.3962177
1.395352
1.395605
1.3954093
1.396273
1.3958191
1.395772
1.3955364
1.3949356
1.3954179
1.3958702
1.395229
1.3955994
1.3953041
1.3958665
1.3954536
1.3955215
1.3954542
1.395308
1.3956662
1.3956349
1.3957129
1.3951377
1.3956556
1.3957173
1.3958253
1.3960867
1.3957794
1.3956505
1.3952659
1.3960526
1.395291
1.3951916
1.3959485
1.3958848
1.3954729
1.3958312
1.395415
1.3955936
1.3956343
1.3954669
1.3954558
1.3955771
1.3957529
1.395207
1.3953899
1.3959395
1.3958559
1.3956366
1.3957882
1.3955501
1.395099
1.395771
1.3958019
1.3959037
1.3960768
1.3955594
1.3956189
1.3957821
1.3956338
1.3955235
1.3952166
1.3960942
1.3952403
1.3953248
1.395373
1.3952631
1.3955969
1.3954235
1.39554
1.3956456
1.3959792
1.3952705
1.3951148
1.3954805
1.395604
1.395283
1.3953779
1.3955008
1.3959899
1.3954204
1.3952496
1.3955958
1.3956257
1.3953794
1.3956556
1.3960589
1.3954294
1.3956072
1.395731
1.3956516
1.3951125
1.3949468
1.3951277
1.3954083
1.3946569
1.3956035
1.3949671
1.3951494
1.3957827
1.3954911
1.3954446
1.3957819
1.3954442
1.3952061
1.39533
1.3951181
1.3953394
1.3950546
1.3950177
1.395337
1.3954244
1.3955592
1.3951062
1.3954986
1.3947994
1.3950887
1.3955215
1.3954935
1.3951923
1.3956188
1.3951192
1.3951552
1.394707
1.3950262
1.3951428
1.3952347
1.3953085
1.3955628
1.3955337
1.395403
1.3950185
1.3950084
1.3947718
1.3948516
1.3955208
1.3949618
1.3959825
1.3953835
1.394894
1.3952063
1.3951108
1.3946055
1.3952191
1.3957931
1.3953565
1.3950548
1.3954265
1.3950506
1.3948878
1.3953329
1.3948829
1.3949096
1.3945677
1.3955116
1.395195
1.3945141
1.3953952
1.3946279
1.3952471
1.3950906
1.3943821
1.395214
1.3954376
1.3952967
1.3950342
1.3952008
1.3950603
1.3948822
1.3947983
1.3951573
1.3947414
1.3953867
1.3947982
1.3950278
1.3947093
1.3955876
1.3946289
1.3953716
1.3952316
1.395433
1.3950486
1.3949976
1.3953984
1.3945221
1.395442
1.3947605
1.3949413
1.3952602
1.395161
1.3952864
1.3951645
1.3955609
1.395068
1.3950326
1.3948126
1.3952739
1.3947687
1.3951489
1.3948808
1.3950516
1.3952165
1.3949268
1.3950145
1.3947507
1.3950853
1.3947157
1.394616
1.3951013
1.394405
1.3949785
1.3948827
1.3951741
1.3948262
1.3951484
1.3946123
1.3949168
1.3943224
1.395208
1.3948851
1.3940516
1.3950198
1.394795
1.3951603
1.394971
1.3949254
1.3946583
1.3944439
1.3948029
1.3953116
1.3946725
1.3950479
1.3948362
1.3949643
1.3944794
1.3946022
1.3946848
1.3948643
1.3944305
1.394642
1.3952281
1.3946661
1.3943291
1.3944898
1.3945292
1.3944801
1.3949739
1.3948933
1.3949405
1.3954328
1.394658
1.3945785
1.3943267
1.394897
1.3946422
1.3946003
1.3947046
1.3948468
1.3945614
1.394523
1.3948872
1.3945628
1.3941541
1.3942127
1.3948258
1.3949064
1.3945078
1.3941044
1.3946913
1.3943901
1.394858
1.3944601
1.3947572
1.3944494
1.3948762
1.3947316
1.3945736
1.3947554
1.3947197
1.3948612
1.3944288
1.3941889
1.3949276
1.3939993
1.3946142
1.3947527
1.3941528
1.3947815
1.394778
1.3945421
1.394966
1.3942227
1.3947504
1.3941869
1.3942946
1.3940438
1.3946874
1.3945
1.3941816
1.3945243
1.3939553
1.3945627
1.394568
1.3941165
1.394676
1.3950464
1.3940245
1.3940995
1.3944222
1.3943535
1.3939908
1.3939095
1.3944858
1.3942589
1.3940243
1.3943769
1.3942808
1.394489
1.3946995
1.3939371
1.3942932
1.3942045
1.3940909
1.3942645
1.3946842
1.3943573
1.3947061
1.393666
1.3945829
1.3942541
1.3942358
1.3938829
1.3935956
1.393979
1.3940434
1.3944488
1.3939301
1.3941741
1.3940479
1.3932911
1.3949736
1.394196
1.3948576
1.3940644
1.3939195
1.3941664
1.3940209
1.3938888
1.3941749
1.3938057
1.394139
1.3944033
1.3940407
1.3941578
1.3943716
1.3939959
1.394028
1.3941579
1.3943388
1.3945079
1.3936883
1.3942562
1.3938619
1.39443
1.3940823
1.3940594
1.3938062
1.3938589
1.394389
1.3943926
1.3936027
1.3935978
1.3941203
1.3937497
1.3938355
1.3939317
1.3937745
1.394027
1.3940916
1.39433
1.3939329
1.3946823
1.3931522
1.3941612
1.3938472
1.3941387
1.3934579
1.3938122
1.3937794
1.3943205
1.3936967
1.3938947
1.3937184
1.3940269
1.3936098
1.3937007
1.3939433
1.3938707
1.3935843
1.3935965
1.3938422
1.3938423
1.3940092
1.3937241
1.3933822
1.3936962
1.3939193
1.3937292
1.3934975
1.3942729
1.393411
1.3940831
1.3936402
1.3937961
1.3936512
1.3938303
1.3941984
1.3934628
1.3940676
1.3927839
1.3933797
1.3930281
1.3944572
1.3935672
1.3932697
1.393637
1.393815
1.3936146
1.3937098
1.3932374
1.3935708
1.3933527
1.3933685
1.3937172
1.3935397
1.3936958
1.3932723
1.3934189
1.3938233
1.3936919
1.3939538
1.3934075
1.3939145
1.3934186
1.3934342
1.3937404
1.3935221
1.3934298
1.3930074
1.3937817
1.3935245
1.393216
1.3938308
1.3937031
1.3936166
1.393279
1.3934007
1.3928283
1.3934345
1.3930298
1.3934584
1.3931806
1.393939
1.3931503
1.3937457
1.3933114
1.3930801
1.3935605
1.3934277
1.3931742
1.3937083
1.3935806
1.3931977
1.3938951
1.3935614
1.3934329
1.3936107
1.3935823
1.3931797
1.39321
1.3933963
1.3934132
1.3929163
1.3933356
1.3932003
1.3938284
1.3935221
1.3933718
1.393429
1.3938469
1.3932829
1.393232
1.3931661
1.3932462
1.3931961
1.3927691
1.3930159
1.393023
1.3932676
1.3933407
1.392924
1.3926873
1.3933058
1.3931116
1.3930655
1.3933204
1.392932
1.3935394
1.3930979
1.393096
1.3930597
1.3933045
1.3931603
1.3934624
1.3934214
1.3933009
1.3928261
1.3930137
1.3927687
1.3931742
1.3925654
1.3933256
1.3932965
1.3932437
1.3932961
1.3929011
1.3934964
1.3929683
1.3929495
1.3925112
1.3929535
1.3926424
1.3933126
1.3932277
1.3929194
1.3927586
1.3927916
1.3928337
1.3923389
1.3927323
1.3928602
1.3928691
1.3928115
1.3927163
1.3924196
1.3926865
1.3929521
1.3922755
1.3930883
1.3928176
1.3932861
1.3930857
1.3933052
1.3928491
1.3922256
1.392623
1.3925471
1.3930826
1.3932458
1.3929772
1.3928204
1.3921753
1.3931311
1.3925581
1.3929303
1.39268
1.3928101
1.3928635
1.3926815
1.3930295
1.3927865
1.3928846
1.3920921
1.3927706
1.3924717
1.3923286
1.3924088
1.3927717
1.3929707
1.3927894
1.3931857
1.3927718
1.3922633
1.3926473
1.3929483
1.392904
1.3926773
1.3921973
1.3926834
1.392653
1.3927687
1.3920268
1.3926717
1.3928889
1.3927908
1.3924993
1.3926669
1.3921665
1.3921716
1.3924977
1.3925985
1.3920901
1.3927246
1.3925544
1.3925122
1.392959
1.3927094
1.3925836
1.392058
1.3927335
1.3923225
1.3921795
1.3925817
1.3913704
1.3924586
1.39272
1.3924525
1.3925264
1.3927939
1.3928999
1.3920224
1.3927978
1.392371
1.3922718
1.3920393
1.3921281
1.392407
1.3922435
1.3924019
1.392224
1.3921926
1.3920121
1.3919725
1.3919963
1.39186
1.3922879
1.3918931
1.3923551
1.391949
1.3922431
1.3924649
1.3923216
1.3920023
1.3924799
1.3919799
1.3922552
1.392137
1.3920776
1.3927011
1.3931158
1.392581
1.3919045
1.3925962
1.3923719
1.3922046
1.3917801
1.3924105
1.392194
1.3922199
1.3924112
1.3924729
1.392187
1.391503
1.391895
1.3918804
1.3923023
1.3918486
1.3923076
1.3929222
1.3928267
1.3923336
1.3919691
1.3919567
1.3917456
1.3920678
1.3924389
1.3921295
1.3918238
1.3923159
1.3921413
1.3924391
1.3924856
1.3920832
1.3924214
1.3919016
1.3921118
1.3921235
1.3923693
1.3920698
1.392184
1.3920133
1.3923663
1.392147
1.3918831
1.3915371
1.3925185
1.3922524
1.3919052
1.3919284
1.3920206
1.3920618
1.3916425
1.3919215
1.3923111
1.3918458
1.3920854
1.3918905
1.3920218
1.3923006
1.3918008
1.3919815
1.3922226
1.3920772
1.3917955
1.392511
1.392628
1.3917254
1.3917536
1.392017
1.3921237
1.39202
1.3923982
1.3922844
1.3917037
1.3920685
1.3913469
1.3920883
1.3918717
1.3916057
1.3913935
1.3918188
1.3918877
1.3918029
1.3908949
1.3917831
1.3917863
1.3917671
1.3919607
1.3921916
1.3916699
1.3916415
1.3922466
1.3920971
1.3918428
1.3919451
1.3914524
1.3917763
1.3921309
1.3915459
1.3918726
1.3920168
1.3915638
1.3914769
1.3920797
1.391496
1.3919985
1.3916587
1.3916641
1.3915895
1.3919115
1.392195
1.3916956
1.3919749
1.3918314
1.391586
1.3914071
1.3916514
1.3915766
1.3916318
1.3920543
1.3911918
1.392173
1.3911053
1.3914365
1.3919191
1.3915157
1.3913617
1.3909711
1.3912667
1.3918762
1.3914015
1.3916708
1.391655
1.3918842
1.3920059
1.3917065
1.3920635
1.3918273
1.3915516
1.3916382
1.3916389
1.3916726
1.3912522
1.3914822
1.3913158
1.3913628
1.3914933
1.3919094
1.3916788
1.3921696
1.3919162
1.3915919
1.3914863
1.3916196
1.3914522
1.3915687
1.3919342
1.3914955
1.3916063
1.3912104
1.3918371
1.3921018
1.3912848
1.3918289
1.3912405
1.3915256
1.3916522
1.3913134
1.3911895
1.3913597
1.391243
1.3915801
1.3913852
1.3911277
1.3909618
1.3909577
1.3912352
1.3913884
1.391605
1.3914113
1.3913615
1.3916757
1.3915957
1.3912439
1.3915554
1.3911728
1.3913105
1.3912551
1.3915492
1.3912843
1.3914216
1.3918846
1.39112
1.3917718
1.3912596
1.3913792
1.3919833
1.3912857
1.3916951
1.3913096
1.3916223
1.3914154
1.3910005
1.3913995
1.3916094
1.3916985
1.3915439
1.391328
1.391065
1.3910097
1.3912985
1.3917351
1.3912992
1.3912255
1.3914099
1.3906044
1.3912275
1.3914031
1.3912338
1.3912376
1.3909593
1.3914746
1.3911918
1.3910036
1.3910452
1.3908796
1.3914574
1.3910539
1.3911848
1.3912575
1.391296
1.3914002
1.3914764
1.3912429
1.3909085
1.3912688
1.3914791
1.3907266
1.3909976
1.390753
1.3908145
1.391181
1.3909928
1.3911976
1.3909111
1.3911976
1.3907855
1.3911854
1.3911148
1.3911701
1.3910105
1.3910073
1.3904492
1.391139
1.3913721
1.3909502
1.3912662
1.3908404
1.3910382
1.3915659
1.3912417
1.3906037
1.3913126
1.3912963
1.3913254
1.3913895
1.3909342
1.3908561
1.3912307
1.3907127
1.391156
1.3913718
1.3909
1.3905935
1.3911428
1.3913645
1.3907626
1.3910205
1.3910687
1.3910862
1.3906847
1.3908428
1.3913581
1.3913101
1.3908688
1.3909292
1.3910713
1.3907925
1.3915628
1.3912452
1.390909
1.390851
1.390303
1.3908792
1.3912498
1.3908242
1.3911909
1.39042
1.3911829
1.3911871
1.3912402
1.3905292
1.3911706
1.3906449
1.3903047
1.39127
1.3905464
1.3906205
1.3914881
1.3911254
1.390561
1.390885
1.390997
1.3908747
1.3912973
1.3915427
1.3908814
1.3911147
1.3909363
1.3907202
1.391077
1.3908937
1.3908026
1.3909776
1.3903698
1.390632
1.3909975
1.3910791
1.3903741
1.3906312
1.3903289
1.3910077
1.3904246
1.3914156
1.391011
1.3908304
1.3906887
1.3906741
1.3907055
1.3910652
1.3908774
1.3906815
1.3909147
1.3904026
1.3907379
1.3905725
1.3910674
1.3905517
1.390427
1.3908916
1.3911182
1.3907716
1.3904053
1.3906469
1.3902944
1.3908887
1.3903217
1.3909454
1.3911504
1.3908185
1.390982
1.3906962
1.3905935
1.3908756
1.3903762
1.3907288
1.3910366
1.3905414
1.3905993
1.3904587
1.3905078
1.3908434
1.390669
1.3903564
1.3909082
1.3909973
1.3905042
1.3912051
1.3905323
1.3906616
1.390089
1.3907324
1.3902057
1.3908435
1.3904538
1.3905457
1.3904804
1.3903915
1.3910642
1.390201
1.3907512
1.3906031
1.3904271
1.3906465
1.3904382
1.3904601
1.390349
1.3902186
1.3906627
1.390675
1.3902885
1.3903011
1.3903933
1.390234
1.3903781
1.3905957
1.3907521
1.3901587
1.3902646
1.390795
1.3904763
1.3903586
1.3906978
1.3900275
1.3907436
1.3905777
1.3905456
1.390612
1.390306
1.3909383
1.3905438
1.3899529
1.3903055
1.3904836
1.3902107
1.3900455
1.3905392
1.3904579
1.3905402
1.3903576
1.3904508
1.3906537
1.3905518
1.390126
1.3904307
1.3899527
1.3901917
1.3902922
1.3909065
1.3913891
1.3903354
1.390394
1.3901817
1.3906074
1.3909836
1.3904928
1.3904969
1.3903209
1.3905065
1.391336
1.3897709
1.3907466
1.3903077
1.3906652
1.3902155
1.3907261
1.390259
1.3901042
1.3904969
1.3905364
1.3902909
1.3902283
1.3907043
1.3905747
1.3904976
1.3907205
1.3902485
1.3905225
1.3900652
1.3900595
1.3903751
1.3905498
1.3907868
1.3903029
1.3903849
1.3904254
1.3909137
1.3902292
1.391181
1.3902222
1.3904166
1.3899206
1.3902271
1.3905896
1.3901628
1.3904451
1.3900027
1.3902998
1.3905815
1.3904454
1.390282
1.3904537
1.3907307
1.3900057
1.3895023
1.3905116
1.3896675
1.3898448
1.3900372
1.3905872
1.390351
1.3904526
1.3901738
1.3901387
1.3898103
1.3901211
1.3903365
1.3900359
1.3901583
1.390401
1.3906971
1.3909494
1.3901633
1.390258
1.3896438
1.3898574
1.3902216
1.3902795
1.3899454
1.390091
1.3900499
1.3905455
1.3900511
1.3903127
1.3900898
1.3904222
1.3901402
1.3906009
1.3901688
1.3902589
1.3896439
1.3905152
1.3900309
1.3902185
1.3901744
1.3904172
1.3899196
1.3905363
1.3906444
1.390666
1.3904632
1.3902574
1.3898835
1.390672
1.3897257
1.3899724
1.3902477
1.3900813
1.3902191
1.3902944
1.3902887
1.390181
1.3897609
1.3905783
1.3897238
1.389706
1.3899925
1.3902738
1.3899672
1.3901306
1.3896284
1.3897544
1.3897676
1.3907144
1.3897395
1.3901058
1.3899106
1.3897877
1.3903894
1.3905077
1.3900013
1.3902473
1.3903302
1.3898102
1.389821
1.3897892
1.3903508
1.3904454
1.3902866
1.3900851
1.390202
1.3897423
1.3897207
1.3901852
1.3891954
1.3905965
1.3897845
1.3904856
1.3897057
1.3900872
1.3899658
1.390303
1.3897163
1.3905338
1.389702
1.3897215
1.3897423
1.3899502
1.3903416
1.3900162
1.3892688
1.3899845
1.3898433
1.38951
1.3898603
1.3898393
1.3900832
1.3900226
1.3896862
1.3899142
1.390239
1.3898879
1.3895365
1.3900869
1.3897425
1.3898236
1.3902348
1.3898572
1.3895408
1.3902773
1.3898139
1.390149
1.3899554
1.3899078
1.3898865
1.3898536
1.3892758
1.3900769
1.3901125
1.3897452
1.3901602
1.3901777
1.3899231
1.3899359
1.3897475
1.3901685
1.3896621
1.3902396
1.3898723
1.3893764
1.3900068
1.3900566
1.3897909
1.3897723
1.3902054
1.3900485
1.3897047
1.3894882
1.3896137
1.3895196
1.390158
1.3898277
1.3900194
1.3896719
1.3900137
1.389687
1.3895683
1.3896915
1.3899004
1.3898741
1.3894991
1.3899661
1.3897974
1.3895866
1.3899304
1.3898612
1.3895214
1.3897702
1.3901263
1.3895206
1.3899521
1.389877
1.3900304
1.3896157
1.3900163
1.3898147
1.389891
1.3893887
1.3899002
1.3892761
1.390069
1.3895822
1.3893126
1.3899109
1.3895637
1.3897092
1.3896176
1.3894104
1.3898159
1.389626
1.3893288
1.3897104
1.3895298
1.3896176
1.3898805
1.3895532
1.3895407
1.389481
1.3891884
1.3894149
1.3900123
1.3895401
1.3896943
1.3894633
1.3900996
1.3894929
1.389307
1.3897129
1.3896894
1.389582
1.3897777
1.3892916
1.3896941
1.3890721
1.3890997
1.3894612
1.3894544
1.3898082
1.3894898
1.390275
1.3898078
1.3900276
1.3893939
1.3891578
1.3894261
1.3895341
1.3897799
1.389467
1.3896922
1.3893913
1.3897207
1.3894054
1.389699
1.3896433
1.3891451
1.3891227
1.3896354
1.3895739
1.389287
1.3892984
1.3895311
1.3897829
1.388978
1.3894931
1.3891884
1.3893303
1.3897518
1.3890402
1.3891897
1.3892399
1.389772
1.3890175
1.3899403
1.3890945
1.3897803
1.3891629
1.389441
1.3893678
1.3897194
1.3898507
1.389291
1.3896451
1.389582
1.3894211
1.3900238
1.3899963
1.389436
1.3894126
1.3896432
1.3894706
1.3891559
1.3889022
1.3893008
1.3893907
1.3895857
1.389218
1.3895311
1.389334
1.3894254
1.3892399
1.3892052
1.3890913
1.3895762
1.389005
1.3889703
1.3893536
1.389461
1.3894131
1.3892913
1.389323
1.3895231
1.389174
1.3892533
1.3891245
1.3896242
1.3891994
1.3895987
1.3892673
1.3891011
1.3893213
1.3893961
1.3897448
1.3892251
1.389767
1.389457
1.3892174
1.3893418
1.3894346
1.3894074
1.3890646
1.3892022
1.3889159
1.3893392
1.3891463
1.3892118
1.3889526
1.389466
1.3894795
1.3892734
1.3895547
1.3891374
1.3890513
1.389558
1.389336
1.389286
1.3892838
1.3899761
1.3893785
1.3894573
1.3894141
1.3889952
1.3889915
1.3890238
1.3890451
1.3895993
1.388596
1.3887825
1.3893414
1.3890758
1.3893014
1.3894789
1.3891634
1.3893104
1.3889445
1.3889245
1.3890653
1.3890435
1.3890237
1.3891062
1.3894516
1.3892406
1.3893517
1.3887037
1.3891039
1.3892334
1.3894436
1.3893828
1.3890723
1.3889875
1.3894924
1.3888819
1.3892611
1.3888249
1.3887705
1.3890815
1.3895782
1.3888826
1.3891727
1.3896595
1.3890762
1.3888031
1.3895601
1.3890011
1.3887606
1.3891425
1.3894356
1.3891739
1.3890673
1.38898
1.389162
1.3890148
1.3891915
1.3883971
1.3889618
1.3892732
1.3894451
1.3890817
1.3893392
1.3892547
1.3885455
1.389093
1.3884859
1.3892496
1.3888304
1.3889458
1.3884743
1.3891939
1.3887941
1.3886707
1.3893313
1.3890859
1.3889011
1.3884497
1.3891035
1.389019
1.3893051
1.3890842
1.3895602
1.3892221
1.3890077
1.3887141
1.3886676
1.3887714
1.389069
1.389049
1.38832
1.388986
1.3893384
1.3885864
1.388651
1.3891147
1.3893967
1.3887023
1.3891312
1.3891319
1.3890699
1.3885857
1.3891531
1.3890638
1.3889155
1.3889085
1.3891745
1.3889236
1.3890336
1.3889451
1.3885041
1.3888782
1.3891015
1.3886378
1.3885465
1.3891413
1.3887386
1.3890319
1.3886312
1.3886843
1.388765
1.3893315
1.3885336
1.3892984
1.388855
1.3886263
1.3886627
1.3885431
1.3883426
1.3888726
1.3891603
1.388524
1.388531
1.3887153
1.3889987
1.3889008
1.3884991
1.3885978
1.3888457
1.3884208
1.3883752
1.388381
1.3884696
1.3887956
1.3887365
1.3882409
1.3884777
1.3886228
1.3891
1.3890381
1.3888725
1.3887104
1.3882927
1.3881147
1.3886712
1.3886472
1.3884971
1.3884096
1.388581
1.388235
1.3887364
1.3886625
1.3884915
1.3881384
1.3884964
1.3884134
1.3887769
1.3886737
1.3886123
1.3888189
1.3886479
1.3887503
1.3885244
1.3882737
1.3884351
1.3885319
1.3887451
1.3886044
1.3882946
1.3885208
1.3887783
1.388789
1.3883085
1.388994
1.3885099
1.3884594
1.3880955
1.3886409
1.3880363
1.3889047
1.3884872
1.3886389
1.3887649
1.3883406
1.3884093
1.388519
1.3888527
1.3884529
1.3884906
1.3886483
1.3890342
1.3887427
1.3887854
1.3884354
1.3887516
1.3882631
1.3886255
1.3885244
1.388747
1.388114
1.3880982
1.3888037
1.3881769
1.388132
1.388493
1.3882742
1.388295
1.3884207
1.3885266
1.3886664
1.3887362
1.3886898
1.3884071
1.3884872
1.38843
1.3883861
1.3883044
1.3886793
1.3884524
1.3883194
1.388371
1.3885113
1.3877174
1.388575
1.3878807
1.3882366
1.3881384
1.3886309
1.3881227
1.3882861
1.3883439
1.3882536
1.388154
1.3883064
1.3883251
1.3883995
1.3885063
1.388582
1.388461
1.3885539
1.3885207
1.3880396
1.3882354
1.3882443
1.3879691
1.3882194
1.3878736
1.3883921
1.3883575
1.3882558
1.3883892
1.3881937
1.3879216
1.3882339
1.388295
1.388363
1.3881474
1.3885869
1.3884271
1.3882368
1.3881825
1.3883442
1.3883466
1.3886414
1.3880501
1.3884269
1.3880906
1.3880013
1.387907
1.3876216
1.388514
1.387786
1.3885472
1.3881254
1.3880606
1.3878881
1.3880843
1.3881654
1.3882668
1.3884891
1.3881348
1.3884524
1.3882368
1.387925
1.3879634
1.3881346
1.3883579
1.3882598
1.3879883
1.3886003
1.3884624
1.3881291
1.3882661
1.3878692
1.3879076
1.3884164
1.3879812
1.3880757
1.3881712
1.3884283
1.3881191
1.387651
1.3878927
1.3876333
1.3882028
1.3879086
1.3880295
1.3881706
1.3882823
1.3879589
1.38806
1.3882561
1.3883603
1.3881394
1.3877032
1.388212
1.3879867
1.3877078
1.388411
1.3881642
1.3877815
1.3883147
1.3883113
1.3884395
1.3880271
1.3879037
1.3882366
1.3881153
1.3884077
1.3879112
1.3879119
1.388514
1.3879398
1.387681
1.3877485
1.3879911
1.3878391
1.3878951
1.3886665
1.3878107
1.3881009
1.3877774
1.388329
1.3876499
1.3879515
1.3880535
1.3877083
1.388165
1.3876652
1.3878052
1.3876315
1.3880438
1.3879158
1.3878609
1.3880587
1.3878434
1.3881086
1.3878325
1.3882523
1.3880364
1.3883117
1.3878821
1.3876516
1.3880683
1.387816
1.3876219
1.3879125
1.3882107
1.3879077
1.3878525
1.3877294
1.387435
1.3878822
1.3875186
1.3880886
1.388024
1.3883085
1.3881124
1.3881094
1.3878584
1.3875073
1.3880949
1.3871129
1.3878025
1.3876364
1.387984
1.3881675
1.3879027
1.3878727
1.3879951
1.3878908
1.3875246
1.387652
1.387674
1.3877462
1.3884034
1.3877372
1.3882667
1.3880026
1.387834
1.3875434
1.3876538
1.3875729
1.387878
1.3876224
1.3878673
1.3876495
1.3874211
1.3879156
1.3880013
1.3878568
1.3873171
1.3878624
1.3880024
1.3881131
1.3875282
1.3876315
1.3877739
1.3881569
1.3877052
1.3875381
