1.4399959
1.2965888
1.2404381
1.2222627
1.2169104
1.213844
1.2121775
1.2130018
1.2115716
1.2120559
1.2113483
1.2130735
1.209211
1.2121272
1.2107669
1.2115246
1.2098484
1.2098571
1.2105644
1.2122971
1.2100693
1.2109219
1.2079954
1.2079215
1.2078172
1.2078044
1.2065139
1.2095835
1.2073576
1.2070643
1.2071003
1.2077887
1.2074364
1.2063624
1.2076118
1.2066828
1.2045947
1.2048392
1.2054859
1.2047385
1.2053303
1.2035993
1.2035972
1.2045307
1.2049565
1.2048261
1.2050992
1.2036432
1.203657
1.2046665
1.2040554
1.2032579
1.2037683
1.2034886
1.2028631
1.2019788
1.2034991
1.2015996
1.2038294
1.2024955
1.2031213
1.2008314
1.2018474
1.2006326
1.2030143
1.2011234
1.202787
1.2024124
1.2021941
1.2032096
1.2037052
1.2017798
1.2012196
1.1996956
1.2012036
1.1987265
1.2013445
1.2013775
1.1997055
1.200233
1.1997129
1.2013309
1.2012585
1.1996174
1.2012157
1.1999577
1.2026117
1.1977941
1.1997792
1.1991743
1.1992666
1.19868
1.197484
1.199612
1.2005272
1.1991007
1.1970875
1.1999911
1.1999456
1.1975505
1.2004026
1.2014612
1.2005568
1.1989565
1.1996034
1.1979117
1.1996595
1.1960586
1.1956502
1.1994095
1.1962142
1.199322
1.1993798
1.1997334
1.1985841
1.1957725
1.1978034
1.1971065
1.1969476
1.1960154
1.1972743
1.1961582
1.1971214
1.1968392
1.1975273
1.192783
1.1988952
1.1961491
1.1986183
1.2002256
1.1945707
1.1956296
1.1975118
1.1968424
1.1951241
1.1976906
1.1977859
1.1975603
1.1943477
1.1959931
1.1986146
1.1957624
1.1969564
1.1916995
1.1982703
1.1970669
1.1978089
1.2006794
1.1965338
1.1950954
1.1954724
1.1943069
1.1920414
1.203521
1.1944606
1.1978275
1.1983232
1.200082
1.2050608
1.2032434
1.1992782
1.209042
1.2087406
1.2046385
1.2145334
1.2127621
1.2159994
1.2118335
1.2312489
1.2283424
1.2329599
1.2246257
1.2330295
1.2368274
1.240993
1.24995
1.252335
1.2556717
1.2540712
1.2674717
1.264002
1.2825822
1.267787
1.2759479
1.2953628
1.2965599
1.3133893
1.3102967
1.3159896
1.3287133
1.3321248
1.3222961
1.3318381
1.3431494
1.3654131
1.3518609
1.355628
1.3638675
1.3713703
1.3788456
1.3964659
1.4180386
1.3915849
1.4043579
1.4072726
1.4286095
1.4245852
1.4382334
1.4356648
1.4308075
1.4408668
1.4529977
1.4607277
1.4589437
1.4551078
1.476936
1.468009
1.4555076
1.4671707
1.448165
1.4476478
1.4513106
1.4420334
1.4371015
1.4349682
1.4309081
1.4322382
1.4276909
1.4270319
1.4260007
1.4222387
1.4241354
1.4209833
1.4206679
1.4201373
1.4192438
1.4177803
1.4174901
1.4160217
1.4144683
1.4138291
1.4127079
1.4132351
1.4129556
1.4112782
1.411066
1.4111724
1.4104037
1.4086848
1.4079502
1.4083698
1.4060547
1.4066068
1.4069074
1.4055219
1.4061637
1.4047382
1.4038506
1.4043334
1.4039745
1.4027457
1.4030874
1.401868
1.3999513
1.4004488
1.3996865
1.3993584
1.3987788
1.3984742
1.3986521
1.3972383
1.3964592
1.3976482
1.3959452
1.3956625
1.3949102
1.3949988
1.3947262
1.3939459
1.3931277
1.3923908
1.3916808
1.3910073
1.3898611
1.3895725
1.3882214
1.3877188
1.3870203
1.3868747
1.3854347
1.3865696
1.3862766
1.3835692
1.3837944
1.382782
1.3828942
1.3823594
1.381743
1.3809015
1.3819814
1.3806102
1.3798956
1.3809599
1.3814129
1.381926
1.3812752
1.3798755
1.3807213
1.3800391
1.3798848
1.3819767
1.3832603
1.3802232
1.381863
1.3837721
1.3862121
1.387232
1.3842232
1.3827692
1.3848789
1.3846208
1.3823291
1.3830153
1.3846642
1.3842589
1.3877869
1.3867708
1.3840296
1.3838973
1.3844682
1.3849427
1.3868697
1.3830587
1.3856046
1.3816696
1.3825179
1.3859353
1.3827424
1.3865792
1.3845234
1.3802499
1.3863297
1.3848516
1.384427
1.3862412
1.3826737
1.3862889
1.3830703
1.3854584
1.3857781
1.3827708
1.3805255
1.3799511
1.3848823
1.3833628
1.380294
1.383148
1.3844862
1.3826811
1.382291
1.3843381
1.3811597
1.3833326
1.3851244
1.384398
1.3846527
1.3823208
1.3832138
1.3836666
1.3848668
1.381459
1.3831692
1.3834034
1.385306
1.3785235
1.3831148
1.3830132
1.3812793
1.3839122
1.3826301
1.3804828
1.3832011
1.3810853
1.3813628
1.3818748
1.3818067
1.3823963
1.3824393
1.3820463
1.3819726
1.3816452
1.3809298
1.3835261
1.3814371
1.3790932
1.3779968
1.3803408
1.3801085
1.3806661
1.3829553
1.3816943
1.3808708
1.3833065
1.3822546
1.3800125
1.3793656
1.3839006
1.382651
1.3818331
1.382743
1.3795661
1.3815578
1.3811585
1.3818274
1.3790547
1.382893
1.3803775
1.377194
1.3779521
1.380184
1.3833109
1.3826066
1.3812687
1.3802414
1.3832039
1.3819458
1.3796788
1.3799229
1.3812807
1.3799909
1.3789666
1.3798249
1.3804514
1.3800852
1.38102
1.3817682
1.3776127
1.3800821
1.3812666
1.3783969
1.3809112
1.3749374
1.3806812
1.378436
1.3802757
1.3795205
1.3800055
1.380381
1.3763145
1.380785
1.3789876
1.377036
1.3777779
1.3788702
1.3761892
1.381661
1.3791759
1.3762201
1.3822829
1.3807926
1.3821936
1.3797098
1.3795247
1.3749952
1.380612
1.3806305
1.3800598
1.3805612
1.3781811
1.377652
1.3803327
1.3759629
1.3773447
1.3775449
1.3814974
1.381283
1.3778073
1.3780724
1.3778661
1.3783537
1.3793821
1.377076
1.3786168
1.3795593
1.3796191
1.3782164
1.3771441
1.3787584
1.3804172
1.3775553
1.3800399
1.3784219
1.3778814
1.3791004
1.3796653
1.3788897
1.3756756
1.3768046
1.3790606
1.3809491
1.3782293
1.3777138
1.3774931
1.37463
1.3794056
1.3760573
1.3755524
1.3789523
1.3808236
1.3770969
1.3783172
1.3789508
1.3791497
1.3773298
1.375048
1.37777
1.3750873
1.3766626
1.3770746
1.3747448
1.3749925
1.3782392
1.3768816
1.3768348
1.3768203
1.3743694
1.3802406
1.3751999
1.3763157
1.3780628
1.3767288
1.3775641
1.3782188
1.3781081
1.3784273
1.3736606
1.3740746
1.378995
1.3781383
1.3790321
1.3748865
1.377383
1.3758243
1.3752006
1.3774397
1.3772535
1.3776462
1.3753992
1.3795652
1.3750092
1.3759834
1.3719789
1.3791876
1.3786165
1.3763916
1.378402
1.3787287
1.3757063
1.3770672
1.3770342
1.374593
1.3752587
1.3738922
1.376182
1.3769256
1.3757064
1.3771917
1.3772285
1.3758347
1.3772906
1.3769093
1.3771155
1.37639
1.3740704
1.3776629
1.375626
1.3767954
1.3760159
1.3775254
1.3740759
1.3784889
1.3754725
1.3770276
1.3755165
1.3786978
1.3776363
1.375074
1.3753412
1.3766209
1.3778116
1.3747096
1.3762064
1.3755102
1.3799467
1.3746811
1.3762213
1.377174
1.3751842
1.3773117
1.3745826
1.3733786
1.377798
1.3773997
1.3766296
1.3770981
1.3738184
1.3725824
1.376914
1.3790768
1.3746574
1.3760893
1.3747699
1.3777174
1.3741747
1.3751076
1.3728565
1.3777175
1.3757172
1.3770934
1.3781557
1.3761178
1.3783518
1.375729
1.3754277
1.3768841
1.3710667
1.3753834
1.3754172
1.3749899
1.3736868
1.3770672
1.3752404
1.3754236
1.3750925
1.3760954
1.3765908
1.3764371
1.3753544
1.3759959
1.3799981
1.3791431
1.373027
1.3753134
1.3768293
1.3768752
1.3758621
1.3718921
1.3744787
1.378016
1.3767301
1.3754673
1.3751502
1.3768251
1.374992
1.3750676
1.374539
1.3767366
1.3757513
1.3760543
1.3741407
1.3764699
1.3772529
1.3731788
1.3757474
1.3769987
1.3706542
1.3759174
1.375358
1.368376
1.3727787
1.3757468
1.3753468
1.375752
1.3765144
1.3718041
1.3789564
1.3753027
1.3763145
1.3747327
1.3756857
1.3770465
1.3735884
1.3754044
1.3786162
1.3757057
1.3752222
1.3752874
1.3773694
1.3761629
1.3742584
1.3781606
1.3747844
1.3722167
1.376353
1.3761753
1.3761723
1.3763099
1.3751143
1.3770152
1.3765755
1.3747932
1.3767877
1.3761649
1.3759428
1.377185
1.3763223
1.3730747
1.3731579
1.375426
1.3751547
1.3749466
1.3777137
1.374458
1.3739536
1.3700632
1.3742621
1.3754739
1.3770977
1.3759731
1.3741008
1.3778577
1.3746085
1.375474
1.3764423
1.3766832
1.3742855
1.3755405
1.378055
1.377698
1.3763855
1.3776019
1.371797
1.3747745
1.374423
1.3751273
1.3742993
1.3752644
1.3764534
1.375353
1.3725344
1.3738748
1.3730664
1.3707837
1.376417
1.3766274
1.375525
1.3768901
1.3739903
1.3748324
1.3770212
1.3784592
1.374931
1.376225
1.3743296
1.3766934
1.374321
1.3750056
1.3759453
1.3761929
1.3753536
1.3780891
1.3736303
1.3737956
1.373863
1.3756393
1.3756171
1.3756462
1.3724834
1.3720372
1.376476
1.3786222
1.3753742
1.3742684
1.3752751
1.37609
1.3749427
1.3754722
1.3748304
1.3752058
1.3758677
1.378439
1.3760793
1.3729042
1.3759809
1.3756871
1.3744701
1.3742224
1.3766356
1.3773934
1.3753543
1.3757625
1.376033
1.3727932
1.3753965
1.3741264
1.3757024
1.3787172
1.376035
1.3775326
1.3719136
1.3745103
1.374407
1.3766513
1.3773813
1.3762128
1.3767674
1.3738292
1.374935
1.374632
1.3779818
1.3774742
1.3731738
1.3726923
1.3771604
1.379187
1.3748401
1.3770704
1.3781137
1.3788697
1.3773972
1.3747658
1.3765354
1.3776556
1.3785536
1.3750888
1.3780739
1.3776826
1.3738
1.3776191
1.3760432
1.3737999
1.3750687
1.3769041
1.3742751
1.3714234
1.3797009
1.3753906
1.3755566
1.3791497
1.3769681
1.3740535
1.3766271
1.3767697
1.3808484
1.3758277
1.376083
1.3785816
1.3786315
1.3771869
1.3774488
1.3772038
1.3774178
1.3773718
1.3776639
1.3771616
1.380847
1.3784826
1.3784382
1.3785087
1.3791347
1.3793094
1.3764544
1.3821974
1.3749579
1.3818274
1.3782129
1.3817911
1.3777401
1.381962
1.3758693
1.3785905
1.3755361
1.3762941
1.3793889
1.3777219
1.378564
1.3802578
1.3745621
1.3801985
1.3761628
1.37867
1.3775729
1.3769557
1.378759
1.3799683
1.3768181
1.379665
1.3774889
1.3821107
1.3798221
1.3790274
1.3814393
1.3803456
1.3784941
1.3819295
1.3717037
1.3750515
1.3820223
1.3788338
1.381412
1.3790311
1.3815068
1.3794322
1.3803364
1.3794998
1.3761613
1.3776343
1.3782532
1.3815651
1.3841503
1.3775892
1.3821124
1.3816624
1.380124
1.3802179
1.3819096
1.3738931
1.3785021
1.3769779
1.3775039
1.3789612
1.3791598
1.3800081
1.3805609
1.3807579
1.381729
1.3815178
1.3817695
1.3827616
1.3816707
1.3830671
1.3835927
1.3827626
1.3824301
1.3802096
1.3798702
1.382796
1.3794162
1.382842
1.3815222
1.3799292
1.3831956
1.3794658
1.3872055
1.3794405
1.3826443
1.3833436
1.3832567
1.3867577
1.3791592
1.380407
1.3825085
1.3839239
1.3815628
1.3806537
1.3823339
1.3800509
1.382474
1.3819861
1.3811401
1.3839862
1.3802412
1.3832768
1.3824651
1.3823793
1.3860887
1.3818828
1.3834028
1.3789345
1.3845803
1.3860312
1.381687
1.3814694
1.380147
1.3826531
1.3847563
1.3832132
1.3791546
1.386955
1.3837328
1.3798198
1.3813041
1.3843762
1.3796548
1.3843023
1.3830231
1.3828406
1.3837272
1.3802341
1.3846416
1.3822392
1.3860554
1.3837543
1.3851507
1.3838915
1.3824989
1.3850216
1.3829418
1.3839432
1.3811707
1.3837786
1.3870423
1.3827105
1.3846534
1.3840469
1.3823341
1.3845564
1.3817621
1.3819036
1.3841066
1.3819343
1.386172
1.384468
1.3831364
1.3848023
1.385535
1.381572
1.3858368
1.389705
1.3865607
1.3868293
1.384024
1.3857673
1.3812102
1.3833922
1.386788
1.3855091
1.3842554
1.3887409
1.3833752
1.3887951
1.3841922
1.3853273
1.3896283
1.387805
1.389431
1.3840492
1.3827221
1.3835968
1.3861736
1.382135
1.3854523
1.3899747
1.3874705
1.3867165
1.3884592
1.3829002
1.3838652
1.3866994
1.3838898
1.3868927
1.3859459
1.3855286
1.3848069
1.3831817
1.385563
1.3888958
1.3863833
1.3868645
1.3906488
1.3875622
1.3851086
1.3914199
1.38792
1.3830417
1.388598
1.3864057
1.3892056
1.3853563
1.383677
1.3839489
1.3878062
1.3845129
1.3876668
1.3865286
1.3884342
1.3879074
1.3862727
1.3861998
1.3894958
1.3918369
1.3906583
1.3890352
1.3905993
1.38855
1.3863972
1.3853829
1.3878856
1.3879464
1.3890864
1.3860259
1.3881184
1.3871073
1.3890566
1.3865818
1.3893234
1.3887047
1.3857971
1.3864483
1.3899692
1.3874233
1.3892249
1.3889755
1.3883544
1.3848453
1.3864415
1.3916318
1.3876125
1.3902247
1.3875365
1.3897969
1.3858596
1.3911521
1.3884043
1.3872002
1.3908249
1.3863608
1.3896317
1.3905388
1.3916187
1.3919363
1.3903645
1.3865843
1.3907255
1.387811
1.3886843
1.3907928
1.3861183
1.384854
1.3891293
1.3923177
1.387854
1.3905323
1.3885893
1.3924962
1.3879061
1.394133
1.3875312
1.3910952
1.3871537
1.388859
1.3899442
1.391038
1.3909945
1.3892196
1.387128
1.3858314
1.3927759
1.3857656
1.3948838
1.3910867
1.3930371
1.3900253
1.3929708
1.3875284
1.3896533
1.3892227
1.390809
1.3906101
1.3901827
1.3919288
1.3886665
1.3902465
1.3919611
1.3927724
1.3879714
1.3902626
1.3878559
1.3922485
1.388814
1.3879819
1.3893181
1.3920504
1.3868467
1.3911084
1.3905889
1.3921645
1.3915262
1.3904266
1.3939141
1.3890518
1.3912418
1.3944654
1.3896786
1.3910247
1.3882974
1.3915169
1.3898221
1.3903843
1.3927056
1.3916218
1.391926
1.3906006
1.391201
1.393006
1.3915529
1.3902841
1.3895127
1.3900223
1.3911079
1.3923451
1.3951873
1.3921331
1.3922151
1.3926588
1.3911177
1.3911197
1.3926898
1.392839
1.3966951
1.3914894
1.3916261
1.3881606
1.3915179
1.3916475
1.3934636
1.3871422
1.3915663
1.3895
1.3888373
1.3892772
1.3913331
1.3949401
1.3908042
1.3901386
1.3925632
1.389512
1.3904092
1.3892756
1.3905041
1.3966049
1.3928248
1.3930807
1.3960161
1.388272
1.3897423
1.3895622
1.3951712
1.3968655
1.3918022
1.3917655
1.393918
1.3909637
1.3941972
1.39098
1.3914381
1.3909327
1.3929192
1.3903333
1.389098
1.389565
1.396523
1.3941518
1.3926477
1.3932022
1.3930621
1.3915894
1.3925649
1.3919867
1.392112
1.3907257
1.3899456
1.3986448
1.3950566
1.3892131
1.3948838
1.3945676
1.3952289
1.3960961
1.3930808
1.391499
1.3901812
1.3905331
1.3922348
1.3920238
1.3926946
1.3888222
1.3955758
1.3965303
1.3956887
1.3893524
1.3917853
1.3905021
1.3935945
1.3946126
1.3955743
1.3899288
1.389341
1.3937898
1.3939506
1.3879757
1.3930622
1.3924812
1.390961
1.3931037
1.3928971
1.3932432
1.3933216
1.3915818
1.3927774
1.389805
1.3912197
1.3963596
1.3940159
1.3948762
1.3911659
1.3903242
1.3920095
1.3912128
1.3909928
1.3906264
1.3928982
1.39264
1.3921822
1.3947111
1.390555
1.3914055
1.3922331
1.3935592
1.3909265
1.3948305
1.3958039
1.3964177
1.390053
1.3911606
1.3865442
1.3946326
1.3914157
1.395405
1.392854
1.3942753
1.3906658
1.3925772
1.3947262
1.3931564
1.3896891
1.3931786
1.388901
1.3920814
1.3917447
1.392645
1.3919195
1.3961698
1.3916042
1.3936598
1.3916304
1.3933517
1.3946255
1.3938977
1.3912753
1.387471
1.3927487
1.3914042
1.3934674
1.395446
1.3969983
1.3933008
1.3944668
1.3939772
1.3885986
1.391227
1.3967823
1.395984
1.3889236
1.3912338
1.3927593
1.3939133
1.3914415
1.3951398
1.3950478
1.3906133
1.390565
1.3966118
1.3954113
1.391444
1.3931118
1.393482
1.387119
1.3938341
1.3872789
1.3918251
1.3886392
1.3912584
1.3910375
1.3904288
1.3932796
1.3883529
1.3924879
1.3932242
1.3924701
1.3919854
1.3949062
1.3928034
1.3977147
1.3879486
1.392987
1.3927113
1.393021
1.3889354
1.3930812
1.3923235
1.3939368
1.3905529
1.3947607
1.3925933
1.3958527
1.3894473
1.3924395
1.3898399
1.393036
1.3918508
1.3908706
1.3918929
1.392948
1.3922731
1.3939697
1.3940606
1.3899444
1.3901043
1.3962169
1.3915426
1.3931532
1.3916309
1.3903219
1.394793
1.3919419
1.395976
1.3921269
1.3930761
1.3927637
1.38835
1.390069
1.3935881
1.3925798
1.394585
1.3973413
1.3918767
1.3927869
1.3918293
1.3928505
1.3926615
1.3908631
1.3919559
1.3942599
1.3928287
1.3968693
1.3923892
1.3922224
1.3930957
1.3912802
1.3918405
1.393353
1.3927597
1.3970364
1.393527
1.3904976
1.3900533
1.3942155
1.3925966
1.3923166
1.3933548
1.3947393
1.3931137
1.393524
1.3907285
1.3899622
1.3961673
1.3911587
1.3931631
1.3936881
1.3875924
1.393987
1.3926224
1.3884727
1.3956579
1.3925471
1.386475
1.3898342
1.3894389
1.3893815
1.3933134
1.3941842
1.3908244
1.3895589
1.3903959
1.3862975
1.3926818
1.3922398
1.3936822
1.3922237
1.3911009
1.3919522
1.391794
1.3922707
1.3897793
1.3927366
1.3976187
1.3953692
1.3906329
1.3953695
1.3918324
1.3941829
1.3975208
1.3939784
1.3895994
1.3933392
1.3906769
1.3911701
1.3893086
1.3900856
1.3931407
1.3941389
1.3901606
1.394696
1.3936367
1.3921613
1.389485
1.390767
1.3925208
1.3924102
1.3914694
1.3907272
1.3922268
1.3892847
1.3907447
1.3923355
1.3926592
1.3940126
1.3883151
1.3922421
1.389627
1.3918829
1.3920947
1.3912065
1.3891917
1.3922882
1.3898482
1.3927132
1.390007
1.3921943
1.3934876
1.3913357
1.392341
1.3875626
1.39068
1.3948177
1.3902028
1.3946775
1.3935148
1.3899008
1.3896652
1.390296
1.392429
1.3858551
1.391295
1.3907825
1.3966006
1.3927803
1.3942066
1.3908083
1.3916249
1.389798
1.3901439
1.392424
1.3921528
1.3879218
1.387076
1.3898573
1.3913785
1.388099
1.390855
1.3930286
1.3877499
1.3931004
1.390963
1.3914877
1.3902327
1.392005
1.3927989
1.393273
1.3911706
1.3924346
1.3861424
1.3895582
1.3919735
1.3910742
1.3953305
1.3895098
1.3887346
1.3923426
1.3920723
1.3916746
1.3911464
1.3905054
1.3903481
1.3900983
1.3955069
1.392424
1.3900592
1.3901291
1.3873509
1.3863281
1.3942782
1.3889841
1.3900162
1.3881395
1.3901596
1.3901303
1.3933312
1.3896779
1.3913991
1.3930539
1.3940662
1.3898189
1.3902485
1.3894333
1.3929029
1.3870267
1.3918805
1.3941139
1.3894445
1.3879073
1.3928329
1.3930317
1.387415
1.3920418
1.388535
1.386499
1.3919072
1.391661
1.3911289
1.3934233
1.390509
1.3933955
1.3933986
1.3855807
1.3889174
1.38938
1.3932967
1.3906572
1.3882068
1.3892703
1.3930495
1.3885454
1.387948
1.3914818
1.3892012
1.3892338
1.387451
1.386993
1.3888044
1.3891927
1.3853084
1.3902172
1.3895578
1.3874447
1.390968
1.3896856
1.3907582
1.3933253
1.384706
1.3918117
1.389418
1.3937767
1.393391
1.3933573
1.3892568
1.3901289
1.3867592
1.3888464
1.3897913
1.3861935
1.3908077
1.390276
1.3921951
1.3877885
1.3884186
1.393392
1.3893043
1.3900135
1.3897778
1.3903939
1.3852438
1.3852885
1.3884602
1.3912765
1.3873304
1.3880882
1.3864653
1.3946654
1.3925115
1.3916153
1.3911068
1.3862126
1.3871984
1.3910363
1.3906609
1.3958112
1.3873044
1.3885351
1.3914288
1.391819
1.3891999
1.3874222
1.3891853
1.3913927
1.3941298
1.3871061
1.3922075
1.3902591
1.3904704
1.3890427
1.3913158
1.3866003
1.3847704
1.3901417
1.3881047
1.3893423
1.3913169
1.3894615
1.389974
1.3864044
1.3867862
1.3882378
1.3859752
1.390987
1.3895869
1.3852369
1.3892347
1.3920988
1.3912318
1.3921005
1.3936625
1.3893232
1.3882068
1.3877913
1.3921225
1.3912649
1.3902228
1.3881788
1.3921145
1.390516
1.3907652
1.3882468
1.3900594
1.3857906
1.3911064
1.3933755
1.3886826
1.3914778
1.3852658
1.3879384
1.3878461
1.3863474
1.386737
1.3857789
1.3878077
1.3837332
1.3884667
1.3897117
1.3884001
1.3888077
1.3879405
1.3875927
1.3876888
1.3844986
1.3882209
1.3891056
1.3912542
1.3861234
1.3900634
1.3922287
1.3903702
1.3863752
1.3839295
1.3891727
1.3869556
1.3860383
1.3877482
1.3930262
1.3914855
1.3858951
1.3864126
1.3886999
1.3886597
1.3878025
1.3890549
1.3880664
1.3876553
1.387127
1.3831309
1.3872771
1.3855095
1.390472
1.3887752
1.3860179
1.3855791
1.3851724
1.3861536
1.388751
1.3866391
1.3863075
1.3860555
1.3850645
1.3873781
1.388308
1.3846956
1.3861327
1.3894242
1.3884754
1.3869123
1.3873396
1.3902886
1.3910602
1.3858286
1.3899696
1.3887789
1.3861207
1.3872163
1.3846747
1.3904105
1.3874556
1.3882535
1.3877572
1.3852055
1.3883832
1.388604
1.3861767
1.3863674
1.3869809
1.3863686
1.3883946
1.388406
1.3859255
1.3850113
1.3863369
1.3839085
1.3852688
1.3859035
1.3891834
1.3870579
1.3853275
1.3871362
1.3886402
1.3848423
1.3870113
1.3865982
1.3881412
1.3862371
1.3846879
1.3832653
1.3861996
1.3854984
1.3878458
1.3834174
1.3875573
1.3862174
1.3854012
1.3855778
1.3850358
1.382961
1.3880782
1.3881253
1.3869069
1.3860483
1.3805842
1.3848552
1.3859323
1.3863108
1.3843768
1.3870827
1.386632
1.384626
1.384888
1.3847716
1.3830924
1.3857259
1.3842715
1.3835776
1.3878583
1.3846788
1.3867515
1.381894
1.3836584
1.3828963
1.3870599
1.3837949
1.3864905
1.3890148
1.3876646
1.3863605
1.3834845
1.3864605
1.3855537
1.3863021
1.3860973
1.386081
1.3835398
1.3851786
1.3853068
1.3853523
1.3827357
1.3861209
1.3860505
1.3820208
1.3857927
1.3866795
1.3861815
1.3842579
1.3826832
1.3837343
1.389822
1.3831583
1.3862464
1.3817089
1.3859181
1.3816406
1.3847923
1.3806362
1.3842148
1.3827556
1.3817376
1.3812025
1.383741
1.386829
1.3822846
1.3886415
1.3847755
1.3869505
1.3840824
1.3795037
1.3825829
1.385818
1.3861068
1.3868322
1.3820052
1.3854492
1.385765
1.3830435
1.3845272
1.3839267
1.386356
1.3854803
1.3851572
1.3836424
1.3831214
1.3863415
1.3862673
1.3813739
1.3828992
1.3865896
1.3867942
1.3823462
1.3827391
1.3838655
1.379799
1.3816913
1.3821018
1.3820837
1.3877456
1.3857301
1.3858656
1.3838533
1.3847344
1.3833225
1.3844519
1.3830092
1.3809817
1.3823436
1.3799312
1.3835655
1.3849362
1.3880638
1.3856548
1.381715
1.3829743
1.3850225
1.3829417
1.37982
1.3831043
1.3823411
1.3788276
1.3842484
1.3836457
1.3815681
1.3858497
1.3804646
1.381053
1.3850641
1.381703
1.3810829
1.3831851
1.3822142
1.3866655
1.3831114
1.3793293
1.3844708
1.383844
1.3902063
1.3832031
1.3842974
1.3865968
1.3808914
1.3849744
1.3800213
1.3825693
1.3830372
1.3810453
1.3786048
1.3806016
1.3864489
1.3828111
1.3811255
1.3787035
1.3801051
1.384128
1.382882
1.3840694
1.3770872
1.3773432
1.3789072
1.3838682
1.3828593
1.3746911
1.379348
1.3820039
1.379777
1.381891
1.381407
1.3823392
1.376839
1.378128
1.3792229
1.382197
1.3812723
1.3847789
1.3801452
1.3787813
1.3786187
1.3795384
1.3821536
1.3805692
1.3790013
1.3810511
1.3805382
1.3805176
1.3782526
1.3800541
1.3837347
1.3799887
1.3817428
1.3836913
1.3821524
1.3808851
1.3800545
1.3779029
1.3828927
1.3808191
1.378755
1.3797364
1.3817346
1.3793339
1.3802117
1.3835078
1.3741726
1.379769
1.3782234
1.3760593
1.3840222
1.3801081
1.3794447
1.3741611
1.3828564
1.3820919
1.3831428
1.3800988
1.377037
1.3807544
1.3787326
1.3796906
1.3838849
1.3776004
1.3753707
1.3764261
1.3779516
1.3836145
1.3817244
1.3755482
1.3802389
1.3785601
1.3803974
1.3844357
1.3739513
1.3788826
1.379837
1.3806726
1.379398
1.3777931
1.373757
1.376125
1.3781223
1.3794464
1.3818378
1.3780705
1.3807317
1.3800008
1.3771257
1.3792909
1.3818582
1.3761137
1.3784577
1.3783941
1.3791139
1.3826312
1.3776896
1.3830999
1.3762451
1.3771785
1.3794905
1.3784595
1.3779144
1.3761619
1.3774964
1.3773113
1.3799301
1.3796091
1.3798887
1.3776602
1.3827293
1.377393
1.3787354
1.3792166
1.3758029
1.378707
1.3793284
1.379105
1.3801453
1.3778307
1.3798281
1.3801457
1.3792562
1.3795996
1.3781989
1.3786883
1.3805317
1.3766876
1.3799812
1.3795729
1.3820966
1.3803405
1.3754458
1.3830783
1.3811859
1.378996
1.3774487
1.3779852
1.380968
1.3765666
1.378572
1.3826599
1.3772726
1.380587
1.3787048
1.3777535
1.3764362
1.3783588
1.3794305
1.3811508
1.3843697
1.3784906
1.3775064
1.3748641
1.380847
1.379591
1.3745254
1.3761315
1.3775734
1.3793628
1.3777589
1.3798971
1.3784053
1.3751522
1.3801117
1.3819572
1.3764153
1.3789091
1.3781809
1.3759665
1.3791431
1.3779941
1.3775758
1.3789467
1.3796104
1.3773955
1.3834867
1.3777071
1.378224
1.3800052
1.3804137
1.3780823
1.3744535
1.3752838
1.3761505
1.3748745
1.3767313
1.3780725
1.3795072
1.3795799
1.3744421
1.3802105
1.3761696
1.3763181
1.3809637
1.379934
1.3759421
1.3779892
1.3771443
1.3817132
1.3804579
1.3787962
1.3763707
1.3749024
1.3772161
1.3789753
1.3766088
1.3782117
1.3782982
1.3752865
1.3776332
1.3788142
1.377209
1.3781385
1.3783109
1.3800763
1.3790064
1.3774688
1.379604
1.3768867
1.374216
1.379654
1.3766413
1.3770088
1.376165
1.3790416
1.3804015
1.3804859
1.3766472
1.3779322
1.3756819
1.3760881
1.3775724
1.3784639
1.379536
1.3767251
1.3762821
1.3798151
1.3787457
1.3779156
1.3757993
1.3795763
1.3810546
1.3781627
1.3788455
1.3766351
1.3743314
1.3788894
1.3757824
1.3770373
1.37669
1.3756863
1.3783051
1.3802074
1.3762208
1.3794391
1.3776462
1.3789772
1.3808818
1.3815762
1.3772956
1.3780322
1.3839573
1.3741509
1.3802544
1.3791355
1.3768724
1.3726273
1.3804439
1.3778706
1.3775542
1.3766086
1.379918
1.3759689
1.3780239
1.3759141
1.3755621
1.3738451
1.3771105
1.3737657
1.3773341
1.3750527
1.3793348
1.3761213
1.3730744
1.3778237
1.3802545
1.3739862
1.3758497
1.3781632
1.3774756
1.3744249
1.3775494
1.3752563
1.3800513
1.3798423
1.3741134
1.377544
1.3772637
1.3778075
1.3769578
1.3732733
1.3761544
1.3787231
1.3794566
1.3746005
1.378954
1.3767062
1.376052
1.3783677
1.3752184
1.3817749
1.3764982
1.3789917
1.379047
1.3777877
1.3743675
1.3767602
1.3780665
1.3789217
1.3757485
1.3778651
1.376926
1.3805338
1.377753
1.3769511
1.3813587
1.3743004
1.3791034
1.3752264
1.377461
1.3790348
1.3759953
1.3787305
1.3794016
1.3742405
1.3786674
1.3783375
1.3785868
1.3773896
1.378424
1.3775176
1.3772211
1.377718
1.3757653
1.3806179
1.3790574
1.379795
1.378544
1.3751165
1.3782924
1.3781388
1.3765987
1.3756708
1.3784951
1.3779993
1.3809521
1.3801885
1.3775555
1.3824059
1.3785287
1.3780012
1.3780575
1.3787955
1.3731638
1.3771287
1.3803421
1.3827523
1.3767569
1.3777912
1.3783153
1.3808737
1.3774701
1.378838
1.3789526
1.3786728
1.3793375
1.3792411
1.3782138
1.3784242
1.3786871
1.3791729
1.3782032
1.3798556
1.3797363
1.3799438
1.3745524
1.37568
1.3812649
1.3770834
1.3827715
1.3817301
1.3783531
1.3743426
1.3836466
1.3784844
1.3797189
1.3782817
1.3783664
1.3759342
1.3767618
1.3768163
1.3771316
1.3759402
1.3790882
1.3784772
1.3802421
1.3721446
1.3775197
1.3809618
1.3770554
1.3796259
1.3790352
1.3786826
1.3759953
1.3776506
1.3814862
1.3817993
1.3800635
1.3820053
1.3745332
1.3805891
1.3811431
1.3767761
1.3787973
1.3791293
1.376334
1.3791649
1.3778578
1.3806797
1.3776268
1.3797039
1.3814955
1.3780694
1.3755736
1.3765825
1.3755189
1.3783545
1.3793658
1.3774824
1.3775679
1.3801626
1.3809472
1.3785917
1.3815609
1.3793266
1.3780807
1.3820978
1.3811976
1.3781927
1.381807
1.3812857
1.3794005
1.3798504
1.3761326
1.3774955
1.3824947
1.3792745
1.3790249
1.3768995
1.3798602
1.3792799
1.3749304
1.3800021
1.3825291
1.3783487
1.3780408
1.3802038
1.3747796
1.3781223
1.3791267
1.3767945
1.3827385
1.3812503
1.3751589
1.3814462
1.3768126
1.3775773
1.3777001
1.3783543
1.379436
1.3749471
1.3823137
1.3789846
1.378378
1.377184
1.3829406
1.3828913
1.3761659
1.3781996
1.3776321
1.3792521
1.3796722
1.3851618
1.3822056
1.3765155
1.3764457
1.3762287
1.3790768
1.3784952
1.3788627
1.3800484
1.378628
1.3808079
1.3800083
1.3809913
1.3803575
1.3753258
1.3780682
1.3796111
1.3771018
1.3807167
1.37885
1.3815633
1.3798844
1.3808006
1.3806505
1.3832344
1.3773718
1.3803347
1.37977
1.379003
1.3806684
1.3816537
1.3795509
1.3783185
1.3819394
1.3789933
1.3808826
1.3832655
1.3799142
1.3807751
1.3802639
1.3777547
1.3806189
1.3789588
1.382681
1.3820413
1.3772902
1.380471
1.3798759
1.3809733
1.3811064
1.3797332
1.3767841
1.380925
1.3779736
1.3781815
1.380125
1.3814694
1.3814789
1.3774661
1.3783133
1.3815985
1.3849828
1.3788948
1.3767043
1.3823867
1.3830706
1.3806306
1.3787252
1.3805627
1.3804499
1.3791472
1.3783522
1.3808409
1.3800013
1.3808941
1.3796166
1.38152
1.3803045
1.3824825
1.381617
1.3817993
1.3827151
1.3803242
1.3791257
1.3807458
1.3816047
1.3807726
1.3812425
1.3837589
1.3797132
1.379601
1.3786551
1.3803772
1.3812333
1.3781686
1.3827015
1.3834261
1.3810192
1.3814502
1.3813848
1.38335
1.38099
1.3813328
1.3859497
1.3821248
1.384707
1.3818458
1.3801394
1.3804102
1.3801011
1.3834697
1.378085
1.3772421
1.3801185
1.3837211
1.377484
1.3865391
1.3781555
1.3815987
1.3842138
1.383076
1.3808535
1.3831333
1.3794029
1.3816717
1.3795639
1.3816471
1.378477
1.3848139
1.3796395
1.3806405
1.381223
1.3820283
1.3851352
1.3839056
1.3806931
1.3832357
1.3783907
1.3835417
1.3829032
1.3846537
1.3867997
1.3826786
1.3785579
1.3810263
1.3832018
1.3847731
1.3871396
1.3834962
1.3812157
1.3830907
1.381826
1.3833175
1.3821006
1.3879777
1.3819726
1.3823745
1.380656
1.378695
1.384702
1.3822314
1.3845507
1.3812848
1.3795757
1.3779491
1.380936
1.383811
1.3817984
1.3839751
1.3836737
1.3837345
1.3803885
1.3813882
1.3775002
1.3831819
1.3793696
1.3846543
1.3811501
1.3832643
1.3805251
1.3841649
1.3816818
1.3795322
1.3857825
1.3834174
1.382392
1.3820596
1.3819445
1.3777938
1.3833317
1.3832489
1.3812916
1.3836107
1.3834162
1.3817034
1.3825209
1.3811777
1.3860325
1.3785664
1.384491
1.3812277
1.381043
1.382524
1.3843248
1.3830135
1.3867525
1.3796343
1.386817
1.3839401
1.3867273
1.3801502
1.3858448
1.3839693
1.3825907
1.383778
1.3829349
1.38002
1.3812599
1.3867232
1.3821472
1.3800951
1.3805325
1.377798
1.3824047
1.3812695
1.3882138
1.3841913
1.3847042
1.381842
1.3854347
1.3836012
1.3844455
1.3858627
1.3831911
1.38419
1.379549
1.383001
1.3860811
1.3827493
1.3855782
1.384912
1.383417
1.3813658
1.383755
1.3841189
1.3867154
1.3887789
1.3775002
1.384614
1.3834906
1.3807749
1.384633
1.3859135
1.3839903
1.3827406
1.3872141
1.3850342
1.3812088
1.3867627
1.3846338
1.3823236
1.3845242
1.3833584
1.3860554
1.3854407
1.380521
1.3823818
1.3823154
1.3869711
1.3805349
1.3816571
1.3806541
1.3815522
1.3826678
1.3865608
1.386065
1.3854226
1.3850796
1.3820211
1.3838258
1.3829689
1.3839595
1.3867499
1.3825753
1.381927
1.3803163
1.3801206
1.3835688
1.3832743
1.3824421
1.381787
1.3829443
1.3892553
1.3817782
1.3842127
1.3831149
1.3838227
1.3876292
1.3852618
1.3847282
1.3800863
1.3841596
1.3825046
1.3819326
1.3819363
1.3832977
1.3830696
1.3797065
1.3855492
1.3840456
1.386988
1.3882045
1.3819842
1.3832351
1.3843244
1.3825746
1.3824278
1.3857266
1.3845675
1.3836906
1.384437
1.3857216
1.3820428
1.384586
1.383748
1.3834797
1.3850726
1.3847166
1.3810995
1.3834918
1.3823997
1.3802875
1.3842632
1.3847585
1.3839144
1.3829204
1.3874512
1.3823192
1.3866383
1.3861431
1.3843452
1.384584
1.3842288
1.3910474
1.388842
1.3832184
1.3841475
1.3844075
1.3824848
1.3831778
1.3847603
1.3839307
1.381379
1.3839793
1.386065
1.387161
1.3860477
1.3832209
1.3803494
1.3842287
1.3856275
1.3821279
1.3871946
1.3816152
1.3860084
1.3832623
1.3834081
1.3842998
1.3812135
1.3828249
1.3850287
1.3853611
1.3845795
1.3823442
1.3849729
1.385105
1.387119
1.3869683
1.3856263
1.3868785
1.3879473
1.3859817
1.3837894
1.3858609
1.3821405
1.3844379
1.3814443
1.3864341
1.3811074
1.3840711
1.3856416
1.3848971
1.3865194
1.3872855
1.3829387
1.3891996
1.3859522
1.3890889
1.3860669
1.3840896
1.3822345
1.3849357
1.3859622
1.38685
1.3842224
1.388105
1.3842542
1.3806063
1.3863094
1.3839802
1.3819242
1.3818818
1.3838671
1.3849543
1.3875982
1.3876933
1.3835422
1.3873821
1.3827428
1.3811499
1.3836358
1.3873504
1.3812261
1.3863122
1.3803062
1.383494
1.3868244
1.3835998
1.3840348
1.3891833
1.3835672
1.384757
1.3833126
1.3871789
1.3865008
1.3848823
1.3840215
1.3857498
1.3873113
1.3854038
1.3872734
1.3874422
1.3865557
1.3865995
1.387494
1.3813549
1.3851913
1.38324
1.3822495
1.3848069
1.383317
1.3818674
1.3851832
1.3870064
1.3856643
1.3834145
1.3889632
1.3856571
1.3864799
1.3851173
1.381832
1.3842779
1.3840772
1.3849007
1.3853587
1.3874708
1.3843031
1.3857055
1.3870884
1.384042
1.3865883
1.3856727
1.3856567
1.3838345
1.3828704
1.384458
1.3854547
1.3857995
1.381989
1.3868083
1.3808054
1.3853111
1.385263
1.3849672
1.3832382
1.3859088
1.3851655
1.382596
1.3842782
1.3827462
1.3840439
1.3810979
1.3853487
1.3839443
1.3840905
1.3880711
1.383941
1.3874156
1.384898
1.3813403
1.3877009
1.385142
1.3821529
1.3828502
1.3843868
1.3858205
1.3875195
1.3863012
1.3837309
1.3830416
1.3839806
1.3846964
1.3867956
1.3833821
1.3807503
1.3867327
1.3860558
1.3859091
1.3860434
1.3813115
1.3803211
1.3826367
1.3853105
1.3854393
1.3849785
1.386182
1.3844057
1.3891783
1.3850014
1.3838634
1.3863771
1.3857352
1.3861357
1.3858954
1.3829552
1.3854785
1.3831241
1.3834219
1.383174
1.3847342
1.3865482
1.3825811
1.387022
1.3846933
1.3877845
1.3817017
1.3873514
1.38303
1.3885101
1.3855594
1.3848361
1.3843145
1.3838527
1.3853883
1.3853211
1.3853247
1.3851352
1.3859212
1.3867842
1.3860468
1.3868539
1.3847691
1.3850368
1.3846565
1.3832467
1.3851724
1.3808458
1.3821194
1.3882545
1.3829277
1.3839382
1.385054
1.3843935
1.3835245
1.3837993
1.3847142
1.3893573
1.3840805
1.3862181
1.3830312
1.3858192
1.3823133
1.38122
1.383855
1.3862716
1.3815337
1.3831378
1.3860781
1.3816856
1.3850443
1.3864205
1.3847412
1.384618
1.3836166
1.3812357
1.3884138
1.3842682
1.3833102
1.3851504
1.3823959
1.3828603
1.385747
1.3879995
1.3818859
1.380943
1.3836899
1.3836849
1.3793808
1.386168
1.385974
1.3827175
1.3849405
1.3869613
1.3825727
1.3843635
1.3853943
1.389176
1.386705
1.384981
1.3830323
1.3884623
1.384595
1.3820685
1.3851008
1.3852274
1.3843391
1.3844591
1.3867687
1.38062
1.3846886
1.3855319
1.3846943
1.383296
1.3810565
1.3854246
1.3856987
1.3858503
1.382965
1.3837059
1.3828522
1.385165
1.3818166
1.383766
1.3862375
1.387936
1.3846248
1.382538
1.3828628
1.3838192
1.3850088
1.3838662
1.3833761
1.3842368
1.3829277
1.3860409
1.3849249
1.3869992
1.3823409
1.3814205
1.3807144
1.3840411
1.3878586
1.3823487
1.3847036
1.3857557
1.3843604
1.3826573
1.383833
1.3863994
1.3851777
1.3823917
1.3853317
1.3844866
1.3822347
1.3838904
1.3840458
1.383686
1.3838955
1.3859186
1.3852104
1.3855917
1.3863688
1.38309
1.383174
1.383256
1.383397
1.3830988
1.3834386
1.3850633
1.38668
1.3840898
1.3830047
1.3868406
1.3811738
1.3844957
1.386034
1.3847142
1.3867737
1.3825237
1.3860383
1.3840846
1.385178
1.3855479
1.3802453
1.385878
1.3830277
1.3858919
1.3808179
1.3841996
1.3837247
1.38357
1.3850052
1.384217
1.3838459
1.3846294
1.3786976
1.3844353
1.38381
1.3836724
1.3828123
1.3815279
1.3804924
1.3848443
1.3833803
1.384709
1.3836064
1.3816519
1.3812081
1.3807255
1.3859203
1.3861582
1.3871926
1.3837684
1.3832606
1.381494
1.3844268
1.3831923
1.3831996
1.383371
1.382357
1.3834423
1.3831758
1.381891
1.381932
1.384261
1.3849623
1.3838102
1.3851483
1.3860564
1.3888885
1.3874006
1.3812771
1.380394
1.384288
1.3832203
1.3840415
1.3882045
1.3835107
1.3867441
1.3822634
1.3827198
1.3808773
1.3844674
1.3849149
1.3844429
1.3827314
1.3841157
1.386846
1.3835189
1.3832567
1.38427
1.3854185
1.3825431
1.3833246
1.3858359
1.3831593
1.3827587
1.3814939
1.3823714
1.3802156
1.3826522
1.3827442
1.3853134
1.382732
1.3816786
1.3840455
1.3838136
1.3825396
1.3833705
1.3828467
1.3815316
1.3834661
1.383407
1.3801676
1.3863351
1.3850198
1.3829536
1.3810389
1.3838774
1.3832585
1.3853067
1.3842953
1.384817
1.3855172
1.3848319
1.3821371
1.3837317
1.3857415
1.3844271
1.385597
1.3816973
1.3855779
1.3818237
1.3833876
1.3847104
1.3807784
1.380892
1.3850784
1.382967
1.3874874
1.3825793
1.3821858
1.3839899
1.3866091
1.3850534
1.3811977
1.3830671
1.384867
1.383254
1.3835145
1.3816825
1.3832031
1.3822243
1.3801043
1.3889999
1.3844383
1.3859631
1.3858615
1.3827399
1.3826046
1.3834708
1.3831478
1.3816074
1.3823186
1.3818451
1.3839085
1.3855906
1.3811147
1.3870561
1.3833127
1.3809383
1.382688
1.3833022
1.3880237
1.3811884
1.3811061
1.3821236
1.3863592
1.3838041
1.3833395
1.3842205
1.3858896
1.3828822
1.3827248
1.384264
1.383877
1.3852586
1.3856345
1.3829279
1.3834317
1.384153
1.38307
1.3805821
1.3835499
1.3835014
1.3831596
1.3877606
1.3833443
1.3849466
1.3832955
1.3830925
1.3828418
1.3842907
1.3823777
1.383787
1.3840019
1.3809342
1.3823956
1.3801209
1.3870224
1.380207
1.3813426
1.3862857
1.3827655
1.3866413
1.3840029
1.3825597
1.3820251
1.382219
1.3834527
1.3843474
1.3818063
1.3827053
1.3819697
1.3839482
1.3832022
1.3827167
1.3829254
1.3844832
1.3841349
1.3834258
1.3844392
1.3857008
1.3821101
1.3797692
1.387005
1.3791285
1.3832216
1.3829927
1.381373
1.3834673
1.3857661
1.380511
1.3832222
1.3837057
1.3828762
1.3820412
1.3804598
1.3827759
1.3823119
1.3839207
1.3823544
1.3833354
1.3829541
1.3817519
1.379661
1.3809958
1.3825995
1.387444
1.3826703
1.3800333
1.3819208
1.3825308
1.3846229
1.3826988
1.3803525
1.3821989
1.3848181
1.3815604
1.383097
1.3847804
1.3855941
1.3847424
1.379382
1.3816457
1.3850802
1.3836558
1.3831974
1.3800814
1.3833607
1.3841479
1.3858635
1.3802087
1.3815019
1.3805524
1.385027
1.3827748
1.3840218
1.3845321
1.382169
1.3847606
1.3891666
1.3769498
1.3817053
1.3838595
1.3839195
1.3851271
1.3815852
1.3845524
1.3837482
1.385384
1.3799653
1.38301
1.382103
1.3815114
1.3835453
1.3819021
1.3828112
1.384082
1.3816516
1.384011
1.3800297
1.3855838
1.380081
1.3809265
1.3823233
1.3820969
1.3795245
1.3800639
1.380583
1.3827789
1.384889
1.382004
1.3807796
1.3891358
1.3840268
1.3819054
1.3833556
1.3818294
1.3832722
1.3836105
1.3801718
1.3805479
1.3817822
1.3849101
1.3845168
1.3808281
1.3851484
1.3829008
1.3836027
1.3821682
1.3816556
1.3842903
1.3816255
1.3840294
1.3836138
1.3822483
1.3849101
1.3865272
1.3828124
1.3779372
1.379609
1.381832
1.384284
1.3842093
1.3810837
1.3799081
1.3783427
1.37959
1.3841493
1.3821676
1.3820325
1.3813497
1.3796008
1.3762357
1.3809552
1.3824598
1.3836595
1.3800615
1.3798724
1.3777577
1.37986
1.3822991
1.3846745
1.3834263
1.3764174
1.3794935
1.3843266
1.3834422
1.3791684
1.3818265
1.382966
1.3821838
1.3820813
1.3798193
1.3831192
1.382918
1.3833369
1.3796041
1.383883
1.3834634
1.3823583
1.3827066
1.3822533
1.3877053
1.3825859
1.3838577
1.3837315
1.3797704
1.3831245
1.3798457
1.3825558
1.3831447
1.3829929
1.3836616
1.3838701
1.3822188
1.385069
1.3835449
1.383748
1.3829505
1.3818545
1.3813937
1.3839084
1.3831524
1.3825704
1.3819008
1.3796995
1.3837379
1.3805616
1.3852273
1.3822759
1.3806077
1.3814358
1.3822263
1.3842676
1.3841641
1.3820463
1.3830624
1.3798288
1.3817643
1.3826004
1.3815254
1.3815025
1.3820032
1.3802001
1.383916
1.3821737
1.3799646
1.3779287
1.381256
1.3772658
1.380568
1.3828635
1.3821242
1.3823804
1.3801148
1.3834289
1.3834442
1.3797864
1.3862865
1.3792025
1.3778156
1.3834347
1.380565
1.3809419
1.3806454
1.3795204
1.3816869
1.3827633
1.3820186
1.3840336
1.3809291
1.3807441
1.384974
1.3831853
1.3806399
1.3818024
1.3824759
1.3849397
1.3827597
1.3816996
1.3835976
1.3828577
1.381025
1.3835506
1.3794312
1.384411
1.3846725
1.3787606
1.3827764
1.3811508
1.3847091
1.3810492
1.3803396
1.3800286
1.3810655
1.3825428
1.3820065
1.380653
1.3833685
1.3806196
1.3825972
1.3808612
1.3827357
1.3816029
1.3803356
1.3802434
1.3841436
1.3793586
1.3799552
1.3819655
1.3854021
1.3818476
1.3800472
1.3798513
1.3819087
1.3816245
1.3799131
1.3807636
1.3794467
1.3805515
1.3807443
1.3814377
1.3795573
1.3795459
1.3816487
1.3797724
1.3812232
1.3816235
1.3822324
1.3805412
1.382053
1.3818649
1.3795325
1.3796564
1.3785039
1.3816627
1.3829578
1.3821855
1.3797629
1.3813702
1.3791832
1.3807853
1.3813355
1.3810301
1.3812495
1.3817928
1.3834845
1.3817288
1.379016
1.3844777
1.3807116
1.3812672
1.3808988
1.3824435
1.3796178
1.3786448
1.3814923
1.3819278
1.3829923
1.3802963
1.3822807
1.3780699
1.3808162
1.3807567
1.380237
1.3789554
1.3797888
1.3832148
1.3837061
1.3791133
1.3843623
1.3795182
1.3846074
1.3813535
1.3844088
1.3789811
1.3831091
1.3768015
1.3826132
1.3797742
1.3831263
1.3844243
1.3802186
1.3775557
1.3807355
1.3796471
1.3791497
1.3800962
1.3836317
1.3783693
1.3790748
1.383359
1.3772279
1.38261
1.3809437
1.3789362
1.3814609
1.3811831
1.3808756
1.3831991
1.3819839
1.3825923
1.3791343
1.3810743
1.3825129
1.3796967
1.3783078
1.3786515
1.3804312
1.3804187
1.379828
1.3815777
1.3795094
1.377785
1.3808426
1.3823178
1.3788099
1.3833253
1.3806697
1.3798265
1.3788532
1.3801985
1.3848658
1.384453
1.3778282
1.3842016
1.3791022
1.3795633
1.3784881
1.3797418
1.3821993
1.3804302
1.381043
1.3793038
1.3804098
1.3766081
1.3793075
1.3828
1.3803511
1.3817847
1.3799789
1.3783957
1.3809332
1.3801444
1.3796324
1.3813145
1.3849638
1.3782755
1.3850813
1.3813385
1.3811743
1.3852599
1.3807813
1.3795354
1.3830627
1.3784541
1.377576
1.3806169
1.3804498
1.3790401
1.3825134
1.3799645
1.3838458
1.3796878
1.3790662
1.3815845
1.3792081
1.3800668
1.3832821
1.3784176
1.3824481
1.3792359
1.3790623
1.3814536
1.3776553
1.3798162
1.3798667
1.3784987
1.3790611
1.3802761
1.3783296
1.3793937
1.3809463
1.3813589
1.3800077
1.374246
1.379303
1.3794816
1.3792423
1.380413
1.3796484
1.3831965
1.3810974
1.379583
1.3791983
1.3778143
1.3806957
1.3783096
1.3806897
1.3806103
1.3776135
1.378404
1.3796173
1.3794985
1.3813738
1.3812158
1.3810703
1.3822107
1.380541
1.3782538
1.3793907
1.381731
1.3796484
1.3812069
1.3810629
1.3803898
1.3820955
1.3803614
1.3795166
1.3767542
1.3785509
1.3795023
1.3782988
1.3801085
1.3824229
1.379105
1.3813001
1.3762288
1.3767313
1.3811656
1.3782289
1.3788913
1.3790377
1.3836069
1.380239
1.3779682
1.3805209
1.3811322
1.3789433
1.3830755
1.3812634
1.3809773
1.380966
1.380687
1.3795868
1.3828307
1.379389
1.3759649
1.377999
1.3812956
1.3802696
1.3755907
1.3777137
1.3820118
1.3812219
1.3835088
1.3790073
1.3778375
1.3831562
1.3809639
1.3834728
1.3795539
1.3798906
1.3802845
1.3801203
1.3783398
1.3830634
1.3831029
1.3777437
1.3739381
1.3770195
1.3778378
1.382039
1.3781272
1.3798991
1.3801011
1.3814449
1.3809941
1.3813362
1.3785852
1.3795875
1.3777088
1.3780553
1.3807281
1.3808185
1.3819768
1.3815273
1.3836473
1.3788576
1.3801196
1.3794514
1.3781887
1.3823335
1.3801671
1.3847188
1.3789788
1.3778516
1.381864
1.3803924
1.3817858
1.3804901
1.381159
1.3759332
1.378264
1.3812662
1.3825655
1.3774421
1.379599
1.3804468
1.3782946
1.3810444
1.3773733
1.377574
1.3796921
1.3781867
1.3798877
1.3792162
1.376773
1.380869
1.378264
1.3802568
1.3782072
1.3801003
1.3829556
1.3781137
1.3815588
1.3798363
1.3796982
1.3845838
1.3822575
1.3830009
1.3777063
1.3794088
1.3808082
1.3803307
1.381556
1.3763819
1.3769282
1.3817879
1.3794143
1.3814874
1.3788515
1.3794761
1.3787757
1.3773174
1.3815271
1.3812299
1.3778545
1.3797319
1.3806367
1.3758892
1.3804153
1.3797041
1.3790298
1.3802474
1.3803949
1.3783776
1.3792747
1.3764157
1.3767482
1.37716
1.3819119
1.3808731
1.3778602
1.3791624
1.3798902
1.3793281
1.3778639
1.3800473
1.3811007
1.3796816
1.3797922
1.3798088
1.3772826
1.3774446
1.3813677
1.3796799
1.3821054
1.3797266
1.3812723
1.3754356
1.378771
1.3780046
1.3816525
1.3789402
1.380114
1.3782588
1.3761309
1.379411
1.3781104
1.3777722
1.381461
1.3765343
1.3782392
1.3819559
1.3792651
1.3784977
1.3758813
1.3783824
1.3799846
1.3810512
1.3779291
1.3808411
1.3813722
1.3789307
1.3785256
1.3792633
1.3805778
1.375864
1.3835065
1.3794228
1.3790462
1.3786894
1.3789579
1.3792368
1.377993
1.3787383
1.3809814
1.3792566
1.3787581
1.381718
1.3743219
1.3789204
1.382177
1.3788557
1.3807352
1.3806125
1.3766083
1.3847553
1.3798019
1.3814079
1.3832297
1.381385
1.3779898
1.3833103
1.3808899
1.3778244
1.3825576
1.3781289
1.3803332
1.3769176
1.3822136
1.3797693
1.3780928
1.3800907
1.3796974
1.3792721
1.3793435
1.3808503
1.3801973
1.3806567
1.3778795
1.3776387
1.3787383
1.378316
1.3849908
1.3800006
1.3779033
1.3790537
1.3746986
1.3786969
1.3778908
1.3814274
1.3773006
1.3773892
1.3813516
1.3792293
1.3795824
1.3798646
1.379474
1.3798441
1.3801956
1.3788841
1.3758875
1.3789907
1.3788087
1.3808272
1.3797925
1.3764879
1.3791056
1.3781273
1.3746567
1.37778
1.374287
1.3781424
1.3799162
1.380397
1.3783216
1.3817456
1.3814274
1.3783243
1.3790704
1.3829345
1.3770533
1.3796288
1.3776903
1.3802918
1.3781073
1.3784213
1.3796126
1.379678
1.3767061
1.3797427
1.3801368
1.3796635
1.3809843
1.379327
1.3798487
1.3793083
1.3824568
1.3767232
1.3792015
1.3792301
1.3792645
1.3790596
1.3779398
1.3810639
1.3811764
1.379665
1.3776718
1.3777698
1.3832606
1.3762693
1.3816339
1.3784984
1.3790083
1.3758426
1.3802241
1.378754
1.3788037
1.3796746
1.3823296
1.3796089
1.3794947
1.3790903
1.3782219
1.3781493
1.3774506
1.3792332
1.3828522
1.38022
1.3792105
1.3789235
1.3811626
1.3794917
1.3793274
1.3801136
1.3772255
1.3807688
1.3798475
1.3800445
1.3828456
1.3804796
1.3790694
1.3814507
1.3799256
1.3782089
1.3782674
1.3840145
1.3784666
1.3821784
1.3811698
1.3799192
1.3780667
1.3786588
1.3790598
1.38026
1.3841374
1.379572
1.3779646
1.3804489
1.3813037
1.3807802
1.3784939
1.3788068
1.3784958
1.3782829
1.3805085
1.3799931
1.3804097
1.3792701
1.3806587
1.3791894
1.3795476
1.3758425
1.378826
1.3783187
1.381835
1.3826313
1.3820082
1.3808817
1.3818227
1.3800865
1.3797095
1.3784164
1.3771588
1.3772628
1.3827838
1.378894
1.3799936
1.3810145
1.37784
1.3783474
1.3776762
1.3793783
1.3781914
1.3809005
1.3818438
1.3782055
1.3832006
1.3792764
1.3814954
1.3818885
1.3780285
1.3815533
1.3808774
1.3792491
1.3823594
1.3783249
1.3837658
1.3824074
1.3773698
1.376832
1.3799446
1.3816203
1.3798509
1.3838881
1.3798264
1.3837495
1.375301
1.3791562
1.3797928
1.3783668
1.381888
1.3826176
1.3777275
1.3776377
1.3847821
1.3784556
1.3790833
1.3798625
1.3838425
1.3769212
1.3812503
1.3754735
1.3786926
1.3761408
1.3799857
1.3813744
1.3813874
1.3849733
1.3806841
1.3798678
1.3801012
1.3801817
1.3795241
1.3762115
1.3796129
1.3779178
1.3830798
1.3804305
1.3790219
1.3827051
1.3802817
1.3790325
1.38365
1.3796967
1.3776985
1.3833036
1.381404
1.3792888
1.38079
1.3785814
1.3797425
1.3807453
1.3814554
1.3815852
1.3819431
1.37848
1.3799638
1.3794868
1.381126
1.3810695
1.3829054
1.3840289
1.3813865
1.3806297
1.3766323
1.3782562
1.379984
1.3802137
1.3790642
1.381633
1.3794384
1.3812721
1.3823678
1.3836336
1.3775948
1.3804238
1.3826531
1.3800753
1.3798262
1.3839636
1.3814148
1.3800751
1.3828636
1.3824279
1.379583
1.3806393
1.3790313
1.3788074
1.3791254
1.3811532
1.3766352
1.3835088
1.3782607
1.3784502
1.3806969
1.3795046
1.3845819
1.3809892
1.3806881
1.3802673
1.383381
1.3784565
1.3806804
1.3784858
1.3833134
1.3829355
1.3822619
1.3841839
1.3764536
1.3803638
1.3819336
1.3819518
1.3827513
1.3805475
1.378795
1.3808925
1.3809257
1.3816862
1.3828853
1.3834766
1.3834748
1.3828466
1.3799785
1.3821312
1.3838627
1.3802731
1.3794178
1.3780265
1.3825723
1.382919
1.3820167
1.3821425
1.3830646
1.3826032
1.3820823
1.37971
1.3786682
1.3836149
1.3816181
1.3803401
1.383243
1.3831345
1.3794577
1.3830442
1.3813522
1.3789653
1.3791705
1.3793132
1.3808886
1.3818808
1.3824223
1.3846235
1.3809165
1.3855435
1.3806002
1.3809619
1.3851249
1.3846222
1.379498
1.383486
1.3820544
1.3837495
1.3807933
1.3795671
1.3828297
1.3819848
1.3834006
1.3803961
1.3826799
1.3845167
1.3803751
1.381321
1.3786862
1.3807157
1.3837196
1.3831723
1.3815683
1.3813524
1.3840309
1.3810835
1.3822657
1.38319
1.3810995
1.3852314
1.3804064
1.3824949
1.3813987
1.3814888
1.382232
1.3806189
1.3833483
1.3799418
1.381271
1.3808881
1.3818944
1.3839375
1.378977
1.3803209
1.3828497
1.3805792
1.383562
1.3852917
1.3848027
1.3843564
1.3828415
1.3833029
1.3796142
1.3879522
1.3808768
1.3860888
1.3791215
1.3822703
1.3833447
1.3841765
1.3836907
1.3815995
1.3821882
1.3814923
1.3797445
1.3843534
1.383604
1.3798336
1.3830106
1.3855821
1.3814001
1.3827834
1.3809427
1.3815078
1.3811824
1.3837646
1.3842005
1.3843277
1.382344
1.3817178
1.3838445
1.381699
1.3831902
1.3841385
1.3812321
1.3847605
1.380118
1.3839954
1.3856547
1.3821638
1.3830826
1.3815292
1.3834267
1.3808116
1.3828009
1.3829373
1.3814857
1.3832108
1.3811426
1.3831764
1.3848633
1.3864281
1.3851329
1.3838401
1.3843261
1.3811526
1.3819062
1.38042
1.3835272
1.383941
1.3828154
1.3827829
1.3847499
1.3818917
1.3802724
1.3845265
1.382304
1.3793176
1.384555
1.3834252
1.3838476
1.3823909
1.3848087
1.380906
1.3825642
