2.392649
2.1808972
2.0510297
1.9762963
1.9369965
1.9262916
1.9251069
1.9214443
1.9192901
1.9197874
1.9190648
1.915912
1.9147462
1.9144508
1.9112173
1.9089353
1.9085999
1.9083774
1.9055033
1.9044366
1.9022741
1.9004889
1.9018695
1.8975047
1.8972913
1.8944825
1.8939233
1.892974
1.8893923
1.8904208
1.8878758
1.8870392
1.8823118
1.8819366
1.880887
1.8808838
1.8778956
1.8770487
1.8760129
1.8735387
1.8733442
1.8708601
1.8678002
1.868348
1.8674065
1.8658609
1.8628181
1.8627269
1.8603754
1.8589654
1.8584815
1.8574566
1.855104
1.8551883
1.8530365
1.851067
1.8529824
1.8490498
1.8481345
1.8462607
1.8446925
1.8417479
1.8422537
1.8418107
1.8420992
1.8378844
1.837413
1.8358403
1.8347971
1.8346893
1.8339612
1.8313271
1.8312305
1.8299886
1.8293154
1.8258458
1.8259503
1.8256502
1.8235365
1.8219225
1.8204534
1.8205795
1.818921
1.8171246
1.8145738
1.8139777
1.8133498
1.8124096
1.8114437
1.8105707
1.80906
1.806984
1.8063123
1.8064947
1.8045335
1.8032497
1.8023405
1.8009423
1.8000816
1.7987996
1.7992891
1.7972759
1.7960488
1.7956527
1.7937658
1.7927841
1.7924182
1.7893823
1.7896913
1.7891223
1.7857918
1.7861217
1.7852201
1.7841548
1.783837
1.7828201
1.7811599
1.7798268
1.779333
1.7779033
1.7774702
1.7759775
1.7747303
1.7735528
1.7724037
1.7717855
1.7702149
1.7701266
1.7690732
1.7681957
1.7669528
1.7666312
1.7645689
1.7632858
1.7622243
1.7625953
1.7614089
1.7597533
1.7596676
1.7592058
1.757046
1.7565751
1.7555416
1.7547007
1.7542604
1.7522993
1.7519059
1.7523698
1.7508005
1.7491634
1.7476854
1.7474489
1.7464577
1.743893
1.7445301
1.7439026
1.7431943
1.741416
1.7413136
1.7402446
1.7383302
1.7380198
1.736711
1.7356937
1.7359467
1.7353879
1.7341158
1.7330037
1.7328368
1.7316628
1.730114
1.7304934
1.7287726
1.7274449
1.7274851
1.7258885
1.7241055
1.7243617
1.7240984
1.7217894
1.7208316
1.721516
1.7203398
1.7200739
1.7177799
1.7183723
1.716742
1.7157193
1.7163699
1.7141968
1.7150108
1.7136732
1.7114428
1.7111329
1.7109137
1.7108145
1.7081327
1.7069477
1.706636
1.7060112
1.7066762
1.7055947
1.703378
1.7037773
1.7028668
1.7024641
1.701397
1.7010217
1.7011461
1.7000054
1.6975977
1.697814
1.6971793
1.6961192
1.6947515
1.6941671
1.6933907
1.6924834
1.6912578
1.691506
1.6904068
1.69098
1.6896794
1.6888062
1.6879328
1.6860163
1.6862136
1.6863353
1.684612
1.684462
1.6836501
1.6827656
1.6828015
1.6822277
1.6803004
1.6804363
1.6793374
1.6772233
1.6777412
1.6777643
1.67665
1.6756468
1.6752368
1.6740751
1.6739465
1.6725022
1.6718849
1.6719551
1.6722803
1.6707692
1.6697465
1.6681122
1.6689655
1.6680809
1.6662391
1.6658794
1.6661911
1.6656377
1.6644489
1.6644784
1.6640234
1.6619794
1.6623784
1.6609215
1.6616802
1.6599243
1.6591675
1.6586242
1.6580646
1.6564308
1.6563451
1.6558175
1.6554792
1.654465
1.6536766
1.6533175
1.6528589
1.6525055
1.6522322
1.6516116
1.650231
1.6495079
1.6489197
1.6488256
1.6464281
1.6469041
1.6477259
1.6469944
1.6456703
1.6460954
1.644492
1.6434851
1.6435854
1.6429381
1.6415367
1.6417581
1.6404724
1.6400747
1.6392426
1.6391903
1.6383524
1.6372709
1.6365554
1.6366125
1.6348363
1.6346693
1.6345612
1.6341188
1.6334461
1.6322279
1.6319486
1.6311369
1.630459
1.6301178
1.6303481
1.6298515
1.6289097
1.6277156
1.6278906
1.6271963
1.6264176
1.6256214
1.6266093
1.6242726
1.6242946
1.6239644
1.622735
1.6226047
1.6218039
1.621214
1.621327
1.6193074
1.6201811
1.6196685
1.6199032
1.6189592
1.6179448
1.618464
1.6165715
1.6168163
1.6152406
1.6156262
1.6148787
1.6143115
1.6142515
1.6124878
1.6134688
1.612595
1.6120677
1.6103472
1.610468
1.6094182
1.6094651
1.6085575
1.6084212
1.6079845
1.6072611
1.6068296
1.6070874
1.6062574
1.6054969
1.6043637
1.6036848
1.6041975
1.6035618
1.6028365
1.6027718
1.6020243
1.6011025
1.6006131
1.5998616
1.6001341
1.5993654
1.5989459
1.5980438
1.5975024
1.5976963
1.5970854
1.5961676
1.5961322
1.5952904
1.5948108
1.5948838
1.5947733
1.5929446
1.5940875
1.5927767
1.5926716
1.592051
1.5901666
1.5907123
1.5900925
1.5892471
1.5894474
1.5885795
1.5879356
1.5880791
1.5875705
1.587245
1.586019
1.58632
1.5854836
1.5854748
1.5835382
1.5837481
1.5833464
1.5830446
1.583156
1.5812448
1.5822923
1.5818992
1.5803086
1.5809492
1.5801352
1.57922
1.5801063
1.5787913
1.5789006
1.5772854
1.5782311
1.5777553
1.5774947
1.5759279
1.5753766
1.5753706
1.5750742
1.57442
1.5740715
1.5745717
1.5736225
1.5730776
1.5721865
1.571204
1.5717809
1.5715592
1.5707926
1.5705189
1.5700839
1.5698214
1.5695277
1.5695337
1.5692294
1.5678686
1.5676203
1.5676918
1.5672115
1.5655998
1.5656729
1.5654787
1.5655533
1.5646172
1.5633538
1.5635091
1.5633993
1.5626518
1.5630015
1.5617617
1.5612427
1.5620512
1.5610411
1.5615015
1.5607233
1.5597404
1.5602666
1.5595691
1.558574
1.5578861
1.5584134
1.5569696
1.5579823
1.5569228
1.5563132
1.5547178
1.5554705
1.5558943
1.5556062
1.5549976
1.553554
1.5530895
1.553581
1.5534295
1.5525945
1.551484
1.5513421
1.5519489
1.5511789
1.5511942
1.551071
1.5509632
1.5498978
1.548646
1.548851
1.5493194
1.5479645
1.548619
1.5482306
1.5470572
1.5466882
1.5465308
1.5465237
1.5449566
1.5450852
1.544984
1.5450969
1.5439993
1.5452117
1.5435998
1.5426923
1.543306
1.542109
1.541723
1.5411601
1.5412215
1.5419681
1.5415293
1.5405143
1.5389519
1.5401646
1.5388347
1.5402731
1.5388088
1.5374982
1.537697
1.5377423
1.5367827
1.5364805
1.5358623
1.5362222
1.5362294
1.5353041
1.534354
1.5360066
1.5351967
1.5348951
1.5332671
1.533401
1.5331577
1.5330416
1.5329282
1.5325745
1.5328388
1.5309284
1.5312936
1.5314902
1.5308973
1.5302081
1.5296143
1.5301957
1.5297073
1.5300812
1.5297391
1.5292374
1.5282761
1.5278864
1.5290102
1.5278485
1.5272814
1.5274445
1.5269673
1.5256878
1.5264887
1.525464
1.5244743
1.5248978
1.5237488
1.5251793
1.5235847
1.5232118
1.5233129
1.5229676
1.523477
1.5223092
1.5226052
1.5222455
1.5216327
1.5214274
1.5221086
1.5209043
1.5218852
1.5204788
1.5189762
1.5196646
1.5195822
1.5193537
1.5180852
1.5188743
1.5182059
1.5184046
1.5171429
1.5168473
1.5181637
1.5175263
1.5167632
1.5162281
1.5160843
1.5156813
1.5160196
1.5152376
1.5154499
1.5151877
1.5149634
1.5138183
1.5140045
1.5136799
1.5128764
1.5127857
1.5124992
1.5127978
1.5125146
1.5117868
1.5117743
1.5113982
1.5122436
1.5108929
1.5117741
1.5107887
1.5102977
1.5106081
1.5096025
1.5099052
1.509813
1.5090156
1.5092583
1.50895
1.5092038
1.5073619
1.5073875
1.5078453
1.5069882
1.5078139
1.5057964
1.5069267
1.5062667
1.5064439
1.5059224
1.5052277
1.5049303
1.5050848
1.5049791
1.505365
1.5046238
1.5034299
1.5034745
1.5032704
1.5035872
1.5033989
1.503736
1.5026293
1.5025628
1.5022235
1.5022064
1.500861
1.5010219
1.5011996
1.501088
1.499793
1.5001861
1.5003773
1.5003445
1.4992535
1.5014795
1.4992788
1.4985965
1.4983085
1.4997561
1.498854
1.4975961
1.4978839
1.4983699
1.4981211
1.4969299
1.496724
1.4964778
1.4961227
1.4959353
1.495378
1.496396
1.4949274
1.4957904
1.4955382
1.4945501
1.4944042
1.4949714
1.4944729
1.4948585
1.4935173
1.493886
1.4940231
1.4934934
1.4942409
1.493781
1.4926653
1.4923391
1.492372
1.4933195
1.4916481
1.4926069
1.4917687
1.4916353
1.4917191
1.4911821
1.4918122
1.4910717
1.4900906
1.4901661
1.48993
1.4895027
1.4901228
1.4895358
1.4900808
1.4888195
1.4887443
1.4885185
1.488829
1.4891737
1.4882733
1.4885358
1.4880158
1.4877361
1.4877301
1.4875332
1.4868827
1.4861361
1.4866896
1.4866325
1.4859343
1.4863966
1.4860891
1.4857861
1.4850136
1.4852473
1.4850382
1.4855572
1.4851236
1.4847764
1.4851719
1.484956
1.4850811
1.4841489
1.4837219
1.4834145
1.4833015
1.4826324
1.4831547
1.4821246
1.4827188
1.4820044
1.482595
1.4833875
1.4816408
1.4828326
1.4820849
1.4808353
1.4816586
1.4806755
1.4807299
1.4808705
1.4806418
1.4803199
1.4800731
1.4801725
1.4806854
1.4791024
1.4796457
1.4793074
1.4798204
1.4793895
1.4781824
1.4792299
1.4786285
1.4785272
1.478016
1.4781325
1.4787772
1.4781156
1.4774597
1.4777942
1.4777874
1.4769744
1.476729
1.476873
1.4768475
1.4768729
1.4767098
1.4770011
1.476348
1.4763954
1.4759138
1.475187
1.4753861
1.4754977
1.4747305
1.473867
1.4753188
1.4751757
1.475124
1.4736438
1.4743248
1.4743527
1.4736383
1.4736377
1.4737525
1.4736004
1.473019
1.47397
1.4727888
1.4732255
1.4730029
1.4728475
1.4730841
1.4724567
1.4718772
1.4727062
1.4720896
1.4723438
1.4722792
1.4713087
1.4720591
1.4711978
1.4713563
1.470815
1.4714485
1.4703366
1.4714121
1.4712584
1.4704392
1.4706945
1.4708153
1.4702663
1.4702097
1.4696751
1.4699703
1.4695793
1.4698515
1.469711
1.469195
1.4685566
1.4694551
1.4680499
1.468957
1.4687122
1.4678506
1.4687294
1.4681098
1.4689381
1.4681792
1.4678255
1.467627
1.4676087
1.4674251
1.467817
1.4669181
1.4670603
1.4663877
1.4672968
1.4671822
1.4666388
1.4670774
1.4659058
1.466012
1.4660196
1.4649572
1.4655834
1.4660947
1.4653171
1.4651773
1.4647312
1.4651322
1.4655794
1.4659685
1.4652449
1.4649869
1.4646606
1.4652437
1.464573
1.4642814
1.4636736
1.4645915
1.4644351
1.4626385
1.4638325
1.4642102
1.4637319
1.4631809
1.4630332
1.4625258
1.4637321
1.4629121
1.4634694
1.4632856
1.4624871
1.4627961
1.4621867
1.4623475
1.4620275
1.4618677
1.4621533
1.4625505
1.4619441
1.4616698
1.4614822
1.4611605
1.4618461
1.4609632
1.460213
1.4617249
1.4611082
1.4615742
1.4603648
1.4610898
1.4609815
1.4608618
1.4602891
1.4602375
1.4609802
1.4602205
1.4593607
1.4600781
1.459883
1.4601432
1.4599081
1.4592295
1.4600384
1.4586611
1.4588944
1.4584934
1.4584869
1.4585661
1.4582727
1.4578348
1.4576229
1.4587266
1.4577322
1.4586384
1.4585463
1.4583825
1.4578512
1.4576426
1.4576004
1.4566164
1.4567157
1.4577363
1.4579166
1.4567895
1.4570786
1.4571099
1.4573958
1.4565139
1.4568498
1.4559103
1.4566838
1.4568697
1.4561383
1.4569019
1.4562528
1.4566685
1.4559637
1.4557326
1.4564924
1.4560273
1.4548484
1.4560618
1.4552301
1.4550054
1.4552349
1.4557209
1.4551554
1.4547746
1.4541156
1.4558135
1.4549109
1.4547358
1.4549233
1.4543443
1.4547199
1.4551986
1.4541439
1.4545527
1.4542793
1.4541326
1.4535437
1.4541966
1.4544569
1.4540504
1.4541115
1.4536278
1.4541134
1.4535683
1.4535532
1.4526917
1.452676
1.4535995
1.4537878
1.4527905
1.4523578
1.4530691
1.4523592
1.452695
1.4526155
1.4524034
1.4520824
1.4511408
1.4519721
1.4511399
1.4516093
1.4514539
1.4520534
1.4510336
1.4520276
1.4512609
1.451302
1.4514126
1.4511036
1.450712
1.4510269
1.4507121
1.4506382
1.4505014
1.4507934
1.4499824
1.4498243
1.4504961
1.4503101
1.4498205
1.4503579
1.4501619
1.4509273
1.4497527
1.4502141
1.4495232
1.4501067
1.4494561
1.4500949
1.449371
1.4493862
1.4498538
1.4495016
1.4489578
1.4490484
1.4484968
1.4486759
1.4486272
1.4491061
1.4490901
1.4484298
1.4487517
1.4483753
1.4481066
1.4479538
1.4477822
1.4483246
1.4470949
1.4482902
1.447718
1.4483404
1.4480001
1.447372
1.4485633
1.4476607
1.4477142
1.447353
1.4479449
1.4473796
1.4474062
1.4468006
1.447134
1.4470758
1.4477409
1.4471054
1.4467044
1.4474198
1.446566
1.4464912
1.4459238
1.4465041
1.446484
1.4459267
1.4461673
1.4462985
1.4458953
1.446115
1.4455433
1.445692
1.4452901
1.4454914
1.4448977
1.4452881
1.445639
1.4452437
1.4452662
1.4454315
1.445147
1.4441755
1.445017
1.4452087
1.4448422
1.4447851
1.4449762
1.4452424
1.4438547
1.4453688
1.4446143
1.4444114
1.4444414
1.4447563
1.4441946
1.4442246
1.4443043
1.4432938
1.4433272
1.4440465
1.4438745
1.4428332
1.4432518
1.442936
1.4432845
1.443202
1.4438585
1.4430727
1.4426877
1.4431957
1.4426402
1.4429458
1.4428114
1.4426876
1.4427631
1.4427947
1.4426001
1.4428365
1.4423695
1.4420007
1.4429502
1.4418714
1.4422884
1.4430602
1.4424518
1.442563
1.4421197
1.4421501
1.4421523
1.4421394
1.4423729
1.4418495
1.4407246
1.4408783
1.4416639
1.4420862
1.4410266
1.4418848
1.4414002
1.4416265
1.4410093
1.4407692
1.4402214
1.4399391
1.4401007
1.4402775
1.4410263
1.4409813
1.4406426
1.440836
1.4410424
1.4405184
1.4397529
1.4400313
1.4402356
1.4402595
1.4406161
1.4400768
1.4398555
1.4400365
1.4388567
1.4394814
1.4404559
1.439331
1.4394076
1.4394886
1.4391565
1.4399905
1.4398885
1.4386047
1.4384648
1.439236
1.4389578
1.4382137
1.4384367
1.4387642
1.4388179
1.4381632
1.4384654
1.4387053
1.4392872
1.4387664
1.4385024
1.4381666
1.4385295
1.4381493
1.4380308
1.4380846
1.438031
1.4376612
1.438111
1.4384816
1.4370955
1.4372703
1.4368945
1.4368852
1.4374379
1.4377931
1.4374343
1.4375468
1.437317
1.4367132
1.4369339
1.4361206
1.4369249
1.436344
1.4360775
1.4371635
1.4358001
1.4360062
1.4364406
1.4363089
1.4363439
1.4366863
1.4362235
1.4362335
1.4358817
1.4358252
1.4361545
1.4347383
1.4357419
1.4353572
1.4361434
1.4354382
1.4358063
1.4358419
1.4360703
1.4359967
1.4344333
1.4347677
1.4353424
1.4343351
1.4351797
1.4353406
1.435454
1.435062
1.4345397
1.4352888
1.4351102
1.4354273
1.4344479
1.434489
1.4345661
1.4347018
1.4346004
1.4347539
1.4336084
1.435099
1.4342151
1.4340775
1.4339926
1.4343188
1.4330838
1.434233
1.4337146
1.4341421
1.4342487
1.4340781
1.4338087
1.4335334
1.4329026
1.4327993
1.434211
1.4339008
1.4336594
1.4330138
1.4334632
1.4332619
1.4333149
1.4329191
1.4327881
1.4335526
1.4337094
1.4327805
1.4327317
1.4330866
1.4334557
1.4327987
1.4318676
1.43191
1.4318279
1.4320611
1.4317783
1.4323951
1.431805
1.4315828
1.4322838
1.4320625
1.4326345
1.432259
1.43123
1.4315754
1.4311758
1.4306084
1.4319843
1.4320097
1.4315292
1.4315645
1.4318628
1.4312729
1.4309007
1.430558
1.4308424
1.4313663
1.4312134
1.4300293
1.4308628
1.4307917
1.4312189
1.4307432
1.4305047
1.4307791
1.4309672
1.4307574
1.4318643
1.4313573
1.4310049
1.4312061
1.4299042
1.429737
1.4302696
1.4304152
1.4297724
1.4302645
1.4301658
1.4292835
1.429909
1.4289461
1.4301333
1.4293606
1.4297664
1.4294326
1.4298036
1.4294513
1.4296908
1.429658
1.4299794
1.4289055
1.4293207
1.429782
1.4291127
1.4296782
1.4287412
1.4281956
1.4286011
1.4283464
1.4290406
1.4285305
1.4287301
1.4289341
1.4281384
1.4290844
1.4284974
1.428865
1.4284323
1.4282857
1.4283682
1.4282558
1.4279581
1.4277085
1.428208
1.4279032
1.4280002
1.4280157
1.4276308
1.4276705
1.4278882
1.4281598
1.4274917
1.4276618
1.4275783
1.4288478
1.427096
1.4270259
1.4271694
1.4279999
1.4259176
1.4272227
1.4269929
1.427118
1.4265827
1.4264866
1.4272436
1.4270333
1.4263912
1.4270442
1.4277236
1.4265903
1.4270077
1.4270467
1.4269129
1.4265436
1.4260892
1.4261073
1.4273813
1.4262081
1.4264448
1.4261796
1.4255067
1.4257967
1.4261377
1.4256198
1.425724
1.4265819
1.4258796
1.4261805
1.425973
1.4258461
1.4259561
1.4262187
1.4257267
1.4260422
1.4254383
1.4253474
1.4247694
1.4258555
1.4258386
1.4259825
1.4247658
1.4246671
1.4252539
1.4246925
1.425864
1.4247838
1.4252375
1.4250455
1.4246356
1.4246283
1.4246206
1.4247193
1.4238877
1.4246778
1.4247607
1.4246869
1.4248962
1.424263
1.4244614
1.4246448
1.4239744
1.424311
1.4243929
1.4241365
1.4243242
1.4237868
1.4245769
1.4236168
1.423655
1.42369
1.4239678
1.4237131
1.4236465
1.4236667
1.4232596
1.42341
1.4243381
1.4238037
1.4230143
1.4234664
1.4227642
1.4234265
1.4232802
1.4233313
1.424021
1.4238303
1.4226167
1.4233878
1.4232073
1.4233687
1.4222527
1.4229779
1.4231129
1.422271
1.4223413
1.4231212
1.4223484
1.4232497
1.4226552
1.4223968
1.4214419
1.4226347
1.4230548
1.4225348
1.4221678
1.4226266
1.4225541
1.4221938
1.4213909
1.4221916
1.4214582
1.4226344
1.4217961
1.4215746
1.4217625
1.4214113
1.4223256
1.4215708
1.4227799
1.421473
1.4220089
1.4214183
1.4211559
1.4217544
1.4212729
1.420687
1.421625
1.4216741
1.4214268
1.4216212
1.4213806
1.4209815
1.4220932
1.421394
1.420849
1.4210668
1.4211842
1.4218904
1.4208736
1.4204007
1.4207007
1.4202131
1.4203166
1.4204806
1.4211324
1.4206744
1.4206254
1.4195906
1.4206443
1.4207903
1.4202421
1.420232
1.4207145
1.4201152
1.4204235
1.4201967
1.4207591
1.4195638
1.4203928
1.4200132
1.4193612
1.419496
1.4190679
1.4199442
1.4192657
1.4194082
1.4194034
1.4204195
1.4198414
1.4193032
1.4194307
1.4193896
1.4193478
1.419693
1.4190617
1.419176
1.4198031
1.4191028
1.420231
1.419852
1.4188213
1.4192017
1.4185835
1.419194
1.4192504
1.4194727
1.4192082
1.4196973
1.4196506
1.4192203
1.417748
1.4190737
1.418129
1.4190626
1.4187187
1.4183148
1.418676
1.4186429
1.4184357
1.4174966
1.4183252
1.4178277
1.418483
1.4177662
1.4179527
1.417609
1.4178958
1.4173994
1.4180468
1.4180185
1.4176444
1.4181052
1.4172633
1.4183501
1.4181368
1.4177042
1.4181123
1.417541
1.4176781
1.417224
1.4176903
1.4179354
1.4177561
1.4179345
1.4176894
1.4179188
1.4170352
1.4179071
1.4172401
1.4174578
1.416927
1.417204
1.4168936
1.4173143
1.4165671
1.4169506
1.4168345
1.4168129
1.4169968
1.4170109
1.4169455
1.4169348
1.4171205
1.4162724
1.4165975
1.4169732
1.4158022
1.4169042
1.4165524
1.4163098
1.4160265
1.416016
1.4171889
1.4169589
1.4160684
1.4162163
1.4162307
1.4159791
1.4159465
1.416311
1.4162666
1.4159855
1.4157488
1.4158256
1.4159839
1.4151802
1.4159529
1.4162155
1.4169091
1.4162594
1.4157165
1.4157377
1.4160017
1.4164542
1.4152225
1.4148791
1.4152404
1.414946
1.4153607
1.414657
1.4155552
1.4155903
1.4152805
1.4153038
1.4145762
1.414918
1.4152282
1.415698
1.4151284
1.4158689
1.4159788
1.4149339
1.4148785
1.4146022
1.4150773
1.4151453
1.4144316
1.4147972
1.4144573
1.4146718
1.4137925
1.4149815
1.4146721
1.4139627
1.4142951
1.4141233
1.414947
1.414509
1.4141397
1.4137496
1.4137433
1.4140047
1.41416
1.4146265
1.4142704
1.4141082
1.4139498
1.4135948
1.4143915
1.4140145
1.4139296
1.4138821
1.4137679
1.4140254
1.4137576
1.4136124
1.4139128
1.4135838
1.4134153
1.4144413
1.4133732
1.4140635
1.4135555
1.4132975
1.41353
1.4135487
1.4129819
1.4132041
1.413004
1.4128613
1.4134487
1.4130872
1.4129572
1.4136686
1.4133132
1.4138765
1.4134828
1.4130579
1.4134138
1.4131947
1.4131485
1.4127893
1.4133393
1.4127309
1.4130335
1.4125994
1.4130684
1.4132081
1.4125776
1.4129591
1.4124719
1.4130914
1.4128474
1.4131479
1.4122725
1.4129497
1.412713
1.4116251
1.4125217
1.4122138
1.4120448
1.4130353
1.4131632
1.4124005
1.4117593
1.4120045
1.4123706
1.4119732
1.4126824
1.4122446
1.4121474
1.4118302
1.412424
1.4118676
1.4122709
1.4115621
1.4125111
1.4115173
1.4124079
1.4121687
1.4118557
1.4115919
1.4122001
1.4113474
1.4113541
1.4117895
1.4114838
1.4111049
1.4117867
1.4112495
1.4119762
1.4116963
1.4116684
1.4118208
1.4117868
1.4116193
1.4117161
1.4112996
1.411162
1.4107203
1.4120631
1.411399
1.4111743
1.4107708
1.4108166
1.4117466
1.410864
1.411024
1.4108396
1.4108602
1.4114437
1.4108101
1.4106442
1.4104843
1.4115927
1.4110484
1.4107423
1.4108101
1.4099488
1.4106932
1.4105645
1.4105482
1.4106145
1.4101217
1.4106407
1.4106283
1.4097749
1.4102482
1.4106928
1.410217
1.4107145
1.4099436
1.4102122
1.4104849
1.4103156
1.4100103
1.4099157
1.4108776
1.409687
1.409258
1.4102538
1.4101006
1.4100599
1.4099783
1.4093767
1.4095486
1.4096084
1.4100924
1.4095464
1.4105332
1.4094181
1.4102907
1.410033
1.4101591
1.4095335
1.4101837
1.4098493
1.4098085
1.4095964
1.4098197
1.4105896
1.408856
1.4093122
1.4092454
1.4090452
1.4096371
1.4094763
1.409161
1.409445
1.4091257
1.4097039
1.40947
1.4095566
1.4095079
1.4091098
1.4096464
1.4086597
1.4088684
1.4095694
1.4090585
1.40957
1.4089208
1.4092016
1.4086739
1.4084759
1.408448
1.4084176
1.4086039
1.4088786
1.4089762
1.4084743
1.4085335
1.4087001
1.4085548
1.4085654
1.4084209
1.4091564
1.4085635
1.4087412
1.4085774
1.4081969
1.408844
1.4080757
1.4090136
1.4079081
1.4085283
1.4085499
1.4085919
1.408176
1.4080086
1.408839
1.4081812
1.4084289
1.4077567
1.4088229
1.4080305
1.4079316
1.4084007
1.4078927
1.4083918
1.4084237
1.4080124
1.4081631
1.4080433
1.4078186
1.4086285
1.4082778
1.4082149
1.4074959
1.4080205
1.4077085
1.4077889
1.4080249
1.4079288
1.407584
1.4084598
1.4082378
1.4075665
1.4070982
1.4078487
1.4086245
1.407877
1.4072226
1.4071423
1.4070921
1.4073325
1.407288
1.4075764
1.4075962
1.4071333
1.4075804
1.4071347
1.4076025
1.4071232
1.4066796
1.4077139
1.4078366
1.4070061
1.4066668
1.4072866
1.4066812
1.4072684
1.4069844
1.4070668
1.406374
1.407058
1.406395
1.4064347
1.4071285
1.4065793
1.4063902
1.4073083
1.40693
1.4064428
1.4079943
1.4068569
1.4066014
1.4066792
1.4065809
1.4072558
1.4062872
1.406887
1.4064678
1.4070811
1.4067353
1.406573
1.4062085
1.4066131
1.406512
1.4067141
1.4067764
1.406348
1.4066274
1.4067242
1.4059092
1.4060994
1.4062935
1.4061362
1.4066781
1.4060432
1.4060471
1.4066159
1.4064137
1.4063331
1.4055496
1.4061258
1.4058937
1.4063021
1.4056344
1.4058213
1.4060098
1.4066873
1.4064832
1.4058694
1.4060386
1.4059299
1.4055023
1.4064938
1.4055859
1.4052985
1.4056107
1.4062792
1.4057385
1.4059346
1.4063531
1.4058521
1.4057789
1.405583
1.4051571
1.4059039
1.405302
1.4058484
1.4059323
1.4061296
1.4059713
1.4054791
1.4059471
1.4063435
1.4057919
1.4056821
1.4050448
1.405614
1.4062707
1.4050411
1.4059248
1.4050636
1.4056621
1.4058784
1.4048588
1.4053286
1.4059477
1.4048553
1.4053348
1.4048905
1.4054716
1.405389
1.4053742
1.404993
1.4050479
1.4046553
1.4050715
1.4045564
1.4047483
1.4045074
1.4051372
1.4051415
1.4045731
1.4050316
1.4050809
1.4056793
1.4053416
1.4050105
1.404656
1.4046971
1.405209
1.4048071
1.4054482
1.4045392
1.4050003
1.4047402
1.4047667
1.4051899
1.4054968
1.4049873
1.4048619
1.4042137
1.4049858
1.4053475
1.4047449
1.4046134
1.4047518
1.4047457
1.4041644
1.4044247
1.4042273
1.4050839
1.4048404
1.4045593
1.4049717
1.4044613
1.4043726
1.4043006
1.4043833
1.4044313
1.4045217
1.4048724
1.4043847
1.4050031
1.4048369
1.404247
1.404146
1.4043312
1.404323
1.4047831
1.4042957
1.4038106
1.4038242
1.4037886
1.4044979
1.4050229
1.4042801
1.4043237
1.4035511
1.4041069
1.4042807
1.4042387
1.4046993
1.4039373
1.404528
1.4041691
1.4041611
1.403644
1.4045618
1.4043239
1.4041876
1.4040309
1.4045808
1.4040116
1.4039596
1.4041232
1.4040438
1.4044412
1.4037466
1.4041349
1.40372
1.4033989
1.4040252
1.4039317
1.4041435
1.4032682
1.4039253
1.4033006
1.4039807
1.4037893
1.4028771
1.4041492
1.4036812
1.4038343
1.4037342
1.4040035
1.4035457
1.4032055
1.40352
1.4036531
1.4029983
1.4030466
1.4039373
1.4036881
1.4031997
1.4033636
1.403332
1.4029021
1.402498
1.4038135
1.4038306
1.4032015
1.4037116
1.4032856
1.4037288
1.4029044
1.4033428
1.4036703
1.4033331
1.4029684
1.4034518
1.402936
1.4036539
1.4033607
1.4033328
1.4027166
1.4029692
1.4028451
1.4030529
1.4034312
1.4031048
1.4034323
1.4025855
1.4032372
1.4032806
1.4032692
1.403409
1.4024433
1.4027157
1.4031161
1.4035099
1.4031514
1.4031134
1.4033859
1.4024444
1.4031603
1.4035169
1.4027251
1.4030914
1.402938
1.4034535
1.4029471
1.4033908
1.402804
1.4028513
1.4033505
1.4027971
1.4025131
1.403339
1.4029713
1.4028088
1.4033518
1.4025087
1.4031321
1.4030733
1.4030868
1.4029773
1.4029175
1.4022402
1.4025685
1.4024554
1.4027907
1.4023796
1.4029459
1.4027218
1.402898
1.4034692
1.4028445
1.4028289
1.4026145
1.4033488
1.4020809
1.4020287
1.402513
1.4028004
1.4024988
1.402552
1.4031309
1.4026772
1.4032053
1.4028671
1.4024706
1.4029297
1.4021051
1.4026192
1.4024115
1.4025047
1.4023371
1.4024523
1.4023495
1.4019767
1.4021913
1.4030354
1.402118
1.4021082
1.4022542
1.402833
1.4029866
1.4021622
1.4023486
1.4023423
1.4021788
1.402567
1.4030161
1.4016589
1.4022853
1.4024853
1.4019635
1.4026995
1.401609
1.402075
1.4021338
1.4025671
1.4025743
1.4021828
1.4024107
1.4022499
1.4021367
1.4019744
1.4026088
1.4020617
1.4019328
1.4026461
1.4029204
1.4015044
1.4019927
1.4020236
1.4009124
1.401891
1.402178
1.4015843
1.4020894
1.4023892
1.4022704
1.401544
1.4019327
1.4028044
1.4026301
1.4016837
1.4016557
1.4019204
1.4022354
1.4023378
1.402963
1.4018301
1.4020493
1.4029979
1.4017664
1.4019324
1.4020246
1.4020195
1.4029576
1.4024544
1.4020134
1.401859
1.4017904
1.4019306
1.4020232
1.4016881
1.4022311
1.4020948
1.4019829
1.4015288
1.4022373
1.4019508
1.4018539
1.4014565
1.4020834
1.4015093
1.4011279
1.4016823
1.4016511
1.4027325
1.4024638
1.4017376
1.4021394
1.40144
1.4020542
1.4019248
1.401631
1.4022396
1.4019791
1.4010897
1.4014025
1.4014912
1.4018673
1.4013674
1.4021883
1.4019403
1.4018848
1.4016838
1.4021922
1.4009372
1.4014764
1.4017845
1.4015758
1.4014719
1.4019896
1.401832
1.4014795
1.4015801
1.4021345
1.4017352
1.4011481
1.4018682
1.4013081
1.4010842
1.4011278
1.4025902
1.4016683
1.4014622
1.4011228
1.401337
1.4012312
1.4016145
1.40126
1.4011201
1.4014845
1.4017284
1.4012865
1.4012951
1.4016572
1.4018704
1.4020774
1.4013529
1.4012583
1.4011396
1.4009752
1.401583
1.4015194
1.401476
1.401271
1.4008695
1.4013668
1.4008043
1.4013153
1.4010319
1.4013402
1.4017363
1.401272
1.4015118
1.4011317
1.4013611
1.4017414
1.4013736
1.4010307
1.4018012
1.4012914
1.4019854
1.4010113
1.401878
1.4012122
1.4014928
1.4021828
1.4016752
1.4008995
1.4012831
1.4015489
1.4012975
1.4013741
1.4006363
1.4010998
1.4010905
1.4009522
1.4011266
1.401222
1.4009651
1.4011263
1.4016997
1.4010514
1.4015397
1.4013305
1.4018837
1.4009943
1.401094
1.4005932
1.4015968
1.4011247
1.4008614
1.401836
1.4006388
1.4011872
1.4013114
1.4009211
1.4018589
1.4013126
1.4010049
1.4014909
1.4011847
1.4013875
1.4008611
1.4011265
1.4010755
1.4016387
1.401337
1.4009377
1.4010484
1.4009376
1.4008662
1.4009461
1.4006069
1.4014255
1.4014674
1.4012754
1.400745
1.4006765
1.4006128
1.4015812
1.4011048
1.40096
1.400505
1.4012518
1.4007531
1.4009178
1.4003136
1.4008392
1.4006786
1.4013165
1.4007198
1.4009227
1.4008482
1.4013678
1.4009453
1.4007137
1.4010752
1.4015981
1.4004651
1.4006203
1.4007201
1.401107
1.4011012
1.4009573
1.4007791
1.4014086
1.401028
1.4010168
1.4014777
1.4015683
1.400692
1.400443
1.4011823
1.4000828
1.4004452
1.4003199
1.4006933
1.4017365
1.4008931
1.4015917
1.4010108
1.4011215
1.4013413
1.4009843
1.400925
1.4008646
1.4013262
1.401169
1.4012228
1.4010408
1.4010834
1.4003103
1.4009668
1.400536
1.4012779
1.4016914
1.4009197
1.4009186
1.4009233
1.4007877
1.4004475
1.4006057
1.4007422
1.4009111
1.4008493
1.4010077
1.4007022
1.400876
1.4007431
1.4006687
1.4008422
1.4005475
1.4005201
1.4010324
1.4006251
1.4010917
1.400504
1.400908
1.4010619
1.4007281
1.401194
1.4004153
1.4009306
1.4008837
1.4008363
1.4010776
1.4005754
1.4002161
1.4016378
1.4004328
1.4001647
1.4008622
1.4009025
1.401157
1.4012918
1.4006432
1.4006995
1.4001974
1.4008136
1.400614
1.4006021
1.4007851
1.4005108
1.4005855
1.4003717
1.4007305
1.4003689
1.4001842
1.4000764
1.4007179
1.4000181
1.4013208
1.4006951
1.400879
1.401053
1.400989
1.400823
1.4008758
1.4005647
1.40026
1.4009786
1.400383
1.400679
1.401096
1.4003316
1.4003595
1.4004161
1.4003452
1.3997129
1.400463
1.4001137
1.4004482
1.4009484
1.4006175
1.4006147
1.4001374
1.4000099
1.4001303
1.4004457
1.4004393
1.3999361
1.4007132
1.4004284
1.4004159
1.4007288
1.400108
1.4005076
1.4004425
1.4007032
1.3999673
1.4001439
1.4007252
1.4002877
1.4006752
1.400615
1.4001837
1.400245
1.4005097
1.4005569
1.399944
1.4004879
1.4007512
1.3997399
1.4003221
1.4007148
1.4001056
1.4009027
1.400175
1.4008647
1.400208
1.4001532
1.4009675
1.4009932
1.4002373
1.400979
1.4005014
1.399806
1.4007163
1.4002923
1.4001842
1.4003626
1.4009919
1.4007963
1.3994194
1.4007498
1.4004462
1.4001033
1.4007218
1.4005286
1.40033
1.4008366
1.4007744
1.3997463
1.4002279
1.4008417
1.3999367
1.3997749
1.399745
1.4005531
1.4005486
1.4006014
1.4004321
1.4003471
1.3999891
1.4004469
1.4002358
1.4002203
1.4001392
1.4008365
1.4000744
1.4001468
1.4001889
1.4004797
1.4001026
1.4006815
1.4005511
1.4002786
1.4001515
1.4002453
1.4011272
1.4003111
1.4003205
1.4003456
1.3997817
1.3994932
1.3999274
1.4005742
1.4002345
1.4004344
1.3999099
1.4005113
1.4007281
1.4002485
1.4002975
1.4006249
1.400293
1.4001579
1.4000143
1.4005574
1.4005699
1.4001396
1.4001869
1.4004253
1.3995415
1.4004009
1.4007968
1.4002175
1.4010699
1.3998232
1.3998777
1.4002051
1.4003291
1.4001462
1.4006824
1.4005772
1.4005319
1.4001086
1.4005493
1.4000412
1.3999652
1.4006624
1.4005779
1.4005136
1.4001163
1.4002608
1.4000124
1.400588
1.4006755
1.400055
1.4000096
1.3998398
1.3999013
1.3996323
1.3999103
1.400026
1.4001347
1.4001096
1.4001617
1.4001266
1.4002932
1.4009573
1.4002479
1.4000367
1.4004787
1.399895
1.40026
1.4001799
1.3997259
1.3999679
1.400244
1.4002827
1.3999004
1.4006553
1.4004917
1.4000198
1.3998082
1.4003966
1.3998172
1.400109
1.4001917
1.4000545
1.3997737
1.4000505
1.4001738
1.3998173
1.4002895
1.3995513
1.4000584
1.4004645
1.4005194
1.3999904
1.4001938
1.3997551
1.4002854
1.4004682
1.399918
1.4001411
1.4004359
1.400173
1.4001112
1.399511
1.3996804
1.4005919
1.4002447
1.3994538
1.399921
1.399736
1.4007559
1.4002714
1.3998293
1.4001765
1.4008511
1.4000808
1.4001902
1.399952
1.3997884
1.3998286
1.399826
1.4005259
1.3999211
1.4002037
1.3997844
1.4002725
1.3997115
1.400375
1.4002286
1.4002428
1.4000665
1.4002308
1.399768
1.40005
1.4000046
1.3996772
1.3998499
1.3998657
1.4003342
1.3998843
1.3994008
1.4004731
1.4002651
1.3999573
1.3997537
1.4000139
1.3995479
1.3999977
1.3996536
1.3999234
1.3999304
1.3998661
1.3995363
1.3990351
1.4000763
1.4001788
1.3995835
1.4000273
1.4001609
1.4002187
1.3997648
1.3999455
1.3995556
1.3999293
1.3995348
1.399839
1.3999765
1.3998853
1.3998778
1.3998381
1.3998954
1.4000481
1.3996567
1.3997158
1.3993626
1.4000043
1.4001194
1.3998451
1.3997433
1.3986565
1.3998314
1.399663
1.399874
1.4000505
1.3993834
1.4003198
1.3997905
1.3993697
1.3997313
1.3997139
1.3999138
1.3996327
1.399886
1.399834
1.3999758
1.4000158
1.3997828
1.3996938
1.3996006
1.3992581
1.3998616
1.3992808
1.3996106
1.4000068
1.3992478
1.3995053
1.3994274
1.4000764
1.399965
1.399468
1.3998406
1.3999586
1.3999734
1.3995887
1.3998688
1.3995776
1.4002788
1.3994133
1.3999114
1.399248
1.3993261
1.4000115
1.3996488
1.3995873
1.3996843
1.3993872
1.399304
1.4001063
1.3997523
1.3994136
1.3998168
1.3999088
1.399439
1.3995825
1.4001697
1.3999077
1.3998572
1.3999016
1.3996218
1.3991941
1.3995823
1.3992425
1.3998855
1.3997861
1.3994349
1.3995037
1.3995402
1.399653
1.3998668
1.3990511
1.3997952
1.3996046
1.4001342
1.3986279
1.3999499
1.3994678
1.3990166
1.3993992
1.3994801
1.3993654
1.400082
1.3989974
1.399757
1.3996975
1.3991398
1.399489
1.3998127
1.4000385
1.3996034
1.3993198
1.3989286
1.3995526
1.3990036
1.3995243
1.3989736
1.3999993
1.3995023
1.399603
1.3999239
1.3995123
1.3989884
1.3997393
1.399063
1.3989468
1.3995758
1.3996273
1.3995341
1.3990824
1.3993145
1.3999357
1.3993267
1.3992821
1.3997009
1.3992949
1.3993526
1.3994572
1.3997023
1.3985568
1.3990117
1.3993468
1.3989717
1.3992362
1.3992499
1.3992513
1.3993633
1.399204
1.3994567
1.3989266
1.3992447
1.3997979
1.3996668
1.3992171
1.398858
1.3989826
1.3989316
1.3992207
1.3991725
1.3994315
1.3992758
1.3988911
1.3994367
1.3989916
1.3989707
1.3984753
1.399033
1.3988111
1.3987923
1.3992739
1.3988885
1.3987566
1.3990179
1.3994465
1.3991511
1.399043
1.399179
1.3992611
1.3992733
1.3993437
1.399218
1.3992268
1.3986717
1.3997945
1.3985714
1.399888
1.399489
1.3987176
1.3997972
1.3995085
1.3984932
1.3989981
1.3990222
1.3996301
1.3990666
1.3988593
1.3985683
1.3987774
1.3992057
1.3987527
1.3991508
1.3989786
1.3986279
1.3992082
1.3985944
1.3989761
1.398757
1.3989061
1.3988333
1.3990363
1.399251
1.3990365
1.3980182
1.3989286
1.3992133
1.3989974
1.3991671
1.3984418
1.3991461
1.3986754
1.3988005
1.399018
1.3988245
1.3990953
1.3985605
1.3984284
1.3987584
1.3989986
1.399106
1.3990073
1.398974
1.3987628
1.398855
1.3987529
1.399446
1.3989294
1.3990362
1.398671
1.3992995
1.3992115
1.3991352
1.3981022
1.3991878
1.3987727
1.3992566
1.3984166
1.3981872
1.3986571
1.3980315
1.3990253
1.3990058
1.398762
1.3989658
1.3982667
1.3984244
1.398414
1.3986566
1.3978922
1.3982611
1.3986921
1.3989105
1.3988284
1.3984919
1.3991976
1.3989859
1.398366
1.3984588
1.3984575
1.3986427
1.3984337
1.3986328
1.3987285
1.3986363
1.398545
1.3981324
1.3988968
1.3989371
1.3990641
1.3986692
1.3982654
1.3981941
1.3986359
1.3983785
1.3988388
1.3983669
1.3981651
1.3986727
1.3985528
1.3985758
1.3982724
1.398601
1.398394
1.3984842
1.3982185
1.3980496
1.3982873
1.3982469
1.3985947
1.3980411
1.3985574
1.398234
1.3983806
1.3985132
1.398384
1.3982598
1.3983551
1.39856
1.3986114
1.3978583
1.3980612
1.397862
1.3989267
1.3988097
1.3985218
1.3983768
1.3978405
1.3982096
1.3979378
1.3978219
1.3984431
1.3979828
1.3983259
1.3981346
1.3981384
1.3984445
1.3985995
1.3985585
1.398209
1.3982145
1.3988465
1.3978399
1.3985065
1.3982831
1.3983437
1.3976651
1.3983941
1.3976753
1.3978491
1.3980486
1.3981351
1.3979256
1.3981785
1.3982065
1.3973843
1.3977886
1.3976389
1.398068
1.3979626
1.3977743
1.3977808
1.3973573
1.3981516
1.3980697
1.3982364
1.3979969
1.3973194
1.3981613
1.3979578
1.3982273
1.398125
1.3981831
1.3977647
1.3979108
1.398
1.3979014
1.3979442
1.398312
1.3982127
1.3984766
1.3979943
1.3977633
1.3977995
1.3978453
1.3975044
1.3978484
1.3980445
1.3976974
1.3979937
1.3974189
1.397893
1.3974892
1.3979064
1.3979927
1.3976835
1.3978866
1.3972503
1.3976494
1.3977675
1.397827
1.3982382
1.3978478
1.3974129
1.3971822
1.3975922
1.3975577
1.3977697
1.3977416
1.3976685
1.3975482
1.3976203
1.3978016
1.3977188
1.3976206
1.3972327
1.3978008
1.3974332
1.3976551
1.3978484
1.3976932
1.3982105
1.3980633
1.3977476
1.3973169
1.3977089
1.3973848
1.3971726
1.3972869
1.3974457
1.3969829
1.3977652
1.3972996
1.3974843
1.3976544
1.3976754
1.3980535
1.3972825
1.3971134
1.3975172
1.39778
1.3975852
1.3971682
1.3970487
1.3974864
1.3976777
1.3970681
1.3974954
1.3972915
1.397702
1.3974221
1.3968637
1.3975337
1.3973315
1.3967956
1.3970792
1.3968776
1.397715
1.3968122
1.3975105
1.3975657
1.397568
1.3975705
1.3968396
1.3974282
1.3976597
1.3972037
1.3971211
1.3970581
1.3968291
1.3971543
1.3972436
1.3968104
1.3967891
1.3969423
1.3974223
1.3968775
1.3965229
1.3970844
1.3972456
1.3972358
1.3972971
1.3978081
1.3971316
1.3973866
1.396671
1.3969014
1.3976555
1.397178
1.3970886
1.3970319
1.3968185
1.3969718
1.3968958
1.3966659
1.3971981
1.3967077
1.397085
1.3972872
1.3970671
1.3969831
1.3971223
1.3965935
1.3971312
1.3970395
1.3966846
1.3968
1.3971977
1.3967384
1.3973002
1.3968179
1.3969467
1.3966073
1.3971177
1.3971722
1.3974041
1.3962848
1.3969077
1.397161
1.3968766
1.3969836
1.3962743
1.3964474
1.3971033
1.3964827
1.3965621
1.3968782
1.3966215
1.3969156
1.396609
1.3968039
1.3967843
1.3967602
1.3968897
1.3968471
1.3971267
1.3967079
1.3963394
1.3963352
1.3970836
1.3965968
1.3966551
1.3965796
1.3964603
1.396591
1.3967215
1.3964282
1.3970556
1.3962486
1.3965387
1.3966047
1.3963164
1.3964248
1.3964639
1.3966833
1.3970413
1.3963019
1.3965037
1.3967272
1.3964136
1.3963791
1.3965621
1.3960087
1.396788
1.3963627
1.3965226
1.3967524
1.3967717
1.3968539
1.396624
1.3966768
1.3964872
1.3960816
1.3969948
1.3967061
1.3965199
1.396402
1.3958846
1.396459
1.3963675
1.3963276
1.3956476
1.3960007
1.3960472
1.3966373
1.3965107
1.3963355
1.396159
1.3961077
1.396479
1.3965125
1.396272
1.3961548
1.3966323
1.3963494
1.3961982
1.3964275
1.3967012
1.396554
1.3958095
1.3959919
1.3960702
1.3960465
1.3960133
1.3957727
1.3962094
1.3962861
1.3959322
1.3957686
1.3961084
1.3961402
1.3957558
1.3961222
1.3963728
1.3957764
1.3962518
1.3962827
1.3959813
1.3961515
1.3960079
1.3961364
1.3967022
1.3963603
1.396014
1.3963714
1.396319
1.396493
1.3962483
1.3958801
1.3966798
1.39611
1.3959823
1.3962569
1.3960558
1.396121
1.3963035
1.395519
1.3960221
1.3955191
1.3957688
1.3960768
1.3961948
1.3956133
1.3959795
1.3958194
1.3962506
1.395723
1.3961915
1.3958884
1.3959411
1.3961016
1.3957558
1.3957387
1.3953526
1.39538
1.3957611
1.395456
1.3954527
1.3960696
1.395754
1.3960823
1.3952221
1.3960485
1.3952191
1.3951147
1.3959066
1.3954699
1.3959768
1.3956393
1.3957618
1.3952006
1.3953588
1.3954912
1.3957648
1.3954947
1.3955749
1.3957256
1.3950499
1.3958689
1.3952752
1.3957552
1.3954794
1.3951734
1.3956321
1.3955097
1.3953079
1.3951583
1.3954929
1.3960469
1.395162
1.3956404
1.3952026
1.3952948
1.3957361
1.3956784
1.3954257
1.3954668
1.3961383
1.395103
1.395205
1.395762
1.3950956
1.3953615
1.3957931
1.3955296
1.3953127
1.3956351
1.395535
1.3952099
1.3949068
1.3954525
1.395079
1.395258
1.3956352
1.3957638
1.3948598
1.3948627
1.3956901
1.3946873
1.3951313
1.395089
1.3950378
1.394927
1.3952707
1.3952851
1.3952794
1.394756
1.3949077
1.3955534
1.3955132
1.3948652
1.3953094
1.3955365
1.3954248
1.3949584
1.3949766
1.3950396
1.3952892
1.395126
1.3948885
1.3951613
1.3952379
1.39546
1.3952435
1.3951296
1.3950218
1.3951324
1.3947803
1.3949568
1.3947483
1.395434
1.3951797
1.3952549
1.3949168
1.3946544
1.3950636
1.3952978
1.3951924
1.3945405
1.3945578
1.3950382
1.3950946
1.395126
1.3951325
1.3951521
1.3950862
1.3943515
1.3950179
1.3952291
1.3950576
1.3950943
1.3950547
1.3945698
1.3951272
1.3949556
1.3948799
1.3950909
1.3950866
1.3947275
1.3947856
1.3948584
1.3947493
1.3949943
1.394908
1.3949157
1.3947445
1.394316
1.3952621
1.3946995
1.3949434
1.3946991
1.3950804
1.3939295
1.3949301
1.3944559
1.394998
1.3944441
1.3955013
1.3945476
1.3950014
1.3951782
1.3951582
1.3948501
1.3945932
1.3948408
1.3948393
1.3946524
1.3946095
1.3946208
1.3949862
1.3938564
1.394544
1.3943448
1.3943428
1.3943889
1.3947378
1.3947445
1.3944796
1.3946384
1.3947273
1.394465
1.3946149
1.3939927
1.3946286
1.3944666
1.3946677
1.3948317
1.3945662
1.3946564
1.3944799
1.39436
1.3945502
1.394338
1.3949541
1.3945067
1.3943334
1.3950922
1.3949494
1.3945068
1.3943468
1.3940815
1.3941875
1.394723
1.3949703
1.394233
1.3943431
1.3938999
1.3945413
1.3940117
1.394822
1.3949314
1.3943741
1.3942229
1.3946426
1.3942251
1.3944995
1.3942863
1.394485
1.3945907
1.394122
1.3941523
1.3944415
1.3939569
1.3945491
1.3940611
1.3943533
1.3940502
1.3942456
1.3942968
1.3939227
1.3940339
1.3940591
1.3946823
1.3941892
1.394411
1.3944477
1.394037
1.3940638
1.3942255
1.3944792
1.3938491
1.39437
1.3941253
1.3937578
1.3947356
1.394039
1.3940856
1.3942319
1.394159
1.3933408
1.3940386
1.3941196
1.3936613
1.39424
1.3938394
1.3936119
1.3942531
1.3938142
1.3944762
1.3943675
1.3943559
1.393693
1.3941464
1.3940245
1.3940946
1.3940274
1.3936406
1.3942649
1.3936055
1.3936899
1.393628
1.3936085
1.3938652
1.3939034
1.3936735
1.3935275
1.3942392
1.393748
1.3934691
1.3940544
1.3940327
1.3936428
1.3940613
1.3937742
1.3938032
1.3935826
1.3938141
1.3941673
1.393679
1.3943421
1.3940151
1.3940415
1.3936989
1.394151
1.3936774
1.3935499
1.3938583
1.39369
1.3941399
1.3941789
1.3934718
1.3944775
1.3941834
1.3940276
1.3939347
1.3933852
1.3933709
1.3933527
1.3937263
1.3935769
1.3933039
1.3937347
1.3934001
1.3940374
1.3937572
1.3935434
1.3935511
1.3938224
1.3937646
1.3939971
1.3935292
1.3937658
1.3935407
1.3936938
1.3935627
1.3936237
1.3934402
1.394126
1.3939878
1.3935913
1.3936324
1.3935703
1.3937563
1.3942156
1.3941578
1.3935165
1.3934482
1.3938953
1.3934768
1.3940178
1.3936577
1.3932534
1.3935542
1.3935937
1.3936856
1.393281
1.3940318
1.3935416
1.3937157
1.3933951
1.3932892
1.3932937
1.3938643
1.3936344
1.3939093
1.3929205
1.3941956
1.3939317
1.3935224
1.3933468
1.3934611
1.3930002
1.3933011
1.3935999
1.3933353
1.3934606
1.3937839
1.3933899
1.3936509
1.3937477
1.3934585
1.393494
1.3932663
1.3933038
1.3931322
1.3934057
1.3931998
1.3935001
1.3931154
1.3931522
1.393497
1.3932525
1.3939028
1.3933752
1.3934113
1.3933227
1.393274
1.3932205
1.3936261
1.3928688
1.3930947
1.3927943
1.3933032
1.3930213
1.3935901
1.3939234
1.3928453
1.3932632
1.3933951
1.3933941
1.3930938
1.3932109
1.3933736
1.3927838
1.3931049
1.3936322
1.39277
1.3932923
1.3929923
1.3931154
1.3933775
1.3935608
1.3921609
1.3932937
1.3935205
1.393017
1.3929476
1.3933351
1.3935257
1.3932816
1.3927718
1.3932316
1.3934633
1.3931285
1.3931429
1.3933675
1.3928671
1.3929697
1.3930818
1.3929371
1.3933408
1.3931803
1.3931764
1.3927149
1.3930033
1.3927215
1.3926681
1.393054
1.3928149
1.3930472
1.393086
1.3931608
1.3928734
1.3928485
1.3930572
1.3929287
1.3927116
1.3929135
1.3930562
1.3923601
1.3924608
1.3928255
1.392709
1.3929675
1.3931098
1.3929445
1.3927488
1.3925277
1.3926018
1.3922281
1.3929644
1.3929678
1.3929704
1.3925412
1.3926193
1.3935493
1.3924543
1.39354
1.3928536
1.3925197
1.3926693
1.3922312
1.3926018
1.3931248
1.3929085
1.3924286
1.3927667
1.3929485
1.3932378
1.3925747
1.3928193
1.3928728
1.3928232
1.3927857
1.393321
1.3930572
1.3929794
1.3926715
1.3924652
1.3930448
1.3927044
1.392879
1.392802
1.3922244
1.3925388
1.3924136
1.3926289
1.3926528
1.3927118
1.3926576
1.393063
1.3922249
1.3926382
1.3930193
1.3926514
1.3928419
1.3923868
1.3923578
1.3932207
1.3927072
1.3927462
1.3920941
1.3924011
1.3918711
1.3931724
1.392511
1.3926327
1.3923782
1.3927724
1.3928622
1.3932239
1.3926548
1.3923416
1.392709
1.3921007
1.3925549
1.3925325
1.3921076
1.3923479
1.3925314
1.3918586
1.392806
1.3929094
1.3923576
1.3924524
1.3930868
1.3922645
1.3924006
1.3925079
1.392057
1.3927534
1.3925937
1.392038
1.3924314
1.3922534
1.3925238
1.392354
1.3918042
1.3924038
1.3924189
1.3926224
1.3921194
1.3926227
1.3922483
1.3921034
1.3919919
1.3922355
1.3923513
1.3925825
1.3922902
1.3929223
1.3926452
1.3924087
1.3924016
1.3927557
1.3919356
1.3925288
1.3921021
1.3925456
1.3920213
1.3918089
1.3924061
1.3922323
1.3925638
1.3920137
1.3921608
1.3924834
1.391741
1.3926535
1.3921304
1.3922648
1.3925505
1.391996
1.392545
1.392287
1.3920939
1.3917956
1.3925803
1.3923675
1.3921826
1.3923433
1.3917725
1.3923603
1.3925653
1.3922439
1.3923981
1.392106
1.3919128
1.3921777
1.3920966
1.3921609
1.3920426
1.3920271
1.3921471
1.3925931
1.3922606
1.3919282
1.3924668
1.3920307
1.3919499
1.3919573
1.3921322
1.3924093
1.3920075
1.3923377
1.3921995
1.391944
1.3919853
1.3924271
1.3916184
1.3921067
1.3918175
1.391988
1.3916004
1.391883
1.3922826
1.392096
1.3922693
1.391444
1.3921533
1.3918992
1.3922088
1.3919806
1.3917774
1.3927534
1.3912731
1.3915924
1.3916159
1.3921174
1.3918914
1.3918473
1.3927462
1.3924437
1.3913866
1.3920623
1.3921483
1.3919643
1.3925464
1.3913919
1.3920399
1.3917794
1.39193
1.3920729
1.3918059
1.3919797
1.3921124
1.3920137
1.3920252
1.391632
1.3918369
1.392028
1.3921319
1.391579
1.3920503
1.3919218
1.392113
1.3918514
1.3914226
1.3914369
1.3916761
1.3919214
1.3913888
1.3923739
1.3912976
1.392023
1.3918099
1.3921151
1.3921669
1.3918108
1.3925276
1.3919371
1.3914776
1.3916678
1.3919833
1.3920345
1.3917433
1.3919045
1.3915042
1.392
1.3913524
1.3919493
1.3913727
1.3919507
1.3917364
1.3914062
1.391407
1.392214
1.3919634
1.3915161
1.3916248
1.3918108
1.3920195
1.3912748
1.3918741
1.3912263
1.3918902
1.3918936
1.3922372
1.3913349
1.3914423
1.3918802
1.3917972
1.3914675
1.3912324
1.391828
1.3913785
1.3918998
1.3915268
1.3916758
1.3917475
1.3913641
1.3911892
1.3912187
1.3915671
1.3916454
1.3920565
1.3917933
1.3915229
1.392203
1.3917325
1.39164
1.3911719
1.3915186
1.3917167
1.3916088
1.3915881
1.3914406
1.3919077
1.3915998
1.3918024
1.3913383
1.3915321
1.3911116
1.391618
1.3916166
1.3920048
1.3917097
1.3916118
1.3915002
1.391799
1.3913996
1.3916068
1.3916568
1.3913169
1.3914623
1.391494
1.3916246
1.3912479
1.3912215
1.3918719
1.3911524
1.3920641
1.3916695
1.3915403
1.3915311
1.3913333
1.392024
1.3914151
1.391653
1.3912402
1.3916802
1.3916286
1.3911793
1.3917664
1.3916603
1.3914245
1.3915997
1.3915058
1.3913616
1.3914609
1.391682
1.3914288
1.3912796
1.3913422
1.3912311
1.3908339
1.3910202
1.391306
1.3908622
1.3910156
1.3912755
1.3915421
1.3910851
1.391153
1.3916874
1.3911161
1.3912808
1.3915815
1.390942
1.3915962
1.3913604
1.3916439
1.3910373
1.3911836
1.3913102
1.3914464
1.3908275
1.3912274
1.3914775
1.3914105
1.3907423
1.3913141
1.3908759
1.3910667
1.3917818
1.3907232
1.391506
1.3915688
1.3912185
1.3916328
1.3912945
1.3909506
1.3913094
1.3911463
1.3913552
1.391241
1.3910532
1.3912985
1.3918811
1.3909867
1.3912789
1.3907783
1.3910398
1.3913969
1.3907039
1.391273
1.390823
1.3915117
1.3909569
1.3908641
1.3911632
1.3911276
1.3909267
1.3910811
1.3912712
1.3907951
1.391872
1.3910763
1.3908486
1.3915162
1.3910053
1.3913317
1.3911195
1.3907691
1.3912555
1.3908799
1.3914337
1.391446
1.3909682
1.390829
1.3910877
1.3905101
1.3906894
1.3910148
1.3907436
1.3911692
1.391127
1.391247
1.3908184
1.3915311
1.3909861
1.3911579
1.3910173
1.3909724
1.3905602
1.3911124
1.3911473
1.3911421
1.3909369
1.390731
1.3909748
1.3911457
1.3913063
1.3907695
1.3904117
1.3904481
1.3908819
1.390593
1.3908445
1.3906882
1.3912961
1.390823
1.3911781
1.3911107
1.3907808
1.3913031
1.390831
1.3908392
1.3909006
1.3910481
1.3907479
1.3908014
1.3909178
1.3906134
1.3908657
1.391126
1.3908192
1.3906134
1.3913826
1.3913758
1.390914
1.390809
1.3907567
1.3910213
1.3909395
1.3909127
1.39097
1.39066
1.3907293
1.390917
1.3910404
1.3911152
1.3916241
1.3900949
1.3901691
1.39093
1.3906054
1.3909603
1.391272
1.3908354
1.3907706
1.390757
1.3911227
1.3907783
1.3907008
1.3912586
1.3908952
1.390832
1.3902727
1.390921
1.3907878
1.3907334
1.3905772
1.3909417
1.3909032
1.3907177
1.3906791
1.3908865
1.3910182
1.3906673
1.3904709
1.3907276
1.3904644
1.3910512
1.3912461
1.3905852
1.3904656
1.3911446
1.3914589
1.390317
1.3907957
1.3905803
1.3909737
1.3903913
1.3908645
1.3901924
1.3915093
1.390682
1.3906388
1.3901249
1.3901651
1.3909203
1.3904843
1.3905576
1.3906701
1.3911233
1.3907393
1.3907132
1.3906031
1.3900733
1.390509
1.3910657
1.3902661
1.3904939
1.3908252
1.3907264
1.3909396
1.3904425
1.3905467
1.39053
1.3905846
1.391148
1.3908416
1.3903254
1.3902286
1.3902116
1.3908644
1.3908893
1.3906019
1.3905938
1.3906177
1.3905611
1.3907747
1.390324
1.3906521
1.3906418
1.390321
1.3904395
1.3899208
1.3907251
1.3907306
1.3902321
1.3902858
1.3904927
1.3905916
1.3906376
1.3905538
1.3906379
1.3904042
1.3905087
1.3907272
1.3904034
1.3903518
1.3904275
1.3907102
1.3908683
1.3900326
1.3898951
1.3901092
1.3900539
1.3905977
1.3903049
1.3901383
1.3904647
1.3901078
1.3901333
1.390227
1.3904191
1.3902744
1.390768
1.3902894
1.3903674
1.3899214
1.3906488
1.390361
1.3899302
1.3897535
1.390564
1.3904853
1.3906584
1.3902018
1.3898515
1.3906142
1.390231
1.3906839
1.3908094
1.3903593
1.390517
1.3902471
1.3904637
1.3904514
1.3900787
1.3904015
1.3903308
1.3906351
1.3902465
1.3902258
1.3906528
1.3906063
1.3906145
1.3903786
1.3898251
1.3900684
1.3900571
1.3900466
1.3902626
1.3901731
1.3907555
1.39015
1.3903364
1.39044
1.3899388
1.3897473
1.3904047
1.3905755
1.3904552
1.3902886
1.3902137
1.3906245
1.3903359
1.3904166
1.3906778
1.3905001
1.3899448
1.389879
1.3907341
1.3904064
1.3905165
1.389895
1.3903947
1.3904163
1.3901658
1.3904133
1.3900917
1.3900001
1.3903065
1.3897407
1.390205
1.3897976
1.3903224
1.3901523
1.3903351
1.3898674
1.3901727
1.38993
1.390118
1.390233
1.3901461
1.3902948
1.3897165
1.3905458
1.3903785
1.3909314
1.3904465
1.3898621
1.3895715
1.3895446
1.3903855
1.3902572
1.3899584
1.389987
1.3895636
1.3904505
1.3898869
1.3899183
1.38998
1.3898307
1.3900297
1.3901128
1.3902502
1.3901362
1.3898996
1.3901945
1.3904995
1.3900428
1.3901904
1.3901385
1.3898765
1.3901842
1.3903071
1.3901006
1.3900367
1.3899621
1.390213
1.390006
1.3899822
1.3899164
1.389905
1.3904501
1.3898544
1.390262
1.3897762
1.390146
1.3898883
1.3903142
1.3898903
1.3899246
1.3897382
1.3898119
1.3897396
1.3900639
1.3896346
1.3898009
1.3898878
1.3892957
1.3898609
1.3899151
1.389785
1.3901476
1.3904139
1.3902565
1.389727
1.3897256
1.389632
1.3898712
1.3901281
1.38974
1.3900459
1.390257
1.3897002
1.3900093
1.3898464
1.3898882
1.389704
1.3901671
1.3897668
1.38955
1.389856
1.3900735
1.3901505
1.3893737
1.3897955
1.3900415
1.3900503
1.3898621
1.3897523
1.389769
1.3897904
1.389575
1.3902454
1.3899053
1.3901511
1.3897212
1.3900676
1.3900363
1.3896812
1.390335
1.389658
1.3896353
1.3896137
1.3899293
1.3897278
1.3895422
1.389687
1.3898392
1.3896526
1.390024
1.3900417
1.389838
1.3897543
1.3898886
1.3893118
1.3893913
1.3895426
1.3897194
1.3894885
1.3897008
1.3896024
1.389978
1.3894187
1.3897859
1.389662
1.3892349
1.3897564
1.3897855
1.389732
1.3899227
1.3897176
1.3898898
1.38944
1.3898036
1.3897327
1.3902293
1.3899016
1.3898386
1.3893468
1.3898877
1.3893663
1.3905226
1.3898392
1.3898108
1.3894627
1.3894733
1.3893592
1.3893896
1.3895397
1.3897979
1.3896437
1.3896221
1.3897327
1.3899745
1.3897597
1.3897915
1.3894045
1.3898592
1.3897549
1.3892598
1.390151
1.3898233
1.3895372
1.3893639
1.3895391
1.3892322
1.3895912
1.3895639
1.3892537
1.3896754
1.3895499
1.3896538
1.389906
1.3894211
1.3891039
1.3888695
1.389657
1.38915
1.3891176
1.3894205
1.3892374
1.3894895
1.3895817
1.389582
1.3894974
1.3894404
1.3894835
1.3899146
1.3893276
1.3899461
1.3896616
1.3897
1.3894985
1.3898168
1.3892794
1.3891699
1.3892609
1.389374
1.3896399
1.3893932
1.3891579
1.3897673
1.390193
1.3900297
1.3891089
1.3887323
1.3891431
1.3894078
1.3894638
1.3896399
1.3894542
1.389275
1.3892683
1.3896767
1.3898754
1.389017
1.3893424
1.3892642
1.3892233
1.3896378
1.3891399
1.3893447
1.388779
1.3893583
1.3892703
1.3892181
1.3895901
1.3895103
1.3892641
1.3891872
1.3891206
1.3893198
1.389723
1.3894601
1.3896111
1.3892412
1.3892791
1.389464
1.3894138
1.3900572
1.3892208
1.3895427
1.38932
1.3891534
1.3892171
1.3895175
1.3894753
1.3892113
1.3891947
1.3893657
1.3895698
1.3894551
1.3892992
1.3892176
1.3890753
1.3888113
1.3891407
1.389008
1.3891
1.3889437
1.3889755
1.3890387
1.3892177
1.3894078
1.3894736
1.389569
1.3896899
1.3895452
1.3895032
1.3890853
1.3894364
1.3891395
1.3896354
1.3891616
1.3889004
1.3892567
1.3888168
1.3889774
1.3896537
1.3890184
1.3893378
1.3889346
1.3888124
1.389679
1.3892666
1.3894008
1.38931
1.3894346
1.3898377
1.3890176
1.3894689
1.3894671
1.388946
1.3890399
1.3883972
1.389151
1.3891367
1.3894132
1.3889124
1.3890401
1.3891344
1.3894083
1.3893284
1.389304
1.389135
1.3894366
1.389082
1.3891268
1.3888987
1.3889326
1.3892677
1.3889418
1.3892674
1.3893797
1.3889881
1.3891933
1.3884071
1.3891953
1.3888669
1.3891059
1.3891338
1.3887445
1.3890642
1.3887796
1.3887669
1.3895613
1.3887366
1.3892565
1.3887522
1.3891633
1.3890033
1.3890039
1.3889796
1.3887154
1.3893945
1.3888633
1.3890857
1.3885568
1.3885139
1.3888812
1.3893158
1.3889742
1.3893744
1.3889741
1.3888382
1.3889585
1.3890779
1.3891952
1.3888807
1.3886894
1.3888865
1.3891839
1.3887649
1.3888694
1.3892195
1.3885862
1.3889692
1.3890961
1.3888718
1.3888599
1.3887337
1.3886751
1.3889799
1.3890052
1.3889278
1.3889987
1.388539
1.3887714
1.388689
1.3886017
1.388548
1.3888372
1.3888316
1.3889927
1.3891428
1.3882852
1.3889726
1.3890395
1.3889195
1.3893332
1.3887419
1.3884356
1.3884968
1.3884163
1.3889885
1.3884809
1.3888426
1.3887923
1.3891567
1.3885542
1.388966
1.3892071
1.3890523
1.388913
1.3887286
1.3887722
1.3886576
1.3888962
1.3889372
1.3886837
1.3888581
1.3889245
1.3890502
1.3890641
1.3885871
1.3888353
1.3885086
1.3889716
1.3888029
1.3882251
1.3885342
1.3886106
1.388248
1.3888878
1.388406
1.3890324
1.3884493
1.389144
1.3882978
1.3889227
1.3880873
1.3882847
1.388416
1.3890811
1.3891345
1.3889122
1.3887024
1.3885878
1.3884938
1.3890388
1.3885932
1.3882891
1.3888052
1.3888019
1.3887266
1.3887898
1.3886846
1.3881433
1.3891188
1.3886882
1.3883804
1.3887961
1.3886378
1.3885789
1.3887339
1.388246
1.388776
1.3883102
1.3881601
1.3888662
1.388072
1.3884215
1.3890015
1.3885633
1.3879201
1.3883929
1.3887104
1.388739
1.3885369
1.3887873
1.389111
1.388272
1.388998
1.3890508
1.3887722
1.3889914
1.3883691
1.3882368
1.3886678
1.3890349
1.3886893
1.3884555
1.3884288
1.3887433
1.3883902
1.3889058
1.3884375
1.3880881
1.3887643
1.3886404
1.3885759
1.3884236
1.3886219
1.3885164
1.388195
1.3886579
1.388854
1.3883846
1.388276
1.3889422
1.3886294
1.388912
1.3882198
1.3884999
1.3882829
1.3883538
1.3886869
1.3885223
1.3879002
1.3886169
1.3887237
1.3886461
1.3886307
1.3886664
1.3887295
1.3891536
1.3886585
1.3884879
1.3883778
1.3886551
1.3882159
1.388563
1.388063
1.3886592
1.3888084
1.3883253
1.3886284
1.3881674
1.3883984
1.3885891
1.3889285
1.3888295
1.3882776
1.3882787
1.3883988
1.3883829
1.3885676
1.3883282
1.3880955
1.3885126
1.3883117
1.3891172
1.3888686
1.3884656
1.388379
1.3883492
1.3880342
1.388565
1.38806
1.3888443
1.3882723
1.3883948
1.3888737
1.3886105
1.3883395
1.38841
1.3882076
1.3882288
1.3886973
1.3886191
1.388121
1.3882608
1.3876047
1.3882717
1.3879486
1.3885684
1.3884614
1.3885984
1.3888654
1.3882223
1.3886232
1.3887051
1.3888527
1.3882501
1.3882312
1.3890467
1.388275
1.3885393
1.3885584
1.3881338
1.3886683
1.3882139
1.3882002
1.3886455
1.3884875
1.3882097
1.3879672
1.3886188
1.3882301
1.3884306
1.3886839
1.3884944
1.3885485
1.3886296
1.3884408
1.3880901
1.3880804
1.3884889
1.3883802
1.3880905
1.3877059
1.3884221
1.3885502
1.3885567
1.3884416
1.388442
1.3885761
1.3883749
1.388269
1.3885677
1.3882076
1.3882862
1.3885418
1.3879039
1.3877255
1.3882587
1.3885663
1.3883066
1.3881505
1.3882986
1.3883505
1.3880842
1.3882233
1.3885878
1.388665
1.3886534
1.3877206
1.3878154
1.3881884
1.388087
1.3881847
1.3884662
1.3886684
1.3882443
1.3878765
1.3884066
1.3879985
1.3884954
1.3882031
1.3884205
1.3882473
1.3881242
1.3884587
1.3880864
1.3883127
1.3881491
1.3876607
1.3887461
1.3882074
1.3885968
1.388193
1.3881508
1.3885921
1.3882221
1.3878825
1.3881226
1.3885361
1.3881203
1.3878096
1.3879371
1.3880336
1.388678
1.3880955
1.3881887
1.3883778
1.387943
1.3878955
1.3878783
1.3881441
1.3883144
1.3880033
1.3883803
1.387997
1.3883965
1.38815
1.3881916
1.3882966
1.3879343
1.388281
1.3883247
1.3879756
1.3882664
1.3879169
1.3882012
1.3881482
1.3880996
1.3875074
1.3882375
1.3879347
1.3880727
1.3884102
1.3883623
1.3882004
1.3876178
1.3877248
1.3880383
1.3878462
1.3877128
1.3882225
1.3879678
1.3876693
1.3880595
1.3879074
1.3883795
1.3884486
1.388182
1.3882864
1.3885802
1.3879895
1.3879662
1.3881749
1.3880968
1.3876766
1.3875604
1.3882538
1.3878013
1.3880073
1.388121
1.3879598
1.3876511
1.3880936
1.388213
1.3880165
1.3881189
1.3879639
1.3881215
1.3880349
1.3880742
1.3881371
1.3880932
1.3883227
1.3882709
1.3877732
1.3875592
1.3882151
1.3880808
1.3878328
1.3879274
1.3881311
1.3884664
1.3879976
1.388535
1.3882393
1.3874878
1.3878614
1.3877759
1.387814
1.3875952
1.3883213
1.3880824
1.3885627
1.388477
1.3880949
1.3883637
1.3882288
1.3876708
1.3876321
1.3880955
1.3882793
1.3880715
1.387391
1.3879665
1.3880315
1.3881465
1.3882393
1.3881676
1.3879207
1.3881465
1.3878253
1.3881668
1.3884478
1.3884096
1.3881088
1.3882419
1.3881581
1.388236
1.3880093
1.3877611
1.3882805
1.3876339
1.3884623
1.3881216
1.3880634
1.388224
1.3877856
1.3884478
1.3878903
1.388159
1.3875916
1.3880976
1.3877939
1.3879393
1.3877803
1.3880997
1.3880069
1.3879594
1.3878082
1.3878851
1.3878658
1.3875586
1.3877232
1.3881758
1.3879192
1.3883615
1.3880405
1.3881695
1.387832
1.3876075
1.3880368
1.3878704
1.3881872
1.3887627
1.3876444
1.3882787
1.3871757
1.3875346
1.3877088
1.3876966
1.3879715
1.3881478
1.3877705
1.3881053
1.3880128
1.38843
1.3879818
1.3883532
1.3879519
1.3877374
1.3881868
1.3875073
1.3879584
1.3874569
1.3877403
1.3878704
1.3879957
1.387669
1.388157
1.3879435
1.3881156
1.3877207
1.3882368
1.3878406
1.3878471
1.3879691
1.3881636
1.388306
1.3883414
1.387894
1.3878069
1.3877182
1.3878939
1.3884121
1.3880631
1.3877403
1.387957
1.3882058
1.3877972
1.3880818
1.3877753
1.3877436
1.3881828
1.3877022
1.3880358
1.387867
1.3877585
1.3876846
1.3881104
1.3883052
1.3877083
1.3877578
1.3879821
1.3875258
1.3879231
1.3882271
1.3879985
1.3879933
1.3882823
1.3878363
1.3880548
1.3878515
1.3878632
1.3879875
1.3880606
1.3879722
1.3878444
1.3877262
1.388189
1.3882747
1.3879313
1.3885413
1.3880821
1.3875247
1.3880261
1.387688
1.3876703
1.3878578
1.3879277
1.3872844
1.3876222
1.3876288
1.3875074
1.3879061
1.3882723
1.3873494
1.3877553
1.3877078
1.3882097
1.388413
1.387379
1.3883429
1.3877784
1.3878714
1.3876177
1.3882885
1.3878322
1.3878318
1.3879781
1.3877763
1.3874304
1.3873739
1.3875043
1.3878603
1.3879385
1.3876413
1.3876601
1.3878267
1.3880278
1.3875763
1.3878349
1.3874644
1.3877019
1.3879361
1.3876485
1.3877543
1.3878075
1.3875906
1.3871729
1.3883805
1.3877479
1.3879188
1.3874254
1.3877947
1.3881519
1.3875339
1.3872821
1.3880279
1.3879696
1.3875474
1.3876426
1.3875482
1.3882058
1.3872193
1.388112
1.3881438
1.3878788
1.3877747
1.3878597
1.3877469
1.3881091
1.3877534
1.3877091
1.3880819
1.3876572
1.387792
1.3881491
1.3872273
1.3876066
1.3878139
1.387658
1.3881793
1.3876778
1.3879528
1.3879099
1.3876681
1.3880014
1.3877784
1.3877394
1.3877794
1.3877563
1.3877435
1.3877226
1.3877078
1.3878584
1.3879786
1.3879199
1.3880569
1.387906
1.3876957
1.387807
1.3879074
1.3878036
1.3878525
1.3879195
1.3876817
1.3876151
1.38772
1.3880001
1.3875535
1.387722
1.3876443
1.3874941
1.3872532
1.3878025
1.388455
1.387801
1.3875414
1.3880124
1.3882334
1.3874469
1.3874097
1.3871819
1.3875138
1.3878676
1.3881878
1.3879328
1.3879353
1.3882132
1.3881445
1.3878415
1.3877064
1.3873209
1.3875695
1.3877084
1.3878311
1.3879002
1.388079
1.3875114
1.3882699
1.3871895
1.3873435
1.3876995
1.3874961
1.3879999
1.3876411
1.3877605
1.3879824
1.3874111
1.3874348
1.387405
1.387592
1.3878855
1.3875524
1.3878034
1.3880771
1.3876648
1.3876688
1.3880011
1.3873975
1.387744
1.3876435
1.3879138
1.3879925
1.3875955
1.3875657
1.387625
1.3879383
1.3881222
1.3879216
1.3880285
1.3881843
1.3877056
1.3875198
1.3878212
1.3881944
1.3878491
1.3882549
1.3876876
1.3879248
1.3876259
1.3883173
1.3875927
1.3875724
1.3879774
1.3877758
1.3873371
1.3879442
1.3874087
1.3875564
1.3874401
1.3879925
1.387875
1.3875582
1.387811
1.3878198
1.3877627
1.3876603
1.3876522
1.3874222
1.3876053
1.3877622
1.3879806
1.3876059
1.3879429
1.387545
1.3879348
1.3879211
1.387535
1.3879323
1.3875641
1.3877772
1.3879819
1.3879465
1.3877095
1.3876587
1.3876052
1.3879993
1.3877078
1.3876103
1.3878003
1.3876967
1.3881012
1.3876942
1.3876598
1.3876778
1.3876743
1.3875382
1.3874002
1.3875717
1.3878697
1.3879225
1.387729
1.3879805
1.3876703
1.3878984
1.3879497
1.3876426
1.3880128
1.38756
1.3877326
1.3878794
1.3879149
1.3872906
1.3880776
1.3874401
1.3877852
1.3874633
1.3874686
1.3877724
1.3878284
1.3874661
1.3878125
1.3878198
1.387251
1.3875483
1.3879181
1.3878685
1.3876356
1.3882879
1.3879207
1.3873955
1.3879113
1.3869734
1.3872806
1.388176
1.3873657
1.3875985
1.3875943
1.3879732
1.3881565
1.3880762
1.3874726
1.3873644
1.3876671
1.3880142
1.388029
1.3878784
1.3875614
1.387599
1.3882462
1.3872479
1.3875653
1.3874153
1.3878274
1.387365
1.3877119
1.387855
1.3874619
1.38793
1.3877554
1.3877892
1.3876255
1.3882385
1.3875614
1.3875754
1.3877007
1.387688
1.3875852
1.387615
1.3881826
1.3878428
1.3869729
1.3875723
1.3877007
1.3876866
1.3876909
1.3876141
1.3871903
1.387364
1.387744
1.3877177
1.3875971
1.3875053
1.387453
1.3878635
1.387819
1.3878447
1.3875043
1.3881967
1.3879384
1.3878981
1.3879997
1.3878317
1.3876381
1.3872882
1.3879058
1.3873937
1.3875797
1.3872575
1.3877168
1.3875315
1.3875233
1.387407
1.38792
1.3874121
1.3874781
1.387879
1.3872179
1.3874731
1.3874722
1.3877752
1.3877375
1.3873658
1.3874354
1.3881124
1.3874775
1.3881278
1.3880843
1.3877033
1.3873789
1.3874192
1.387485
1.3878782
1.3871816
1.3881836
1.3878354
1.3875164
1.3878456
1.3872975
1.3877401
1.387573
1.3880382
1.3877051
1.3878397
1.3874403
1.3871921
1.388143
1.3882858
1.387489
1.3880082
1.3878716
1.3877822
1.3876625
1.3878546
1.3878425
1.3877745
1.3877338
1.3876796
1.3873296
1.3871228
1.3877977
1.387794
1.3875067
1.3874563
1.3876016
1.3875866
1.387423
1.3875886
1.3876905
1.3874718
1.3880811
1.3876051
1.3877734
1.3876557
1.3876555
1.3875375
1.3874037
1.3870982
1.3874078
1.3878928
1.3878615
1.3876063
1.3877833
1.3877674
1.3875462
1.3876009
1.3870963
1.387435
1.3877306
1.3877522
1.3875774
1.3874797
1.3871711
1.3873974
1.3871408
1.3875098
1.3876251
1.387703
1.3873324
1.3878076
1.3878014
1.3870444
1.3881012
1.3877819
1.3871197
1.3879066
1.3877771
1.3881798
1.3875726
1.3873062
1.3876963
1.3874989
1.3882028
1.3879308
1.3873199
1.3877299
1.3874558
1.3875042
1.3877277
1.3874211
1.3875479
1.3880247
1.3875743
1.3875659
1.3877014
1.3879826
1.3876413
1.3880421
1.387717
1.3873824
1.3876104
1.3881598
1.3872974
1.3874483
1.3879809
1.3875166
1.3876295
1.3876106
1.3873891
1.3880442
1.3877996
1.3878424
1.3878902
1.3877035
1.3873066
1.3872925
1.3876196
1.3877325
1.3878914
1.3877355
1.3881394
1.3872467
1.3878521
1.3880177
1.3879639
1.3877702
1.3879524
1.3877945
1.3875247
1.3875645
1.3877572
1.3878247
1.3874598
1.3877203
1.3873733
1.3876797
1.3874588
1.3880082
1.3875334
1.3876944
1.3878254
1.3878406
1.3874071
1.3873702
1.3873681
1.3875397
1.3876221
1.387408
1.3873212
1.3873054
1.3877662
1.3874094
1.3874346
1.3875395
1.3881809
1.3876598
1.3877217
1.3882341
1.3880688
1.387194
1.3878602
1.3881397
1.387743
1.3879753
1.3874618
1.3878685
1.3877604
1.3877549
1.3877562
1.3871992
1.3875058
1.3873485
1.3878196
1.3876003
1.3874732
1.3881327
1.3875935
1.3876382
1.3880287
1.387975
1.3881058
1.387927
1.3878042
1.3876724
1.3881657
1.3878051
1.3875723
1.3879957
1.387499
1.3879913
1.387463
1.3870808
1.3876303
1.3879238
1.3879033
1.386747
1.3876338
1.3877443
1.3879269
1.3880417
1.3873876
1.3882805
1.3881651
1.3877089
1.3876014
1.3874426
1.3877596
1.3877106
1.3877877
1.3877734
1.3877611
1.3875326
1.3881427
1.3871197
1.3876681
1.3877622
1.3882244
1.387234
1.3873171
1.3878202
1.3880001
1.3877726
1.3877625
1.3877764
1.3880938
1.3881817
1.387578
1.3875211
1.3883462
1.3879039
1.3875374
1.3877139
1.3875359
1.3878419
1.387931
1.3869698
1.3876657
1.3877177
1.3879486
1.387797
1.3882328
1.3875583
1.387025
1.3878521
1.3879826
1.3877158
1.3874921
1.3878094
1.3877834
1.3876812
1.3877459
1.3877425
1.3878921
1.3879163
1.3877418
1.3882017
1.3882877
1.3878046
1.3877238
1.3872445
1.3879211
1.3875933
1.3880771
1.387976
1.3875207
1.3875291
1.3878735
1.3874192
1.3885251
1.3876402
1.3876714
1.3879391
1.3876383
1.3880565
1.3879608
1.3881369
1.3878415
1.3879662
1.3879472
1.3873684
1.3881534
1.3877664
1.387375
1.3876346
1.3876784
1.3878356
1.3877546
1.3875699
1.3877938
1.3879893
1.3879786
1.387852
1.3876147
1.3877696
1.3875513
1.3878071
1.3875123
1.3877391
1.3876225
1.3875691
1.3880733
1.3876834
1.3881367
1.387666
1.3876773
1.387509
1.3874986
1.3876685
1.3875668
1.3875856
1.3879322
1.3874198
1.3880702
1.3880202
1.387512
1.3879842
1.3880407
1.3880502
1.3879303
1.3874685
1.3876089
1.387632
1.3876486
1.3874888
1.387893
1.3877778
1.3877082
1.3881711
1.387661
1.3880835
1.3880138
1.3879968
1.3879547
1.3874408
1.3878645
1.3883194
1.3884033
1.3878402
1.388123
1.3882514
1.3875315
1.3879352
1.3877901
1.3877615
1.3878924
1.3876685
1.3876874
1.3880682
1.3876351
1.3876252
1.387742
1.3877416
1.3879753
1.3879085
1.3883597
1.3876102
1.3876785
1.3876916
1.388167
1.3875055
1.3877455
1.3875285
1.3877987
1.3882663
1.3875263
1.387686
1.3876437
1.3879538
1.3874074
1.3878003
1.3873887
1.3876551
1.3872385
1.3886791
1.3875278
1.3878706
1.3881077
1.388013
1.3873564
1.3879108
1.3882046
1.388088
1.3878034
1.3879691
1.3883018
1.3876076
1.3878211
1.38795
1.3878069
1.3875368
1.387867
1.3878968
1.3876002
1.3881861
1.3876295
1.3874799
1.3877091
1.3881197
1.3878162
1.3883492
1.3874668
1.3876549
1.3871489
1.3873218
1.3878003
1.3877312
1.3875246
1.3878875
1.3881335
1.387538
1.3879766
1.3875387
1.3878447
1.3881838
1.387826
1.3879721
1.3878393
1.387513
1.3880277
1.388123
1.3875008
1.3877121
1.3879753
1.3874611
1.3879814
1.3877493
1.3877021
1.3875525
1.3877693
1.3879656
1.387758
1.3877331
1.3882856
1.3877891
1.387936
1.388174
1.388004
1.3877627
1.3877506
1.3877987
1.3876421
1.3878458
1.3881587
1.3880547
1.3880596
1.3883314
1.3881667
1.3881915
1.3878454
1.3881274
1.3875157
1.3874493
1.3878951
1.3881794
1.3879793
1.3877796
1.3878486
1.388003
1.387842
1.3877611
1.3878782
1.3880597
1.3877292
1.3877132
1.3883293
1.3874676
1.3876663
1.3874769
1.3881284
1.3879765
1.387833
1.3872945
1.3885006
1.3875041
1.3877194
1.3880755
1.3883849
1.3878063
1.387886
1.38817
1.3880109
1.3883039
1.3877076
1.3879727
1.38807
1.3880304
1.3878049
1.3881348
1.3881841
1.3880764
1.3878528
1.3875649
1.3877239
1.3881046
1.3880211
1.3876617
1.3881707
1.3878306
1.388509
1.3879385
1.3883508
1.3878282
1.3881614
1.3881545
1.3883301
1.3882183
1.3881425
1.3881803
1.3881185
1.3875297
1.3880996
1.388544
1.3877268
1.3878088
1.3886596
1.3882394
1.3875608
1.3884122
1.3879267
1.388016
1.3883804
1.3876357
1.3881259
1.3882258
1.388329
1.3881267
1.3880177
1.3882753
1.3885244
1.388298
1.3881446
1.3880281
1.3880947
1.3880603
1.3880404
1.3879303
1.3877348
1.388535
1.3878876
1.3881419
1.3877635
1.3877048
1.3880628
1.3877954
1.3880314
1.3882115
1.3883059
1.3881326
1.3882163
1.3885783
1.388484
1.387691
1.3879521
1.3884197
1.38832
1.3881812
1.3879967
1.3883563
1.387881
1.3879843
1.3880436
1.3882444
1.388094
1.3880681
1.3879461
1.3882375
1.3881077
1.3883044
1.3885206
1.3878982
1.3875084
1.3875202
1.3877935
1.3878309
1.3880757
1.3879422
1.3876927
1.3883117
1.3877082
1.3881161
1.3882666
1.3879251
1.388008
1.3879281
1.3885036
1.3878561
1.388071
1.3877077
1.3880395
1.3880247
1.387968
1.3884305
1.3881888
1.3879259
1.3881903
1.3880389
1.387979
1.3879958
1.3886206
1.3881891
1.3880769
1.3881229
1.3880953
1.3878106
1.3879203
1.3877586
1.3876811
1.3876297
1.3879118
1.3882431
1.3882012
1.3875525
1.3884088
1.3881186
1.3879216
1.3879265
1.3878725
1.3878758
1.388135
1.3880849
1.3875763
1.388201
1.3879532
1.388007
1.3879802
1.387833
1.3880503
1.3879659
1.3877822
1.3878714
1.388092
1.3878633
1.3883711
1.3882773
1.3881046
1.3882602
1.3880991
1.388208
1.3883103
1.3880557
1.3879173
1.3883849
1.3878902
1.38774
1.3882346
1.3886765
1.387862
1.3880234
1.3878063
1.3881335
1.388239
1.3881593
1.3878227
1.387773
1.3881654
1.3878992
1.3882632
1.3883314
1.3879099
1.3882177
1.3883157
1.3881325
1.387784
1.3884193
1.3887095
1.3881463
1.3878088
1.387744
1.387648
1.3879697
1.3874311
1.3884131
1.3879004
1.3880713
1.388195
1.3881744
1.3884233
1.3883846
1.3875704
1.3884406
1.3883524
1.3883994
1.3881754
1.3882765
1.388193
1.3882413
1.3878909
1.3887535
1.3879824
1.3877589
1.3883225
1.3882859
1.3879632
1.388106
1.3882145
1.3884579
1.3883115
1.3878225
1.3882927
1.3881932
1.388737
1.3883337
1.3882108
1.3883429
1.388109
1.3881726
1.3881317
1.3885362
1.3877014
1.3883047
1.3883659
1.3884115
1.3882545
1.38806
1.3886673
1.3883033
1.3889662
1.3880243
1.3879132
1.3879088
1.3881463
1.3882177
1.3881708
1.3880743
1.3881623
1.3887545
1.3878483
1.3881509
1.3884115
1.388407
1.3881062
1.3882653
1.3881551
1.3878165
1.3880183
1.3881254
1.3887714
1.3880908
1.3885304
1.3880697
1.3883828
1.388094
1.3880866
1.388421
1.3883315
1.3880931
1.3882433
1.3879381
1.3882984
1.3880721
1.3882746
1.3878933
1.3878362
1.3881606
1.3883346
1.3881364
1.3881054
1.3883969
1.3884591
1.3878633
1.3881005
1.388543
1.3881037
1.3881559
1.3882438
1.3880594
1.3885788
1.3881178
1.3882056
1.3880724
1.3879383
1.3886968
1.3879061
1.3878828
1.3883346
1.3880186
1.3884205
1.3882022
1.38854
1.3883148
1.3887309
1.3879477
1.3882265
1.3883791
1.3881477
1.388615
1.38806
1.3885251
1.3883306
1.3882855
1.3885257
1.3883194
1.3882222
1.3876301
1.3882761
1.387971
1.3884758
1.3877527
1.3884209
1.3881942
1.3883224
1.3884269
1.3881814
1.3882513
1.3881847
1.3884631
1.3887064
1.388042
1.388341
1.3888379
1.3882103
1.3885251
1.3882937
1.3884562
1.3883973
1.3877436
1.3884956
1.3887389
1.3879908
1.3883165
1.3881202
1.3882372
1.38837
1.3883429
