1.7326275
1.6664056
1.6268516
1.6026249
1.5918602
1.5879178
1.5868999
1.5856493
1.5850039
1.585
1.5851558
1.5856384
1.5831465
1.5835524
1.5825872
1.5824373
1.5821677
1.5822796
1.5810567
1.5808035
1.5805053
1.5793787
1.5799023
1.5787536
1.5786965
1.5780294
1.5772574
1.5774561
1.5767864
1.5764227
1.5759197
1.5749198
1.5745602
1.5737145
1.5748348
1.573673
1.5726683
1.5729656
1.5720587
1.5711435
1.5706563
1.5713838
1.5697426
1.5699053
1.5705047
1.5683146
1.5689467
1.568864
1.5682936
1.5678678
1.5668706
1.566176
1.5653766
1.5661037
1.5647309
1.5640864
1.5636499
1.5642781
1.5631931
1.5630623
1.5618749
1.5615754
1.5613228
1.5616874
1.561511
1.5598739
1.561339
1.559542
1.5597225
1.5602374
1.5587637
1.5575922
1.557929
1.5577797
1.5572331
1.5557498
1.5561559
1.555644
1.5545268
1.5553503
1.5546455
1.5546597
1.552982
1.5531263
1.552794
1.5523634
1.5526924
1.5521625
1.5501727
1.551054
1.550628
1.5503563
1.549306
1.5491819
1.5494463
1.5490326
1.5489012
1.5476221
1.5473136
1.5467356
1.5464817
1.5459583
1.547361
1.5461102
1.5454564
1.5449029
1.5449755
1.5448854
1.5443176
1.5435108
1.5434463
1.5425175
1.5423346
1.542744
1.5427941
1.5423622
1.541569
1.5412922
1.5408487
1.5402676
1.5401117
1.5398184
1.538746
1.5394208
1.5382351
1.5386432
1.5382884
1.5374652
1.5371729
1.5365827
1.5364282
1.5354013
1.5361669
1.5350686
1.5356003
1.5354993
1.5347325
1.5345391
1.5340515
1.5343299
1.5335939
1.5337522
1.5317284
1.5325154
1.5315627
1.5315552
1.5309522
1.5316161
1.5313222
1.5322416
1.5298462
1.5302271
1.5296607
1.5296454
1.5294085
1.5285487
1.5281659
1.5279804
1.5271394
1.5273644
1.5276375
1.5267029
1.5267352
1.5262679
1.5256184
1.5261041
1.5248203
1.5254731
1.5245286
1.5245676
1.5230683
1.5239136
1.523136
1.5239227
1.5232482
1.522338
1.522428
1.5219638
1.5219445
1.5211929
1.5218546
1.5212586
1.5204831
1.5206255
1.519322
1.5196617
1.5196358
1.5193682
1.5179929
1.5192264
1.5182217
1.518023
1.5176461
1.5174749
1.5169458
1.5159025
1.517479
1.5165638
1.515581
1.5156935
1.5156082
1.5159692
1.5152979
1.5140831
1.515364
1.5133103
1.514217
1.5138195
1.5138403
1.5136476
1.5125587
1.5116243
1.5124717
1.5126663
1.5117327
1.5116291
1.511664
1.5109925
1.5107152
1.5103593
1.510686
1.5102822
1.5102962
1.5095466
1.5096235
1.5094781
1.508701
1.5092249
1.508044
1.508426
1.5076698
1.5075743
1.5068508
1.5070062
1.5066955
1.5070353
1.5064994
1.5065119
1.505975
1.5065552
1.5056918
1.5058368
1.5044711
1.5039239
1.5043952
1.5042701
1.5038089
1.5039489
1.5037633
1.5030549
1.5035931
1.5021721
1.5020124
1.5022478
1.5031999
1.5025479
1.5016687
1.5021888
1.5005478
1.5005974
1.5015156
1.5006119
1.5006737
1.4998981
1.5005124
1.5001459
1.4995939
1.4987335
1.498551
1.4988726
1.4987907
1.4978756
1.4982153
1.4978647
1.4967039
1.4977463
1.4974817
1.4977598
1.49765
1.4962615
1.4957052
1.4960705
1.4964852
1.4965452
1.4953665
1.4950532
1.495484
1.494908
1.4942204
1.4950417
1.4943259
1.4932575
1.4940195
1.494272
1.4930464
1.4920746
1.4930321
1.4928777
1.4926726
1.4928751
1.4924259
1.4920347
1.4909451
1.4922209
1.4916306
1.4906352
1.4914134
1.4917434
1.4908288
1.4907144
1.4902319
1.4903721
1.4904199
1.4900098
1.4894692
1.4888688
1.4887366
1.4889312
1.4894941
1.4880825
1.4886404
1.4878334
1.4875975
1.4875511
1.4878308
1.4878864
1.4864187
1.4868057
1.4869435
1.4863892
1.4865034
1.4858165
1.4865881
1.4859546
1.4850153
1.4855115
1.4848076
1.4855888
1.4846748
1.4854501
1.4850955
1.4846354
1.4846736
1.4848192
1.4838291
1.4841393
1.4838979
1.4827378
1.4826522
1.4826589
1.4834305
1.4825561
1.4826977
1.4819446
1.4822963
1.4829131
1.4818137
1.4822226
1.4816775
1.4819969
1.4817362
1.4816389
1.4819148
1.4806348
1.4816582
1.4803814
1.4810189
1.4808416
1.4797449
1.4799061
1.4791868
1.4800774
1.480781
1.4794632
1.4794635
1.4791298
1.47901
1.478293
1.4779217
1.4783392
1.4774554
1.4789708
1.4791857
1.4771912
1.4776769
1.4780887
1.4769737
1.4764605
1.4763893
1.4768034
1.4770098
1.4768624
1.4763057
1.4772902
1.4757738
1.475656
1.4760419
1.4752427
1.4750185
1.4747474
1.4747901
1.4746339
1.4750345
1.4742153
1.4753548
1.473573
1.4739798
1.4740139
1.4735221
1.4737523
1.4741507
1.4735209
1.4732965
1.473416
1.4729667
1.4724596
1.4725343
1.4729005
1.4726282
1.4717423
1.4724658
1.4730346
1.4714383
1.4707441
1.4730748
1.4715122
1.470657
1.4710593
1.470991
1.4696429
1.4699048
1.471077
1.4709177
1.470039
1.4706635
1.4703625
1.470573
1.4703215
1.4702497
1.4696602
1.469492
1.4700694
1.4692336
1.4690228
1.4693654
1.4688911
1.4686241
1.4683111
1.4681748
1.4684976
1.4680398
1.4684821
1.4683912
1.4686778
1.467845
1.4669497
1.4675232
1.4675605
1.467185
1.4672337
1.4662886
1.4676403
1.4669975
1.4666708
1.4665288
1.4675765
1.4662069
1.4659306
1.4665253
1.4661317
1.4660127
1.4653136
1.4648288
1.4653006
1.4655308
1.4650695
1.4647417
1.465307
1.4656718
1.4640888
1.4645864
1.4645144
1.4646833
1.4643297
1.4641412
1.4642954
1.4635856
1.4636374
1.4639125
1.4634575
1.4633951
1.4631218
1.4632621
1.4629616
1.4631041
1.4629158
1.4633228
1.4629197
1.4629883
1.4624299
1.4624927
1.462173
1.4617976
1.4613495
1.4619311
1.4628122
1.4618627
1.4612406
1.4613432
1.4615053
1.4624504
1.4615914
1.4612669
1.4609848
1.4607507
1.460904
1.461173
1.4596782
1.4606143
1.4599892
1.4602091
1.4602599
1.4597257
1.4609684
1.4598818
1.4600042
1.459645
1.4608009
1.4590986
1.459724
1.4589388
1.4589988
1.4597139
1.4593616
1.4590752
1.4582951
1.4592009
1.4588404
1.4591712
1.458752
1.4573712
1.4572858
1.4575163
1.4586504
1.4571089
1.4572515
1.4575102
1.4577925
1.4578114
1.4576466
1.456502
1.4572881
1.4571753
1.4575478
1.457387
1.4567934
1.4564452
1.4576559
1.4559464
1.456725
1.4558998
1.4560555
1.4565095
1.4562027
1.456633
1.4557543
1.4561596
1.4550409
1.4554548
1.455475
1.4554455
1.4555948
1.4552481
1.4552037
1.4551061
1.4544623
1.4553009
1.4546561
1.4553071
1.4551947
1.454524
1.454798
1.4549581
1.454256
1.4544555
1.4537959
1.4535261
1.454116
1.4534073
1.4538575
1.4535203
1.4538139
1.4527911
1.45333
1.4534597
1.4533061
1.4526552
1.4525951
1.4536645
1.4528403
1.4535382
1.4533812
1.4523793
1.4525242
1.452139
1.4520704
1.4535285
1.4523523
1.4526218
1.4520628
1.4522258
1.4523095
1.4516287
1.4521916
1.4514823
1.4514158
1.4519981
1.4513718
1.4520508
1.4512793
1.4513863
1.4506354
1.4514104
1.4509604
1.4510208
1.4504964
1.4499208
1.4510444
1.4503502
1.4505969
1.4505816
1.4499032
1.4495217
1.4505162
1.450462
1.4493124
1.4493935
1.4502085
1.4498824
1.4493166
1.4497532
1.4497267
1.4489509
1.4492081
1.4482813
1.4489336
1.4487071
1.4481987
1.4491608
1.4495522
1.4478747
1.448898
1.4492825
1.4476418
1.4482006
1.4474344
1.4486198
1.4485108
1.4484205
1.447636
1.4490792
1.4484234
1.4477978
1.4462433
1.4481403
1.448242
1.4476128
1.4474498
1.4480536
1.4478652
1.4468476
1.4474232
1.4471254
1.4467821
1.446963
1.4468727
1.4464468
1.4465574
1.4463207
1.4464426
1.4470271
1.4462218
1.44673
1.4462961
1.4466656
1.4457965
1.4459053
1.4463053
1.4457716
1.445602
1.4463402
1.4461797
1.4458756
1.4450009
1.445526
1.445821
1.4453444
1.445683
1.4452645
1.4451171
1.4462619
1.4445469
1.444171
1.4444498
1.4452779
1.4448868
1.4448861
1.4445715
1.445081
1.444727
1.4433861
1.4437187
1.444616
1.444139
1.4438567
1.4446759
1.4436822
1.4435445
1.443938
1.443797
1.4429706
1.4438804
1.4440584
1.4438128
1.443075
1.4432086
1.4432913
1.443117
1.4423541
1.443284
1.4434785
1.4428002
1.4436109
1.442573
1.4426262
1.4417831
1.4426544
1.4424797
1.4426932
1.4427538
1.4424057
1.4426875
1.4418626
1.4430571
1.4410368
1.4422153
1.4418072
1.4423763
1.4407791
1.4417067
1.441166
1.4415675
1.4411324
1.4418614
1.4413364
1.4412467
1.4408644
1.4410715
1.4413481
1.4404145
1.4415597
1.440856
1.4407095
1.4413749
1.4405056
1.4403813
1.4409844
1.4406095
1.4407879
1.4397829
1.4393492
1.4403597
1.4402037
1.4405572
1.4398271
1.4402851
1.4402336
1.4396725
1.4399278
1.4395684
1.4391985
1.4392582
1.4392927
1.4400288
1.4400388
1.4392278
1.439436
1.4389161
1.4397869
1.4392681
1.4391961
1.4393584
1.4392048
1.4383888
1.4386669
1.4382633
1.4391254
1.4384018
1.4381357
1.437381
1.4386345
1.4386467
1.4380096
1.4383501
1.4379879
1.4383442
1.437965
1.4382766
1.437377
1.43788
1.437864
1.4375131
1.4374428
1.436782
1.437595
1.4373683
1.4369543
1.4368879
1.4368777
1.437215
1.4367399
1.4365486
1.4370677
1.4367499
1.4374715
1.4366107
1.4382715
1.43644
1.4359062
1.4362223
1.4364653
1.4369609
1.4356651
1.4361562
1.4358687
1.4363523
1.4361134
1.435977
1.4356718
1.4356407
1.4357481
1.435743
1.4363065
1.4356173
1.4355637
1.4359789
1.4351385
1.4350296
1.4350893
1.4356569
1.4351501
1.4346893
1.4363289
1.4347867
1.4349668
1.4352579
1.4348174
1.4347167
1.434975
1.4345928
1.4347092
1.4345286
1.4355013
1.4342043
1.4343532
1.4344553
1.4335692
1.4339758
1.434583
1.4339768
1.433576
1.4339192
1.4343587
1.4340732
1.433505
1.4334077
1.4338399
1.4338335
1.4341826
1.4337229
1.4336796
1.4331135
1.4335521
1.4326338
1.4335643
1.4335876
1.4330318
1.4329281
1.433401
1.4333438
1.4330499
1.4322429
1.4324341
1.4329598
1.4336215
1.433116
1.4321038
1.4329926
1.4328407
1.432641
1.4325255
1.4323391
1.4326596
1.4320499
1.431981
1.4326328
1.4313564
1.4324937
1.4317169
1.4319649
1.4315693
1.4319569
1.43164
1.4324764
1.4320985
1.4324089
1.4312154
1.431741
1.431074
1.4308642
1.4314771
1.4314674
1.4315726
1.4309975
1.4311032
1.4318465
1.4309957
1.4310936
1.4312639
1.4300953
1.4302634
1.4307185
1.4301146
1.4300317
1.4308869
1.4308966
1.4307947
1.4303738
1.4304266
1.4295279
1.4298564
1.4301827
1.4296141
1.43035
1.42945
1.4294951
1.4294102
1.4292202
1.4299024
1.4290247
1.4297469
1.4296709
1.4294691
1.4291503
1.4288987
1.429593
1.4299052
1.4295192
1.4296657
1.4288899
1.4290764
1.428656
1.4278789
1.4293035
1.4298259
1.4288937
1.4291353
1.4283068
1.428938
1.4288669
1.4286216
1.4287016
1.42851
1.4281061
1.4282649
1.4283699
1.4287673
1.4272758
1.4282644
1.4282775
1.4276983
1.4281423
1.4277371
1.4279175
1.428417
1.4280361
1.4277486
1.4275885
1.4280874
1.4280847
1.4274825
1.4267836
1.4271284
1.4272085
1.4271779
1.4276053
1.4273314
1.4273715
1.4272642
1.4276258
1.4275153
1.4268878
1.4261898
1.4268912
1.4271364
1.4267815
1.4264083
1.426404
1.4268668
1.4269568
1.4263797
1.4265738
1.4257128
1.4268591
1.4261731
1.426279
1.4263754
1.4267735
1.4260279
1.4262283
1.4266187
1.4261945
1.4260652
1.4258198
1.425992
1.4260448
1.4262073
1.4261732
1.4252567
1.4255527
1.4261302
1.4257859
1.4252212
1.426313
1.4258276
1.426091
1.4259971
1.4258875
1.4262408
1.4247344
1.4250677
1.4255456
1.4245614
1.4251604
1.4248489
1.4249945
1.4254162
1.4247116
1.4242796
1.4248722
1.4250605
1.4254471
1.424241
1.4243447
1.4248008
1.424077
1.4241109
1.4238834
1.4247667
1.4242588
1.4242184
1.4241488
1.4243625
1.4238743
1.4238907
1.4237944
1.4237589
1.4237013
1.4237913
1.4244505
1.4236187
1.4232868
1.4239159
1.4230794
1.4237492
1.4227092
1.4240791
1.423296
1.4238299
1.4229103
1.423285
1.4233459
1.4231133
1.4229238
1.422285
1.4228048
1.4228989
1.4230927
1.4230258
1.4229662
1.4230435
1.4223427
1.4231955
1.4228667
1.4231248
1.4229968
1.4230682
1.422845
1.4224682
1.4226904
1.4232619
1.4224416
1.4226184
1.4221786
1.4222164
1.4221916
1.4224949
1.422311
1.42226
1.4214201
1.4216387
1.4223554
1.4218099
1.4216996
1.4223181
1.4213095
1.4220425
1.4221631
1.4214697
1.4220196
1.4218457
1.4214422
1.4219351
1.4212754
1.421391
1.421185
1.4209349
1.4215112
1.4209857
1.4212255
1.4220726
1.4210908
1.4207895
1.4199513
1.4209715
1.4216964
1.4215001
1.420981
1.4211916
1.4216949
1.4206247
1.4219939
1.4204837
1.4203992
1.4207749
1.420475
1.4203209
1.4203118
1.4210703
1.4202118
1.4210236
1.4204302
1.4198306
1.4201267
1.419891
1.4201765
1.4196368
1.4198672
1.4200112
1.4203087
1.4200855
1.4197956
1.4199889
1.4207023
1.4196366
1.420037
1.420073
1.4197384
1.4197353
1.4198546
1.4200902
1.4193652
1.4200721
1.4193251
1.4188433
1.4182608
1.4196173
1.4194709
1.419439
1.4194729
1.4187467
1.4194584
1.4191213
1.4191223
1.4187897
1.4198364
1.4190096
1.4186527
1.418852
1.4190117
1.4185858
1.418433
1.4188051
1.4181484
1.4185244
1.4184453
1.4184172
1.4181672
1.4185292
1.417959
1.4183697
1.417659
1.4190848
1.4182711
1.4182925
1.4181659
1.4185463
1.4178921
1.4172821
1.4189056
1.4182132
1.4172556
1.418088
1.4186996
1.4172962
1.4176481
1.4174745
1.4176996
1.4177086
1.417219
1.4178183
1.4172772
1.4178171
1.4178501
1.4174522
1.417634
1.4183933
1.4174795
1.4176863
1.4167929
1.4176654
1.4173201
1.4167908
1.4174709
1.4169757
1.4166712
1.4175762
1.4167501
1.4171321
1.4167961
1.416812
1.4166151
1.4170489
1.4163095
1.4169868
1.4159772
1.4169203
1.4155746
1.4160326
1.4164215
1.4164394
1.416251
1.4169092
1.4159234
1.4165444
1.4161091
1.4164394
1.415597
1.4161961
1.4162866
1.4156667
1.4167857
1.4168015
1.4161024
1.4164964
1.4152987
1.4165744
1.4154261
1.4162779
1.4156454
1.4161859
1.4155383
1.4158556
1.415847
1.416149
1.4156219
1.4151474
1.415164
1.415963
1.4161143
1.4147792
1.4161971
1.4162327
1.4149568
1.4151547
1.4152385
1.4148844
1.415515
1.4151512
1.4152433
1.4158291
1.4155272
1.4148761
1.4149847
1.4157085
1.4147984
1.4148258
1.4145726
1.4148115
1.4149987
1.4143958
1.4147627
1.4153557
1.4142417
1.41469
1.4146227
1.4145856
1.4143884
1.4138176
1.4141747
1.4139549
1.414493
1.4147495
1.4146981
1.4143635
1.4140921
1.4144316
1.4144918
1.4141554
1.415024
1.4134041
1.4139961
1.4144291
1.4147884
1.4144002
1.4135662
1.4134504
1.4139615
1.4137274
1.4136496
1.4129554
1.414002
1.4131078
1.413611
1.4135097
1.4137987
1.4132694
1.4138973
1.4135357
1.4134009
1.4130644
1.413249
1.4134349
1.4127543
1.4131608
1.414119
1.4129628
1.4132808
1.4131715
1.4133192
1.413441
1.4126863
1.4131
1.4129052
1.4131943
1.4129322
1.412401
1.4126552
1.4131122
1.4125801
1.412656
1.4137989
1.4126594
1.412085
1.4131582
1.412639
1.412853
1.4124608
1.4124569
1.4126046
1.4124645
1.41268
1.4126188
1.4119495
1.4119668
1.4117247
1.4128145
1.4127908
1.4117084
1.4124478
1.4124949
1.4127697
1.412003
1.4118553
1.4121706
1.4120711
1.4120302
1.4124309
1.4126753
1.411855
1.4121326
1.4117287
1.4112208
1.4114759
1.4119927
1.411307
1.4120514
1.4121499
1.4113084
1.4122348
1.4113011
1.4119457
1.4117541
1.4117992
1.41133
1.4113178
1.4115216
1.4112824
1.4114755
1.411873
1.4117024
1.4113992
1.4112453
1.4114733
1.4118102
1.4113653
1.4115285
1.4114078
1.4106206
1.4115242
1.4113055
1.4111661
1.4110863
1.4107975
1.411079
1.4106354
1.4118669
1.4107739
1.4107561
1.4107847
1.4105703
1.4106842
1.4105712
1.4098345
1.4105228
1.4107822
1.40997
1.410484
1.4101242
1.409972
1.4110677
1.4109586
1.410329
1.4108763
1.4104935
1.4105861
1.4104291
1.4104455
1.4102135
1.4102699
1.4102455
1.4095392
1.4105197
1.4102899
1.4106739
1.4093943
1.4096912
1.4102074
1.4100366
1.4096175
1.4104531
1.4101197
1.4098948
1.4099475
1.4101782
1.4097135
1.4103028
1.4095318
1.40929
1.4097817
1.4102547
1.4090828
1.4094727
1.4095098
1.4091322
1.4089872
1.4087522
1.4099548
1.409612
1.4094477
1.409585
1.4096253
1.4097795
1.4093604
1.4090587
1.4087629
1.4087192
1.4090317
1.4081159
1.4084752
1.4087551
1.4088199
1.4094553
1.4095223
1.4095033
1.4083327
1.4082562
1.4087175
1.4097513
1.4087889
1.4093204
1.4087938
1.4087012
1.4092513
1.4086473
1.4084281
1.4086046
1.4082841
1.40842
1.4086878
1.4087803
1.408473
1.4087144
1.4088501
1.4087241
1.4086369
1.4082245
1.4085447
1.4086384
1.4085712
1.4082323
1.4083799
1.407985
1.4088019
1.407997
1.4076078
1.407795
1.4080054
1.408565
1.4078728
1.4082104
1.4079523
1.4078343
1.4075322
1.4082372
1.4084673
1.4074637
1.4082128
1.4074361
1.4081203
1.4077992
1.4078208
1.4073358
1.4078096
1.4077841
1.4077046
1.4077046
1.4075683
1.4077253
1.4071887
1.407465
1.4073137
1.4077781
1.4074506
1.4074425
1.4075588
1.4083554
1.4082125
1.4067712
1.4075356
1.4077343
1.4073333
1.4072441
1.4078379
1.4072826
1.4071022
1.4075428
1.4071045
1.4065887
1.4072448
1.4065739
1.4070874
1.407364
1.4074769
1.4073648
1.4074349
1.4075848
1.40703
1.4074625
1.4068286
1.4071416
1.4070156
1.4065914
1.4073857
1.4066896
1.4066604
1.4064516
1.407046
1.4077098
1.4069649
1.4062248
1.4069288
1.4061232
1.4057621
1.406678
1.4074024
1.4073026
1.4068733
1.4063654
1.4069058
1.4064366
1.4063812
1.4067221
1.4063097
1.4062787
1.4063745
1.4063536
1.4063728
1.4064205
1.4065878
1.406434
1.4069647
1.4063778
1.4064052
1.4068091
1.4067423
1.4070151
1.4062806
1.4061188
1.4065917
1.4068886
1.4055991
1.4060559
1.4058548
1.4061816
1.4063787
1.4063281
1.4058074
1.405564
1.4061048
1.4065812
1.4057596
1.4059131
1.4059703
1.4054111
1.4056281
1.4054136
1.4062555
1.4054766
1.4058745
1.4062796
1.4057616
1.4057016
1.4058739
1.4054421
1.4054478
1.4059428
1.4053397
1.4061855
1.4058771
1.4053227
1.4053094
1.4058214
1.4061913
1.4051999
1.4055529
1.4058639
1.4048103
1.406301
1.4052154
1.4059789
1.4052956
1.4059478
1.4056913
1.4055412
1.4053959
1.404628
1.4061565
1.4050766
1.4049917
1.4052036
1.4043468
1.4055551
1.4050233
1.4054536
1.4044638
1.4053696
1.405079
1.4049116
1.4053068
1.4055156
1.4048814
1.4049451
1.4052708
1.404655
1.404976
1.4047499
1.4052273
1.4043674
1.4051518
1.4045221
1.4055148
1.4046379
1.4044374
1.4047824
1.4046925
1.4054737
1.404952
1.4049448
1.4045041
1.4050522
1.4052019
1.4044951
1.4042447
1.4051902
1.4044877
1.4042517
1.4045674
1.4051559
1.4043779
1.4040474
1.4045357
1.4040768
1.4043868
1.4045161
1.4045414
1.4044721
1.4042578
1.4038863
1.404853
1.4042624
1.4043438
1.404151
1.4044186
1.4038609
1.4040675
1.4044349
1.4044049
1.4039937
1.4046191
1.403925
1.4043533
1.4043556
1.4040891
1.404043
1.4043957
1.4043704
1.4041609
1.4039664
1.403826
1.4041764
1.4041871
1.4042629
1.4038095
1.40474
1.4039218
1.404098
1.4043763
1.4047191
1.403925
1.4042467
1.4039773
1.4034874
1.403801
1.4046391
1.4041216
1.4035511
1.4041855
1.4037302
1.4042041
1.4036022
1.4034818
1.4033824
1.4034294
1.4036604
1.4036404
1.4034408
1.4039134
1.403722
1.4034169
1.4039857
1.4038129
1.4031258
1.4041111
1.4036595
1.4034804
1.4034938
1.4040585
1.4039296
1.4036577
1.4040707
1.4035317
1.403756
1.4034218
1.4031694
1.403092
1.403158
1.40316
1.4037087
1.402978
1.40339
1.4029604
1.4032524
1.4029311
1.4032456
1.4031597
1.4039539
1.4032999
1.404377
1.4028709
1.4035019
1.403678
1.403672
1.4036751
1.4040912
1.4035895
1.4036018
1.4032875
1.4028951
1.4023832
1.4029461
1.4032555
1.4026345
1.4036855
1.402925
1.4028645
1.4029496
1.4032643
1.4032432
1.4031014
1.4024317
1.4035773
1.4032198
1.4032276
1.4031847
1.4033593
1.4036216
1.4028234
1.4029166
1.4027836
1.4033788
1.4035877
1.4022753
1.4029119
1.4032646
1.4026142
1.4026489
1.402943
1.4028562
1.4034064
1.4024687
1.4027925
1.4033831
1.402719
1.4021711
1.4025594
1.4025172
1.4024992
1.402766
1.4026562
1.4033902
1.4028509
1.4025625
1.4023427
1.4027084
1.4028066
1.4031516
1.4022343
1.4028491
1.4028671
1.402646
1.4024773
1.402599
1.4026937
1.402302
1.4035809
1.4027748
1.4019855
1.4025756
1.4027319
1.4027758
1.4022373
1.4023184
1.4021456
1.402849
1.4024261
1.4024299
1.4030076
1.4024808
1.4025673
1.4025679
1.402804
1.4021627
1.4025136
1.4023657
1.4020679
1.4020581
1.4020953
1.4023002
1.4027748
1.4019867
1.4015993
1.4017968
1.4025364
1.4025112
1.4023243
1.401796
1.4023346
1.4025021
1.4021384
1.4016707
1.4028592
1.4024198
1.4021965
1.4022442
1.4023193
1.4025501
1.4020307
1.4018368
1.401865
1.4024016
1.4024594
1.4017713
1.4022095
1.4025354
1.4016627
1.401883
1.4018952
1.4018031
1.4019789
1.4018279
1.4018804
1.4020715
1.4022754
1.401403
1.4023193
1.402126
1.4024682
1.4019593
1.4017948
1.4017352
1.4022856
1.4022992
1.4018877
1.4018242
1.4018284
1.4022086
1.4020789
1.401681
1.4024576
1.40175
1.4019431
1.4019481
1.401719
1.4023266
1.4020237
1.4013287
1.4013951
1.4019403
1.4014223
1.4015515
1.4018373
1.4018902
1.4014361
1.401881
1.4023095
1.4018341
1.4020954
1.4016832
1.4016341
1.4017665
1.401442
1.4017159
1.4013913
1.401599
1.401607
1.4010321
1.4012346
1.4018006
1.4016244
1.401288
1.4012889
1.4017153
1.4015387
1.4022372
1.4018819
1.4016975
1.4015808
1.4017694
1.4010859
1.4020069
1.4006578
1.4016783
1.401681
1.4021217
1.4018469
1.4015588
1.4014744
1.4016563
1.4012575
1.4013647
1.4016781
1.4019104
1.4017751
1.4014313
1.4017868
1.4018233
1.4017129
1.4017786
1.4012213
1.4016322
1.4016783
1.4012274
1.401276
1.4017332
1.4014962
1.4017605
1.4017072
1.4011177
1.4012113
1.4016569
1.4014297
1.401528
1.4016665
1.4017553
1.4010067
1.4016466
1.4018183
1.4016216
1.401309
1.4011966
1.4012654
1.4008224
1.4013
1.4013485
1.4012626
1.4009527
1.4008901
1.4012761
1.4020392
1.4010664
1.4013485
1.4010438
1.4012214
1.4014622
1.4015026
1.4007844
1.4017769
1.4014629
1.4017051
1.4014093
1.4015696
1.4008906
1.4012384
1.4005716
1.4017049
1.4005795
1.4014777
1.4021089
1.4014171
1.4012176
1.4012302
1.4012395
1.4014574
1.4015176
1.4010588
1.4014223
1.4013917
1.4012054
1.4013406
1.4009542
1.4008386
1.401086
1.4006776
1.4008105
1.4007622
1.4007965
1.401446
1.4007581
1.4014937
1.4014856
1.4016893
1.401405
1.4009022
1.4010301
1.4009881
1.4011679
1.4007094
1.4010789
1.4012496
1.4014273
1.401542
1.4010549
1.4011151
1.4010979
1.4005351
1.4008671
1.401335
1.40093
1.4011647
1.4013379
1.400726
1.4010679
1.4013205
1.4013859
1.4009123
1.4003539
1.4017388
1.4011197
1.4012933
1.4008069
1.4014642
1.4008611
1.4009829
1.4011894
1.4005421
1.401329
1.4003654
1.4008169
1.4008822
1.4010926
1.401263
1.4006338
1.4011321
1.4013727
1.4009777
1.4007746
1.4010649
1.4004253
1.4009228
1.4009
1.4007487
1.4009514
1.4009362
1.4007164
1.4012687
1.4006231
1.4012117
1.4009676
1.4006447
1.4002743
1.4009186
1.400625
1.4009968
1.4009742
1.4005213
1.401133
1.4006773
1.4006755
1.4009335
1.401344
1.4009546
1.4004697
1.400789
1.4011512
1.4004711
1.4007783
1.4010404
1.400869
1.4012387
1.4003611
1.4009025
1.4000347
1.4003401
1.4003731
1.4008927
1.4008614
1.4005114
1.4006599
1.4008045
1.400431
1.400887
1.4002422
1.4005412
1.4002472
1.4011017
1.4002926
1.4005258
1.4012054
1.400431
1.4003035
1.4010937
1.4002955
1.4005535
1.4007014
1.4007527
1.4003655
1.4003923
1.400563
1.4007527
1.4009273
1.4008096
1.400663
1.4006628
1.4001415
1.4005482
1.400658
1.4012188
1.4010416
1.4007025
1.4010788
1.4005544
1.4005401
1.4007508
1.4006574
1.4003592
1.4005537
1.4003588
1.4011132
1.4007047
1.4008701
1.4008149
1.4007002
1.4004341
1.4010376
1.4002906
1.400533
1.4008635
1.4002386
1.4000602
1.40045
1.40029
1.4005351
1.4010909
1.4005187
1.4003559
1.4003323
1.4002048
1.4008713
1.4005351
1.4002892
1.4005194
1.400556
1.4003528
1.4005684
1.4001347
1.3996391
1.4006332
1.4004406
1.400683
1.4005631
1.4003247
1.4001522
1.4000813
1.4005783
1.4004451
1.4004772
1.400572
1.4006547
1.4002123
1.4002004
1.4006952
1.4008918
1.4008074
1.4000598
1.4007317
1.3998605
1.4002116
1.4002126
1.4001404
1.400522
1.4000542
1.4001533
1.4006191
1.4002465
1.4002063
1.4009737
1.4004288
1.3997867
1.400369
1.4003013
1.4010837
1.4005939
1.400631
1.4011039
1.4002866
1.4004831
1.4009364
1.4008436
1.4006631
1.4004128
1.4007484
1.4000689
1.4001979
1.4006842
1.4004501
1.4013147
1.4001379
1.400342
1.3999482
1.4000343
1.4003979
1.4003308
1.4008116
1.4002475
1.400106
1.4001882
1.4001939
1.400116
1.4001161
1.4005996
1.400094
1.399937
1.4000794
1.400586
1.400596
1.400663
1.4008679
1.4000143
1.4001507
1.4002894
1.4006833
1.4002557
1.4001086
1.3993839
1.4004183
1.400328
1.4002731
1.4004725
1.4000463
1.4005597
1.3998816
1.4005734
1.4003967
1.4004425
1.400303
1.400184
1.4004108
1.4000896
1.4002346
1.3997265
1.3999776
1.399948
1.4001913
1.4001915
1.4006662
1.4002044
1.4003669
1.4002812
1.4005321
1.400588
1.4005558
1.4003145
1.4001156
1.3996366
1.4001708
1.3996524
1.4006382
1.4000807
1.400269
1.4000468
1.4006454
1.4007217
1.4000671
1.4000019
1.3999778
1.4003685
1.4001818
1.4003468
1.4006593
1.3996468
1.4002002
1.4004207
1.4001182
1.3997241
1.4006116
1.3997297
1.4000111
1.4004145
1.4006008
1.399767
1.4001676
1.4000332
1.4007072
1.4000132
1.3999373
1.3999237
1.39932
1.3996375
1.4002701
1.4005896
1.4006048
1.4000438
1.4001249
1.4000723
1.4003267
1.4003322
1.400225
1.3998467
1.3999926
1.4000647
1.4003055
1.399934
1.4005008
1.3997698
1.4000577
1.3996695
1.4006535
1.4004551
1.3997335
1.4003528
1.4003657
1.3993407
1.3998101
1.4002382
1.400045
1.4001232
1.4006059
1.3999686
1.3997387
1.3998692
1.4000489
1.3997064
1.3997132
1.3997437
1.399776
1.4003716
1.3998932
1.3996766
1.3996497
1.4002004
1.4002222
1.3998275
1.3998404
1.3995475
1.399959
1.4003121
1.400211
1.3996185
1.3998117
1.3998611
1.4000865
1.4003254
1.4004289
1.3997436
1.4003404
1.3996519
1.3992995
1.3998699
1.3998927
1.3999687
1.3996578
1.4001173
1.4000815
1.3997293
1.4002192
1.3997369
1.3999879
1.3998263
1.4001392
1.3998016
1.3997756
1.3998648
1.4000989
1.3994513
1.3994837
1.3995018
1.4000353
1.3990483
1.3996592
1.3998722
1.4000449
1.399226
1.4004077
1.3995479
1.3994093
1.3999071
1.4001281
1.3994539
1.3993081
1.4003378
1.3997297
1.3992933
1.3998837
1.4002606
1.3994385
1.4002773
1.3994913
1.3999784
1.4002151
1.3997048
1.3996619
1.399969
1.3996509
1.3998415
1.3999044
1.3996394
1.3996872
1.3994185
1.4003171
1.3997383
1.3998202
1.3996769
1.3995492
1.3993931
1.3993173
1.3994367
1.3993553
1.3998989
1.3993847
1.3995439
1.3992739
1.399614
1.4000105
1.3992906
1.3992304
1.3994144
1.4000657
1.4003026
1.3997198
1.3993229
1.3996732
1.3999567
1.3993112
1.3994137
1.399628
1.4002593
1.3996184
1.3994565
1.3997482
1.3990163
1.3997759
1.3994809
1.3996557
1.399538
1.4001542
1.3993025
1.3997893
1.3996136
1.3997203
1.3995298
1.3992498
1.3994182
1.3998245
1.3993273
1.3990763
1.3990059
1.3993783
1.3996465
1.3988769
1.3990742
1.3993611
1.3999252
1.3996402
1.399141
1.3996547
1.3993131
1.3988228
1.3992438
1.3994908
1.3995259
1.3993069
1.399851
1.3998632
1.398957
1.3997307
1.3989391
1.3991097
1.3989879
1.3989406
1.3995719
1.3997539
1.39941
1.3992745
1.399368
1.399541
1.3989776
1.3994924
1.3995572
1.3991508
1.3995473
1.3991382
1.399696
1.3985567
1.3993918
1.3989909
1.3994479
1.3995556
1.3990628
1.3994813
1.3990431
1.3987536
1.3996505
1.3993205
1.3996488
1.3994653
1.3990048
1.3990119
1.399176
1.3988332
1.3997786
1.3991528
1.3992686
1.3991992
1.399543
1.3993092
1.3996437
1.3992276
1.3992174
1.3991231
1.3996569
1.3990185
1.3993083
1.3988211
1.3995739
1.399238
1.39936
1.3993534
1.399605
1.3996227
1.3987614
1.3992891
1.3983154
1.3992019
1.3988434
1.3994755
1.3989503
1.3988819
1.3992434
1.3991524
1.3986309
1.3991858
1.3988886
1.3987502
1.3990134
1.398889
1.3992736
1.3992047
1.399182
1.3989552
1.3992562
1.3987491
1.3993183
1.399142
1.3986441
1.3991047
1.3992872
1.3986721
1.3985394
1.3989452
1.3991287
1.399033
1.3994316
1.3991376
1.398827
1.3995239
1.3988785
1.3985898
1.3991272
1.3984461
1.3991915
1.3995492
1.3989834
1.3990185
1.3987516
1.3985318
1.3987768
1.3986048
1.3990772
1.3987113
1.3986725
1.399159
1.3992113
1.39883
1.3995543
1.3986092
1.3988638
1.3987106
1.3988423
1.3984419
1.3995157
1.3987268
1.3989649
1.3990278
1.3988336
1.398823
1.3983868
1.3991927
1.3987426
1.3988404
1.3984991
1.3986961
1.3987129
1.3984549
1.3988888
1.3986117
1.3994366
1.3989176
1.3987056
1.3991104
1.3985604
1.3986117
1.3985898
1.3984436
1.398462
1.3987436
1.3990432
1.398425
1.3990891
1.3979357
1.3984479
1.3983697
1.3984661
1.3985796
1.3986386
1.3988662
1.3992175
1.3985603
1.399134
1.3983234
1.3985047
1.398666
1.3988646
1.3985871
1.3989805
1.3983117
1.398551
1.3986571
1.3983899
1.3990641
1.3983456
1.3985202
1.3985467
1.3986619
1.3986675
1.3983539
1.3983704
1.3981218
1.3990772
1.3987659
1.3986174
1.3986317
1.3985611
1.398615
1.398038
1.3984681
1.3983582
1.3985784
1.3985872
1.3984121
1.3986363
1.3988458
1.3986264
1.399066
1.3984262
1.3983854
1.3985984
1.398858
1.3983905
1.3986361
1.3982588
1.3983833
1.3984599
1.3985913
1.3987095
1.3989499
1.3985567
1.3984255
1.3983265
1.3984212
1.3980378
1.3982373
1.3982303
1.3982967
1.3982438
1.3978847
1.3980933
1.3977306
1.398816
1.3983736
1.3984493
1.3974055
1.3985178
1.3976209
1.3981531
1.3973813
1.3980052
1.3984088
1.3980287
1.3982104
1.3982769
1.3979172
1.3982493
1.3985895
1.3980803
1.3983008
1.3986279
1.398036
1.3985881
1.3981295
1.3984684
1.3986208
1.3977478
1.3977636
1.398124
1.3978351
1.3982518
1.3976883
1.3981843
1.3984276
1.3982878
1.3980174
1.3983437
1.3977602
1.3982302
1.3979458
1.397733
1.3980258
1.398252
1.3976206
1.3982605
1.3982617
1.3978981
1.3982834
1.3976723
1.3977278
1.3977424
1.3980771
1.3978325
1.3977547
1.3981935
1.3982764
1.3980896
1.3978893
1.3977647
1.3978198
1.3981155
1.3980517
1.3981838
1.3981805
1.3974514
1.398336
1.3982182
1.3976378
1.3982025
1.3979833
1.3973324
1.3978025
1.3981085
1.3975228
1.3979871
1.3977087
1.3977972
1.3975998
1.3980898
1.3975148
1.397493
1.3977478
1.3979349
1.3983538
1.397921
1.397493
1.397926
1.3978467
1.397421
1.397508
1.3974416
1.3981854
1.3976314
1.3981758
1.3975713
1.397564
1.3978207
1.3981792
1.3974845
1.3977331
1.3979783
1.3973874
1.3976469
1.3977685
1.3975998
1.3975753
1.3971268
1.3973018
1.3971351
1.3976009
1.397761
1.398077
1.3972613
1.3981526
1.3976055
1.3981498
1.3977191
1.3971349
1.3979602
1.3972461
1.39735
1.3976262
1.3973678
1.3971211
1.3975955
1.3973902
1.397626
1.3971415
1.3972954
1.3973392
1.397424
1.3975619
1.3976418
1.3972843
1.3973681
1.3969753
1.3976452
1.3970152
1.397228
1.3975375
1.3975234
1.3972812
1.3970159
1.397315
1.397113
1.3973535
1.3981556
1.3972216
1.397184
1.397324
1.3970786
1.3972508
1.3974106
1.3972968
1.3971205
1.3974568
1.3973585
1.3974551
1.3969862
1.3979216
1.3972222
1.3974875
1.3973572
1.3972754
1.396719
1.3967696
1.3969022
1.3971492
1.3969822
1.3967701
1.397026
1.3971342
1.397711
1.3976575
1.3968174
1.3970922
1.3972685
1.3972696
1.397208
1.3969468
1.3969252
1.397008
1.3968941
1.3977913
1.3971944
1.3966744
1.3971709
1.3966337
1.396739
1.397022
1.3968048
1.3967637
1.3967062
1.3965958
1.3970842
1.3971475
1.3971713
1.3965652
1.3975257
1.3969074
1.3966087
1.3970883
1.3970371
1.3976094
1.3970686
1.3964866
1.3973093
1.3969312
1.397143
1.3968145
1.3967015
1.3972228
1.3969649
1.3971561
1.3966858
1.3965155
1.3962606
1.3967968
1.396593
1.3973613
1.3966707
1.397203
1.3969374
1.3965851
1.3969754
1.3964262
1.3965284
1.3970938
1.396767
1.396338
1.3966026
1.3964545
1.3964145
1.3967947
1.397184
1.396562
1.3967232
1.3963184
1.3966057
1.3972743
1.3968563
1.3964597
1.3966801
1.3966786
1.3968811
1.3967689
1.3962033
1.3969096
1.3968632
1.3966297
1.3962113
1.396913
1.3966992
1.3961897
1.3964064
1.3966608
1.3967618
1.3967137
1.3967613
1.3965589
1.3964889
1.3962864
1.396131
1.3964771
1.3966411
1.3966733
1.396332
1.3963592
1.396845
1.3964014
1.3965338
1.396799
1.396664
1.3966681
1.3965793
1.3966876
1.3959945
1.3962317
1.3966252
1.3963779
1.3963718
1.3967727
1.396245
1.3966856
1.3969386
1.3966233
1.3967519
1.396331
1.3959931
1.396346
1.3964641
1.3961134
1.396017
1.396151
1.3969584
1.3959119
1.3968344
1.3963971
1.3959783
1.3961318
1.3962485
1.3959216
1.3964475
1.3962755
1.3960856
1.3963238
1.3959118
1.3960742
1.3959777
1.396315
1.3967972
1.3961885
1.3962853
1.3961031
1.3959996
1.3963633
1.3956964
1.3965847
1.3963561
1.3958211
1.3963652
1.396207
1.3955742
1.3960302
1.3958696
1.3960102
1.3963931
1.396114
1.396088
1.3962109
1.3960335
1.3959866
1.3957872
1.3954777
1.3959079
1.3960282
1.3966721
1.3963066
1.3961511
1.3959756
1.3958343
1.3963575
1.3957525
1.3960301
1.3958708
1.3955027
1.3957372
1.3953068
1.3958797
1.3956162
1.396044
1.3960396
1.395956
1.395777
1.3952779
1.3958383
1.3957142
1.3958365
1.3960193
1.3956312
1.3955215
1.3962011
1.3958602
1.3957777
1.3959724
1.3951887
1.3962157
1.3954682
1.3954762
1.3958676
1.3955396
1.39592
1.3958061
1.3955065
1.3954217
1.3953954
1.3953003
1.3955818
1.395639
1.3953623
1.3950872
1.3953935
1.3959252
1.3954465
1.3952894
1.3961382
1.3957422
1.3956982
1.3957746
1.3951542
1.3960446
1.3959862
1.3948616
1.395693
1.395795
1.3954598
1.3957119
1.3958603
1.3954544
1.3952631
1.3957725
1.3956041
1.3956817
1.3956034
1.3952572
1.3950162
1.3955808
1.3952372
1.3951367
1.3948436
1.3954594
1.3950669
1.3958987
1.3951126
1.3951969
1.3953792
1.3949277
1.3948724
1.3962188
1.3954414
1.3951583
1.3955033
1.3958431
1.3957838
1.3950438
1.3947874
1.3953493
1.3958023
1.394976
1.3949203
1.3955109
1.3949319
1.3955281
1.395094
1.3953537
1.395261
1.3954587
1.3954397
1.394735
1.3951583
1.395447
1.3953333
1.395048
1.3953632
1.395018
1.3952659
1.3953956
1.3947319
1.3951204
1.3953754
1.3949565
1.3954136
1.3953979
1.3946993
1.3952163
1.3948463
1.3951691
1.3950406
1.395358
1.395077
1.395253
1.3954438
1.3951281
1.3945419
1.395187
1.395378
1.395255
1.3948967
1.3953832
1.3956165
1.3945378
1.394688
1.3945289
1.3952427
1.3951441
1.3946581
1.3946614
1.3945842
1.3950573
1.3949604
1.3948963
1.3952782
1.3948897
1.3947104
1.3953778
1.3951908
1.3947477
1.3945782
1.3950628
1.3948821
1.3951232
1.3944145
1.3948184
1.3952236
1.3944931
1.394351
1.3946204
1.3945365
1.3952296
1.3943624
1.3949302
1.394858
1.3942645
1.3942753
1.394725
1.3947586
1.3950949
1.3943446
1.3953172
1.3952851
1.3947436
1.3945386
1.39486
1.3946486
1.3947725
1.3944242
1.3947078
1.3943338
1.3949862
1.3947672
1.3942835
1.3949282
1.3949966
1.3944513
1.3951226
1.394585
1.3942938
1.394957
1.3946651
1.3943582
1.3945354
1.394654
1.3946942
1.3944
1.394334
1.3947859
1.3946884
1.3944627
1.39478
1.3945805
1.3942597
1.3939588
1.3949746
1.3949977
1.3953145
1.3947173
1.3944803
1.394542
1.394041
1.3942081
1.3943319
1.3944502
1.3945049
1.3947713
1.3945578
1.3944404
1.3945316
1.3943058
1.3939583
1.3940055
1.3944132
1.3937362
1.3945209
1.3948629
1.394621
1.3941178
1.3943102
1.3947983
1.394639
1.3936845
1.3946389
1.3945473
1.3945665
1.3945214
1.3940382
1.3945776
1.3941494
1.3943199
1.3941038
1.3941287
1.3944902
1.3942096
1.3948369
1.3941401
1.3946351
1.3942304
1.394553
1.3940641
1.3942181
1.3940741
1.394087
1.3938711
1.393838
1.3938426
1.3942095
1.3945432
1.394391
1.3943995
1.3939699
1.3938146
1.3941507
1.3945441
1.3939053
1.394466
1.3940864
1.3934908
1.3939606
1.3939292
1.3941324
1.394189
1.3937521
1.3938107
1.394356
1.3942262
1.3944253
1.3940476
1.3940885
1.3938575
1.3938121
1.3940632
1.393626
1.3939528
1.3944138
1.3934138
1.3941957
1.3940063
1.3939662
1.3938264
1.3939857
1.3938665
1.3939157
1.3942522
1.3937489
1.394232
1.3940616
1.3936273
1.3938545
1.39396
1.3941152
1.3940445
1.3934293
1.3939971
1.3939482
1.3937805
1.3939072
1.3935789
1.3934449
1.3934908
1.3934457
1.3935276
1.3940877
1.39352
1.3936133
1.3940548
1.3939835
1.3941233
1.3937252
1.3940643
1.3935997
1.3939302
1.3940414
1.3940377
1.3935679
1.3937439
1.3938503
1.3935298
1.3941914
1.3936857
1.3939464
1.3941047
1.393411
1.3939426
1.3935971
1.3935163
1.3931742
1.3936548
1.3941543
1.3935791
1.393924
1.3939623
1.3933092
1.3936511
1.3934137
1.3936396
1.3936648
1.3934593
1.3937423
1.3938488
1.3938564
1.3936046
1.3934778
1.3936082
1.3933629
1.3936957
1.3935829
1.3929939
1.3938214
1.394031
1.3934654
1.3931831
1.3935575
1.3927785
1.3933861
1.3932846
1.3933855
1.3935283
1.3936849
1.3940276
1.3936151
1.3935866
1.3932451
1.3933525
1.3936368
1.3933444
1.3931388
1.393536
1.3933158
1.3938478
1.3930924
1.3934685
1.3938017
1.3933241
1.3935169
1.3933953
1.3930387
1.3934665
1.3936675
1.3932701
1.3928844
1.3934292
1.3935562
1.3935972
1.3931963
1.3932363
1.3935223
1.3934097
1.3929791
1.3940258
1.3932182
1.3932574
1.3929142
1.3932371
1.3933637
1.3932554
1.3930315
1.3929756
1.3932875
1.3930194
1.3934275
1.3936495
1.3933597
1.3936803
1.3934245
1.3932428
1.3935438
1.3934051
1.3929847
1.3931713
1.3929754
1.3931813
1.3932488
1.3931979
1.3930063
1.392965
1.3931613
1.3934429
1.392817
1.3929362
1.3929702
1.3931289
1.3929479
1.3927099
1.3930043
1.3931518
1.3932115
1.3931297
1.3930321
1.3930583
1.3931824
1.3930873
1.3930597
1.3926548
1.3927798
1.3935972
1.3935585
1.3932905
1.392675
1.3930937
1.3926107
1.3938063
1.3928323
1.3932886
1.3930167
1.393087
1.3935641
1.3924981
1.3929496
1.3931398
1.3932167
1.3929887
1.3924907
1.393422
1.3928636
1.3927294
1.3929149
1.39258
1.3926833
1.3922292
1.3930202
1.3929977
1.3926969
1.3926415
1.3926495
1.3925672
1.3926202
1.3929428
1.3929574
1.3932753
1.393157
1.3927125
1.3927337
1.3928752
1.3919386
1.3928528
1.393183
1.392607
1.3925028
1.3925488
1.3924717
1.3926655
1.3929359
1.3927507
1.3929482
1.3930355
1.3928953
1.393044
1.3925729
1.392855
1.3926644
1.3925903
1.392513
1.3929656
1.3927721
1.3925959
1.3932366
1.3922086
1.3923249
1.3927281
1.3924962
1.3928373
1.3927647
1.3925183
1.3924121
1.392473
1.3929558
1.3921041
1.3923944
1.392207
1.3925402
1.3921976
1.3918931
1.3923141
1.3925905
1.3921379
1.3926777
1.3925885
1.3922142
1.3923383
1.3925738
1.3920661
1.392384
1.3923088
1.3924758
1.3926333
1.3922344
1.3925456
1.3924396
1.3926604
1.3919072
1.3919816
1.3924176
1.3932105
1.3925594
1.3921301
1.3926657
1.3924271
1.3926018
1.3923581
1.392845
1.3924767
1.3923153
1.3924274
1.3924313
1.3924762
1.3923653
1.3928412
1.3921522
1.3927778
1.3926004
1.3920273
1.3924189
1.391995
1.3923577
1.3919522
1.3923213
1.3922155
1.3923421
1.392605
1.3916248
1.3921232
1.392621
1.3925666
1.392152
1.3923247
1.3927292
1.3922856
1.3922439
1.3928771
1.3918426
1.3920153
1.3919398
1.3924557
1.3925896
1.3921286
1.3924114
1.3918622
1.3917631
1.3923715
1.3921804
1.3918415
1.3921493
1.3917273
1.3922987
1.3920887
1.39249
1.3917392
1.3924881
1.3922846
1.3921832
1.3922501
1.3923812
1.3919729
1.3918189
1.3923246
1.3924522
1.392398
1.3924268
1.3920515
1.3922828
1.3914856
1.3917967
1.3925866
1.3918103
1.3918154
1.3922805
1.3918651
1.3918369
1.3917195
1.3926057
1.3921586
1.3919789
1.3917557
1.3921866
1.3921148
1.3915529
1.3923287
1.3919927
1.3919674
1.3917071
1.3920423
1.3920683
1.3921651
1.3919069
1.3915911
1.3924634
1.391658
1.3916788
1.3917722
1.3917361
1.391986
1.3913965
1.3924898
1.3920766
1.3918047
1.3918855
1.3923022
1.3927577
1.392597
1.3917904
1.3918053
1.3919241
1.3917817
1.3918988
1.3920327
1.3921341
1.3915573
1.391911
1.3915693
1.3918267
1.3920692
1.3918827
1.3915865
1.3917761
1.3918557
1.3920145
1.3923166
1.3921921
1.3916241
1.3917205
1.3918524
1.3914387
1.3915308
1.3914018
1.3917313
1.3919134
1.391654
1.3919941
1.3918244
1.3918064
1.3918184
1.3920617
1.3917389
1.3917395
1.3914605
1.3915362
1.3918273
1.3921347
1.3916672
1.3915508
1.3912432
1.3914855
1.3916752
1.3919272
1.3916277
1.3914337
1.3921431
1.391849
1.3917007
1.3916769
1.391314
1.3914247
1.391058
1.3917524
1.3916261
1.3914539
1.3916769
1.391956
1.3913687
1.3916287
1.3915546
1.3915184
1.3915225
1.3917443
1.391497
1.3916867
1.3917112
1.3916532
1.3912268
1.3913888
1.3916624
1.3914967
1.3920224
1.3919065
1.391552
1.391235
1.3917968
1.3915563
1.3916615
1.3916999
1.3915786
1.3918458
1.3912077
1.3915935
1.3917938
1.391406
1.3914068
1.3917236
1.3915321
1.3916537
1.3912102
1.3917623
1.3912804
1.3919561
1.3917085
1.3910923
1.3910435
1.3922324
1.3913841
1.3915913
1.3914648
1.391442
1.3909827
1.3917679
1.3916869
1.3918316
1.3917323
1.3916341
1.3911936
1.3915223
1.3914785
1.3913914
1.3910205
1.391343
1.3914859
1.3911645
1.3912495
1.391622
1.391612
1.3916991
1.3911153
1.3911084
1.3916531
1.3912014
1.3916283
1.3916206
1.3916317
1.3921058
1.391317
1.3911816
1.391212
1.3917041
1.3915737
1.3910987
1.3910861
1.391264
1.3913703
1.3906099
1.3906226
1.3916479
1.3910177
1.3911346
1.3915722
1.3916584
1.3918848
1.3910426
1.3910227
1.3910898
1.3911256
1.3910267
1.391121
1.3909162
1.3912414
1.3914399
1.391539
1.3911172
1.3908857
1.3910675
1.3916397
1.3910099
1.3912884
1.3915359
1.3912401
1.3910463
1.3910519
1.3912605
1.3913766
1.3911735
1.3911362
1.3910351
1.3910762
1.3912491
1.3907156
1.3910589
1.3910649
1.3912921
1.390966
1.3909166
1.3910549
1.391169
1.3911351
1.3908634
1.3912172
1.3904257
1.3908267
1.3908744
1.3911804
1.3912939
1.3911176
1.3911092
1.3908466
1.391366
1.3911278
1.3908395
1.391133
1.3907503
1.3914146
1.3908075
1.3907111
1.3905967
1.3909553
1.3912497
1.3908631
1.3908587
1.3911229
1.3905983
1.3908229
1.390661
1.3905847
1.3908849
1.3910015
1.3908523
1.3904607
1.3907641
1.3911719
1.3913628
1.3911802
1.3912882
1.3910857
1.3909452
1.390544
1.3905087
1.3908682
1.3906268
1.3902304
1.3908254
1.3913862
1.390699
1.3904908
1.3907211
1.3904576
1.3905764
1.3906368
1.3907894
1.3903977
1.3904668
1.3905885
1.3909773
1.3909413
1.3906473
1.3913201
1.390472
1.3906748
1.3908291
1.3910167
1.3904556
1.3909225
1.3911227
1.3907573
1.3902893
1.3910912
1.3907247
1.3908013
1.3903774
1.3908374
1.3906705
1.3907188
1.3905745
1.3909755
1.3908203
1.3904549
1.3908815
1.390242
1.3908257
1.3908274
1.3908466
1.3906158
1.3908049
1.390531
1.3904583
1.3907747
1.3904804
1.3905554
1.3908459
1.3913622
1.3911047
1.3906202
1.3905228
1.3909357
1.3908806
1.391005
1.3905469
1.3902957
1.3907903
1.3905573
1.390605
1.3906113
1.3901027
1.3911093
1.3909378
1.390336
1.3907923
1.3906798
1.3905871
1.3902432
1.3905636
1.3900994
1.390389
1.3902265
1.3906473
1.3905556
1.3904184
1.3905324
1.39038
1.3907679
1.3905946
1.3907573
1.3903608
1.3904793
1.3905456
1.390406
1.3905717
1.3900717
1.3903443
1.3900704
1.3910072
1.3903929
1.3904206
1.3906201
1.3903753
1.3905898
1.3906496
1.3904364
1.3906593
1.390784
1.3908144
1.3906558
1.3903186
1.3902413
1.390675
1.390374
1.3908833
1.390153
1.3904938
1.3901913
1.3901607
1.3902109
1.3902649
1.3905671
1.3902116
1.3906671
1.3905965
1.3902107
1.3906177
1.3900995
1.3904998
1.3907721
1.3901002
1.3903633
1.3901513
1.3903973
1.3902912
1.3906336
1.3904363
1.3905212
1.3904591
1.3903018
1.3903444
1.3907379
1.3900341
1.3908244
1.3903183
1.390456
1.3906394
1.3905925
1.3902858
1.3904171
1.390577
1.3899591
1.3902701
1.3900298
1.3902693
1.3903179
1.3897401
1.3901854
1.3904285
1.3906734
1.39016
1.3901491
1.3902229
1.3906493
1.3899081
1.3903489
1.3902016
1.3904357
1.3901236
1.3903546
1.389931
1.3900771
1.3895055
1.3902042
1.3898902
1.3898371
1.390575
1.3895832
1.3898679
1.3902669
1.3900611
1.3905051
1.3903996
1.3899275
1.3907605
1.3898941
1.3899919
1.3901678
1.3902762
1.3901954
1.389993
1.3902162
1.3900495
1.3900415
1.3899311
1.3899876
1.3901135
1.3898164
1.390204
1.3898983
1.389853
1.3897538
1.3900791
1.3903952
1.3904314
1.3899133
1.3898611
1.3902338
1.390429
1.3894167
1.3899148
1.389589
1.3899298
1.3898371
1.3896793
1.3899907
1.3898331
1.3897607
1.3902781
1.389752
1.3894962
1.3900927
1.3896183
1.389624
1.3897434
1.3900257
1.3895453
1.3901095
1.3895936
1.3895421
1.3902549
1.3895979
1.3896335
1.3898485
1.3898296
1.389999
1.3900661
1.3900031
1.3897666
1.3903341
1.3900553
1.389529
1.3899342
1.389998
1.3895974
1.3901557
1.3897456
1.3899105
1.3901424
1.389745
1.389917
1.390034
1.3895024
1.3900921
1.3891066
1.3894062
1.3894053
1.3904759
1.3901201
1.3901892
1.3900311
1.3896314
1.389857
1.3895991
1.3896103
1.3897244
1.3898189
1.3899267
1.3904469
1.3898768
1.3896605
1.389202
1.3894383
1.390172
1.3892472
1.3898356
1.3902898
1.389977
1.3898503
1.3897487
1.3897644
1.3894894
1.3905233
1.3902142
1.3898617
1.3898375
1.3898003
1.3899848
1.3899099
1.3898474
1.3901716
1.3896725
1.3893747
1.3892334
1.3898047
1.3895117
1.3899378
1.3894393
1.389605
1.3897638
1.3895319
1.3897916
1.3899889
1.3898995
1.38976
1.3897219
1.3895537
1.3899527
1.3898618
1.3902076
1.389655
1.3900261
1.3898782
1.3894726
1.3899585
1.3897938
1.3899351
1.3893452
1.3892287
1.3896384
1.3894473
1.3893048
1.3891857
1.3893311
1.3898529
1.3899839
1.3894749
1.3889909
1.3891006
1.3898001
1.3897551
1.3897561
1.3898189
1.3893241
1.3893538
1.3893881
1.389376
1.389386
1.3892525
1.3895434
1.389196
1.3896244
1.389723
1.3896068
1.3891554
1.3897107
1.3895028
1.3893428
1.3895268
1.3895924
1.3895053
1.3894317
1.3892539
1.3896887
1.3892483
1.3890694
1.3894191
1.3896221
1.3893892
1.3891559
1.3894689
1.3895206
1.3894577
1.3886238
1.3894016
1.389714
1.3891988
1.3892783
1.3895329
1.3896458
1.3894275
1.3896824
1.3894937
1.3892665
1.3893389
1.3893778
1.3893276
1.3895668
1.3892791
1.3894825
1.3894931
1.3894697
1.3891121
1.389517
1.3890845
1.3887092
1.3890207
1.3889419
1.3887041
1.3890805
1.3894029
1.388583
1.3894745
1.3891699
1.3893518
1.3892488
1.3891779
1.389403
1.3887982
1.3890941
1.3892355
1.3893971
1.3888165
1.3892828
1.3894255
1.388793
1.3898921
1.3896291
1.3891929
1.3892769
1.3893911
1.3894184
1.3894151
1.3888866
1.389172
1.3893563
1.3896197
1.3888532
1.3893383
1.3889874
1.3890804
1.3889755
1.3888806
1.3892056
1.3887237
1.3886614
1.389144
1.3891094
1.3894712
1.3891774
1.3893918
1.3889813
1.3894186
1.3885397
1.3889835
1.3889679
1.3891834
1.3893088
1.3890772
1.3888675
1.3888593
1.3890756
1.3891033
1.3889031
1.3888218
1.3890934
1.388793
1.3888855
1.3887488
1.3891343
1.3892652
1.3895289
1.3888717
1.3887205
1.3886946
1.3884276
1.3890833
1.3895102
1.388945
1.3889475
1.3892438
1.3889045
1.389022
1.3891572
1.3890513
1.3888865
1.3892646
1.3888576
1.3890846
1.389093
1.388858
1.3888494
1.3893129
1.3892883
1.3885957
1.3898174
1.3889004
1.3891251
1.3895017
1.3883715
1.388504
1.3889928
1.3885734
1.3890351
1.3893512
1.3891617
1.3888545
1.388884
1.3888948
1.388849
1.3890156
1.3889463
1.3888986
1.388517
1.3885142
1.3890263
1.3887788
1.3890015
1.3891672
1.3886697
1.3889302
1.3888012
1.3888296
1.3889297
1.3890715
1.3887941
1.3889155
1.3891816
1.3890117
1.3888859
1.3887262
1.3887548
1.3886726
1.3889412
1.3889819
1.3887277
1.3889494
1.3887247
1.388963
1.38922
1.3887634
1.3893714
1.3887703
1.3889881
1.388576
1.3883637
1.3890995
1.3883824
1.3889875
1.3888963
1.3887421
