1.3664789
1.3742423
1.3680309
1.3781452
1.376717
1.368807
1.373446
1.37005
1.3719286
1.366912
1.373682
1.3738165
1.3655661
1.36658
1.3721713
1.370869
1.3717022
1.367284
1.3726505
1.3696896
1.3719741
1.3687788
1.3667082
1.3706201
1.3706728
1.3685405
1.3706712
1.3698092
1.3673985
1.3671206
1.3670427
1.3702438
1.373595
1.369096
1.3687519
1.3671154
1.3691502
1.3669494
1.3681402
1.3679996
1.3691812
1.3698109
1.3714446
1.364716
1.3654169
1.3710072
1.3678346
1.3723853
1.3657689
1.3660007
1.3679142
1.3736361
1.3686758
1.3661276
1.3682934
1.370653
1.3693515
1.3678639
1.36596
1.3723323
1.3658832
1.3683647
1.367466
1.3664286
1.3668381
1.3652229
1.3706418
1.3667252
1.366812
1.3708322
1.3708272
1.3711436
1.3708991
1.3727881
1.3683562
1.3699687
1.3680879
1.370669
1.3712399
1.3683407
1.3665394
1.369717
1.3693315
1.3726281
1.3733397
1.3726887
1.3690495
1.3687018
1.370672
1.3688084
1.3719426
1.3650299
1.3687428
1.3701518
1.3629421
1.3694545
1.3701015
1.3683791
1.366608
1.3729908
1.3677416
1.3687512
1.3695645
1.3703028
1.3665572
1.3646655
1.3645241
1.3657557
1.3662919
1.3707781
1.371165
1.3669786
1.3678256
1.3702489
1.3649291
1.3699833
1.3716421
1.3666146
1.3709183
1.3694711
1.369125
1.3674109
1.3679162
1.3680843
1.3646882
1.3704966
1.3726697
1.3683596
1.3691912
1.3715996
1.3700678
1.3674964
1.3687168
1.3687981
1.3659022
1.3704705
1.362326
1.3720584
1.3657268
1.3671463
1.3689764
1.3665507
1.3709093
1.3658851
1.3682488
1.3689297
1.3648721
1.3671744
1.3681711
1.3696356
1.3655416
1.3727044
1.3696456
1.3653669
1.3705529
1.3642255
1.3652775
1.367365
1.3640105
1.3692414
1.3664924
1.3668829
1.3648353
1.3660672
1.3705693
1.3736339
1.3691391
1.3641229
1.3680488
1.3655863
1.3727548
1.3714302
1.3711456
1.3686874
1.3638321
1.3669149
1.3674467
1.3647579
1.3673302
1.3719946
1.3697724
1.3688046
1.3655869
1.3661854
1.367623
1.3701425
1.3694689
1.36714
1.368431
1.3706473
1.3675557
1.3668387
1.367767
1.3688664
1.36665
1.3667066
1.3685986
1.3696944
1.3691925
1.3687108
1.37126
1.3699263
1.3640102
1.3673061
1.3705814
1.3702161
1.3683096
1.3670357
1.3698894
1.3665106
1.3681259
1.3696955
1.367005
1.3680975
1.3684592
1.3690852
1.366409
1.3713487
1.3685181
1.370717
1.3681076
1.3692235
1.3633844
1.3661023
1.3647656
1.3659518
1.3669783
1.3673428
1.3679864
1.3669149
1.3636032
1.3663521
1.3661736
1.3671995
1.3698895
1.3639358
1.3677117
1.3653198
1.3701568
1.3688983
1.3696923
1.3706086
1.3692884
1.3717765
1.369874
1.3724356
1.3614337
1.3646511
1.3685242
1.3684343
1.3666557
1.3624188
1.3708531
1.3691721
1.3665915
1.3669242
1.3688782
1.367601
1.3684081
1.3698288
1.369536
1.3644881
1.370822
1.3679887
1.3690324
1.3667145
1.3676748
1.3686515
1.3662157
1.3678377
1.369199
1.3635082
1.3685119
1.3680745
1.3641596
1.3703682
1.3704435
1.3710514
1.3655053
1.3628516
1.365398
1.3670566
1.36769
1.3690212
1.3706208
1.3670821
1.368832
1.3688604
1.3667313
1.3676181
1.3682039
1.3618397
1.3684607
1.3660675
1.3695538
1.367564
1.368976
1.3688294
1.367096
1.3709283
1.3677505
1.3677673
1.3651482
1.3640348
1.3680458
1.3657668
1.3649364
1.3715538
1.3662308
1.3666257
1.363784
1.36589
1.3712702
1.3670381
1.3660004
1.3653358
1.368104
1.3720236
1.3682241
1.3683128
1.3675933
1.3665454
1.3667623
1.369351
1.366077
1.3705144
1.3679463
1.3666697
1.3676964
1.3708277
1.3635336
1.3665909
1.3654839
1.3715843
1.3705512
1.3683429
1.3701042
1.3687211
1.3660008
1.3658775
1.3690324
1.3710915
1.3677543
1.3689
1.3707386
1.3698412
1.3667065
1.3647829
1.3637387
1.3656225
1.3663713
1.3689156
1.3688759
1.366811
1.371173
1.3689972
1.3636892
1.3631043
1.372595
1.3715315
1.3635738
1.3668846
1.3695371
1.3669062
1.3697045
1.3693947
1.367176
1.3712789
1.3668331
1.3614709
1.3652372
1.367072
1.3679366
1.3615121
1.367198
1.3628249
1.3638796
1.3692591
1.369099
1.3653148
1.3667405
1.3679543
1.3683816
1.3687055
1.3684944
1.3711505
1.3675832
1.3687307
1.3701621
1.3713865
1.366622
1.3680576
1.367394
1.3677636
1.3672909
1.3626962
1.3669235
1.3691468
1.3693227
1.3655912
1.3696854
1.3633167
1.3676699
1.3670526
1.3723751
1.3670756
1.3658699
1.3664719
1.369546
1.3693419
1.3701481
1.3658667
1.3670728
1.3646623
1.3676034
1.3740703
1.3692673
1.3665992
1.3685576
1.3661923
1.3684354
1.3644611
1.3671228
1.3675437
1.3697889
1.3709401
1.3675356
1.3655272
1.3682644
1.3650612
1.3671956
1.3664905
1.3667675
1.3674293
1.3709247
1.3704128
1.3736753
1.3698655
1.369921
1.3684684
1.3675284
1.3673875
1.366515
1.3705385
1.3636314
1.3674172
1.3694125
1.3629637
1.3719912
1.3684975
1.3666149
1.3700846
1.3714633
1.367317
1.3664001
1.3703893
1.3708549
1.3666391
1.3655626
1.3690845
1.3699003
1.3665944
1.3695399
1.3705668
1.367708
1.3689629
1.3689797
1.3675514
1.3698847
1.3627522
1.3694278
1.3682129
1.3694263
1.3689132
1.3735245
1.3670206
1.3686538
1.370309
1.3696848
1.3698436
1.366124
1.3669977
1.3693658
1.369752
1.3676983
1.363236
1.3679672
1.3698128
1.3673377
1.3706567
1.3701338
1.3656986
1.3684051
1.370326
1.3691604
1.3679363
1.3665348
1.3671063
1.371529
1.3684044
1.3692936
1.3671591
1.3710201
1.3671067
1.3672928
1.374467
1.3713822
1.371954
1.3669267
1.3701862
1.3693035
1.3661965
1.3655933
1.370548
1.3670628
1.3635304
1.3667073
1.3693635
1.3649008
1.3712887
1.368067
1.370048
1.3690119
1.3691764
1.3670202
1.3654553
1.3681583
1.3669621
1.3694717
1.3699344
1.3682411
1.3725468
1.3719921
1.3653797
1.374585
1.3650239
1.37306
1.3722328
1.3690808
1.3725764
1.367059
1.3708004
1.3669482
1.3694091
1.3711518
1.3683532
1.3653507
1.363963
1.3684922
1.3640642
1.3682848
1.3684406
1.3662989
1.365718
1.3667467
1.3713349
1.3704181
1.3644778
1.364882
1.3652904
1.3717356
1.3684287
1.370198
1.3707011
1.3731183
1.3703157
1.3689669
1.3700894
1.3699007
1.368636
1.3642346
1.3683946
1.3715307
1.3674642
1.3694454
1.3695471
1.3679266
1.3649036
1.3704036
1.3702817
1.3710704
1.3691032
1.3673486
1.3627688
1.3704771
1.3664223
1.3661413
1.3696483
1.3687966
1.371126
1.371883
1.3658264
1.3669138
1.36708
1.3682693
1.3708656
1.3699057
1.3671124
1.366381
1.3699963
1.3703165
1.3670806
1.3717928
1.365757
1.3694575
1.3692436
1.3680465
1.3692478
1.3701577
1.3705237
1.36951
1.3664185
1.3713919
1.3713032
1.3685163
1.3691143
1.3684345
1.3679968
1.3645579
1.3679067
1.3717965
1.3685186
1.3714789
1.3687742
1.3700997
1.3655257
1.3704236
1.3694302
1.3701795
1.3650917
1.3687357
1.3667744
1.3665998
1.3677772
1.3695347
1.3689165
1.3731546
1.3678393
1.3691201
1.3691585
1.3635999
1.3684092
1.371484
1.370682
1.3678486
1.369329
1.366435
1.3687391
1.3656905
1.3702765
1.3672194
1.3679409
1.3668923
1.3670359
1.373622
1.3711538
1.3679826
1.3680111
1.3721211
1.3706566
1.3682963
1.3716676
1.3681127
1.3713014
1.3715285
1.3690678
1.3662004
1.3732513
1.3711295
1.3735956
1.3664944
1.3691505
1.3665576
1.3692135
1.3688142
1.3650331
1.3685639
1.3674991
1.3661889
1.3674369
1.3730549
1.3704631
1.3679758
1.3714283
1.3647608
1.3672228
1.3704672
1.365416
1.3695142
1.3689753
1.3679364
1.3709476
1.3707961
1.3685697
1.3693947
1.3660482
1.3655975
1.3705187
1.368303
1.3665491
1.3722723
1.368187
1.370156
1.3694055
1.369616
1.3665582
1.3712283
1.3682303
1.3661743
1.3721147
1.370376
1.3683742
1.3730477
1.3656008
1.369241
1.3678112
1.3689568
1.3671933
1.3672761
1.3674389
1.3684832
1.372023
1.3624169
1.3707762
1.3725843
1.3664904
1.369669
1.371278
1.3672645
1.3707422
1.368365
1.3706033
1.3693572
1.3678777
1.3669603
1.3717383
1.3727103
1.3712628
1.371596
1.3695943
1.3674959
1.368864
1.3728048
1.369907
1.3649098
1.3690809
1.3695129
1.3678045
1.3709279
1.3668286
1.365906
1.3668878
1.369242
1.368824
1.3690931
1.370368
1.3708076
1.3668765
1.3681045
1.3655398
1.3688725
1.3682375
1.3695235
1.3663703
1.3685076
1.3702135
1.3700798
1.3676351
1.3718579
1.3706334
1.3661661
1.3703743
1.3695898
1.3667272
1.3706905
1.3686777
1.3687035
1.3678577
1.3725067
1.3653383
1.3702983
1.3652666
1.3703119
1.3659799
1.3689317
1.371773
1.3673309
1.3693527
1.3664957
1.3692892
1.37158
1.367617
1.3693278
1.3681883
1.3712294
1.3702626
1.3706753
1.370599
1.365601
1.3657006
1.3696095
1.3703406
1.3692545
1.3722461
1.3688816
1.3695117
1.3678766
1.3647133
1.371988
1.3728456
1.3680168
1.3644812
1.3722035
1.3704673
1.3677225
1.3734459
1.3741226
1.3684356
1.366334
1.3688017
1.3700218
1.3720255
1.3689538
1.3673105
1.3721701
1.3709437
1.3688565
1.3689352
1.3667465
1.3704247
1.3691967
1.3655862
1.3664825
1.3696986
1.3676643
1.3718709
1.3660135
1.3683193
1.3721185
1.3706641
1.3678559
1.3682864
1.370314
1.3729587
1.3738573
1.3722563
1.3682168
1.3672628
1.3660332
1.3690895
1.3642435
1.3701248
1.3696375
1.3693527
1.372796
1.3677096
1.3682965
1.3664763
1.3713379
1.3742206
1.3695573
1.3706775
1.3702679
1.3687484
1.3702033
1.3696944
1.3719202
1.3741207
1.3702372
1.3685629
1.3716667
1.3717484
1.3710312
1.3680964
1.3701949
1.3675972
1.3678077
1.3689036
1.3715166
1.3702027
1.3734175
1.3689959
1.368318
1.3703725
1.3712679
1.372653
1.3656714
1.3679138
1.3735776
1.3701575
1.3647546
1.3685154
1.3709148
1.3665781
1.3712976
1.3748131
1.3687658
1.3722214
1.3682854
1.371248
1.3709852
1.3677647
1.3661994
1.3732562
1.3697966
1.3681747
1.3618708
1.3707701
1.3713229
1.36993
1.3694519
1.3700529
1.3681647
1.3726298
1.3690379
1.3679264
1.370697
1.3695704
1.3708252
1.3701996
1.3686392
1.3662468
1.3688635
1.3676577
1.3732756
1.3712199
1.3691198
1.3721284
1.3668412
1.3760074
1.3678737
1.3700091
1.3677282
1.3690995
1.371315
1.3682203
1.3750554
1.3715724
1.3683903
1.3682088
1.3724136
1.3650323
1.3692988
1.3723072
1.3651735
1.3701448
1.3703305
1.3679315
1.3680786
1.3700807
1.3705354
1.3693558
1.3691686
1.3745515
1.3719722
1.3686224
1.3672452
1.370683
1.3681141
1.3693227
1.3718528
1.3723838
1.3682783
1.3683416
1.366498
1.369832
1.3728641
1.3656831
1.3711925
1.3693229
1.3693664
1.3732138
1.3692878
1.370705
1.3685079
1.3702669
1.3700982
1.3710343
1.371008
1.3685431
1.3636246
1.3691868
1.37046
1.3745311
1.3720278
1.371726
1.3726652
1.3727213
1.3724346
1.3674895
1.3708482
1.3717453
1.3705529
1.3731898
1.3769604
1.3731899
1.3705592
1.3709615
1.3724351
1.3727868
1.3677683
1.3699389
1.3673315
1.3738737
1.3714821
1.3759097
1.3703095
1.3683039
1.3689183
1.3686181
1.3692327
1.3738517
1.3711689
1.3666703
1.3714439
1.3701276
1.371146
1.3668739
1.3694345
1.3714541
1.3666805
1.3698193
1.3622942
1.3703519
1.3765059
1.3672922
1.3665622
1.3720473
1.3706545
1.370525
1.367368
1.3701552
1.3709613
1.3705083
1.3693595
1.3686547
1.3709095
1.3717084
1.368351
1.3717419
1.3698211
1.3715379
1.3692678
1.3677616
1.3660836
1.3730099
1.3721962
1.3686378
1.3703195
1.3735543
1.3662323
1.3708065
1.3745109
1.3721905
1.3678622
1.368483
1.3698045
1.3651408
1.3743757
1.3724419
1.3708959
1.3699905
1.3745788
1.3721914
1.3698822
1.3721545
1.3694983
1.3706049
1.3678197
1.3721311
1.3709462
1.3712814
1.3688854
1.3701612
1.3692529
1.3749474
1.3722781
1.3682928
1.370722
1.3728882
1.3725678
1.3742254
1.3669943
1.3717325
1.3678665
1.370815
1.3736429
1.3744946
1.3701226
1.3711526
1.3726276
1.3702955
1.3730997
1.3729465
1.3729979
1.3709065
1.3738725
1.3688548
1.3699399
1.3680065
1.3728555
1.3718919
1.3681266
1.3724262
1.3720052
1.3702191
1.3696322
1.3693743
1.3715665
1.3657256
1.371582
1.374838
1.3751044
1.3682654
1.3704324
1.3750677
1.366122
1.3687603
1.3692272
1.371946
1.3685279
1.3718795
1.3732344
1.3722227
1.3693898
1.3725626
1.3728359
1.3728244
1.3714539
1.3692096
1.3716768
1.3692509
1.3712286
1.3726737
1.3710362
1.3718834
1.3744065
1.3705059
1.3723453
1.365532
1.3694689
1.3691794
1.3688601
1.3672289
1.3711576
1.3715107
1.3706254
1.371571
1.3702909
1.3735313
1.3720664
1.3687057
1.3703527
1.3752154
1.3713969
1.3677737
1.3661994
1.3690189
1.3676264
1.3677422
1.3748236
1.3703073
1.3730912
1.3716134
1.368312
1.3738964
1.3746595
1.3701017
1.3704128
1.3785728
1.3715442
1.3710927
1.3689108
1.3721241
1.3706839
1.373655
1.3724854
1.3740886
1.3676208
1.3693177
1.3728538
1.3697768
1.3715196
1.3671647
1.3733586
1.3658694
1.3698429
1.3723555
1.373881
1.3699116
1.3669021
1.372125
1.3745042
1.3685021
1.3734871
1.3708099
1.3669269
1.374508
1.3686417
1.3756622
1.3712982
1.3682241
1.3726724
1.3689369
1.3743963
1.371674
1.3748765
1.3700662
1.3720379
1.3705198
1.3739369
1.3738942
1.3656032
1.3732398
1.3712835
1.3674814
1.3716974
1.3693209
1.3701544
1.3692833
1.3733717
1.3682563
1.3719401
1.3741369
1.3674731
1.3709269
1.3709129
1.3712481
1.3708235
1.3709707
1.3733922
1.3737739
1.3744671
1.3696604
1.3729116
1.3713001
1.3715726
1.3732258
1.37491
1.3706188
1.3704864
1.373732
1.3741342
1.3755544
1.3702222
1.3683192
1.3732387
1.3710139
1.3727242
1.3754237
1.3712064
1.370657
1.3700434
1.3727634
1.3738834
1.3700308
1.3711427
1.372215
1.3686947
1.3714597
1.3692456
1.3699075
1.3695515
1.3714632
1.3713802
1.3664612
1.3699394
1.3716724
1.3711227
1.3709124
1.3694515
1.371246
1.3731879
1.3677347
1.371533
1.369845
1.3688519
1.3738623
1.3709987
1.3679914
1.3710153
1.3709148
1.3709689
1.3738114
1.3681912
1.371719
1.3677593
1.3718657
1.3658705
1.3727268
1.3704678
1.3681039
1.3672037
1.374491
1.372405
1.3724192
1.3713355
1.3732926
1.3737694
1.3728285
1.3694843
1.3641082
1.3678592
1.3732041
1.3716357
1.3683273
1.370291
1.36984
1.3707554
1.3710432
1.372652
1.3716836
1.3690196
1.3710927
1.3707331
1.3714062
1.3725264
1.3661076
1.368326
1.3698511
1.3713113
1.3717054
1.3758166
1.3708143
1.373487
1.3709953
1.3705503
1.3690156
1.3703521
1.375493
1.3715051
1.3707857
1.3639328
1.3695167
1.3761734
1.3718878
1.3712685
1.3681403
1.3710119
1.3706433
1.3712188
1.3692255
1.3766485
1.3742825
1.3708212
1.367065
1.3687415
1.3675086
1.3692316
1.3708638
1.372186
1.3724658
1.3722492
1.3716584
1.3721093
1.3739988
1.3744228
1.3699178
1.3700173
1.3730592
1.3727823
1.3698317
1.3750448
1.3720744
1.3708086
1.372597
1.3673892
1.3727555
1.3705243
1.3708323
1.3740453
1.3669672
1.3709064
1.3766304
1.3712378
1.3724326
1.3667616
1.3732334
1.3685118
1.3725027
1.3665789
1.3683333
1.3698345
1.3728337
1.3677304
1.3719933
1.3679413
1.373416
1.3708425
1.3740451
1.3680092
1.3723061
1.3726853
1.3698549
1.3709573
1.37231
1.3696221
1.3702294
1.367914
1.3691146
1.3724939
1.3710313
1.3744968
1.3709319
1.3733324
1.3722931
1.3677804
1.3701545
1.37164
1.3652003
1.372362
1.3722805
1.3743557
1.3688025
1.3694466
1.3723809
1.3725792
1.371538
1.3696902
1.3720721
1.3723664
1.3691144
1.371859
1.3685796
1.3712581
1.3727565
1.3708328
1.3702277
1.3762277
1.3748974
1.371434
1.3719372
1.3729355
1.3749083
1.3714756
1.3698465
1.3712806
1.3689041
1.3750976
1.370924
1.3702563
1.3718417
1.3723817
1.3746561
1.3746203
1.3713918
1.3711536
1.3698492
1.3733759
1.3734443
1.3719124
1.371506
1.3706919
1.3715378
1.3729969
1.3707346
1.3742903
1.3752438
1.3711197
1.3731247
1.3695546
1.3727134
1.3725879
1.3705035
1.368666
1.3685223
1.372727
1.3714287
1.373067
1.372187
1.365822
1.369492
1.3680166
1.3723693
1.372499
1.3725598
1.3743899
1.3677608
1.3709974
1.3730879
1.3674682
1.3724388
1.3723385
1.372274
1.36982
1.3753079
1.3725125
1.3685819
1.3694191
1.3709043
1.3725802
1.3733306
1.3758479
1.3685312
1.3688926
1.3709313
1.3700389
1.3719488
1.3760055
1.3731972
1.3728912
1.3738191
1.3719175
1.3710413
1.3683032
1.3712461
1.3714947
1.3709733
1.3718041
1.3712007
1.3690922
1.3750119
1.3709223
1.3701063
1.3743243
1.37168
1.3732129
1.3714876
1.3739266
1.3710939
1.3752766
1.3727832
1.3718398
1.3708572
1.3735024
1.3737135
1.3720684
1.3714699
1.3702432
1.3734955
1.3700489
1.3694793
1.3698078
1.373588
1.3734374
1.371082
1.368135
1.3702228
1.3741803
1.3737417
1.3723745
1.3688078
1.3720737
1.3719344
1.3698505
1.3694139
1.3739105
1.372248
1.3723415
1.3737767
1.3729832
1.3733124
1.3737524
1.3718323
1.3713893
1.3653054
1.3711591
1.372049
1.3686124
1.3717283
1.3708421
1.3731291
1.3714132
1.372926
1.3717248
1.3677686
1.3685732
1.3695339
1.3706166
1.3748364
1.3716129
1.3709759
1.3704332
1.372187
1.3710915
1.37321
1.3739805
1.3731263
1.371667
1.3732806
1.3745369
1.3749117
1.372353
1.371002
1.3729734
1.3708441
1.3673214
1.3649318
1.3701137
1.3745239
1.3707
1.370943
1.3732269
1.3715004
1.3706352
1.3701104
1.373592
1.3724622
1.3700911
1.3711579
1.3725116
1.3699409
1.3689029
1.3690475
1.3659093
1.371039
1.3710198
1.3729545
1.3711627
1.3716882
1.3700087
1.3757805
1.3682369
1.3721596
1.3675755
1.3750492
1.3695755
1.3706819
1.3673043
1.3714637
1.3715726
1.3730857
1.3722422
1.3715199
1.3731381
1.3706677
1.370847
1.3723211
1.3749734
1.3702648
1.3717839
1.3732498
1.3738805
1.3723104
1.3679585
1.3742434
1.3701775
1.3698612
1.3738221
1.3700464
1.3748865
1.3675361
1.371375
1.3759279
1.3714522
1.3742579
1.3707986
1.3750068
1.3706427
1.3728279
1.3701988
1.3757223
1.3706748
1.3719308
1.3735604
1.3723147
1.3728863
1.3681543
1.3708993
1.3740101
1.3699802
1.3715513
1.3717067
1.3711982
1.3722986
1.3723905
1.3692305
1.3679366
1.3700124
1.3671783
1.3736963
1.3725836
1.3712772
1.3704723
1.3708735
1.3695649
1.3734764
1.3736054
1.3732631
1.3715293
1.3692944
1.3718134
1.3722872
1.368861
1.3710513
1.3675674
1.373211
1.3705304
1.3703437
1.3711586
1.3697225
1.3733987
1.3716701
1.3736483
1.374404
1.3676574
1.369721
1.3725039
1.3714501
1.3695518
1.3719561
1.3683748
1.3671886
1.3698679
1.3739542
1.370762
1.3683008
1.3739415
1.369655
1.3733231
1.3685961
1.3705219
1.3708005
1.3698876
1.3739101
1.371322
1.3699955
1.3700666
1.3746973
1.3696895
1.3711977
1.3667696
1.3698723
1.372726
1.3690252
1.3680564
1.369655
1.3735394
1.3727435
1.3729435
1.3700075
1.3729464
1.3696724
1.3719597
1.3728361
1.3718987
1.3754178
1.3739691
1.3696743
1.3698055
1.3689374
1.3731991
1.375165
1.3716956
1.3707243
1.373007
1.3673642
1.3723335
1.3717175
1.3672339
1.3770512
1.3687545
1.3716446
1.3754528
1.3679497
1.3718872
1.3686237
1.3694168
1.3726231
1.372147
1.3713679
1.3737751
1.3719778
1.371541
1.3719945
1.3724517
1.370073
1.3705963
1.3713874
1.3671339
1.3686544
1.3710009
1.3704832
1.3743259
1.3707384
1.371284
1.3728415
1.3673179
1.3744497
1.3716097
1.3722676
1.3690256
1.3701038
1.3710724
1.3667628
1.3694972
1.3693552
1.3732318
1.3694024
1.3686613
1.3733845
1.3698679
1.368303
1.369245
1.3724861
1.3696666
1.3701528
1.3681188
1.36664
1.3715864
1.3686552
1.3748478
1.3697106
1.3713756
1.3735781
1.3690695
1.370382
1.3739086
1.3671554
1.3712451
1.3712927
1.371248
1.3672571
1.3726721
1.3752067
1.3734541
1.3675216
1.3711208
1.3684348
1.3729379
1.3733789
1.3702148
1.370999
1.3674237
1.3676789
1.3724246
1.3684821
1.3657016
1.3704277
1.3696988
1.364993
1.3701247
1.3684279
1.3694817
1.3725353
1.3711256
1.3699267
1.3687035
1.3677611
1.3709728
1.3706002
1.3707418
1.3704938
1.3707316
1.3726513
1.3714222
1.3684558
1.3705665
1.3707012
1.3708636
1.3749304
1.3752056
1.367631
1.3730357
1.3711065
1.3704818
1.372402
1.3677042
1.3683841
1.3677117
1.3685676
1.3700475
1.368747
1.3699261
1.3715729
1.3714576
1.372709
1.3704159
1.3726376
1.3706862
1.3700676
1.3683493
1.3731819
1.3743771
1.3709852
1.3691841
1.3705069
1.3742452
1.3712395
1.3708318
1.3738407
1.3729897
1.3664236
1.3684222
1.3712757
1.3731852
1.3698039
1.3745389
1.3706214
1.3690189
1.3727013
1.3688078
1.3709271
1.369195
1.369792
1.3743244
1.3711098
1.3723059
1.3714463
1.370992
1.3712192
1.3713338
1.3689502
1.37304
1.3692929
1.3724556
1.3730178
1.371426
1.372613
1.3702831
1.3726621
1.3695687
1.3696556
1.371967
1.3714561
1.3709682
1.37333
1.3730317
1.3709769
1.3725859
1.3700113
1.3713565
1.3695235
1.366774
1.3724293
1.3693604
1.3713336
1.3690553
1.3716184
1.3719006
1.3719307
1.3681688
1.3726114
1.3705806
1.3678999
1.3734909
1.3703451
1.3712212
1.3750355
1.3681333
1.3694463
1.3708274
1.3754904
1.3686328
1.3716644
1.3705541
1.3716209
1.3715417
1.3706694
1.3710129
1.3759923
1.370931
1.36574
1.3700914
1.372159
1.3701257
1.3653173
1.3685547
1.3734993
1.3713253
1.3724928
1.3738368
1.3667251
1.3741014
1.3715419
1.3721071
1.3733432
1.3699945
1.3737942
1.3725166
1.3698285
1.3681287
1.365552
1.3703783
1.3742929
1.3679016
1.3742813
1.3726928
1.3682286
1.3697547
1.3675985
1.366344
1.3672032
1.3692528
1.3737093
1.3742868
1.3669724
1.3722658
1.3731952
1.3722954
1.3732985
1.370657
1.3738811
1.3727037
1.3713708
1.3748759
1.3692735
1.3743757
1.3725566
1.3711506
1.3713243
1.3703133
1.3708593
1.371826
1.3712212
1.3718299
1.371137
1.3732057
1.3690121
1.3709464
1.3711652
1.3708848
1.3682353
1.3693291
1.3715866
1.374526
1.3720909
1.3703272
1.3718026
1.3714827
1.3730763
1.3716758
1.3721948
1.3720611
1.3730885
1.3689694
1.3760144
1.3661151
1.3722605
1.370692
1.3753853
1.374264
1.3683546
1.3701011
1.3711208
1.3711758
1.3717293
1.3731574
1.3723801
1.3696934
1.3735212
1.3718455
1.3743861
1.3724966
1.3724861
1.3714585
1.3720794
1.370609
1.3701972
1.366369
1.3714212
1.3689699
1.3723
1.3749603
1.3698092
1.3700298
1.369147
1.3714011
1.3695309
1.370055
1.3736206
1.3735037
1.372311
1.3667104
1.3688897
1.3721712
1.3695748
1.3702015
1.3672031
1.3705504
1.370111
1.3713287
1.3709061
1.3690119
1.3724513
1.3724755
1.3704981
1.3721191
1.368483
1.3732142
1.3700002
1.3697835
1.3722004
1.3701003
1.3752713
1.3721136
1.3718301
1.3706154
1.3702382
1.3669231
1.3743352
1.371253
1.3714889
1.3695178
1.3696635
1.3715073
1.3693627
1.37346
1.3710006
1.3698055
1.3709294
1.3698708
1.3713923
1.3728529
1.3714523
1.372426
1.3699903
1.3706045
1.3731865
1.3714771
1.3725299
1.3705374
1.3709733
1.3696783
1.3677413
1.3719913
1.371339
1.3707975
1.3723292
1.3742542
1.3695413
1.3741584
1.367027
1.3716905
1.3738716
1.3734201
1.3729277
1.3723793
1.371653
1.3715496
1.370142
1.3707929
1.3743501
1.3712432
1.3720298
1.3706696
1.3727115
1.3701127
1.3706459
1.3672789
1.3724136
1.36851
1.3732725
1.3665874
1.3706286
1.3718479
1.370664
1.369613
1.3720497
1.3712819
1.3725339
1.3702896
1.3696123
1.3715748
1.3721329
1.3698822
1.3717039
1.3736129
1.3711271
1.3725383
1.3735253
1.3725196
1.370636
1.369525
1.3726146
1.3731596
1.3735209
1.370162
1.3688726
1.3685492
1.3742164
1.3734956
1.3724128
1.3739427
1.3741815
1.3701128
1.3718232
1.3678939
1.3719387
1.3743709
1.3695831
1.3689239
1.3705595
1.3710451
1.3716805
1.3751258
1.3706576
1.3691522
1.3710583
1.3685585
1.3716654
1.3698624
1.3701527
1.3723637
1.3737766
1.373667
1.3709275
1.3750896
1.374002
1.3692364
1.3737046
1.3741671
1.3723263
1.3701146
1.3666389
1.3708916
1.3681967
1.3710843
1.3707114
1.3721094
1.3703861
1.3717059
1.3717452
1.3704944
1.3726753
1.3713421
1.371552
1.3729562
1.37353
1.3678379
1.3705361
1.372173
1.3727819
1.3686122
1.3724091
1.3733002
1.3658237
1.3722262
1.3732672
1.3710612
1.3705931
1.3694005
1.3694862
1.3710972
1.3686099
1.369023
1.3709846
1.370894
1.3705724
1.3706195
1.3724825
1.3687978
1.3703883
1.3716601
1.3770351
1.3732568
1.3713244
1.3694195
1.3705052
1.3707594
1.3726375
1.3712065
1.368865
1.3737707
1.373663
1.370315
1.371213
1.3719529
1.3693275
1.37011
1.3738089
1.3711865
1.3714412
1.3724443
1.373431
1.3746803
1.3656324
1.3715181
1.3684648
1.3699017
1.3704922
1.3705233
1.3704591
1.373908
1.3727432
1.369495
1.3721443
1.3684694
1.3698189
1.3732499
1.3732811
1.3664261
1.3693928
1.3707112
1.3755951
1.3710539
1.3693496
1.3685627
1.3704554
1.3713454
1.368881
1.3724164
1.3726388
1.373403
1.3723186
1.3717672
1.3693237
1.371211
1.3725728
1.3697877
1.3733174
1.3737906
1.3699566
1.369874
1.3715225
1.3718948
1.3685645
1.3725309
1.3720936
1.3689903
1.3727473
1.3752217
1.3714746
1.3732017
1.3704278
1.3696442
1.3711843
1.3718222
1.3680059
1.3706369
1.3711796
1.3677642
1.36934
1.3684974
1.3664448
1.3742236
1.3699883
1.3671842
1.3681344
1.3719134
1.3710039
1.3780006
1.3686755
1.3726723
1.3728806
1.3657199
1.3714134
1.3692375
1.3708323
1.3680642
1.3704293
1.370119
1.3718886
1.3737476
1.3731819
1.3687851
1.3671402
1.3665775
1.3716173
1.3684711
1.3727294
1.3733416
1.3738046
1.3738791
1.3691305
1.374667
1.3711163
1.3709376
1.3703761
1.3676338
1.3707813
1.3715379
1.3742031
1.3708173
1.365756
1.370052
1.3722819
1.3693106
1.3715526
1.3697873
1.3699474
1.3706675
1.3687899
1.3711698
1.371843
1.3698725
1.3679336
1.368747
1.3717856
1.3717031
1.3691219
1.3685204
1.3738631
1.3757654
1.3724285
1.3702369
1.3694646
1.366686
1.3708386
1.3715692
1.3715329
1.3674129
1.3720189
1.3700606
1.3731455
1.3711017
1.3747753
1.3680944
1.3696431
1.3741717
1.3696746
1.3719665
1.3699423
1.368179
1.372849
1.3727738
1.370706
1.36842
1.3676337
1.3699721
1.3717499
1.3661144
1.3734987
1.3718017
1.3687546
1.3721298
1.3753303
1.3715903
1.3691055
1.3651781
1.3712301
1.3720821
1.3713101
1.3723922
1.3697087
1.3740366
1.3721352
1.3753512
1.3728375
1.368251
1.3707606
1.3707461
1.3727237
1.3685828
1.3723751
1.3653917
1.3711983
1.3741554
1.3701608
1.3760716
1.3716419
1.3714786
1.3720353
1.3698467
1.3697345
1.3716997
1.3709769
1.3732195
1.3742429
1.3738003
1.3726343
1.3746815
1.3728939
1.3717006
1.3738532
1.3698044
1.3725348
1.3665422
1.373201
1.3708177
1.3735739
1.3733747
1.3664745
1.3734154
1.3709983
1.3704473
1.3723502
1.3719935
1.374381
1.3706135
1.368322
1.3717495
1.3697213
1.3709658
1.3698046
1.3680813
1.3686336
1.3701721
1.3732615
1.372752
1.3704734
1.3699299
1.3676841
1.3752323
1.3721757
1.3709109
1.3726344
1.3722925
1.3721749
1.3690886
1.3694702
1.3733906
1.3714964
1.3692839
1.3709896
1.3717911
1.371757
1.3702167
1.3726902
1.372719
1.3703073
1.3711834
1.3696498
1.3720144
1.3731413
1.37157
1.3741049
1.3679789
1.3725238
1.3749797
1.3710308
1.3739628
1.3726974
1.371425
1.3728482
1.3740352
1.3721876
1.3713459
1.3714833
1.3690985
1.3745979
1.3737452
1.3707875
1.3744009
1.3716925
1.3740207
1.3705585
1.3719853
1.3717037
1.3723382
1.3717686
1.3731146
1.3728931
1.3724502
1.3711869
1.3719485
1.3719778
1.373909
1.3721048
1.3711779
1.3743565
1.3682357
1.3708402
1.3710066
1.3733283
1.3741232
1.3716154
1.3723079
1.3750545
1.3688366
1.3704442
1.3699367
1.3732351
1.3746705
1.3696201
1.3743234
1.3751707
1.3706636
1.3725345
1.3718675
1.371018
1.3695927
1.3718328
1.3715223
1.3704469
1.3698691
1.3692695
1.3696651
1.3715566
1.3696283
1.3718685
1.3732688
1.3712792
1.3702883
1.3727924
1.3730377
1.3733301
1.3750073
1.3734875
1.3712043
1.3684037
1.3707412
1.3677161
1.3720363
1.3729196
1.3737801
1.3689748
1.3727217
1.3725411
1.3776951
1.3697815
1.3725569
1.3722205
1.3689699
1.37067
1.3730495
1.371884
1.3697841
1.3713807
1.3731581
1.3727754
1.3733568
1.3727891
1.3703829
1.3652209
1.3708047
1.371932
1.3707523
1.3677486
1.3730832
1.369719
1.3738682
1.3685675
1.3726803
1.3734989
1.3738427
1.3693838
1.368165
1.3722996
1.3687007
1.373232
1.3705072
1.3731545
1.3707818
1.3724043
1.37141
1.3744266
1.3696127
1.3746296
1.3706497
1.3707644
1.368647
1.3731915
1.3715924
1.3701264
1.3701957
1.3717412
1.3705434
1.3720933
1.3706821
1.3686557
1.3735812
1.3757541
1.3708787
1.3739035
1.3730171
1.369888
1.3737993
1.3712282
1.3720063
1.3758248
1.3733348
1.3728
1.3721645
1.3705574
1.3717057
1.3728217
1.3720425
1.3700813
1.3746294
1.3698282
1.3755854
1.3702759
1.3723165
1.3730072
1.3725551
1.3741245
1.3755587
1.3711458
1.3682585
1.3713605
1.3729658
1.370279
1.3728267
1.3728478
1.3719715
1.3707547
1.369272
1.3715416
1.3695625
1.3706554
1.3746852
1.3756784
1.3692964
1.3754548
1.3732252
1.3682463
1.3700783
1.368117
1.3680044
1.3703356
1.3745703
1.370266
1.3759686
1.374238
1.3702439
1.3732468
1.3746226
1.3712746
1.3736373
1.3729043
1.3746009
1.369669
1.3722034
1.3695134
1.3735203
1.3750609
1.3720899
1.3719934
1.375426
1.3705988
1.3744322
1.3768325
1.3692217
1.3724271
1.3725998
1.3747461
1.3721691
1.3694029
1.37113
1.3682486
1.3699789
1.3724931
1.3718942
1.3714678
1.3713187
1.3735013
1.3739452
1.3703071
1.3710825
1.3714182
1.370293
1.3732672
1.3727721
1.3681365
1.3735797
1.3698791
1.3717698
1.3686419
1.3697401
1.3681479
1.3681109
1.3701102
1.367629
1.3709112
1.3721851
1.3759843
1.3735663
1.3709642
1.3714126
1.3763828
1.369261
1.369874
1.3730662
1.3712181
1.3703066
1.3725151
1.373823
1.3716139
1.3716205
1.3724755
1.3742083
1.3729693
1.3689786
1.3726015
1.3719124
1.3671851
1.3674824
1.3725284
1.3756396
1.3739473
1.374363
1.3710415
1.3703665
1.3732833
1.3728639
1.3714018
1.3736086
1.3719773
1.3702942
1.3697401
1.3706328
1.3732876
1.3681197
1.3696127
1.3722894
1.3691474
1.3693957
1.3744358
1.3700451
1.3707925
1.3735389
1.3727014
1.3724144
1.3679589
1.3722866
1.3741783
1.369654
1.3707886
1.3748778
1.3715514
1.3723626
1.3681256
1.373103
1.3669319
1.3730979
1.367479
1.3706661
1.3736829
1.3768164
1.3711195
1.3726355
1.3712744
1.3706702
1.3712642
1.3704376
1.3754746
1.3737701
1.3742394
1.3733224
1.3712275
1.3728884
1.3697884
1.3743651
1.3768129
1.3719476
1.3739572
1.3712436
1.3729928
1.3684124
1.3751065
1.3740243
1.3711401
1.3672718
1.3695045
1.3731256
1.3726008
1.373734
1.3727336
1.3728094
1.367456
1.3745598
1.3724904
1.3710003
1.372753
1.3721755
1.370142
1.368404
1.3699087
1.3694195
1.3725257
1.374979
1.3723086
1.372249
1.3734931
1.3676319
1.3714854
1.3735058
1.3705072
1.3708905
1.3762261
1.3729568
1.3711301
1.3713506
1.3717886
1.3729461
1.364101
1.373613
1.3727909
1.3716977
1.3678911
1.3700961
1.3725249
1.3766457
1.371616
1.3701282
1.36949
1.3696791
1.3751471
1.374058
1.375836
1.3678607
1.3738335
1.3747925
1.3738256
1.3734881
1.3674272
1.369014
1.3721495
1.3735635
1.3707035
1.3740395
1.3717265
1.3698521
1.3716726
1.3723823
1.3687569
1.3700277
1.3688611
1.3751656
1.3744535
1.372102
1.3741769
1.3714905
1.3720045
1.3728595
1.3679738
1.3693404
1.3721808
1.3739362
1.3757536
1.3740082
1.3679994
1.3720785
1.3733557
1.3715626
1.3722334
1.3720713
1.372585
1.3727039
1.3716522
1.3704233
1.3718675
1.3733449
1.3742881
1.3718578
1.374272
1.3744849
1.3693004
1.3698868
1.375633
1.3716477
1.3700277
1.3737091
1.3716362
1.373063
1.3711601
1.3686347
1.373622
1.3701432
1.3762764
1.3733697
1.372131
1.3692288
1.3711193
1.3718495
1.3724462
1.3716369
1.3718346
1.371707
1.3717191
1.3735076
1.3738747
1.3720394
1.3720249
1.3720846
1.3680506
1.3701167
1.3744566
1.3769585
1.3736577
1.370399
1.374447
1.3691453
1.3727088
1.3715729
1.372641
1.3749678
1.372114
1.372277
1.3682096
1.3696814
1.373529
1.3724854
1.3767847
1.3710179
1.3736191
1.3718
1.3717831
1.3738707
1.3709682
1.3725616
1.3743964
1.3739725
1.371459
1.3727905
1.3695078
1.3753002
1.3726763
1.3717355
1.3752879
1.3701203
1.3722037
1.374343
1.3751351
1.3762492
1.3740983
1.3733138
1.3741604
1.3728578
1.3697864
1.3724204
1.3685927
1.3720671
1.3746033
1.3712416
1.3732208
1.3721699
1.3697375
1.3712585
1.3693107
1.3758278
1.3734143
1.3703971
1.3738084
1.3713843
1.3752923
1.3749199
1.3737837
1.3708354
1.3696588
1.3717304
1.3761666
1.3700906
1.3765644
1.3742743
1.3729945
1.3737645
1.3737545
1.3698566
1.3735245
1.368337
1.370562
1.3731279
1.3716155
1.3742125
1.3753191
1.3727144
1.3732529
1.3723885
1.3686142
1.3730739
1.3697689
1.3718488
1.3708196
1.3697292
1.3745486
1.3728696
1.3675964
1.3735285
1.3733467
1.3717722
1.3689795
1.3729895
1.374352
1.3760157
1.3757718
1.3703014
1.3719704
1.3716714
1.3724711
1.3734471
1.36499
1.3730372
1.3714215
1.3749628
1.3734516
1.3757545
1.3732516
1.3712009
1.3746628
1.3722601
1.3751272
1.3696524
1.3748089
1.3742056
1.3735609
1.3718201
1.368071
1.3750975
1.3710562
1.3713787
1.3731904
1.3764011
1.3711663
1.3697021
1.3670464
1.370768
1.3756777
1.3745792
1.3681705
1.3724579
1.3694199
1.372485
1.3751217
1.3737038
1.3730015
1.3711673
1.3703141
1.3729566
1.3727343
1.3747818
1.3732061
1.3736503
1.371954
1.3709345
1.3721852
1.3718752
1.3738331
1.375518
1.3765904
1.3745664
1.3762317
1.3741066
1.3751701
1.3691986
1.3762134
1.3734169
1.3744453
1.3781626
1.3699255
1.3708824
1.3744113
1.3747765
1.3716487
1.3713955
1.3685127
1.3761145
1.3721132
1.3736789
1.3705323
1.3715972
1.3745085
1.3703299
1.3744798
1.369434
1.3748546
1.3703423
1.3732927
1.3730342
1.3715743
1.3724426
1.3743615
1.3747231
1.3743787
1.36975
1.372561
1.3732668
1.3720516
1.3721181
1.3724369
1.3670083
1.3754746
1.3708857
1.3747969
1.3729181
1.3723701
1.375477
1.3749686
1.3732575
1.3760275
1.3708321
1.3760358
1.3707571
1.3731117
1.3738735
1.3767765
1.3705912
1.3720517
1.3759518
1.3755108
1.3714985
1.3716847
1.3722442
1.3722143
1.3726612
1.3721011
1.3761294
1.372448
1.3734623
1.3746028
1.3715479
1.3731982
1.3757991
1.3755316
1.3755211
1.373055
1.3733842
1.3721629
1.3711603
1.3755119
1.3719534
1.3703257
1.3702759
1.3718365
1.375536
1.374302
1.3751898
1.3717402
1.3744103
1.3742908
1.3701161
1.3731184
1.3767565
1.3716421
1.373253
1.3726218
1.3761702
1.3716377
1.3761592
1.3723822
1.3756486
1.368889
1.372919
1.3735965
1.3722397
1.3727901
1.3771213
1.3733248
1.3736925
1.3699174
1.371274
1.3713961
1.3760225
1.3724699
1.372604
1.3739969
1.3774525
1.3713535
1.3771569
1.3737763
1.3715242
1.371206
1.3744096
1.3712801
1.3731941
1.3750296
1.3752241
1.376358
1.3732253
1.3717598
1.3749877
1.372953
1.3714873
1.3686627
1.3722534
1.3735768
1.3715452
1.3731129
1.3728454
1.3744974
1.3731956
1.3711915
1.3723059
1.3770323
1.3717207
1.374075
1.3770449
1.3740835
1.3714303
1.3730487
1.3707132
1.3715813
1.3750472
1.372718
1.3761617
1.3740563
1.3759258
1.3712419
1.3754793
1.3732609
1.3767767
1.3709879
1.372914
1.3730896
1.3730783
1.3717469
1.3743258
1.3722378
1.3729976
1.3737179
1.3711946
1.3736769
1.3732386
1.3756961
1.3741069
1.3725958
1.3727401
1.3724873
1.3725494
1.3771305
1.3748714
1.3737407
1.3727165
1.3730638
1.3719617
1.3735988
1.3706026
1.3765609
1.3739122
1.3707421
1.373511
1.3754812
1.3740975
1.372517
1.375336
1.3726912
1.3741578
1.3742865
1.3737779
1.3750399
1.3730717
1.3729244
1.3761449
1.3716674
1.3755852
1.3760766
1.3746309
1.37734
1.3722783
1.3733234
1.3747659
1.3724191
1.3770102
1.3740854
1.3736458
1.3720683
1.3714707
1.3719676
1.3716949
1.373457
1.3732342
1.3736912
1.3730758
1.3746277
1.3747503
1.372447
1.3732004
1.3733497
1.3743895
1.3735266
1.3710871
1.3720509
1.374953
1.3728919
1.3755298
1.3719176
1.3735791
1.3758645
1.3711879
1.3728694
1.3710446
1.3737336
1.3750963
1.3745158
1.3703363
1.3742764
1.3756624
1.3739313
1.3738488
1.3740968
1.3692726
1.3754785
1.3752421
1.3743508
1.3727033
1.3776617
1.3781614
1.372683
1.3748007
1.3743353
1.3724179
1.373773
1.3781818
1.3730991
1.3742427
1.3753763
1.3733441
1.3730388
1.3751625
1.3745205
1.3751355
1.3738946
1.3748661
1.3718666
1.3711144
1.3719012
1.3695354
1.3762575
1.3728501
1.3749347
1.3747203
1.3699772
1.371923
1.3743186
1.3720154
1.3724124
1.3760111
1.3762814
1.3734107
1.3763616
1.3726722
1.3759203
1.3776051
1.376376
1.3711481
1.3706592
1.372355
1.3773457
1.3737141
1.3719394
1.3702737
1.3740925
1.375641
1.3759419
1.375884
1.3740352
1.3776426
1.3743716
1.3747555
1.3719409
1.3734996
1.3739606
1.3762327
1.3747245
1.3721592
1.3735816
1.3722188
1.3697075
1.3734022
1.3767976
1.3711692
1.3712764
1.3744745
1.3708408
1.37399
1.3727032
1.3724461
1.3734071
1.3747123
1.3750749
1.3757879
1.3754501
1.3730865
1.371377
1.3756915
1.37325
1.3708079
1.3718005
1.371043
1.3732166
1.3774557
1.374823
1.37307
1.374289
1.372076
1.3708801
1.3698573
1.3747567
1.372512
1.3677484
1.3698673
1.3732439
1.3763934
1.37071
1.3753372
1.3707876
1.3708112
1.3691986
1.3729532
1.3737035
1.3707168
1.3762251
1.3721092
1.3757092
1.3789905
1.3745673
1.3718697
1.3662431
1.3713493
1.3723521
1.3714322
1.3719926
1.3701782
1.3776865
1.3717768
1.3766559
1.3748777
1.3751533
1.372457
1.3702637
1.370333
1.3775696
1.3758856
1.3753704
1.3753177
1.3773183
1.3709829
1.3786076
1.372461
1.3745261
1.3734915
1.3711803
1.3702472
1.3767315
1.3770162
1.3736347
1.3750454
1.3765013
1.3743733
1.3726397
1.373777
1.3749275
1.3756588
1.373389
1.3721002
1.3735818
1.372196
1.3745538
1.3766891
1.3724992
1.3720008
1.3738077
1.3742132
1.3745914
1.3726263
1.3755348
1.3752187
1.3748533
1.3752825
1.3748916
1.3689007
1.373963
1.3720937
1.3765883
1.3714085
1.3702495
1.3776864
1.3776846
1.374131
1.373077
1.3745991
1.3685659
1.3744545
1.3728955
1.3742945
1.3735497
1.3751575
1.3771182
1.3724794
1.3718677
1.3772188
