1.6779448
1.4463462
1.3502136
1.295716
1.2663075
1.2582787
1.2572222
1.2584528
1.2560872
1.2566437
1.2572194
1.2562433
1.2545707
1.2539574
1.2543173
1.2553211
1.2534792
1.2530597
1.2522029
1.251389
1.2519643
1.250499
1.250696
1.2494327
1.2503572
1.2498133
1.249373
1.2484964
1.2478946
1.2476361
1.247328
1.2467846
1.2455155
1.2460413
1.2462473
1.2473192
1.2446426
1.2463157
1.2457544
1.2465485
1.243668
1.244717
1.2444907
1.2427254
1.2429321
1.2413573
1.2422194
1.2435486
1.2437681
1.2421869
1.2403847
1.240708
1.2387003
1.2438873
1.2411926
1.2417352
1.2420696
1.2412561
1.2424085
1.2410325
1.2409744
1.2400167
1.2412163
1.2430692
1.2425377
1.2405386
1.241094
1.2420387
1.242476
1.2404588
1.2425374
1.241409
1.24281
1.2443732
1.2426043
1.2430173
1.2440475
1.2431315
1.2454624
1.2436738
1.2450749
1.2439173
1.244212
1.2450719
1.2442509
1.2451054
1.2466893
1.2464327
1.2469428
1.2458693
1.2478527
1.2456036
1.2482766
1.2509823
1.2486048
1.2498114
1.2514244
1.2530335
1.2535815
1.2542944
1.2519324
1.2556335
1.255479
1.2571281
1.25675
1.2574253
1.2612007
1.258696
1.2585448
1.2572298
1.2642057
1.2623111
1.2636595
1.2628139
1.2666754
1.2671034
1.2664722
1.2689666
1.269312
1.2731328
1.2732358
1.2748294
1.2769785
1.2789577
1.2751504
1.2820004
1.2779591
1.2825321
1.2861297
1.2862762
1.2870828
1.2850828
1.2955276
1.2906971
1.2986823
1.296649
1.2955481
1.304294
1.3048819
1.2964603
1.3078637
1.310816
1.3123102
1.3096316
1.3121552
1.3197296
1.3245269
1.3227111
1.3212315
1.3380885
1.3228191
1.3413731
1.3375711
1.3331475
1.342963
1.3516501
1.3487244
1.349802
1.3621578
1.3677346
1.3572661
1.3726648
1.3744999
1.3816614
1.4005365
1.3821491
1.3904637
1.393023
1.3923761
1.3946662
1.403997
1.4154376
1.4117771
1.4100904
1.4163411
1.4146099
1.4091331
1.4147764
1.4254597
1.4172602
1.4152288
1.4058497
1.4084531
1.4030377
1.4045197
1.4020756
1.3997374
1.3998269
1.3985969
1.3955455
1.3963842
1.3959608
1.3902998
1.3864253
1.3928175
1.3972149
1.3959615
1.3948286
1.3957148
1.3925424
1.3963875
1.3955244
1.3899361
1.3909744
1.3966535
1.3919673
1.3938856
1.3947401
1.3931683
1.3909523
1.3975943
1.3917317
1.3934187
1.3954539
1.3929023
1.3941888
1.3924366
1.3873624
1.3925155
1.3943723
1.3899411
1.3915178
1.3906008
1.3958241
1.3935423
1.3892432
1.3903679
1.391935
1.3875047
1.3910435
1.3923965
1.3921137
1.392888
1.3903782
1.3929915
1.3928131
1.3920563
1.3904446
1.3895539
1.3904918
1.38821
1.3919077
1.3913704
1.3925802
1.3932573
1.390319
1.388187
1.3891038
1.3858466
1.388395
1.3911889
1.389488
1.3919555
1.3868263
1.3858119
1.388801
1.3930324
1.3959954
1.387758
1.3869041
1.3873142
1.3821789
1.3884703
1.3942411
1.3889967
1.3864182
1.3847626
1.3903067
1.3871249
1.3859735
1.3864822
1.3872281
1.3840173
1.3830854
1.3892446
1.3859276
1.3926307
1.3882836
1.3964275
1.386036
1.3834344
1.391069
1.386808
1.3839824
1.3872067
1.3895437
1.3902817
1.3852803
1.3868126
1.389433
1.38819
1.3874903
1.3865876
1.3818164
1.3838775
1.3862085
1.3869629
1.3860403
1.3850548
1.3919687
1.3885956
1.3828498
1.3838503
1.3887889
1.3862824
1.3845981
1.3880574
1.386005
1.3827811
1.3861952
1.3843368
1.3869765
1.386758
1.3857191
1.3875141
1.3830522
1.3838975
1.3891206
1.3864396
1.3871616
1.3878542
1.3887657
1.3819798
1.390037
1.3883735
1.384091
1.3864441
1.3892852
1.3850487
1.385286
1.3852673
1.3838562
1.3865492
1.3840579
1.3872232
1.384015
1.3868299
1.3888342
1.3801019
1.3849245
1.3895272
1.3856186
1.3855997
1.3858768
1.3850508
1.385697
1.3846087
1.3828175
1.3848372
1.3884698
1.3860462
1.3830503
1.3806111
1.3774021
1.3862073
1.3864344
1.3804102
1.387069
1.3886613
1.3877287
1.3837714
1.3828121
1.3886557
1.3891195
1.3813368
1.383049
1.3810929
1.380526
1.3864466
1.3810142
1.3870764
1.3839775
1.380963
1.3841472
1.3852075
1.3773417
1.3810841
1.3834244
1.3829753
1.3854144
1.389809
1.3851986
1.3832679
1.3812766
1.382468
1.3802977
1.3853873
1.3843883
1.3829082
1.3828392
1.3802778
1.3833479
1.3807259
1.381465
1.3879665
1.3814005
1.3874099
1.3874184
1.3841656
1.3779324
1.3829792
1.384174
1.3809906
1.3841236
1.3824784
1.3836675
1.3788856
1.3830088
1.3861842
1.3802655
1.3799118
1.3832669
1.3840853
1.3812022
1.3805661
1.3832793
1.3811889
1.3779529
1.3829645
1.3825696
1.3832928
1.3782858
1.3827701
1.3831216
1.3798288
1.3813137
1.3832613
1.3814611
1.3769457
1.3856417
1.3800818
1.3792664
1.3806841
1.3807791
1.3763704
1.3826946
1.3805854
1.38273
1.377861
1.3774124
1.3769717
1.3780649
1.3807636
1.3773152
1.3804734
1.3760754
1.3805923
1.3797255
1.382734
1.380801
1.3785703
1.3786854
1.3786721
1.3830537
1.3770374
1.3831631
1.380806
1.3786601
1.3800745
1.3742027
1.3784897
1.378583
1.3778462
1.3750274
1.3791171
1.38141
1.3789555
1.376336
1.3792267
1.3811702
1.3798043
1.3759192
1.382966
1.3756315
1.3789456
1.3777164
1.3774797
1.3719728
1.380506
1.383902
1.3753077
1.3769282
1.3731146
1.3759606
1.3798624
1.3755382
1.3754871
1.3726535
1.3753699
1.3783967
1.3767301
1.3801476
1.3812785
1.377497
1.3818747
1.3789467
1.3765028
1.3777746
1.3776523
1.3768275
1.3778046
1.3752521
1.3778731
1.3746215
1.3772649
1.3786249
1.3774761
1.3743976
1.3737001
1.3749938
1.3771446
1.3755528
1.3781904
1.3768513
1.3768947
1.379003
1.379138
1.3784169
1.3728837
1.3799506
1.3775669
1.3726346
1.3776946
1.383523
1.3768885
1.3780062
1.3767928
1.378636
1.377127
1.3768467
1.3780886
1.3777351
1.3779782
1.3748492
1.3791056
1.3766966
1.3750335
1.3774474
1.3760866
1.3729633
1.3769504
1.3730274
1.3804599
1.374182
1.3760113
1.3767986
1.3774112
1.3761312
1.3752995
1.3762183
1.3772472
1.3746867
1.3754203
1.3815265
1.3807235
1.3746941
1.3752518
1.3778893
1.3765041
1.3785791
1.3790786
1.3764657
1.3811636
1.3741571
1.3735733
1.3754566
1.376795
1.3737
1.3722459
1.3792014
1.3786129
1.3785125
1.3760314
1.3753843
1.3738998
1.3770232
1.3753445
1.3749094
1.3796929
1.3794775
1.3794848
1.3774617
1.3780895
1.3760971
1.3720185
1.3787128
1.3741217
1.3783642
1.3799198
1.3730221
1.3771414
1.3820449
1.3799258
1.3751942
1.3769907
1.3748217
1.3733703
1.3721226
1.3781465
1.3733912
1.3760705
1.3717991
1.37463
1.3767477
1.3751249
1.3746916
1.3756793
1.3771288
1.3796486
1.3745109
1.3733879
1.3766195
1.3778276
1.3740237
1.3775711
1.3777257
1.3762223
1.375717
1.3724833
1.378297
1.3747137
1.3760225
1.3777915
1.3776432
1.3771912
1.3741102
1.3776795
1.3766624
1.3799577
1.3801762
1.3769987
1.3728377
1.3789318
1.3752184
1.3753685
1.3766254
1.3740085
1.3748554
1.376251
1.3754919
1.3799111
1.3746948
1.3752072
1.3757564
1.3723572
1.3749832
1.3744936
1.3749825
1.3752484
1.3742454
1.3775079
1.3754848
1.3777999
1.3745301
1.3804448
1.3767093
1.3750076
1.3762178
1.3752444
1.3715558
1.3749802
1.3777012
1.3779299
1.3748863
1.374945
1.378595
1.3758141
1.379459
1.3779312
1.3759707
1.377555
1.3771151
1.3759266
1.3770347
1.380428
1.3777368
1.3746622
1.3737231
1.3748783
1.374922
1.3753821
1.3773495
1.3777976
1.3753551
1.3773752
1.3768886
1.3749342
1.3746033
1.377251
1.3754078
1.3711902
1.3766146
1.376654
1.3750529
1.3799149
1.3803822
1.374501
1.3764307
1.3774576
1.3746945
1.3750296
1.3736211
1.3732729
1.3765922
1.3768388
1.3743848
1.3755522
1.3760449
1.3731749
1.372372
1.3721306
1.372783
1.3752567
1.3774576
1.3758595
1.3756737
1.3750955
1.378415
1.3781154
1.3763539
1.375913
1.3782688
1.3785888
1.3778875
1.375177
1.3773515
1.3763323
1.3753929
1.3741702
1.3797668
1.3726927
1.3742431
1.3781801
1.3759807
1.3777851
1.3752661
1.3762285
1.3754058
1.3801706
1.3783665
1.3775448
1.3747306
1.376054
1.3781389
1.3736475
1.3792454
1.3760506
1.3752362
1.3740758
1.3790157
1.3683556
1.3784565
1.3724264
1.3727325
1.3804283
1.373602
1.3803543
1.3763506
1.3792442
1.376075
1.3755745
1.3755808
1.3770207
1.3755635
1.3766127
1.3758352
1.3763272
1.3746386
1.3730769
1.3778424
1.3749816
1.3743185
1.3783083
1.3756794
1.3770955
1.3734874
1.3736296
1.3706911
1.3812329
1.3786083
1.3714556
1.3713264
1.374152
1.37481
1.3791374
1.3754607
1.3744602
1.3722029
1.3758537
1.3761976
1.3736262
1.3750945
1.3712177
1.3761486
1.3728889
1.3782458
1.3767539
1.3740526
1.3734798
1.3767195
1.3771359
1.3736966
1.3761034
1.378692
1.3708204
1.3762947
1.3781095
1.3729515
1.374971
1.374669
1.3733022
1.3731154
1.3771714
1.3762966
1.3785692
1.3762282
1.374798
1.3789862
1.3771552
1.3748605
1.3789161
1.3736572
1.3790437
1.3782964
1.3758999
1.3748198
1.3747339
1.3728467
1.3763282
1.379698
1.3793344
1.3762263
1.37488
1.3732855
1.3784442
1.3788787
1.3764204
1.3712021
1.375954
1.378753
1.378929
1.3746493
1.3762316
1.3765984
1.3801792
1.376655
1.3775442
1.3776315
1.375973
1.378326
1.3774573
1.3727658
1.3784587
1.3727274
1.3748299
1.3749977
1.3764647
1.3818718
1.3766545
1.3733854
1.3719821
1.3795515
1.3724191
1.3742348
1.3777869
1.3774643
1.3754265
1.3757975
1.3746517
1.374012
1.3765821
1.3751509
1.3756253
1.3801107
1.3796002
1.3791488
1.3771367
1.3771124
1.3751929
1.3804321
1.3774217
1.3777157
1.3779461
1.3764536
1.3775649
1.3766658
1.380249
1.380602
1.3793044
1.373538
1.3778448
1.3744904
1.3781246
1.3747828
1.3759478
1.37709
1.3761303
1.3766364
1.3830796
1.3779948
1.3742747
1.3787328
1.3784392
1.377451
1.3804407
1.3757772
1.377277
1.3777094
1.3795744
1.3815196
1.3823556
1.3780731
1.3815582
1.3725637
1.3751345
1.3802443
1.3736217
1.3718075
1.3765575
1.3812579
1.3770081
1.375567
1.372681
1.3762896
1.377737
1.3759803
1.3766153
1.3770539
1.3785511
1.3769763
1.3786186
1.3782972
1.3741175
1.3818985
1.3752508
1.3753473
1.3777928
1.3775388
1.3781123
1.3767481
1.3746284
1.3778117
1.3737549
1.3774799
1.3778461
1.3809296
1.3804052
1.3805481
1.3803943
1.3785055
1.3799471
1.3824412
1.3791205
1.3741604
1.3795261
1.376823
1.3804868
1.3806885
1.3793058
1.381396
1.3776922
1.3833647
1.3764874
1.3753124
1.3800464
1.3788868
1.3792952
1.3812107
1.3784024
1.3839498
1.3807046
1.3797992
1.3786573
1.377157
1.3734547
1.3820044
1.381574
1.3820573
1.3805723
1.3774277
1.377401
1.3783325
1.3772978
1.3817189
1.3806082
1.3788824
1.3779594
1.3746675
1.3814722
1.377098
1.3747915
1.3797523
1.3789774
1.3793427
1.3766509
1.3795217
1.3832445
1.3769875
1.3776085
1.3790627
1.3754368
1.3799349
1.3771857
1.380607
1.3760973
1.3777764
1.3822399
1.3789076
1.3807611
1.3809656
1.3806303
1.3786843
1.3779999
1.3770643
1.3854382
1.3811138
1.3807304
1.3804246
1.3789412
1.3801018
1.3801473
1.3811637
1.3831537
1.3832742
1.3805505
1.3828694
1.3837588
1.3768952
1.3853362
1.3787054
1.3802658
1.3803514
1.381023
1.3794932
1.3809435
1.3828597
1.378409
1.3787689
1.3781556
1.3800049
1.3835227
1.381124
1.3837132
1.384676
1.378356
1.3807951
1.3736213
1.3812884
1.3807392
1.3816097
1.3784642
1.3776907
1.3775092
1.3852978
1.3782308
1.3776865
1.379851
1.3798792
1.3836429
1.3793732
1.3772652
1.3787872
1.3804562
1.3821559
1.380819
1.3808992
1.3814869
1.3757282
1.3838866
1.3829304
1.3856522
1.381572
1.3761591
1.3832997
1.3810215
1.3838887
1.3814929
1.3839507
1.3801668
1.3775727
1.3771437
1.3795023
1.3818474
1.3831278
1.3817905
1.3818272
1.386829
1.3817277
1.3798059
1.3842345
1.3819375
1.3841487
1.3807669
1.3823731
1.382255
1.3816285
1.3815693
1.3828278
1.3851199
1.379696
1.3817617
1.3824
1.3781214
1.3792937
1.3822457
1.3828672
1.3781878
1.3834614
1.3814205
1.3812034
1.3827155
1.3834192
1.3817879
1.3838528
1.3833883
1.381062
1.3784214
1.3843096
1.3840338
1.382757
1.3804411
1.3866826
1.3842254
1.3836056
1.3840036
1.3815364
1.3849217
1.3838302
1.3848326
1.3820912
1.3797549
1.3811611
1.3847327
1.3803661
1.3792052
1.3816316
1.3843472
1.3827713
1.3823975
1.3858724
1.3862141
1.3865668
1.3821052
1.3832873
1.3843791
1.3872074
1.387734
1.3834925
1.3810664
1.3881339
1.382344
1.3852336
1.3827239
1.386897
1.380852
1.3871737
1.3873109
1.3843708
1.3874992
1.3840525
1.381539
1.3856726
1.3828443
1.3833157
1.3900036
1.3865741
1.3812065
1.379882
1.3804743
1.384724
1.3854696
1.3845882
1.3861562
1.3808508
1.3891897
1.3834498
1.3854845
1.3819252
1.3812395
1.3860104
1.3835578
1.3826836
1.3864838
1.3815107
1.3839452
1.3866524
1.3843212
1.3853964
1.382508
1.385668
1.3813636
1.3813744
1.3834493
1.3855637
1.3847151
1.3867102
1.3869241
1.3835446
1.3862089
1.3842312
1.3823601
1.3866458
1.3918841
1.38467
1.3847737
1.3846942
1.388146
1.387736
1.3863732
1.3908758
1.3840857
1.3830906
1.3845162
1.381651
1.3827686
1.3907588
1.385717
1.3902781
1.3841009
1.3820587
1.3792058
1.386801
1.3857476
1.3868613
1.3854935
1.3860198
1.3910627
1.3893341
1.3834666
1.3879017
1.3815651
1.3873305
1.3846445
1.3928301
1.3881085
1.3843801
1.3875169
1.3834219
1.3802149
1.3900485
1.385771
1.3849558
1.3855338
1.3851688
1.3875965
1.3840876
1.3852806
1.3870631
1.3833759
1.3876947
1.3835028
1.3822883
1.3856394
1.3891722
1.3853749
1.3788319
1.3834435
1.3880004
1.3924308
1.3844652
1.3822167
1.3873057
1.389598
1.386525
1.3890408
1.3886131
1.3861393
1.3825392
1.3866884
1.3844434
1.3930782
1.3852345
1.3878897
1.3875048
1.3822123
1.3877004
1.3896767
1.3910958
1.3919481
1.3892838
1.3810502
1.3885651
1.3877841
1.3920827
1.3837887
1.3844868
1.3855387
1.3889078
1.3857551
1.388505
1.3888566
1.3877484
1.3896369
1.3889804
1.3867661
1.3862425
1.3873609
1.3908768
1.385001
1.3900802
1.3882834
1.3906373
1.3898946
1.3909155
1.3872529
1.388208
1.3933104
1.3894641
1.3869455
1.3861188
1.3906362
1.39092
1.3922287
1.3913243
1.3926847
1.3894373
1.3895142
1.3909117
1.3928932
1.3881319
1.383933
1.3901073
1.3917089
1.389921
1.3896183
1.3907554
1.3904098
1.3943796
1.3865389
1.3926507
1.3879229
1.3882937
1.3882473
1.3879328
1.386084
1.3887644
1.3899926
1.3839573
1.3903747
1.3854198
1.3879157
1.3937548
1.3897212
1.3905662
1.3899027
1.3912792
1.3847462
1.3866524
1.389297
1.3919543
1.3987455
1.3912184
1.3926395
1.3867497
1.3872272
1.3907793
1.3898456
1.3912029
1.3900342
1.3932475
1.3929117
1.3918124
1.3914781
1.386043
1.3932456
1.3921028
1.3909498
1.3888315
1.3917863
1.3909183
1.3875844
1.3887444
1.3867546
1.3931774
1.3913525
1.391677
1.3935683
1.3931277
1.3907117
1.3877286
1.3914975
1.3851794
1.3904434
1.3962259
1.391414
1.3957574
1.3899292
1.3934604
1.3912224
1.3867271
1.3866197
1.3902684
1.3890302
1.3894761
1.387587
1.3916333
1.3924947
1.3892578
1.3880007
1.3955092
1.3886067
1.3907315
1.3874325
1.3934717
1.3871762
1.3861154
1.3885483
1.3952926
1.3903456
1.3969336
1.3918829
1.3923393
1.390279
1.3864971
1.3907373
1.3933407
1.3920257
1.390212
1.3933839
1.392301
1.3909775
1.3923146
1.3909318
1.3921537
1.3910419
1.3947668
1.3925741
1.3859574
1.3904634
1.3888642
1.3919889
1.3914013
1.3898147
1.393738
1.3947973
1.3929077
1.3843819
1.3940822
1.3897117
1.3926522
1.3913069
1.3927867
1.3935568
1.3963175
1.3946729
1.3899026
1.3840762
1.3933523
1.3952879
1.3922309
1.3937557
1.3916725
1.392577
1.3884096
1.3889837
1.3961719
1.3911171
1.3928179
1.391271
1.3912191
1.3909562
1.3950342
1.3905698
1.3929803
1.3920726
1.3945152
1.3953396
1.3935899
1.3910683
1.3920902
1.393375
1.3901157
1.3926662
1.3914404
1.3921221
1.3932987
1.3945888
1.3901107
1.394319
1.3938296
1.3893703
1.3935524
1.392745
1.394105
1.3939534
1.3890835
1.3909307
1.3971177
1.3940927
1.3928336
1.3930852
1.3962407
1.3930744
1.3926998
1.3923944
1.3900135
1.3943406
1.3904884
1.3959036
1.3914436
1.3921764
1.3894455
1.3924943
1.3968178
1.3913643
1.3931049
1.393193
1.3898624
1.394749
1.3916895
1.3910279
1.3879173
1.39847
1.3929456
1.3939689
1.3918688
1.393104
1.3923484
1.392945
1.3919392
1.3965375
1.3925519
1.3950679
1.393031
1.3927711
1.3888932
1.3955407
1.3985891
1.3940283
1.3925513
1.3892695
1.3872148
1.39263
1.397568
1.3913654
1.3952217
1.3940572
1.3894008
1.3908395
1.3918439
1.3928984
1.389357
1.394788
1.3938673
1.3954014
1.388028
1.3901436
1.3909508
1.3976372
1.3918959
1.3923079
1.3915023
1.3947284
1.3917413
1.3901513
1.3930159
1.3945946
1.3923458
1.3913863
1.3907642
1.3948145
1.3932686
1.3918756
1.3875276
1.3905411
1.3931886
1.390511
1.3927642
1.3938404
1.3878618
1.3952082
1.3957038
1.3942989
1.3900677
1.390165
1.387126
1.3893249
1.3890349
1.3940231
1.3950682
1.3894129
1.388559
1.3973665
1.3912407
1.3930132
1.3917123
1.3891592
1.3925534
1.3891274
1.3889859
1.39496
1.3931094
1.3916392
1.3943434
1.3937014
1.3879569
1.3894447
1.3952358
1.3933992
1.390331
1.3899965
1.3977028
1.3922808
1.3896495
1.3899462
1.3927706
1.3956779
1.3909893
1.3919526
1.3923664
1.3914956
1.3941659
1.3919543
1.3925155
1.3925536
1.3935694
1.3898345
1.3910685
1.3928944
1.3914553
1.3927482
1.3904883
1.3961408
1.394844
1.3915249
1.3952106
1.3925809
1.3979721
1.3956044
1.392752
1.3888713
1.3884802
1.3927081
1.3927723
1.3889036
1.3923026
1.3930775
1.3963218
1.394792
1.3970647
1.3954502
1.3916794
1.390076
1.3908547
1.3911071
1.3912839
1.3948945
1.3945712
1.3917559
1.3901627
1.3920711
1.393882
1.3925192
1.3916687
1.390101
1.3910067
1.3935974
1.3899356
1.3897294
1.3924176
1.3904556
1.3962599
1.3950138
1.3986311
1.3898954
1.3896589
1.3907015
1.3901067
1.3898809
1.395868
1.3902125
1.3944296
1.39155
1.3934461
1.3918079
1.3955327
1.3947524
1.3924766
1.3908123
1.3939834
1.390726
1.3923216
1.3924053
1.3917919
1.3854051
1.3956202
1.3935148
1.393299
1.3908824
1.3939066
1.3901256
1.3954139
1.3887204
1.3925682
1.3961463
1.3929466
1.3949679
1.3914309
1.392559
1.3920537
1.393169
1.3937936
1.3883972
1.3911835
1.3931412
1.392511
1.3921245
1.3905449
1.3927373
1.3917161
1.395799
1.389769
1.3925246
1.3902869
1.3979093
1.3915277
1.391846
1.3925647
1.391876
1.3973787
1.396266
1.3929622
1.390187
1.3949106
1.3925003
1.3973546
1.3920755
1.3911036
1.3897793
1.3913606
1.3916113
1.3875779
1.3913488
1.390303
1.3952494
1.3920132
1.3914574
1.391076
1.3908725
1.3880405
1.3946793
1.3868631
1.394086
1.3908032
1.387695
1.3905909
1.3922778
1.388817
1.3913095
1.394438
1.3913152
1.392432
1.3925729
1.3900543
1.3970393
1.3884526
1.3889593
1.392364
1.3892775
1.3909912
1.3864362
1.3952385
1.3928032
1.387554
1.3866428
1.3921957
1.3875152
1.3888584
1.3932714
1.3923845
1.39528
1.3921803
1.3913538
1.3903755
1.3962387
1.391009
1.3928729
1.3891836
1.3942356
1.3997164
1.3869846
1.3926102
1.3946466
1.3932604
1.3918566
1.3927709
1.3945754
1.386765
1.3885518
1.3915752
1.3945112
1.3946561
1.3920794
1.3925364
1.3945435
1.3916552
1.3925464
1.3950863
1.3933009
1.3949775
1.3907652
1.3866464
1.3940263
1.3904612
1.3876425
1.3892143
1.3876405
1.3884543
1.387013
1.3932769
1.389934
1.3909966
1.3858998
1.3936657
1.3901879
1.389615
1.39286
1.3964683
1.3918091
1.390755
1.3924994
1.3914372
1.3904866
1.3913387
1.3920518
1.3872544
1.3875806
1.3884412
1.3897785
1.3883187
1.3920326
1.3898314
1.3912061
1.3891509
1.3839445
1.3919177
1.3911053
1.3895553
1.3908252
1.3905107
1.3807799
1.3916212
1.3904696
1.3940297
1.3912729
1.3911247
1.3924718
1.3933262
1.3883198
1.3897063
1.3919936
1.3900551
1.3920192
1.3914506
1.3963755
1.3873668
1.3880647
1.392614
1.3883066
1.3896884
1.3862369
1.3923717
1.3928666
1.3910298
1.3857578
1.3902192
1.3943357
1.3848013
1.3913654
1.387647
1.3937966
1.3876307
1.3892211
1.3933012
1.3897638
1.3916628
1.3913889
1.392078
1.3887678
1.3918736
1.3904617
1.3914875
1.3930554
1.3902069
1.3979771
1.3919538
1.3930593
1.3862886
1.3886582
1.3897103
1.3898034
1.38862
1.3919638
1.391977
1.3865803
1.3906444
1.3798729
1.39043
1.3909866
1.3870966
1.3881701
1.3894581
1.3864967
1.39038
1.39293
1.3884466
1.3911932
1.3899076
1.3877718
1.3865691
1.3883445
1.389433
1.391584
1.3870096
1.3874744
1.3870211
1.3928522
1.3894013
1.390493
1.3883398
1.3937407
1.3914902
1.3914853
1.3919009
1.3824445
1.3921188
1.387152
1.3883191
1.3926779
1.3908199
1.3930166
1.390464
1.3920155
1.388355
1.3927414
1.3895931
1.3896158
1.3866034
1.391797
1.3899486
1.3896216
1.3912785
1.3897187
1.3888686
1.3941215
1.3869308
1.3865864
1.3865575
1.3892187
1.3897657
1.3887674
1.3941951
1.3951656
1.3915645
1.387116
1.3867812
1.3865536
1.3912404
1.393613
1.3870851
1.3929875
1.3897641
1.393843
1.3847377
1.3927823
1.395166
1.3886656
1.3927565
1.3894318
1.3914882
1.3885714
1.390177
1.3906876
1.3865393
1.3864212
1.3919508
1.3884023
1.3891001
1.3929968
1.3858895
1.3897176
1.3902373
1.386039
1.3912221
1.3876578
1.3879304
1.3932079
1.3902843
1.386319
1.3900726
1.3894415
1.3866541
1.3895322
1.3853803
1.3921412
1.3876398
1.3899181
1.3902102
1.3876634
1.3913529
1.3892437
1.3932958
1.3905425
1.3857424
1.3864862
1.3945569
1.3875164
1.3855752
1.3910041
1.3888216
1.3882035
1.3885425
1.3876365
1.3912497
1.3900871
1.3888955
1.3890427
1.3868175
1.3864775
1.386657
1.3902565
1.390515
1.3908188
1.3868737
1.3881893
1.3892292
1.3877163
1.3907306
1.3911499
1.388184
1.3874563
1.3948652
1.390893
1.3900167
1.3890117
1.3898841
1.3852729
1.3916451
1.3911952
1.3878834
1.3855032
1.3877543
1.3868114
1.3886563
1.3924927
1.3865749
1.3893808
1.3879976
1.3908396
1.3918025
1.3867006
1.3923616
1.3898505
1.3853707
1.3896549
1.3865153
1.3909326
1.3886598
1.3898597
1.3862975
1.3886319
1.3873835
1.3892629
1.3927737
1.3921459
1.3886696
1.3858652
1.3865504
1.3943017
1.3853307
1.3904215
1.3841119
1.3879571
1.3887701
1.3844652
1.389178
1.3880275
1.3852484
1.3856121
1.3901677
1.389799
1.3894529
1.3818469
1.3914496
1.3898921
1.39127
1.3826264
1.3903631
1.3889335
1.3869424
1.3888433
1.3892844
1.3859369
1.3866099
1.3880378
1.3866272
1.3892391
1.3893055
1.3896624
1.3862301
1.390388
1.3852991
1.3867458
1.3860602
1.3892096
1.3873733
1.3914257
1.3908485
1.38769
1.3909732
1.3886919
1.3903052
1.3902595
1.3884698
1.3895272
1.3893086
1.3857349
1.3861552
1.3847773
1.3885292
1.3941611
1.3885106
1.3861177
1.3877655
1.3857393
1.388992
1.3884412
1.3913482
1.3845458
1.3844334
1.3874027
1.3895502
1.3891708
1.3844646
1.3865428
1.3859013
1.388859
1.390566
1.387482
1.3911977
1.3929229
1.3898125
1.3888911
1.3882866
1.3908135
1.3860428
1.3923659
1.3903602
1.3851719
1.3859307
1.3873262
1.3886442
1.388613
1.3866625
1.3878982
1.3893644
1.3889464
1.3906422
1.3883976
1.385766
1.3883244
1.3858001
1.3865898
1.3834006
1.3902309
1.3876293
1.3869156
1.3906285
1.3811243
1.3904228
1.3902974
1.3861576
1.3864716
1.3897415
1.3893005
1.3863033
1.3891109
1.3938962
1.3883811
1.3899251
1.3836418
1.3869715
1.3900203
1.3850756
1.389968
1.3890316
1.3874872
1.3868746
1.3868755
1.3892708
1.3902467
1.3870453
1.3895214
1.3903451
1.3890082
1.3860064
1.3853071
1.3809291
1.3867494
1.386421
1.3907118
1.3871392
1.3870558
1.3913126
1.3867998
1.3899466
1.3858073
1.3864616
1.3892802
1.387496
1.388877
1.384961
1.3833903
1.3835089
1.3899187
1.3840522
1.3877783
1.3900518
1.3883663
1.3872733
1.3863217
1.3866351
1.3873874
1.386
1.3856945
1.389056
1.3914948
1.3913327
1.3849787
1.3911104
1.388683
1.3877479
1.3849788
1.3880999
1.3868835
1.3887799
1.3912846
1.3923663
1.3873711
1.3927466
1.3892632
1.3882233
1.3842225
1.3879805
1.3823283
1.3912069
1.3888077
1.3889441
1.3787886
1.387784
1.3905103
1.388883
1.390542
1.386775
1.387744
1.3877238
1.3887643
1.3859822
1.3863821
1.3918073
1.3885583
1.3876543
1.3905469
1.3865391
1.3853607
1.3845872
1.3884007
1.3897189
1.3902674
1.3896426
1.387753
1.3860552
1.3897295
1.3888456
1.3857481
1.3869537
1.3844572
1.3889142
1.3871104
1.3875557
1.3872023
1.3905834
1.3860795
1.3904184
1.3893744
1.3838637
1.3866341
1.3855201
1.3908548
1.3852234
1.3902892
1.3875073
1.3848119
1.3887182
1.3872423
1.3908938
1.388378
1.3857151
1.3853186
1.3894898
1.3876102
1.3867526
1.3846401
1.3886341
1.3886019
1.387565
1.3881413
1.3863999
1.3900702
1.3883778
1.387262
1.3831729
1.3885908
1.3872819
1.3915269
1.3895159
1.3856015
1.386947
1.389068
1.3847696
1.3888311
1.3845525
1.3871943
1.3898867
1.3862089
1.385302
1.3835083
1.3878025
1.3841401
1.384971
1.3885812
1.3880959
1.3867874
1.3894467
1.3859744
1.3886166
1.3865873
1.3865134
1.3938556
1.3894459
1.3884212
1.3880858
1.3859876
1.3845987
1.3923781
1.3861064
1.3824776
1.387643
1.3876854
1.3891433
1.3880312
1.3892729
1.3907231
1.387695
1.3869251
1.3863802
1.386661
1.3894914
1.3859142
1.386576
1.3887041
1.3884847
1.38649
1.3860395
1.3879848
1.3833133
1.3869982
1.3864717
1.3869803
1.3883667
1.3854634
1.3852077
1.3821325
1.3825974
1.3873148
1.3874172
1.3868622
1.3820317
1.3920982
1.3892912
1.3886067
1.3885158
1.3875221
1.3861736
1.3840795
1.3877015
1.3877686
1.3843161
1.3839855
1.3871908
1.3831472
1.3891544
1.3851031
1.391903
1.3901306
1.3890197
1.3876129
1.3889289
1.3863049
1.3879274
1.3872156
1.3863436
1.383656
1.387979
1.3880837
1.387832
1.3875641
1.3892958
1.3858815
1.3851368
1.3912148
1.3863887
1.386839
1.3870522
1.3895241
1.3902617
1.3836316
1.3854487
1.3875431
1.3847742
1.3828491
1.386445
1.3889488
1.3860515
1.3833432
1.3833212
1.3855951
1.3879191
1.3853369
1.3861005
1.388258
1.3892233
1.3902243
1.3874034
1.3878704
1.3853804
1.3856038
1.3896424
1.3826697
1.3866282
1.3873668
1.3816525
1.382373
1.3877462
1.3871794
1.37962
1.3839356
1.3854345
1.3891517
1.3856246
1.3851031
1.384305
1.3846828
1.3864971
1.3835367
1.3850547
1.3840109
1.3856617
1.389727
1.3868824
1.3861648
1.3870672
1.3812375
1.3835325
1.3891897
1.3845742
1.389341
1.390178
1.3877554
1.3900151
1.3844144
1.3853123
1.3891083
1.3840834
1.3831719
1.3888311
1.3871017
1.3870435
1.3882145
1.3870245
1.3869548
1.3852798
1.385245
1.3874882
1.3874655
1.3866181
1.385816
1.386808
1.384996
1.390282
1.3876874
1.3873669
1.3867363
1.3842459
1.3855063
1.3886065
1.3893912
1.385699
1.3888273
1.3939142
1.388629
1.3837824
1.3877405
1.3819679
1.3843423
1.3872455
1.3860949
1.3848526
1.3851953
1.3875021
1.3834677
1.3837856
1.3859
1.38516
1.3861941
1.3868856
1.390614
1.3833588
1.3926308
1.3842382
1.3860793
1.3867812
1.3841949
1.3840805
1.3850882
1.3851469
1.3874754
1.3856369
1.385483
1.3876479
1.3885922
1.3858968
1.3880696
1.3821498
1.3883696
1.3856891
1.3865827
1.3880434
1.3888301
1.3891973
1.3856536
1.3871049
1.387179
1.3847753
1.3853129
1.3814677
1.3867358
1.3889654
1.3852708
1.3842578
1.3886747
1.3824593
1.3856167
1.389595
1.389496
1.3893601
1.3863739
1.389047
1.3850657
1.3870256
1.3864685
1.3874221
1.385783
1.3845403
1.3873663
1.382214
1.3837306
1.3873763
1.389099
1.3834213
1.3866426
1.3902355
1.3869768
1.3847028
1.3898747
1.3868126
1.383087
1.3835955
1.382211
1.3848742
1.3848276
1.3887309
1.3867388
1.3835012
1.3878961
1.3887818
1.3883995
1.386928
1.3841877
1.3873047
1.3857101
1.3837535
1.3871378
1.3812351
1.3834323
1.3845702
1.3861578
1.3843023
1.3877932
1.3894657
1.3939146
1.3911179
1.3880954
1.3863225
1.3853682
1.380423
1.3850604
1.3870261
1.3845371
1.387548
1.3860799
1.3863314
1.3850974
1.3876886
1.3817759
1.3854141
1.3881055
1.388344
1.3879241
1.3885633
1.3839625
1.3880229
1.3880305
1.384802
1.3890955
1.3827326
1.3871664
1.3872072
1.3867595
1.3852737
1.3851206
1.3901854
1.3850018
1.3832341
1.3847821
1.3889543
1.3852131
1.3838612
1.3842828
1.3825966
1.3858908
1.3902924
1.3872331
1.3863208
1.387201
1.3836435
1.3849251
1.3895407
1.3883117
1.3862082
1.3837357
1.3885422
1.3833481
1.3846309
1.3810501
1.3881269
1.3865421
1.3889159
1.3882725
1.3864889
1.387755
1.3855555
1.3879571
1.3825859
1.3870162
1.3911704
1.3895447
1.3874327
1.3911505
1.388071
1.385257
1.3860883
1.389073
1.3866425
1.3877274
1.3888706
1.387089
1.3856051
1.3860804
1.3872135
1.3854653
1.3859247
1.3812637
1.3842795
1.3879423
1.3812251
1.3883353
1.3856329
1.3872925
1.3825455
1.3868462
1.385728
1.3872124
1.3824364
1.3865192
1.3823593
1.38565
1.3893412
1.3823916
1.3850062
1.3873085
1.3880674
1.3873935
1.391162
1.3900965
1.3862011
1.3842188
1.385679
1.3848629
1.3869183
1.3886976
1.3837334
1.3885206
1.3855683
1.3817573
1.382683
1.3851397
1.3876954
1.3883967
1.3890722
1.3844019
1.3848953
1.3876913
1.3877199
1.388972
1.3874799
1.3866785
1.3840119
1.3811146
1.3854693
1.3900745
1.3859434
1.3860518
1.3902376
1.3825481
1.3907635
1.3867959
1.3857367
1.3908011
1.3833328
1.3848553
1.3836737
1.383683
1.3810738
1.3861005
1.3859938
1.3852594
1.385353
1.3836585
1.3852466
1.3893429
1.3861202
1.3870147
1.3860697
1.3899924
1.3858582
1.3879696
1.3849876
1.3880863
1.3860658
1.3847462
1.3864967
1.3873812
1.3870119
1.3861673
1.3877736
1.3853203
1.3819448
1.3906258
1.3814001
1.3858285
1.3869671
1.3855805
1.3867438
1.3894318
1.3835387
1.3849862
1.3845099
1.3879689
1.3869523
1.3868057
1.3890634
1.3863192
1.3877223
1.3847678
1.3881632
1.3848307
1.3852751
1.3885628
1.3871073
1.3845485
1.3862036
1.3833227
1.386587
1.3842179
1.3857511
1.3842381
1.3835448
1.3882225
1.3808068
1.3852102
1.3833485
1.3836973
1.3798517
1.3830354
1.3835522
1.385053
1.3857762
1.3871006
1.3881344
1.3851955
1.3840107
1.3874031
1.3887987
1.388187
1.389282
1.3854889
1.3853425
1.3858082
1.3816843
1.3867328
1.3840506
1.3862894
1.3785262
1.3868594
1.3886107
1.3849511
1.3843578
1.3864722
1.3843197
1.3861089
1.384052
1.386747
1.3858035
1.3892946
1.3870895
1.3871992
1.393427
1.3849236
1.3880812
1.3823432
1.3843408
1.3794725
1.3873357
1.3897551
1.3851169
1.3868477
1.3879322
1.3893298
1.3862532
1.3873485
1.3874345
1.3876019
1.383299
1.38624
1.386705
1.3866261
1.384221
1.3858606
1.386735
1.3853277
1.3839718
1.3873025
1.3844734
1.3853948
1.3835096
1.3801163
1.3830289
1.3890535
1.3871167
1.3828225
1.3846221
1.385934
1.3884155
1.3846377
1.3899343
1.3825383
1.3876995
1.3864136
1.3819302
1.3818172
1.384401
1.3892764
1.3899388
1.3857671
1.384913
1.3838682
1.3867959
1.3859625
1.3881476
1.383034
1.390398
1.3849725
1.3827333
1.3853691
1.3874763
1.3862377
1.3857017
1.3865626
1.390001
1.3865448
1.3887796
1.3834759
1.3891833
1.3927062
1.3862052
1.3839895
1.3840593
1.3884712
1.3887216
1.3875318
1.3891896
1.3890188
1.3918983
1.3860859
1.3902558
1.385348
1.3853852
1.3870572
1.3863579
1.3829716
1.3847297
1.384345
1.3875384
1.3879858
1.382005
1.3844761
1.3875377
1.3881972
1.3824581
1.388352
1.3886033
1.3879578
1.3850306
1.387673
1.3869454
1.3858304
1.3860295
1.3855538
1.3850113
1.3831879
1.3874019
1.3856114
1.3882122
1.3851624
1.3876637
1.3839284
1.3863089
1.3882867
1.3863611
1.387475
1.3856018
1.3878202
1.3850602
1.3845824
1.3863267
1.3829694
1.3839216
1.3881565
1.3848492
1.3852595
1.3848344
1.3867192
1.3816079
1.3859326
1.386367
1.3874105
1.3885285
1.3833542
1.3873702
1.3881366
1.3854543
1.3888363
1.384911
1.3824415
1.3901241
1.3827446
1.3882136
1.3866936
1.3843904
1.3852087
1.3821208
1.3843791
1.3834445
1.3854942
1.3833921
1.3842851
1.3889247
1.3870295
1.3852905
1.3866583
1.3851459
1.390493
1.382705
1.3898771
1.3874825
1.3851955
1.3828441
1.388798
1.3850979
1.3853371
1.3871964
1.3864577
1.3852017
1.3827022
1.3878179
1.3897861
1.387077
1.3838476
1.3869753
1.3832611
1.390226
1.3880352
1.387108
1.3878642
1.3873544
1.3831832
1.3861718
1.3834121
1.3872782
1.386256
1.3848306
1.3853813
1.3841605
1.3871458
1.386915
1.3827921
1.3850565
1.3849288
1.3877872
1.3855867
1.3925776
1.3818401
1.3870949
1.3871298
1.3860582
1.3885475
1.3865799
1.3851064
1.3861246
1.3872975
1.38481
1.3899283
1.3854843
1.3856192
1.38644
1.3840704
1.3881748
1.3853513
1.3876327
1.3816566
1.386723
1.3878716
1.3865769
1.3892822
1.388222
1.3843604
1.391083
1.3884298
1.3864418
1.3858284
1.3869004
1.3887721
1.3864177
1.385754
1.3865672
1.3863643
1.3880795
1.3851826
1.3893024
1.3880675
1.3814383
1.3859239
1.3830669
1.3888887
1.3899239
1.3870941
1.3860694
1.388353
1.3867714
1.3895417
1.3860016
1.3866197
1.3886523
1.3863109
1.3860352
1.3884574
1.3870648
1.3864965
1.3857576
1.3912162
1.3855485
1.3871778
1.3859193
1.3873012
1.3884392
1.3848064
1.388456
1.389882
1.3860408
1.3854901
1.389226
1.3875374
1.3853866
1.3879453
1.386307
1.3848614
1.3902172
1.3865085
1.3857679
1.3855069
1.3850617
1.3892031
1.3889061
1.387606
1.3864044
1.3839138
1.3829564
1.3922789
1.3850521
1.3869479
1.3894583
1.3845748
1.386986
1.3840867
1.3867669
1.3839012
1.3893206
1.392391
1.3848776
1.3865608
1.387639
1.3877704
1.3870003
1.3852752
1.3890212
1.3870394
1.38243
1.3854524
1.3864601
1.3866638
1.3823436
1.3874404
1.3881795
1.3850435
1.3882179
1.3867941
1.3856369
1.3911573
1.3907548
1.3854655
1.3864758
1.3911906
1.3893112
1.3867913
1.3860631
1.3861815
1.387781
1.3876034
1.3873276
1.382938
1.3846895
1.3853287
1.3907129
1.3885496
1.385224
1.3867636
1.3867993
1.3854734
1.3831782
1.3885165
1.3848884
1.3843533
1.3868967
1.3874925
1.3867078
1.3831137
1.3826386
1.3858486
1.3878392
1.3854986
1.3853693
1.3908161
1.3861512
1.3901873
1.3874592
1.3879188
1.3827873
1.3874394
1.3875574
1.3870821
1.3882962
1.3887345
1.3883848
1.3908297
1.3864048
1.3875618
1.3860304
1.389283
1.3851146
1.3872094
1.3848181
1.3891693
1.3846433
1.3883352
1.3901782
1.386035
1.3889889
1.3859332
1.3853611
1.3892944
1.3888922
1.3849219
1.3889395
1.3879988
1.3881248
1.3857306
1.384408
1.3899747
1.3837147
1.3863109
1.3871436
1.3873175
1.3883294
1.3844492
1.3864125
1.3840858
1.3873029
1.3838785
1.3863592
1.3857546
1.3870852
1.3876269
1.3826475
1.3878783
1.3855522
1.3895216
1.3878702
1.3797401
1.3937516
1.3904219
1.3838238
1.3866884
1.384497
1.3881003
1.3864762
1.3857927
1.3884175
1.3834915
1.3861995
1.3890476
1.3905635
1.3869557
1.3898754
1.3865514
1.3836248
1.3900849
1.3853076
1.3873723
1.3870617
1.3855711
1.3863022
1.3857011
1.3823334
1.3863034
1.3828166
1.3858029
1.3904804
1.3861234
1.3867038
1.3857046
1.3851287
1.3872417
1.385296
1.3860313
1.3869767
1.3851429
1.383093
1.3921257
1.3845646
1.3855957
1.3829942
1.3855995
1.3889729
1.386517
1.3892804
1.3914853
1.3878628
1.3881935
1.3897368
1.3848263
1.3873903
1.3837367
1.3888859
1.3891112
1.3870281
1.383679
1.3857712
1.3879448
1.3924052
1.3847709
1.3842454
1.3895525
1.3851297
1.3865023
1.3864602
1.3921279
1.3853728
1.3868915
1.3879446
1.3872057
1.3892673
1.3854582
1.3870703
1.3886132
1.3850145
1.3872426
1.3876888
1.3853356
1.3895377
1.3859333
1.3877115
1.3911955
1.3872236
1.3872895
1.3877435
1.3868902
1.3882357
1.3881637
1.385991
1.3838922
1.3891976
1.3864207
1.3900526
1.3887048
1.387978
1.3877891
1.3842158
1.3856207
1.3863473
1.3851322
1.3851246
1.384265
1.3839235
1.3855467
1.3847023
1.3889495
1.3866737
1.3859059
1.3875953
1.3854605
1.3867483
1.3918998
1.3883529
1.3826706
1.3871564
1.3834904
1.3888878
1.3826437
1.3839825
1.3845074
1.3898268
1.380944
1.3838718
1.3806324
1.387404
1.3879972
1.3849946
1.3846557
1.3857222
1.3918403
1.3845527
1.3865318
1.3848537
1.3880022
1.3866199
1.3888988
1.3835751
1.3877753
1.3850113
1.3860044
1.3857936
1.3864686
1.3847969
1.3875271
1.3860614
1.3864324
1.3861601
1.3896493
1.3868785
1.3857584
1.3871986
1.3864435
1.3829192
1.3860539
1.3828001
1.3889774
1.3853769
1.3833771
1.3886292
1.3834863
1.3889008
1.3869134
1.3811649
1.3849615
1.3856937
1.3889072
1.385338
1.3895512
1.3853878
1.3860759
1.3842001
1.3862276
1.3859481
1.386981
1.3874527
1.3871672
1.3845745
1.3872596
1.3845816
1.3852072
1.38793
1.3868557
1.3877381
1.3862075
1.3880843
1.3835068
1.3878433
1.3887523
1.3853188
1.3855463
1.3833983
1.3878564
1.3884743
1.387059
1.386979
1.3866103
1.3880476
1.3870747
1.3861051
1.3874744
1.3913673
1.3898579
1.3891422
1.3840163
1.3859943
1.3828598
1.3859485
1.3869928
1.38456
1.3841872
1.3887104
1.3873117
1.386272
1.3862398
1.3869315
1.3872384
1.3848966
1.3870742
1.3905693
1.3869461
1.3856738
1.3870729
1.3871013
1.3854481
1.3866146
1.3856702
1.3870513
1.384979
1.3889785
1.3837942
1.3879832
1.3846744
1.3884274
1.3835601
1.3877181
1.3883941
1.3865808
1.3903924
1.387391
1.3849373
1.38342
1.3812634
1.3885417
1.3859246
1.3887892
1.3911133
1.3841382
1.3930756
1.3875093
1.384525
1.3918103
1.3880394
1.3876454
1.3890624
1.3867451
1.3902115
1.384188
1.3832473
1.3852924
1.3844723
1.3867785
1.3830298
1.3866706
1.3867116
1.3877721
1.3895253
1.3868463
1.3892866
1.3888222
1.3859384
1.3878105
1.3830645
1.3884094
1.389214
1.3825941
1.3864524
1.3848131
1.386129
1.3853995
1.3832324
1.3857745
1.3838345
1.3824224
1.3852266
1.3905143
1.3847922
1.3850482
1.3856858
1.3897142
1.3906085
1.3868479
1.3832084
1.3863053
1.3830227
1.3878224
1.3889464
1.3896366
1.3877213
1.3848958
1.3888031
1.38305
1.3867669
1.3890678
1.3842474
1.3928577
1.3886366
1.3812103
1.3873775
1.3859618
1.3840337
1.3855537
1.3849002
1.3853923
1.3846159
1.3890746
1.3859397
1.3860902
1.3859942
1.3864992
1.3871868
1.3899437
1.3890784
1.384115
1.3910581
1.3846489
1.3882996
1.385282
1.391235
1.3869576
1.3857106
1.3882862
1.3883791
1.3847581
1.3841172
1.3888388
1.3833017
1.3857223
1.3859916
1.3861303
1.386999
1.384668
1.3880508
1.3872701
1.3865557
1.3826476
1.3843011
1.386878
1.3864441
1.3871357
1.3893279
1.3880594
1.3903142
1.3850476
1.3895396
1.3890091
1.3876969
1.3838562
1.3850338
1.385588
1.3859987
1.3875095
1.384827
1.3858072
1.3874496
1.3863473
1.3885624
1.388757
1.3866329
1.3865544
1.3826323
1.3838707
1.3847357
1.3848994
1.3883727
1.3861876
1.3886446
1.3867768
1.3875984
1.3859098
1.387155
1.3866968
1.3822961
1.3894497
1.3827995
1.3867607
1.3873527
1.3898842
1.3900124
1.3865716
1.388129
1.3820964
1.3884754
1.3872375
1.3885386
1.3839394
1.3863728
1.3884743
1.3873796
1.3867165
1.3854837
1.3886858
1.3865653
1.3859831
1.3858683
1.3850222
1.3864335
1.3865247
1.385574
1.3873311
1.3854806
1.3877783
1.3837614
1.3819149
1.3872185
1.3860525
1.3890395
1.3849939
1.3880657
1.3869387
1.3924586
1.3868628
1.3876557
1.3912243
1.3862257
1.389053
1.3835686
1.3861022
1.3868511
1.3853818
1.3882958
1.3844754
1.3880067
1.385896
1.3850411
1.387156
1.390851
1.3846766
1.3825287
1.3883834
1.3856946
1.3875092
1.3846292
1.3859545
1.3890421
1.387489
1.3859359
1.3837929
1.3903049
1.3876276
1.387305
1.3886807
1.3852655
1.3837456
1.3846356
1.3868898
1.3865558
1.388656
1.3846726
1.3863429
1.385918
1.3883072
1.3892376
1.3862343
1.3862327
1.383863
1.3858144
1.3872015
1.3857609
1.3861837
1.3839839
1.3866484
1.3896848
1.3876289
1.3858016
1.3882135
1.3878365
1.3867594
1.3884325
1.3876812
1.3889984
1.3859224
1.3880268
1.3875747
1.3823735
1.3856853
1.3888323
1.3833698
1.38568
1.3864937
1.3850133
1.3840455
1.3838742
1.3867887
1.3850818
1.38799
1.3874183
1.3849329
1.3871748
1.3846791
1.3889325
1.3861175
1.3865067
1.3868679
1.38611
1.3862855
1.3871075
1.3883252
1.3866394
1.3875785
1.3888011
1.3908044
1.3855776
1.3865776
1.3856598
1.3845791
1.3859305
1.3852314
1.3841254
1.3862842
1.3854904
1.3854595
1.3856853
1.3887866
1.3848282
1.3880951
1.3859484
1.3799593
1.3872149
1.3841041
1.3874094
1.3908757
1.3837495
1.3859326
1.3839451
1.3896303
1.3854157
1.3847638
1.3828235
1.3890501
1.387627
1.3825637
1.3857536
1.3882824
1.3853266
1.3857899
1.3837479
1.3845056
1.3874673
1.3851887
1.3861382
1.3888389
1.3856567
1.3882042
1.3828434
1.3859644
1.3853788
1.3852111
1.3818102
1.3835136
1.3836174
1.3855937
1.3869787
1.3842369
1.3834885
1.3898433
1.3839583
1.3839623
1.3889797
1.383315
1.3865087
1.3862417
1.3855844
1.3856325
1.3853045
1.3838778
1.390192
1.3844246
1.3804635
1.3841302
1.3862917
1.386112
1.3835766
1.386459
1.3868269
1.3852804
1.3866369
1.3860091
1.3884107
1.3871773
1.3854953
1.3858474
1.3858025
1.3844678
1.3850733
1.3863132
1.3855356
1.383069
1.3865147
1.3892102
1.3839424
1.3834519
1.3866751
1.384447
1.3867245
1.3844558
1.3839083
1.3846084
1.3845701
1.3880721
1.3875079
1.3861315
1.388047
1.386463
1.382968
1.380484
1.3834203
1.382276
1.3846782
1.3867912
1.3886305
1.3825127
1.3850731
1.385792
1.3830471
1.3828834
1.38833
1.385806
1.3878063
1.3867726
1.3839849
1.3859438
1.3848433
1.3849741
1.3847115
1.3876183
1.3858724
1.3865949
1.3836687
1.381387
1.3811636
1.3851367
1.3865826
1.3836608
1.3829453
1.3828255
1.3857871
1.3872285
1.3874024
1.3868296
1.3867772
1.385842
1.3850222
1.3894292
1.385067
1.3874166
1.3870414
1.382317
1.3814018
1.3857005
1.3871304
1.3844887
1.3850975
1.3829534
1.3832159
1.385353
1.3869457
1.3898093
1.3888365
1.3869753
1.3849065
1.3844931
1.3857235
1.3841196
1.3884914
1.3866235
1.3860145
1.3840472
1.3815012
1.3880371
1.3879049
1.3850856
1.3848052
1.3874257
1.3832498
1.3848709
1.3885475
1.3838724
1.3893548
1.3882941
1.38403
1.3909001
1.3870182
1.3848362
1.3884863
1.3809218
1.3849853
1.382608
1.3832139
1.389641
1.384258
1.3850666
1.38968
1.3882666
1.3857298
1.3886118
1.3878446
1.3822869
1.3857037
1.3851148
1.3800992
1.3819357
1.3829527
1.3859248
1.3926162
1.3901027
1.3845484
1.3830303
1.3832614
1.3854797
1.3852966
1.384576
1.3840317
1.3885725
1.3836282
1.3901588
1.3856584
1.3827064
1.3857739
1.387929
1.3833967
1.3844463
1.3864571
1.3834596
1.3832816
1.3871826
1.3872161
1.3840572
1.3843704
1.3810205
1.3861977
1.3860508
1.3858715
1.3843446
1.3860191
1.3842143
1.3856616
1.3844669
1.3898956
1.3863889
1.384281
1.3845769
1.3842796
1.3823227
1.386934
1.3829972
1.3863685
1.3830705
1.383222
1.3856746
1.3823693
1.3862119
1.3868234
1.3851893
1.3804657
1.3856914
1.3859051
1.3854823
1.3883926
1.3848855
1.3872651
1.3838999
1.3890263
1.389315
1.3832141
1.3848921
1.3854201
1.3846856
1.3866122
1.3831491
1.3860416
1.3861715
1.389609
1.3815655
1.385362
1.3875289
1.3823216
1.3846648
1.3841475
1.3866317
1.3889652
1.3867818
1.3840799
1.3862543
1.3857815
1.3838224
1.3880173
1.3894743
1.3801333
1.385832
1.3863431
1.3846114
1.3859677
1.3872758
1.3834102
1.3839204
1.3862246
1.3863274
1.3854468
1.3878626
1.3842629
1.3866291
1.3835266
1.3826382
1.3870918
1.3842164
1.3835605
1.387657
1.3851829
1.3841765
1.3858976
1.3838238
1.3878139
1.3853351
1.382042
1.3859551
1.3867267
1.3823411
1.383193
1.3870989
1.3877783
1.3852416
1.3844723
1.3851491
1.3850644
1.3847183
1.3843836
1.3841676
1.3870115
1.3833908
1.3826882
1.3852699
1.3854455
1.3844175
1.3844002
1.383591
1.3862549
1.3828526
1.3820869
1.3842459
1.3869925
1.3842148
1.3843658
1.3863026
1.3856215
1.3813971
1.388163
1.38479
1.3833067
1.386218
1.3846089
1.3821243
1.3844258
1.3861762
1.3886743
1.3843884
1.3849797
1.3828806
1.3863902
1.3856872
1.3856009
1.3849342
1.3814831
1.387545
1.3868395
1.3844534
1.3840895
1.3850111
1.3902845
1.3862683
1.3880281
1.3881403
1.3828496
1.3883791
1.3869882
1.381453
1.3864425
1.3886455
1.3860626
1.38567
1.3816139
1.380325
1.385194
1.3873553
1.3860636
1.3848855
1.3856851
1.387777
1.3864517
1.3808742
1.3883417
1.3898945
1.3886338
1.3851532
1.3866335
1.3837464
1.3853718
1.3868264
1.386844
1.3856064
1.3854394
1.3841766
1.3847705
1.3835715
1.38766
1.387913
1.3859515
1.3829409
1.3858202
1.3859489
1.3863401
1.3850262
1.3827585
1.3820938
1.3848724
1.3870453
1.3832089
1.3865902
1.3854284
1.3822626
1.3848296
1.3861893
1.3841517
1.3825197
1.3877722
1.3845735
1.3855486
1.3844678
1.3864964
1.3855891
1.3891544
1.3821073
1.3809127
1.3821853
1.387615
1.3829826
1.3826935
1.3834599
1.3914846
1.383385
1.3828421
1.384605
1.3830614
1.3861753
1.383139
1.3871584
1.3870249
1.3816646
1.3864851
1.3898046
1.3868222
1.3886234
1.3846811
1.3866202
1.3849603
1.3865924
1.3849837
1.3870162
1.3886039
1.3841314
1.3841994
1.3830366
1.3837537
1.3894694
1.3870046
1.3846575
1.3841014
1.3876976
1.3845059
1.3872278
1.3858358
1.3858992
1.3851649
1.3847198
1.3835176
1.3865045
1.3826082
1.3852811
1.3837603
1.3824224
1.3865385
1.3840268
1.3868743
1.3869207
1.3828424
1.3844899
1.3842238
1.380479
1.3873575
1.3852124
1.3831699
1.3858098
1.385972
1.3859013
1.3825339
1.3837739
1.384702
1.3849854
1.3821285
1.3858277
1.3828591
1.3894295
1.3827778
1.3859531
1.3853822
1.3876158
1.3825178
1.3855401
1.3811451
1.3868221
1.3854508
1.3863142
1.3853755
1.385123
1.385358
1.3857508
1.3850781
1.3857691
1.382863
1.3876737
1.3869371
1.3861567
1.3854215
1.3835157
1.3855938
1.3827755
1.3842682
1.3837467
1.3843619
1.3850632
1.3865913
1.3855844
1.3839846
1.3850712
1.38579
1.3858793
1.3832835
1.3883679
1.3814186
1.3873053
1.385992
1.3846493
1.3875835
1.3844835
1.3842399
1.3832827
1.3853152
1.383657
1.3832409
1.3833828
1.3875587
1.3787625
1.3846638
1.3879584
1.3862023
1.3817588
1.3855009
1.388005
1.3815719
1.3865893
1.3857267
1.3842056
1.3870593
1.3823001
1.3840245
1.3822162
1.3889496
1.3863947
1.3854035
1.3836013
1.3838298
1.3873084
1.3849034
1.3827949
1.3845848
1.3862773
1.3867326
1.3845339
1.385878
1.3814471
1.3854773
1.3841913
1.3863332
1.3883679
1.3852559
1.3842419
1.384354
1.3866411
1.3827527
1.3822347
1.3864836
1.3868575
1.3869282
1.3863935
1.3886966
1.3878521
1.3848131
1.3848077
1.3838708
1.3884876
1.3883686
1.383514
1.3870016
1.3842276
1.385003
1.383978
1.3857346
1.3846301
1.384098
1.3896666
1.3878785
1.3878146
1.3863002
1.3852228
1.3815753
1.3831018
1.3856434
1.3874675
1.3867154
1.3831459
1.3869028
1.3852241
1.3858771
1.3849921
1.3864177
1.3849542
1.3857355
1.3860989
1.3827696
1.3864716
1.3849645
1.3847687
1.385899
1.3879604
1.3855282
1.3822533
1.3836725
1.3880353
1.385387
1.3849734
1.3845346
1.3831974
1.3853241
1.3851987
1.3849783
1.3884549
1.3846791
1.3850114
1.3835088
1.3861731
1.3826537
1.3835806
1.3885044
1.3817512
1.3848889
1.3842653
1.3825567
1.3903831
1.3836653
1.3851593
1.3832605
1.3833177
1.384061
1.3831582
1.3870935
1.383939
1.387083
1.382566
1.3883445
1.3867897
1.3864273
1.3847754
1.3816062
1.3840437
1.3871257
1.3855559
1.3864883
1.3885573
1.3819104
1.3845663
1.3843066
1.3885418
1.3871621
1.38578
1.3883113
1.3832368
1.3863409
1.383506
1.382621
1.3887122
1.3844631
1.3860617
1.3856968
1.3851748
1.3798021
1.3862762
1.3869487
1.385799
1.3832644
1.3825679
1.3843594
1.3853468
1.3843924
1.3843285
1.3828892
1.3845952
1.3852166
1.3850667
1.3844056
1.3842181
1.3860515
1.387682
1.3853998
1.3850387
1.3853223
1.3848529
1.3862894
1.3843236
1.3840761
1.3857583
1.3840708
1.3821106
1.3855723
1.3885869
1.3815101
1.3850673
1.3844293
1.3848367
1.3854303
1.3872052
1.3876922
1.3848493
1.3834255
1.3831009
1.3839959
1.3845073
1.3863883
1.3877052
1.3822418
1.3839915
1.3870748
1.3882877
1.3847444
1.3836092
1.3808495
1.3849436
1.388475
1.3882376
1.384951
1.3846241
1.3873057
1.3842036
1.3863696
1.3835958
1.3860406
1.3826163
1.3863951
1.385547
1.387139
1.3873104
1.3866866
1.387251
1.3851128
1.3864559
1.3868874
1.3858778
1.3842741
1.3832065
1.381386
1.380566
1.3871065
1.3844732
1.38498
1.3858885
1.3846788
1.3882009
1.3854643
1.3867362
1.3801908
1.388441
1.3852314
1.3856658
1.3867935
1.3838836
1.381945
1.3858818
1.3812813
1.3873266
1.38491
1.3839998
1.3854203
1.3831258
1.383719
1.381741
1.384754
1.3871073
1.3828542
1.3841136
1.3848149
1.3855308
1.3834488
1.3857154
1.3864704
1.3868445
1.387715
1.3878821
1.3876598
1.3882132
1.3845663
1.3866417
1.3862449
1.3825432
1.3842037
1.3888078
1.3856403
1.3880047
1.3848515
1.3878388
1.3882987
1.3858153
1.3855789
1.3863348
1.3842078
1.3854222
1.387562
1.384901
1.385835
1.3853678
1.3865601
1.3853049
1.3881804
1.3835064
1.387789
1.3894992
1.3832966
1.3849733
1.3876505
1.3850405
1.3884999
1.3859712
1.385993
1.3854295
1.3863593
1.3852105
1.3865856
1.3845679
1.3847747
1.3910822
1.3841189
1.3843876
1.3840046
1.387056
1.3838285
1.3859587
1.3848068
1.3861068
1.3853598
1.3865813
1.3875555
1.3869041
1.3868891
1.3861414
1.3846993
1.3872061
1.3847884
1.3858523
1.3896614
1.3885876
1.3838733
1.3876112
1.3832844
1.3858378
1.3872774
1.3889819
1.3870642
1.383564
1.3850824
1.3887581
1.3852729
1.3879397
1.3871456
1.3871758
1.3877428
1.385239
1.3847146
1.3869658
1.386778
1.3850799
1.3858627
1.3863733
1.384449
1.3855532
1.3825586
1.3864015
1.389171
1.3858682
1.3862405
1.3862504
1.3853947
1.3876647
1.3854663
1.3813546
1.3861127
1.386693
1.3825295
1.3844957
1.3852669
1.38483
1.3870034
1.3853272
1.3864306
1.3866854
1.3824075
1.3841614
1.3855715
1.3828067
1.3844689
1.3829762
1.3853077
1.3862723
1.3840586
1.3846477
1.3860832
1.383897
1.3863686
1.3847091
1.387966
1.3882143
1.387509
1.3876346
1.3837246
1.3832619
1.3833921
1.3867533
1.3853233
1.3853877
1.3836285
1.3823284
1.3868908
1.3864626
1.3839309
1.3834257
1.3865421
1.3854042
1.3869239
1.3842465
1.3893855
1.389921
1.3883485
1.3881547
1.3887205
1.3863198
1.3848435
1.386976
1.3865124
1.3820578
1.3836868
1.3844239
1.3866123
1.3875288
1.3842326
1.3837615
1.38667
1.390277
1.3856888
1.3860471
1.3842045
1.3840122
1.3857218
1.3826269
1.3867402
1.385841
1.387056
1.3892425
1.3844707
1.3848201
1.3861802
1.3863567
1.3862869
1.3851646
1.385618
1.387594
1.384385
1.3847739
1.3862823
1.3847989
1.3832325
1.3847197
1.3853049
1.3880707
1.3870908
1.3861698
1.3847084
1.3891039
1.381436
1.3837754
1.3866975
1.3893428
1.3828208
1.3838854
1.3858227
1.3842478
1.3840053
1.3878694
1.3870108
1.3898547
1.3839401
1.3892944
1.3849269
1.3868711
1.3865926
1.3871661
1.3850648
1.3872856
1.3874915
1.3855025
1.3825494
1.3856522
1.3853338
1.3862001
1.385951
1.3870902
1.3852754
1.384254
1.3840058
1.3852303
1.3879524
1.3894717
1.3846233
1.3848187
1.3863192
1.3831884
1.3858348
1.3894502
1.3845322
1.3871218
1.3874706
1.3830892
1.384163
1.3866024
1.3836154
1.3865353
1.3878331
1.3857374
1.3808402
1.3846058
1.3876239
1.3855364
1.3842015
1.3864121
1.383432
1.3850744
1.3860127
1.3836864
1.3852936
1.3842338
1.3859034
1.3871808
1.3860011
1.3889679
1.3852161
1.3860242
1.3858627
1.3847668
1.3832558
1.3847013
1.3876406
1.3858199
1.3846694
1.3862183
1.3845603
1.3868328
1.38648
1.3855121
1.3846211
1.3826582
1.3887141
1.3851347
1.3859613
1.3837391
1.3882122
1.3870586
1.384074
1.3850256
1.383179
1.3853054
1.3854579
1.3888328
1.384819
1.3892496
1.3834777
1.3888602
1.3856434
1.3863764
1.3889183
1.3846756
1.3856375
1.3852581
1.3855659
1.387145
1.3867115
1.3860464
1.386139
1.3848661
1.3853463
1.389071
1.3843523
1.3845814
1.3844322
1.3832502
1.3821942
1.3876033
1.3812369
1.3850341
1.381397
1.3865764
1.3895153
1.3853883
1.3867527
1.3868622
1.3868716
1.3852453
1.3867165
1.3861508
1.3844637
1.3858945
1.3852687
1.3846262
1.3857268
1.3840479
1.387087
1.3851335
1.3826041
1.3825312
1.3832414
1.3879505
1.3855511
1.3869485
1.3856872
1.3835405
1.3839213
1.3842388
1.3867202
1.3867114
1.3871194
1.3867617
1.3898101
1.3863424
1.386761
1.3862851
1.3821754
1.38257
1.3878189
1.3872119
1.3873662
1.3841926
1.3838395
1.3884321
1.3898185
1.3850025
1.3861297
1.3873651
1.3886126
1.3865811
1.3840195
1.3843967
1.3882154
1.3841865
1.3877226
1.3832428
1.3882374
1.3877094
1.3840089
1.384745
1.3853852
1.3871145
1.3832723
1.3848547
1.3888714
1.3875501
1.3856759
1.3859504
1.3850164
1.3852849
1.3837049
1.38542
1.3850048
1.3866752
1.3882957
1.3883549
1.3870008
1.384799
1.38319
1.3819685
1.3840722
1.3841798
1.3859802
1.3855726
1.3851283
1.3858321
1.3865802
1.3846067
1.387672
1.3832163
1.3844323
1.3868183
1.3857962
1.3886337
1.3866414
1.3855566
1.386324
1.3892566
1.3874259
1.3889706
1.3881483
1.385684
1.387974
1.3893943
1.386881
1.3850754
1.3846279
1.387786
1.3851137
1.383331
1.3869632
1.3842266
1.3862841
1.3851117
1.3859066
1.3823011
1.3877118
1.3846372
1.3853068
1.3866872
1.3872654
1.3857646
1.3832235
1.3864225
1.3869448
1.3859175
1.382607
1.3842785
1.3869942
1.3852001
1.3823599
1.3878117
1.3827976
1.3839632
1.3873825
1.3856949
1.3859074
1.3829395
1.382249
1.3851722
1.383962
1.3851115
1.3880156
1.3884777
1.3848886
1.3849409
1.3869418
1.3849024
1.3868704
1.3869351
1.3854798
1.3844141
1.3861622
1.3870127
1.3864644
1.3856492
1.3842638
1.3824179
1.3842956
1.3872609
1.387273
1.3851769
1.3873842
1.3856899
1.3857284
1.3833113
1.3834049
1.3873261
1.3857646
1.3786954
1.3890749
1.3880024
1.3874004
1.3856764
1.3866789
1.3866507
1.3843626
1.38588
1.3867093
1.3862665
1.3843793
1.3873023
1.386625
1.3859217
1.3875035
1.383536
1.386598
1.3831362
1.3851069
1.3842217
1.386601
1.3864537
1.3848004
1.3837563
1.3865747
1.3869214
1.3871847
1.3899827
1.3883873
1.3839443
1.3851725
1.3855906
1.3860661
1.3880249
1.3832592
1.3874537
1.3846546
1.384101
1.382094
1.3841407
1.3889594
1.3847154
1.3835748
1.3880658
1.38616
1.3865923
1.3828205
1.3856919
1.3881395
1.3840271
1.3882965
1.38609
1.3833447
1.3840101
1.3852425
1.3826429
1.3868784
1.383046
1.384292
1.3839169
1.3852808
1.3862091
1.3849769
1.387492
1.3867891
1.3859377
1.383102
1.3837639
1.3890226
1.384081
1.386039
1.3822651
1.3870529
1.385849
1.3862698
1.3843879
1.3820127
1.384086
1.3856472
1.3851253
1.3843908
1.387152
1.384445
1.3854636
1.3842851
1.3849126
1.3868856
1.3878998
1.3859268
1.3851749
1.3859723
1.383457
1.3878536
1.3833789
1.3850487
1.3849863
1.3863518
1.3850342
1.3839048
1.3845083
1.3832784
1.3891569
1.3839308
1.3840379
1.3864607
1.3847109
1.3847495
1.3831826
1.3855611
1.3859197
1.3850336
1.3855318
1.385301
1.3885753
1.3853987
1.3878622
1.3847504
1.3863108
1.385199
1.3851987
1.3830937
1.3844237
1.3841125
1.3871593
1.3852848
1.3839374
1.3834515
1.3863617
1.3861694
1.387317
1.385236
1.3849219
1.3859799
1.3851432
1.3877051
1.3884262
1.3840692
1.38587
1.3867501
1.3854597
1.3833994
1.3850124
1.3870525
1.3846465
1.3846486
1.3844119
1.3831657
1.3849226
1.3887395
1.3860809
1.3862356
1.3858277
1.3860952
1.3830347
1.3864508
1.3841313
1.3877012
1.3858162
1.388879
1.3829072
1.3831707
1.3845028
1.3849492
1.3820543
1.3870611
1.3840917
1.3873428
1.387483
1.3853033
1.3857003
1.3856522
1.3850142
1.3858995
1.3873816
1.3853757
1.3855428
1.387858
1.3858238
1.3886297
1.3853633
1.3853313
1.3848729
1.3868691
1.3864417
1.3875841
1.3855066
1.3873991
1.3842524
1.3815984
1.3851693
1.3855039
1.3853076
1.3852113
1.382907
1.3848528
1.3840636
1.3841344
1.3845217
1.3868815
1.3853122
1.3873898
1.3841411
1.3889924
1.3824401
1.3896579
1.3847386
1.3843803
1.3829939
1.3875428
1.3853649
1.3859174
1.3836895
1.3835472
1.3857577
1.3850962
1.3872683
1.3866339
1.3841075
1.3845555
1.3829665
1.3829781
1.3845901
1.3859377
1.3858979
1.3880999
1.3840313
1.3844544
1.3844317
1.38566
1.384938
1.3831443
1.385546
1.3835751
1.3876903
1.3850765
1.3871017
1.3850641
1.3849331
1.3837548
1.3825594
1.3833022
1.3878341
1.383922
1.3832572
1.3866434
1.3870491
1.3851852
1.3874886
1.3857012
1.3842335
1.3861431
1.3851855
1.3833996
1.3835716
1.3838125
1.3856089
1.381871
1.3861707
1.3849982
1.3844537
1.3824923
1.3846937
1.3858738
1.3848261
1.3858507
1.3862548
1.384897
1.3870696
1.3834194
1.3869386
1.3849564
1.3847371
1.3845689
1.3887725
1.3840603
1.3845083
1.3866758
1.3850952
1.3854297
1.3862591
1.3861055
1.384295
1.3842701
1.3846228
1.3866777
1.3823615
1.3844084
1.3841587
1.3868954
1.3860444
1.3873581
1.384996
1.3821944
1.384433
1.3848486
1.3827778
1.3850063
1.3850572
1.3886601
1.3839115
1.3836533
1.386431
1.3886781
1.385431
1.3852472
1.3868041
1.3847114
1.3822134
1.387747
1.3867211
1.3852254
1.3866962
1.3853904
1.3854462
1.383465
1.3832796
1.3876148
1.3866649
1.3846538
1.383396
1.3840172
1.3802289
1.38795
1.3884819
1.384577
1.3852639
1.384821
1.3825178
1.3863583
1.3866447
1.3862933
1.3837973
1.3864805
1.3845612
1.3875647
1.3841364
1.3850553
1.3885846
1.3854771
1.3849154
1.3826457
1.3855181
1.3837633
1.3836416
1.3846211
1.3863553
1.3872836
1.3873494
1.384523
1.3859096
1.3853912
1.3879213
1.3836159
1.3850006
1.3841023
1.3857039
1.3823717
1.3828346
1.381618
1.3860178
1.3846684
1.3852372
1.3852936
1.3832183
1.3833275
1.3871348
1.38443
1.3845829
1.3824964
1.3860836
1.3880378
1.3816011
1.3846399
1.3854784
1.3847767
1.3892931
1.3857775
1.3850112
1.3892845
1.3841031
1.3846712
1.3863351
1.3860277
1.3841537
1.3843423
1.3861351
1.3831403
1.3829402
1.3855423
1.3855236
1.3825037
1.3863393
1.3848342
1.3853893
1.3855414
1.386386
1.3828673
1.3844837
1.3827266
1.3886973
1.3842878
1.3840336
1.3884506
1.3863878
1.3845631
1.3821455
1.3840127
1.3827595
1.3857142
1.3841715
1.3849413
1.3872747
1.3861053
1.3837906
1.3853385
1.384446
1.3814442
1.3836641
1.3819555
1.386072
1.3833394
1.3850828
1.3858529
1.3847783
1.3858247
1.3823893
1.3825969
1.3837132
1.3856326
1.3840531
1.3860089
1.3879976
1.3857093
1.3833255
1.3855637
1.3889048
1.3847893
1.3836992
1.3837291
1.3855288
1.3836502
1.3859047
1.3869598
1.3841556
1.3851988
1.3839535
1.3843006
1.3847613
1.385283
1.3835772
1.3842498
1.3883022
1.3826958
1.3829267
1.3859284
1.3832909
1.3858019
1.3849732
1.3852572
1.3867401
1.3844181
1.3837278
1.3864082
1.383868
1.3831923
1.3843952
1.3837655
1.3833917
1.3864118
1.3863763
1.3864686
1.3884001
1.3861524
1.3884951
1.3880049
1.384804
1.3826017
1.3839802
1.3848372
1.3848006
1.3831332
1.3843514
1.38387
1.3836888
1.384236
1.3844099
1.3844006
1.3874214
1.3857393
1.3839269
1.3875965
1.3852996
1.3847317
1.3853438
1.383528
1.3844695
1.3862606
1.3848671
1.386315
1.3843737
1.3846178
1.3846375
1.3863053
1.383773
1.3853782
1.3833292
1.3820513
1.384847
1.3829966
1.3828759
1.3839532
1.3817835
1.3836403
1.384808
1.3830485
1.3827662
1.3837932
1.3866774
1.3835983
1.3821445
1.3839172
1.3869989
1.3856663
1.3843883
1.3852303
1.3866179
1.3850213
1.3814243
1.38272
1.387091
1.3852835
1.3872828
1.3855181
1.3850809
1.3841906
1.3819958
1.382824
1.386459
1.3828353
1.3834985
1.3838654
1.384759
1.3842293
1.3847549
1.3850566
1.3846843
1.3859328
1.3842633
1.386049
1.3847842
1.3824123
1.3853407
1.3842512
1.3858426
1.3872504
1.3850195
1.3825128
1.3839755
1.3870748
1.383489
1.3840325
1.3864026
1.3813301
1.3842026
1.3830953
1.381379
1.3845199
1.3860794
1.3852457
1.3868353
1.3845799
1.3818752
1.3860401
1.384749
1.3837732
1.3867176
1.382931
1.383448
1.3836522
1.38423
1.3840164
1.3846744
1.3844944
1.3847141
1.3843023
1.3871326
1.3884872
1.3842202
1.3858107
1.3821961
1.3842374
1.3831856
1.3846064
1.3857502
1.384793
1.3854755
1.3814293
1.3852266
1.3862557
1.3828577
1.3849826
1.3859445
1.3872628
1.3853474
1.3844587
1.3846928
1.3853979
1.3861
1.3875908
1.3833343
1.3853954
1.3817207
1.3832785
1.388706
1.3836612
1.382949
1.3826927
1.3852648
1.3839865
1.3872044
1.3845509
1.3860643
1.3877785
1.385942
1.3844968
1.3863453
1.3832762
1.3856376
1.3867604
1.3858192
1.3873199
1.3876245
1.384297
1.3865281
1.3842701
1.3848029
1.387744
1.3831071
1.3869296
1.3832624
1.3853184
1.3831052
1.3822428
1.3866096
1.385538
1.3857582
1.3850772
1.3845955
1.3849368
1.3804969
1.3833374
1.3857346
1.3860706
1.3831862
1.3867441
1.382723
1.3863214
1.3860245
1.3839508
1.3855165
1.384312
1.3858773
1.3853189
1.3831917
1.3842034
1.3854802
1.3854661
1.3847624
1.3879791
1.3847201
1.3849521
1.3846096
1.3829647
1.3818002
1.3855702
1.3867558
1.3848698
1.3859185
1.3838185
1.3864043
1.3857207
1.3842623
1.3848007
1.3811253
1.3828303
1.3830924
1.3847362
1.3850837
1.3866237
1.385403
1.3870778
1.3865455
1.3827636
1.384041
1.3855366
1.3851361
1.3869715
1.3816648
1.384602
1.3824774
1.3833581
1.3827236
1.3880923
1.3819628
1.3851511
1.3840786
1.3854681
1.3837698
1.3835348
1.3866255
1.385276
1.3868645
1.3832781
1.3815434
1.385767
1.383954
1.3850387
1.3823233
1.383633
1.3839906
1.3852186
1.384209
1.3834726
1.3882664
1.3820083
1.384147
1.3848122
1.3858105
1.384552
1.3860995
1.3844368
1.3851252
1.3849115
1.382917
1.3839198
1.3806378
1.3845336
1.3859351
1.3872759
1.3851018
1.3850743
1.384886
1.3835783
1.385913
1.3833779
1.3860539
1.385302
1.386184
1.3855852
1.383935
1.3840702
1.3856156
1.3826342
1.385815
1.3843784
1.3845714
1.3843908
1.3855435
1.3867224
1.3852856
1.384141
1.3843958
1.3843125
1.386809
1.3850864
1.383581
1.3810714
1.3835043
1.3853585
1.3827591
1.3843676
1.38544
1.3867432
1.3844179
1.3857433
1.3850296
1.3853542
1.3838387
1.382769
1.3840197
1.3848639
1.3856415
1.3854679
1.3864971
1.382117
1.3861302
1.3854195
1.384973
1.3796587
1.385195
1.3863556
1.3856052
1.3832841
1.3853058
1.3854481
1.3815539
1.3825777
1.3808844
1.3817493
1.3843527
1.3881339
1.3813846
1.3863586
1.3807347
1.3868055
1.3857797
