1.3986553
1.3988239
1.3980944
1.3982111
1.3978592
1.3979257
1.3977373
1.3975712
1.3975493
1.3973243
1.3972887
1.3971885
1.3984388
1.3973224
1.3979813
1.3977026
1.3979012
1.3972789
1.3973331
1.3979126
1.3979145
1.3977555
1.3978475
1.3976941
1.3977461
1.3977569
1.3976719
1.3979791
1.3977064
1.3973545
1.397223
1.3982639
1.3974845
1.3978789
1.3978555
1.3979298
1.3972961
1.3974121
1.3977585
1.3979253
1.3971864
1.3983357
1.3976586
1.3977627
1.3980598
1.3972366
1.3984354
1.3975443
1.3974781
1.3981279
1.3980938
1.3985769
1.3978777
1.3977412
1.3977393
1.3976558
1.397624
1.3976182
1.3980532
1.397464
1.3974733
1.3976094
1.3970286
1.3979385
1.3972197
1.3980875
1.398132
1.3973539
1.3978459
1.3976196
1.397147
1.3976246
1.398043
1.3977894
1.3979237
1.3976643
1.3976103
1.3981225
1.3973988
1.3977677
1.3977666
1.3979256
1.3975604
1.397483
1.3972181
1.3978409
1.3973001
1.3978964
1.3975426
1.3975782
1.3978833
1.3975492
1.3976494
1.3979485
1.3977609
1.3973238
1.3974413
1.3979291
1.3978417
1.3973624
1.397299
1.397688
1.3973246
1.3979691
1.3975912
1.397967
1.3985044
1.3975214
1.3976854
1.3973222
1.3971226
1.3974276
1.3974626
1.3975363
1.3975426
1.39762
1.3980235
1.3976442
1.3983365
1.3973646
1.3975905
1.3972504
1.3980986
1.3968498
1.3978124
1.3980336
1.3982229
1.3977864
1.3977838
1.397797
1.3975943
1.3974969
1.3981156
1.3972807
1.3985295
1.3984923
1.3981422
1.3973753
1.3981375
1.3977461
1.3975441
1.3972479
1.3983431
1.3971534
1.397899
1.397617
1.3974702
1.3974847
1.3978567
1.3975145
1.3976966
1.3971297
1.3982185
1.3978932
1.3978562
1.397747
1.3980829
1.3976736
1.397736
1.397213
1.3983946
1.3980235
1.397985
1.3984113
1.3973596
1.3978016
1.3975712
1.3976576
1.3980404
1.3975401
1.3974186
1.3976662
1.3982147
1.3974984
1.3979425
1.3973964
1.3980749
1.3976692
1.3977565
1.3979502
1.397797
1.397693
1.3974212
1.39754
1.3976383
1.3975229
1.3979686
1.3983464
1.3982227
1.3982607
1.3980067
1.3978453
1.3979795
1.3974884
1.3977854
1.3983042
1.3981911
1.3978614
1.3973187
1.3981179
1.3973964
1.3981242
1.3980505
1.397741
1.3985443
1.3977969
1.398224
1.3983186
1.3974371
1.3977526
1.397787
1.3980527
1.3976297
1.3978313
1.3981168
1.3977603
1.397898
1.3977903
1.3971901
1.3977884
1.3979068
1.3979164
1.3978808
1.3976592
1.3976685
1.3975407
1.3974651
1.3984271
1.3977858
1.3982389
1.3974946
1.397642
1.398214
1.3975717
1.3979703
1.3979619
1.3979993
1.3977289
1.397818
1.3974209
1.3980188
1.3974651
1.3973598
1.3985953
1.3976656
1.398057
1.3980347
1.3981823
1.3976849
1.3981262
1.3971895
1.3978156
1.3979082
1.3983089
1.3979396
1.3977257
1.3981243
1.3970816
1.3979815
1.397606
1.3975614
1.3975009
1.3980786
1.3979474
1.397368
1.3973656
1.3980486
1.3976964
1.3982444
1.3978087
1.3977734
1.3977114
1.398645
1.3974891
1.3976439
1.3979264
1.398118
1.3975824
1.3978506
1.3978934
1.3982376
1.3981498
1.3972373
1.3984175
1.3977507
1.3976972
1.3975949
1.3975389
1.3976529
1.3978447
1.3975214
1.3977532
1.3978153
1.3973316
1.397919
1.3975071
1.3974835
1.3983165
1.3976524
1.3978045
1.3982738
1.3978338
1.3977575
1.3981773
1.3974293
1.3982549
1.3982344
1.3983498
1.3973033
1.3978828
1.3978001
1.3979731
1.3976786
1.3977511
1.3972831
1.3979675
1.3979841
1.3978692
1.3976471
1.397574
1.3983798
1.3980057
1.3976606
1.3976406
1.3978518
1.3975374
1.3981293
1.3976703
1.397137
1.397605
1.3976958
1.3975608
1.3974348
1.3976591
1.3977035
1.3975031
1.397977
1.3979969
1.3977041
1.3982506
1.397997
1.3977298
1.3978059
1.3977025
1.3971053
1.3978535
1.3981262
1.3974208
1.3977807
1.3976521
1.3979222
1.3982196
1.3976737
1.3974993
1.3976412
1.3980536
1.3979329
1.397724
1.3982388
1.3971108
1.3980417
1.398191
1.3973875
1.3975022
1.3980348
1.3979487
1.3974307
1.3976175
1.3975755
1.397823
1.3981016
1.3982579
1.3979402
1.3979075
1.3978456
1.3978306
1.3975841
1.398302
1.3977973
1.397824
1.3975484
1.3975396
1.39761
1.3975905
1.3971976
1.3977665
1.3977181
1.397963
1.397293
1.3978698
1.3984118
1.398062
1.3980054
1.3971559
1.3979623
1.3975234
1.397494
1.3973638
1.3976169
1.3982838
1.3975744
1.3978678
1.3981076
1.3976343
1.3978969
1.3976938
1.3972737
1.3971444
1.3977588
1.397559
1.3981748
1.3977809
1.3975089
1.3975937
1.3983425
1.3977996
1.3975412
1.3978285
1.397302
1.3975954
1.3974727
1.3983856
1.3981814
1.3976524
1.397745
1.3978101
1.397879
1.397809
1.3979591
1.3979336
1.3976154
1.3976605
1.3974689
1.3976921
1.3980563
1.3977109
1.3975291
1.3976101
1.397316
1.397673
1.3984445
1.397516
1.3973925
1.3975064
1.3977038
1.3975769
1.3974992
1.3978342
1.3975534
1.3979654
1.3975037
1.3971819
1.3976294
1.3976139
1.3975134
1.3976482
1.3975877
1.3972464
1.3975185
1.3976864
1.3974161
1.3970478
1.3975645
1.3978885
1.3973567
1.3969852
1.3982611
1.3978232
1.3975879
1.39788
1.3982558
1.3975312
1.3971756
1.3978462
1.3974742
1.3974727
1.3968232
1.3980432
1.3978227
1.3981342
1.3979412
1.3971944
1.3977209
1.3976432
1.3976775
1.397305
1.3977041
1.3979019
1.398069
1.3969591
1.3970958
1.397419
1.3980354
1.3976868
1.3976262
1.3971322
1.397544
1.3975784
1.3977195
1.3970834
1.3976672
1.397427
1.3975059
1.3972921
1.3975986
1.3974196
1.3975221
1.3977423
1.3968147
1.3975257
1.3975176
1.3977584
1.3977112
1.3967977
1.3973266
1.3977183
1.3975574
1.3973217
1.3975948
1.3969121
1.3974981
1.39779
1.3975483
1.397563
1.3975291
1.397372
1.3972212
1.397551
1.3972615
1.3967154
1.397481
1.3970422
1.3971614
1.3969712
1.397893
1.3973233
1.3976516
1.3976824
1.3971428
1.3977233
1.3975109
1.3974164
1.3970226
1.3970934
1.3972154
1.3972477
1.3973774
1.397244
1.3978003
1.3974129
1.3975453
1.3974595
1.397877
1.3973962
1.3972601
1.3975492
1.3970032
1.3975248
1.3975399
1.3968139
1.3976351
1.3970306
1.3970292
1.3968123
1.397392
1.3975097
1.3974581
1.3964566
1.397366
1.3971807
1.3968768
1.3969215
1.3969975
1.397196
1.3971686
1.3970824
1.3969553
1.3970941
1.397291
1.3978776
1.3971027
1.3972731
1.3973761
1.3971907
1.3971056
1.3972673
1.397453
1.3968551
1.3968303
1.3968288
1.3970162
1.3971945
1.3973733
1.3970878
1.3972927
1.3971673
1.3973906
1.3976772
1.3969513
1.3970747
1.3967142
1.3971051
1.3973073
1.3970585
1.3972324
1.3971249
1.3971007
1.3975697
1.3967162
1.3967237
1.3968142
1.3966284
1.3972058
1.3966063
1.3970975
1.397568
1.396442
1.3969021
1.3968334
1.3969412
1.3965944
1.3971132
1.3971279
1.396709
1.3969029
1.3974205
1.3970594
1.3967687
1.3969793
1.3970528
1.39722
1.3972826
1.396668
1.3969498
1.3966608
1.3972429
1.3975763
1.3964905
1.3967985
1.3968838
1.3969954
1.3964221
1.397247
1.396808
1.3970883
1.3971186
1.3964089
1.3966018
1.396579
1.3968076
1.3966328
1.3971376
1.3969344
1.3964186
1.397055
1.3963317
1.3968433
1.3965667
1.3967865
1.3967956
1.3970097
1.3969642
1.3970686
1.3969821
1.3969363
1.3968606
1.3971711
1.3966826
1.3967556
1.396467
1.3966494
1.3966943
1.3967794
1.3969222
1.397069
1.3969088
1.396876
1.3969793
1.3963379
1.3968021
1.396463
1.3964376
1.3966707
1.39644
1.3964945
1.3965279
1.3965296
1.3967956
1.3967141
1.3965412
1.3968006
1.3965483
1.3966309
1.3966173
1.3969531
1.3967241
1.3960644
1.3964962
1.3963388
1.3966984
1.3964016
1.3967308
1.3971491
1.3968242
1.3966278
1.3961812
1.3963423
1.3968204
1.3967034
1.3967246
1.3963785
1.3962635
1.3962749
1.3964068
1.3961273
1.3965296
1.3965292
1.3958734
1.3963437
1.3965521
1.3967166
1.3960854
1.3965935
1.3965814
1.3958266
1.3960156
1.3962226
1.3967352
1.3957539
1.3966812
1.3965011
1.3965563
1.3967421
1.3966019
1.3964067
1.395986
1.3966454
1.3964723
1.3960348
1.3965768
1.396179
1.3958901
1.3962362
1.3959564
1.3963487
1.3960443
1.3961419
1.3961537
1.3962553
1.3959577
1.3957878
1.3962861
1.3964399
1.3962318
1.396195
1.3961121
1.3962798
1.3962544
1.3959509
1.3964357
1.396242
1.395756
1.3966995
1.3958465
1.3960763
1.3959084
1.3961885
1.3960676
1.3962992
1.3957739
1.3957202
1.3962121
1.3957754
1.39632
1.3957987
1.3956647
1.3966489
1.396344
1.3958989
1.3961204
1.3958993
1.3956512
1.3963355
1.3956269
1.3958225
1.3962163
1.3959239
1.3955879
1.3961363
1.3957872
1.3963118
1.395468
1.396376
1.3959998
1.3959349
1.3964711
1.3957396
1.3958604
1.3956169
1.396157
1.3956034
1.3959436
1.396247
1.3951776
1.3956872
1.3962811
1.3958595
1.3961166
1.3956119
1.395507
1.3959619
1.3959621
1.3959595
1.395553
1.3957909
1.3962315
1.3956321
1.3953403
1.3959872
1.3952054
1.3954676
1.396312
1.395156
1.3954747
1.3957579
1.396231
1.3962057
1.3953762
1.3954827
1.3958677
1.3960557
1.395915
1.395351
1.3957598
1.3957318
1.3956823
1.3952035
1.395717
1.3953501
1.3955361
1.3958408
1.3955216
1.3955127
1.3956784
1.3961599
1.3950653
1.3952419
1.3952997
1.3960649
1.3956813
1.3953439
1.3952519
1.3953735
1.3954114
1.3955053
1.3960116
1.3958467
1.395837
1.3953062
1.3953403
1.3951927
1.395658
1.3952936
1.3952633
1.3953277
1.3951731
1.3947872
1.3955323
1.3955679
1.3956474
1.3955656
1.3948593
1.3956953
1.395065
1.3954802
1.3955499
1.3955144
1.3952894
1.3958948
1.3955199
1.39542
1.3954766
1.3951946
1.3951893
1.395351
1.3951249
1.395389
1.3957084
1.3950013
1.3951622
1.3947092
1.395329
1.3953981
1.395964
1.3947587
1.3952228
1.3953037
1.3946819
1.3949766
1.3952793
1.3954877
1.3944894
1.395198
1.3956155
1.3950192
1.395301
1.3949624
1.3952291
1.394193
1.3949269
1.3952316
1.3953707
1.3950566
1.396039
1.3949283
1.3950958
1.3949935
1.3953214
1.3958057
1.3949625
1.3952894
1.3959398
1.395194
1.3954412
1.3954414
1.3947704
1.3946394
1.3942673
1.3951604
1.3951381
1.394882
1.3946058
1.3946644
1.3949684
1.3943272
1.3949724
1.3946643
1.3950965
1.3951205
1.3948696
1.3949988
1.3951261
1.3949075
1.3953588
1.3946706
1.3947041
1.3950104
1.3946277
1.394771
1.3945382
1.3945422
1.3951001
1.3942424
1.3947768
1.3949653
1.3944212
1.3948296
1.3949094
1.3948921
1.3950001
1.3950757
1.3950992
1.3948438
1.3949894
1.3950288
1.3945405
1.3942116
1.3951333
1.3943669
1.3943142
1.3950796
1.3950024
1.3943516
1.3946079
1.394505
1.3944054
1.3944377
1.3945873
1.3944943
1.3945316
1.394455
1.3946428
1.394293
1.3948207
1.3948488
1.3946619
1.3947887
1.3944699
1.3947581
1.3950268
1.3948684
1.3951292
1.3950433
1.3940643
1.3943793
1.3939477
1.3946911
1.394612
1.3942312
1.3945564
1.39473
1.3941479
1.3943231
1.3943367
1.3940006
1.3943887
1.3944592
1.394457
1.3944794
1.3945959
1.3947638
1.3940818
1.3947152
1.394159
1.3941587
1.394456
1.3941416
1.3946582
1.3937292
1.3944429
1.3943243
1.393863
1.3948649
1.3944069
1.3948292
1.3936527
1.394543
1.3940606
1.3942658
1.3944355
1.3938626
1.3937262
1.3939623
1.3938144
1.3940529
1.3939475
1.3942931
1.3939315
1.3944753
1.3947452
1.3938879
1.3940581
1.3943835
1.3940809
1.3945204
1.3937941
1.3939767
1.3938929
1.3943344
1.3937602
1.394118
1.3941329
1.3939399
1.3941017
1.393958
1.3945363
1.39363
1.3941063
1.3941536
1.3941202
1.3941519
1.3937272
1.3941933
1.3933753
1.3937694
1.3939948
1.3941711
1.394503
1.3939666
1.3941336
1.3946234
1.393905
1.3941308
1.3940325
1.3943453
1.3943757
1.3939023
1.3942308
1.3932425
1.3938155
1.3935455
1.393666
1.3944203
1.3934282
1.3937589
1.3939066
1.3940666
1.3934546
1.393987
1.393705
1.3939592
1.3936943
1.3938284
1.3937498
1.3941628
1.3940221
1.3932446
1.393655
1.3939058
1.3934523
1.3934364
1.3942393
1.3940284
1.3933992
1.3941038
1.3938767
1.393541
1.3935589
1.3937252
1.393768
1.3939093
1.3935924
1.3936319
1.3938837
1.393288
1.393929
1.3939459
1.3942071
1.393468
1.3938379
1.3935541
1.3941042
1.393326
1.3935665
1.3934414
1.3938435
1.3934559
1.3935333
1.393368
1.3936814
1.3935136
1.3937151
1.3931439
1.3932723
1.3935188
1.393308
1.3935847
1.3932619
1.3937254
1.3936571
1.3936815
1.3936119
1.3937337
1.393593
1.3937439
1.3940475
1.3932273
1.3937124
1.3937345
1.3931317
1.3939672
1.3935041
1.3937497
1.3933287
1.3933166
1.3939126
1.3935194
1.3935572
1.3932129
1.3933777
1.3935924
1.3939607
1.3937235
1.3934952
1.3942182
1.3935227
1.3938212
1.3933369
1.3927103
1.3930693
1.3934748
1.3935622
1.3934461
1.3927684
1.3929265
1.3933583
1.3930244
1.3933128
1.3934033
1.3933358
1.393464
1.3933712
1.3929898
1.3931432
1.3934885
1.3935742
1.393627
1.3931417
1.3930159
1.392981
1.393842
1.3938189
1.3930576
1.3929081
1.3929666
1.3932314
1.3930794
1.3932923
1.392918
1.3933789
1.3936505
1.3931417
1.3930492
1.3924824
1.3932886
1.3933407
1.3931148
1.3935485
1.3925424
1.3931172
1.3928611
1.3933294
1.3929322
1.3933556
1.3934327
1.3931614
1.3925786
1.3929013
1.3936237
1.3933516
1.3928261
1.3932861
1.3932188
1.3927038
1.3930182
1.393169
1.3928639
1.3929812
1.3929083
1.3933578
1.3929834
1.3926172
1.3928542
1.3925635
1.3931214
1.3933661
1.3930705
1.3931882
1.3927491
1.393113
1.3928411
1.3929765
1.3931526
1.3927863
1.3936135
1.393068
1.3927999
1.3927734
1.3931859
1.393113
1.3933831
1.3928195
1.3933499
1.3931943
1.3924806
1.3927984
1.3926303
1.3928099
1.3933853
1.3922504
1.3927478
1.3929739
1.3926213
1.3925728
1.3923826
1.3929085
1.3930774
1.3923044
1.3922606
1.3925236
1.392991
1.3928744
1.3924382
1.3927945
1.393294
1.3923799
1.3923635
1.3926241
1.3930279
1.3922749
1.3931252
1.3929117
1.3927864
1.3927231
1.393231
1.3927994
1.3925883
1.3926545
1.3931187
1.3928185
1.3923047
1.3920342
1.392694
1.3926574
1.3925914
1.392484
1.3924118
1.3929889
1.3922338
1.3927886
1.3928957
1.3927333
1.3922879
1.3928334
1.3924509
1.3922936
1.3923706
1.3925902
1.3928741
1.392633
1.3925905
1.3927943
1.3924849
1.3920288
1.392938
1.3922217
1.3926916
1.3927302
1.392227
1.3927827
1.3921359
1.3928313
1.3924669
1.3929774
1.3925691
1.3923464
1.3919122
1.3925967
1.3926586
1.3924755
1.3925409
1.3925644
1.3922248
1.3928838
1.3923353
1.3930708
1.3922087
1.3920659
1.3929142
1.3922795
1.3919878
1.3917919
1.392088
1.3924111
1.3929136
1.3923496
1.3929259
1.3926225
1.3920703
1.3924487
1.3925227
1.3925763
1.3925283
1.3921696
1.3924063
1.3921499
1.3920181
1.3932456
1.3924493
1.3922446
1.3921238
1.3919713
1.392495
1.3922415
1.3925912
1.3925155
1.3922626
1.3922781
1.3926004
1.3922324
1.3917572
1.3923997
1.3925583
1.3914831
1.3917806
1.3921254
1.3926587
1.392319
1.3922008
1.3925619
1.3918419
1.3922197
1.3923997
1.3918436
1.3918308
1.391862
1.3918511
1.3916072
1.3924745
1.3921483
1.392185
1.3923732
1.3919283
1.3921928
1.3924948
1.3922513
1.3922739
1.392591
1.3917555
1.3921499
1.392448
1.3924105
1.3924073
1.3920264
1.39191
1.3914412
1.3926767
1.391804
1.3918856
1.3921922
1.3919828
1.391998
1.3919783
1.3917931
1.392372
1.3919349
1.3918332
1.3919461
1.3915738
1.3917835
1.39163
1.3918232
1.3916807
1.3925695
1.3920008
1.39218
1.3918864
1.3917392
1.3916667
1.391815
1.3918912
1.3917152
1.3917474
1.392059
1.391778
1.3916543
1.3919382
1.3924996
1.3919126
1.3922006
1.3918611
1.392079
1.3920234
1.3921118
1.391872
1.3918031
1.3922745
1.3916655
1.3916221
1.3917962
1.3915975
1.3919007
1.3915939
1.3918333
1.392078
1.3923334
1.3919538
1.3916095
1.39179
1.3922507
1.3919439
1.3917737
1.3920984
1.391555
1.3922079
1.3919737
1.3914881
1.3920461
1.3918556
1.3917944
1.3918272
1.3917439
1.3918394
1.3917742
1.3919075
1.3921626
1.3918419
1.3922491
1.3919735
1.3917483
1.3913565
1.3918711
1.3919224
1.3919718
1.3920368
1.3917301
1.3920804
1.3914417
1.3920047
1.3916901
1.3914288
1.3919482
1.3918059
1.3918628
1.391744
1.3913772
1.3917086
1.3920214
1.3914546
1.3919312
1.39194
1.3918339
1.3916522
1.3915834
1.391555
1.3914138
1.3918027
1.3917824
1.391893
1.3919777
1.3920544
1.391802
1.392263
1.3915058
1.3919533
1.3913801
1.3918355
1.3915478
1.3922129
1.3915954
1.3917301
1.3914341
1.3918175
1.3912015
1.3915951
1.3917066
1.3912663
1.3914756
1.39148
1.3915137
1.3915974
1.3912128
1.3914746
1.3916365
1.3916082
1.3915114
1.3914804
1.391633
1.3920208
1.3917494
1.3916503
1.391295
1.3914249
1.3920199
1.3911873
1.3913436
1.3914688
1.3914082
1.3914069
1.3918881
1.3917933
1.3913808
1.3914015
1.3914798
1.3913711
1.3913885
1.3913132
1.3919926
1.3911009
1.3913914
1.3916935
1.3917621
1.3913217
1.3912542
1.3912339
1.3917389
1.3916109
1.3911668
1.3919837
1.3916311
1.3916905
1.3916154
1.3911495
1.3914204
1.3916332
1.3914144
1.3912228
1.3917907
1.3916646
1.3917011
1.3915027
1.391401
1.3911086
1.3913347
1.3908597
1.3914113
1.391607
1.3916918
1.391358
1.3914917
1.3912464
1.3915573
1.3908371
1.3918539
1.3909127
1.3916423
1.3916131
1.3912312
1.3912508
1.3910444
1.3909426
1.3913126
1.3914608
1.3910755
1.3913022
1.3912352
1.3915933
1.3914045
1.3912967
1.3911448
1.3910494
1.3915939
1.3914298
1.3917055
1.3911661
1.3914962
1.3916245
1.3914874
1.3907887
1.3909305
1.3908597
1.391428
1.3912228
1.3913918
1.3911834
1.3919015
1.3912842
1.391824
1.3913122
1.3910266
1.3915251
1.3909477
1.3908286
1.3911594
1.3910055
1.3907889
1.3911926
1.3915241
1.3913363
1.3906406
1.390746
1.3909165
1.390979
1.3910247
1.3912635
1.3912216
1.3910245
1.3911325
1.3910083
1.390926
1.3910049
1.3912462
1.3906162
1.391277
1.3905294
1.3908923
1.3911649
1.3910679
1.391206
1.3910843
1.3908124
1.3907691
1.3909296
1.3912235
1.3906943
1.3905189
1.391261
1.3910984
1.390655
1.3907648
1.3906977
1.3909858
1.3908014
1.3917284
1.3909903
1.3908497
1.3908955
1.3913176
1.391207
1.390935
1.3915522
1.3911084
1.3910046
1.3912001
1.391227
1.3910881
1.3907651
1.3906531
1.3909035
1.3906496
1.3910327
1.391125
1.3911446
1.3906101
1.3910867
1.3911943
1.3907658
1.39103
1.3918823
1.3911476
1.39093
1.391199
1.3910074
1.3910894
1.390982
1.3910668
1.3908292
1.3905344
1.3911651
1.3907969
1.3906025
1.3908075
1.3908453
1.391161
1.3912599
1.3910831
1.3909129
1.3907145
1.3908932
1.3908414
1.3909123
1.3907188
1.3908428
1.3910367
1.3909371
1.3910812
1.3912419
1.3912578
1.3908697
1.3913531
1.3906642
1.3905693
1.39048
1.390622
1.3903842
1.3908681
1.3907838
1.3909924
1.3903775
1.3902115
1.390648
1.3903645
1.3908393
1.3908533
1.390926
1.3905545
1.3907416
1.3906202
1.3909134
1.3902605
1.3909101
1.3906525
1.3905935
1.3910613
1.3905913
1.3908569
1.3904842
1.390838
1.3903539
1.3910627
1.3909644
1.3906304
1.391048
1.3906804
1.3906776
1.3905431
1.3906571
1.3907086
1.3905503
1.3904135
1.3910564
1.3903303
1.3906701
1.3907495
1.3906826
1.3904152
1.3905499
1.3907661
1.3903327
1.3903133
1.3904686
1.3907189
1.3907899
1.3907306
1.3904428
1.390614
1.3909347
1.3908011
1.3900733
1.3901116
1.3899332
1.3898681
1.3899187
1.3901486
1.3907558
1.3901395
1.390659
1.3909322
1.3906354
1.3904667
1.3903322
1.3903732
1.3911022
1.390316
1.3903084
1.3902566
1.3908719
1.3910565
1.3904969
1.3904606
1.3910207
1.3906581
1.3905025
1.3906417
1.3907008
1.3904953
1.3905586
1.3903443
1.3902582
1.3909105
1.3906494
1.3904282
1.3904772
1.3901819
1.3900166
1.390835
1.3901074
1.3901491
1.3910102
1.3903594
1.3909873
1.3904572
1.3905386
1.3904315
1.3904225
1.3908396
1.3903042
1.3906776
1.3907982
1.3903161
1.3907449
1.390167
1.390116
1.390293
1.3901262
1.3902678
1.389835
1.3901968
1.3904793
1.3904048
1.3899044
1.3901033
1.3905965
1.3904918
1.3905058
1.3906125
1.3901803
1.390451
1.3905398
1.390112
1.3907504
1.3902439
1.3903054
1.3899424
1.3905624
1.3906707
1.390208
1.3904941
1.3907872
1.3902771
1.3900522
1.3903792
1.3898736
1.3903065
1.3902817
1.3901693
1.3902754
1.3903384
1.3905407
1.3901113
1.390251
1.3903111
1.39023
1.3906178
1.390563
1.3905513
1.390612
1.3905365
1.3900136
1.3900701
1.3900168
1.3904035
1.3900728
1.3905683
1.3899621
1.3901794
1.390638
1.3901116
1.3905281
1.3898745
1.3897398
1.3896124
1.3903491
1.3901514
1.3895665
1.3897401
1.3899432
1.3900483
1.3898532
1.3904014
1.390274
1.3898922
1.3897053
1.3897033
1.39003
1.390036
1.3905945
1.3900503
1.390062
1.3895124
1.3900297
1.3897899
1.3901411
1.3898681
1.3899363
1.3901575
1.390191
1.3900547
1.3903934
1.3896583
1.389646
1.3900478
1.3897886
1.389794
1.3897829
1.3902807
1.3902408
1.3897446
1.390286
1.3902603
1.3904266
1.3898557
1.3899215
1.3895547
1.390128
1.3904167
1.3900435
1.3899091
1.3896912
1.3897808
1.3904587
1.3899368
1.3899753
1.3895998
1.3896096
1.3901513
1.3902947
1.3902718
1.3896663
1.390132
1.3899775
1.389946
1.3895993
1.390082
1.3898101
1.3899156
1.3901302
1.3900881
1.3902435
1.3896208
1.3898427
1.389983
1.3897132
1.3898779
1.3904214
1.3897761
1.3900518
1.3897203
1.3896275
1.3901703
1.3901064
1.389421
1.3898468
1.3893619
1.3894485
1.3899271
1.3897865
1.3894458
1.3898128
1.3900887
1.3894163
1.3897574
1.3897147
1.3902416
1.389827
1.3895776
1.3900944
1.3899069
1.3896412
1.3892896
1.3904213
1.3897953
1.38976
1.3896887
1.390694
1.3897201
1.3893318
1.3898563
1.3898848
1.3897449
1.3895233
1.3894126
1.3899142
1.3893911
1.3895426
1.3898344
1.3901892
1.3894731
1.3894997
1.3897924
1.3896189
1.3895504
1.3898253
1.3894528
1.3898661
1.3896183
1.3899816
1.3895507
1.3899431
1.3898003
1.3895537
1.3896956
1.3897988
1.3895218
1.3896686
1.3895692
1.3896372
1.3894826
1.3897644
1.3895829
1.3898017
1.3900489
1.3897337
1.3894438
1.38967
1.3898233
1.3894129
1.3898872
1.3897256
1.389228
1.3895767
1.3896073
1.3896657
1.3893437
1.3894421
1.3896229
1.3896153
1.3893553
1.3895952
1.3892206
1.3890954
1.3894051
1.3894248
1.38976
1.3891662
1.3897362
1.3888938
1.3893304
1.3893125
1.3893063
1.3895847
1.3895152
1.3895059
1.3896465
1.3894565
1.3895627
1.3894749
1.3894912
1.3898721
1.3890772
1.3893682
1.3896211
1.3886766
1.3893766
1.3894665
1.3893315
1.3893495
1.3893107
1.3892304
1.389176
1.3896865
1.3895149
1.3897327
1.3900279
1.3892707
1.3890129
1.3890238
1.3894057
1.3890499
1.3888901
1.3894554
1.3887216
1.3897692
1.3891484
1.3892046
1.3891733
1.3891418
1.389654
1.3888886
1.3888389
1.3896283
1.3897326
1.3891922
1.3894413
1.389295
1.3892629
1.3892951
1.3892506
1.3892306
1.3894385
1.3892546
1.3892024
1.3892707
1.3890791
1.3892791
1.3888716
1.3898026
1.389156
1.3890612
1.3886187
1.3892938
1.3894873
1.3892181
1.3895328
1.3894864
1.3892022
1.3889793
1.3889987
1.3895869
1.3893226
1.389198
1.389191
1.3896223
1.3895521
1.3888663
1.3888172
1.3888499
1.3889691
1.3892585
1.3888404
1.3890041
1.3889933
1.3889421
1.3890132
1.3892034
1.3892651
1.3893925
1.3890498
1.3889179
1.3886747
1.3892171
1.389278
1.3892616
1.3883994
1.3890377
1.3891538
1.3890872
1.3889328
1.3884997
1.3891062
1.3894972
1.3888893
1.3882647
1.3891244
1.3889067
1.3891531
1.3887393
1.3891381
1.38879
1.388944
1.3890846
1.3888487
1.3889953
1.3882273
1.3888247
1.3884602
1.3889536
1.3893735
1.3887961
1.3890826
1.3888696
1.3893167
1.3886704
1.3887323
1.3891174
1.3892828
1.3889577
1.3887945
1.3887998
1.3888669
1.388943
1.3886966
1.3890136
1.3885761
1.3891145
1.3888402
1.3890339
1.3888855
1.3884627
1.3890799
1.3891587
1.3888317
1.3889748
1.389217
1.3886173
1.38861
1.3891405
1.3892031
1.3890435
1.388745
1.3886043
1.3889127
1.3887867
1.3893238
1.3885221
1.3888415
1.3882833
1.3888869
1.3888096
1.3888859
1.3882796
1.3888539
1.3886801
1.3887604
1.3885881
1.3889818
1.3889272
1.3887279
1.388831
1.3889399
1.3887938
1.3889023
1.3882776
1.3886278
1.3884608
1.3887953
1.3886409
1.3889105
1.388661
1.3884636
1.3887866
1.3886896
1.389023
1.3885788
1.3884465
1.3883396
1.3888998
1.3889432
1.3887838
1.3885794
1.3887992
1.3887439
1.388965
1.3882656
1.3884151
1.388773
1.3885509
1.3891513
1.3888699
1.3882656
1.3885387
1.3890266
1.3887521
1.3887895
1.3889691
1.388719
1.3884546
1.3884659
1.388789
1.3885624
1.3890287
1.3885647
1.3879937
1.3885348
1.3887441
1.388703
1.3888134
1.3884494
1.3887868
1.3888127
1.3888108
1.3886232
1.3880445
1.3890376
1.3884926
1.3886234
1.3888345
1.3888067
1.3886753
1.3882908
1.3885841
1.3891388
1.3885227
1.3888954
1.3888644
1.3889688
1.388345
1.3884381
1.3882506
1.3885446
1.3878816
1.3883095
1.3880954
1.3887337
1.3882886
1.3882889
1.3884227
1.3887395
1.3886882
1.3884375
1.3885763
1.3884331
1.3887063
1.3888717
1.3889815
1.3887192
1.3878887
1.3883767
1.3882011
1.3884789
1.3884969
1.3884978
1.3881412
1.3886887
1.3882551
1.3883009
1.3886775
1.3886913
1.3875397
1.3888935
1.3878527
1.3884786
1.3882409
1.3887959
1.3884537
1.388153
1.3885555
1.3882811
1.3884217
1.3884639
1.3882235
1.3887448
1.3882668
1.388406
1.3881897
1.3885983
1.3881147
1.3883832
1.3882865
1.3883423
1.3884901
1.3879932
1.3884978
1.3880981
1.3881248
1.3879972
1.388042
1.3878963
1.3883654
1.3885903
1.3883606
1.388139
1.3885263
1.3885132
1.3881592
1.387814
1.3880626
1.3882765
1.3887205
1.3885819
1.3884848
1.388011
1.3884085
1.3884058
1.3886443
1.388287
1.3878489
1.3880167
1.388105
1.3886597
1.3880972
1.3880669
1.3879641
1.3881023
1.3885815
1.388296
1.3883649
1.3884115
1.388618
1.3884988
1.3878881
1.388462
1.3882831
1.387966
1.3885603
1.3874979
1.3879371
1.3884895
1.3883297
1.3881347
1.3880143
1.3883568
1.3880013
1.3883473
1.3882042
1.3880072
1.3882413
1.3877852
1.388255
1.3879708
1.3880444
1.3877356
1.3877523
1.3880506
1.3880078
1.3874522
1.3880794
1.3881422
1.3880748
1.3882098
1.3875759
1.3881888
1.3884405
1.3879936
1.3876102
1.3879385
1.388401
1.3879404
1.3880275
1.3879123
1.3881153
1.3884722
1.388105
1.3875583
1.3881621
1.3882486
1.3881037
1.388291
1.3882227
1.3879788
1.3881466
1.3880973
1.3881946
1.388192
1.3875607
1.3876925
1.388062
1.3876611
1.3885247
1.3877058
1.3881004
1.3885677
1.3882095
1.3883867
1.3876073
1.387882
1.3882729
1.3883984
1.3882427
1.3876932
1.3877752
1.3884605
1.3879656
1.3883171
1.3878206
1.388036
1.3880551
1.3876916
1.3880059
1.3881463
1.3877417
1.3877112
1.3884045
1.3880275
1.3875754
1.3875818
1.3879168
1.3877997
1.3880817
1.3882315
1.387852
1.3880451
1.3877352
1.3878695
1.3875684
1.3881406
1.3877541
1.3874639
1.3878922
1.3883072
1.3873137
1.3875928
1.3880905
1.3880008
1.3878486
1.3874477
1.3881122
1.3880625
1.3880318
1.3873769
1.3878183
1.3878975
1.3882743
1.3883183
1.3877988
1.3879653
1.3880589
1.3879299
1.3875543
1.3880668
1.3878957
1.3882074
1.3876945
1.3878947
1.3880504
1.3874017
1.3878007
1.3874896
1.3876473
1.3874402
1.3875326
1.3880901
1.3878808
1.387872
1.3881989
1.3879824
1.3879417
1.3873705
1.3883327
1.3881484
1.3880382
1.3881432
1.3881543
1.3881165
1.3877959
1.3881304
1.3877302
1.387685
1.3878
1.3877109
1.3878044
1.3872434
1.387868
1.3877727
1.3883637
1.3879462
1.3878034
1.3875089
1.3882025
1.3874903
1.3878208
1.3880892
1.3881444
1.3876995
1.3877687
1.3877438
1.3878433
1.3878593
1.3875145
1.3875839
1.3875078
1.3872563
1.3883424
1.3880918
1.3878242
1.3874481
1.3875405
1.3874998
1.3874573
1.3884562
1.3880097
1.3874667
1.3880981
1.3872582
1.3873713
1.3877045
1.3877704
1.3880153
1.3880688
1.3877786
1.3877352
1.3873742
1.3878183
1.3878528
1.3879931
1.3871306
1.3879476
1.3877668
1.3877103
1.3875418
1.3876681
1.3870145
1.3876293
1.387792
1.3877326
1.3877817
1.3880459
1.3881012
1.3877468
1.3877963
1.3874335
1.3875679
1.3874571
1.3880386
1.3873712
1.3875312
1.3876536
1.3878428
1.3875178
1.3875254
1.3872602
1.3877078
1.3875539
1.3876159
1.3874693
1.3880526
1.3880638
1.3873589
1.3878798
1.3876337
1.3879747
1.3874402
1.3878354
1.3880038
1.3879598
1.3874534
1.3876536
1.3877249
1.3874103
1.3875259
1.3876028
1.3877674
1.3873695
1.3877611
1.387592
1.3873825
1.3879603
1.3876601
1.3874462
1.387436
1.3870243
1.3873878
1.3876944
1.3876415
1.3874451
1.3876432
1.3878785
1.3879238
1.3876647
1.3869325
1.3875983
1.3875089
1.3875959
1.3876778
1.3872465
1.3874235
1.3871471
1.3877702
1.3875704
1.3875713
1.3877681
1.3879751
1.3878089
1.3877158
1.3877751
1.3875347
1.387545
1.3878087
1.387415
1.3872114
1.3874012
1.3870736
1.3876687
1.3876548
1.3877801
1.3873222
1.3878247
1.3874671
1.387347
1.3878143
1.3871715
1.3871628
1.3877077
1.3878051
1.387539
1.3877426
1.3874164
1.3873509
1.3876276
1.3879513
1.3874114
1.3874598
1.3874502
1.3876599
1.3875991
1.387447
1.3872471
1.387444
1.3876191
1.3870804
1.386899
1.3869087
1.3875183
1.3873447
1.3873055
1.3876778
1.3877045
1.3878907
1.3872541
1.3873978
1.3870097
1.3878814
1.3871634
1.3876354
1.3871036
1.3873434
1.3875179
1.3871654
1.3870305
1.387433
1.3872863
1.3877236
1.3875238
1.3870275
1.3871456
1.387251
1.3874949
1.3872837
1.3873477
1.3875904
1.3876005
1.3872416
1.3873727
1.3876258
1.3872772
1.387735
1.3873094
1.3870875
1.3874019
1.3872259
1.3877146
1.3875506
1.3872334
1.3873208
1.3879569
1.387216
1.3874075
1.3874938
1.3874723
1.3874491
1.3877789
1.3873276
1.3870392
1.3874254
1.3876562
1.3868626
1.3877903
1.3869089
1.3874402
1.3874208
1.3868552
1.3873781
1.387487
1.3879874
1.3874861
1.3871294
1.3874564
1.387018
1.3874525
1.3872788
1.3873217
1.3875164
1.3871617
1.3871742
1.3871984
1.3870274
1.3874782
1.3872004
1.3871131
1.3874037
1.3876617
1.3874737
1.3872783
1.3878474
1.3874193
1.3878877
1.3875303
1.3869423
1.3876197
1.3877395
1.3872366
1.3870305
1.3872743
1.387475
1.3873369
1.3877616
1.3870991
1.3875955
1.3874992
1.3871442
1.3872385
1.3874208
1.3871574
1.3868822
1.3873457
1.387163
1.387414
1.387435
1.3876585
1.3870484
1.3872157
1.3870842
1.3872235
1.3870615
1.3873383
1.387031
1.3876209
1.386892
1.3875538
1.387401
1.3876251
1.3868557
1.3871477
1.3869697
1.3870099
1.3874216
1.3872792
1.3872389
1.387332
1.3879505
1.3873168
1.3870105
1.3874019
1.3870192
1.387147
1.3874665
1.3872037
1.3873746
1.3876898
1.3878726
1.387244
1.3875856
1.3871291
1.3870745
1.387513
1.3869144
1.3874426
1.3868557
1.3874991
1.3870478
1.3873253
1.3876977
1.387615
1.3870355
1.3879715
1.3872733
1.3873402
1.3871038
1.3876172
1.387432
1.3875371
1.3874218
1.3876815
1.3874829
1.3875965
1.3873302
1.3870628
1.3875113
1.387599
1.387131
1.3873612
1.386896
1.3873421
1.3874167
1.3870183
1.3874868
1.3874928
1.3875175
1.3873376
1.3875434
1.387655
1.3874841
1.3872198
1.3872052
1.3872197
1.3874207
1.387184
1.3873352
1.3868
1.3873376
1.3876624
1.3873208
1.3869295
1.3868437
1.3870081
1.3875405
1.3875405
1.3872622
1.3873229
1.3875419
1.3874037
1.3870803
1.3876562
1.3871527
1.3870239
1.3875476
1.3871429
1.3874952
1.3873926
1.387248
1.3869467
1.3871528
1.386961
1.3872892
1.3869677
1.3873498
1.3868669
1.387491
1.3870684
1.3869184
1.38687
1.387122
1.3870554
1.3871723
1.387219
1.3870878
1.3872706
1.3870562
1.3871896
1.3867486
1.3876884
1.3870554
1.3869392
1.3874344
1.3871311
1.3871132
1.3875666
1.3875561
1.387399
1.3874477
1.3872488
1.3871379
1.3876084
1.3876123
1.3868939
1.3871994
1.3872006
1.3873472
1.3871247
1.3872043
1.3873383
1.387136
1.3871652
1.3873167
1.3872412
1.3871998
1.3873401
1.3871533
1.3870213
1.3871948
1.3870246
1.3875736
1.3872591
1.3875617
1.3871603
1.3873091
1.3873618
1.3873994
1.3872877
1.3870624
1.3870382
1.3867816
1.3873065
1.3873836
1.3871313
1.3871319
1.3872362
1.3873147
1.3875037
1.3875341
1.3867146
1.3875214
1.3874772
1.3869526
1.3877087
1.3873471
1.3874109
1.3869371
1.3869723
1.3876145
1.387627
1.3877721
1.3867432
1.3871672
1.3868631
1.3876367
1.3870127
1.3869524
1.3874002
1.3872317
1.3875318
1.3873867
1.3871851
1.3867799
1.3873063
1.3872782
1.3869791
1.3872505
1.3874218
1.3865575
1.387671
1.3872355
1.3873652
1.3875482
1.387414
1.3872705
1.3873931
1.3873038
1.3868172
1.3874183
1.3872442
1.3872018
1.3870066
1.386604
1.387523
1.3869113
1.3874769
1.3874557
1.3872982
1.3872018
1.3871346
1.3870589
1.3874065
1.3875226
1.3866082
1.3872585
1.3871342
1.3870317
1.3869742
1.3869232
1.3873411
1.3874106
1.3873233
1.3872685
1.3874024
1.3873851
1.3873451
1.3872792
1.3868732
1.386847
1.3869729
1.3871553
1.3868107
1.3868452
1.3874102
1.387146
1.3869517
1.3867962
1.3874598
1.3874081
1.3873165
1.3874683
1.3872492
1.3869091
1.3869382
1.3869781
1.3872472
1.3874475
1.3870693
1.3873249
1.3869423
1.387345
1.3872118
1.3873568
1.3876085
1.3874502
1.3876867
1.3874822
1.3874038
1.3872741
1.3871427
1.3870142
1.3876878
1.3869156
1.387353
1.3872896
1.3871092
1.387134
1.3865906
1.3869398
1.3870578
1.3872974
1.3869787
1.3869723
1.3868138
1.3871304
1.3874098
1.3870865
1.3872042
1.3872883
1.3869976
1.3869376
1.3871088
1.3872235
1.3872013
1.3868753
1.3869003
1.3872246
1.3874921
1.3875178
1.3869226
1.3874564
1.386905
1.3872353
1.3870975
1.3869886
1.3872048
1.3870021
1.3873639
1.3875089
1.3867241
1.387592
1.3866358
1.386942
1.3865315
1.3875117
1.3868468
1.3877158
1.3872919
1.3872213
1.3873029
1.3873014
1.3870367
1.3872827
1.3866365
1.3871318
1.3873549
1.387543
1.386942
1.3870473
1.3873078
1.3870665
1.3870109
1.3873231
1.3872467
1.3871276
1.3869972
1.3870362
1.3866358
1.3870677
1.3872029
1.3869503
1.3869911
1.387101
1.3871138
1.3868936
1.3872616
1.3869768
1.3873119
1.3873825
1.3865889
1.3871875
1.3870275
1.3875718
1.3870803
1.3870268
1.3872539
1.387536
1.3872802
1.3873363
1.3870409
1.3877938
1.3873159
1.3872503
1.3870959
1.3872913
1.387077
1.3869278
1.3873569
1.3870255
1.3867912
1.3874168
1.3875259
1.3867869
1.3870987
1.3870059
1.3871361
1.3866227
1.3875103
1.3867633
1.3867235
1.3872453
1.3871297
1.3872828
1.3870803
1.3872188
1.3870552
1.3872044
1.3874993
1.3866754
1.3871862
1.3873053
1.3869187
1.3870702
1.3870586
1.3875108
1.3875126
1.3870653
1.3871429
1.3870833
1.387115
1.3867131
1.3870928
1.387486
1.3872861
1.3872726
1.3873136
1.3871479
1.3875765
1.3869549
1.3875017
1.3871423
1.3869696
1.3868665
1.3874248
1.3870001
1.3871889
1.3872552
1.3874875
1.386795
1.3871926
1.3871007
1.3872805
1.3875175
1.3875117
1.387342
1.3869573
1.387391
1.3871895
1.3871307
1.3871037
1.3873724
1.3864722
1.3874301
1.3874477
1.3867815
1.3871754
1.3874904
1.387301
1.3874395
1.3871962
1.3875169
1.3871328
1.3870058
1.3871062
1.3870213
1.3872292
1.3869109
1.3869947
1.3874327
1.386992
1.3870373
1.3872743
1.3869318
1.3874091
1.3869721
1.3866462
1.3872608
1.3870953
1.387174
1.3872231
1.3866634
1.3874922
1.3870412
1.3875345
1.3872033
1.387335
1.3872486
1.3872072
1.3870662
1.3870913
1.3869094
1.3874708
1.3870776
1.3871148
1.3870192
1.3872842
1.3865569
1.3874902
1.3871338
1.3873683
1.3870472
1.3871679
1.3870144
1.3871081
1.387115
1.3868603
1.3868104
1.3869743
1.3873041
1.3868761
1.3871633
1.3872173
1.3871626
1.3870707
1.3869511
1.3871914
1.3871588
1.3872741
1.3867382
1.3878921
1.3874207
1.3866365
1.3875462
1.3870586
1.3869282
1.3872318
1.3868729
1.3875557
1.3874376
1.3870201
1.3871298
1.3868608
1.3873355
1.387229
1.3870946
1.3870213
1.3870307
1.3874404
1.3871126
1.3872521
1.3873279
1.3869737
1.3874941
1.3871423
1.387272
1.3875602
1.3872993
1.3872659
1.3871349
1.387404
1.3867044
1.3871474
1.3870592
1.3874826
1.3872215
1.3869312
1.3867983
1.3867977
1.3869389
1.3868576
1.3868634
1.3869387
1.3872429
1.38744
1.387345
1.3874502
1.3869015
1.3873667
1.386994
1.3870752
1.3870456
1.3873516
1.3873198
1.3873479
1.3872141
1.3872426
1.3873372
1.387161
1.387574
1.3870623
1.3872279
1.3873894
1.3868971
1.3873028
1.3875087
1.3867254
1.3872296
1.3874332
1.3874475
1.3871483
1.3876053
1.3874654
1.3870987
1.3868316
1.3875167
1.3868648
1.3867772
1.387134
1.3873417
1.3873365
1.387137
1.3872961
1.38757
1.3869752
1.3872995
1.3869076
1.387354
1.3869361
1.3875136
1.3874769
1.387632
1.3869506
1.3869104
1.3863459
1.3872696
1.3871557
1.3878028
1.3874482
1.3881416
1.3873738
1.387269
1.3869019
1.3872766
1.3876832
1.3874394
1.387116
1.3871619
1.387331
1.3872664
1.3872526
1.3869767
1.3872782
1.3869181
1.3872724
1.3874503
1.387302
1.3872399
1.3869947
1.3873339
1.3873785
1.3874947
1.3872279
1.3874199
1.3868302
1.3873007
1.3867948
1.3869246
1.3874688
1.3871577
1.3868812
1.3871136
1.3868791
1.3871424
1.387278
1.3874058
1.3870306
1.3871579
1.3870312
1.3867275
1.3870878
1.387367
1.3874888
1.3870678
1.3871833
1.3872381
1.3871058
1.386906
1.387551
1.3872429
1.3871063
1.3870178
1.3872334
1.3877454
1.3876481
1.3877459
1.3872855
1.3870306
1.3875887
1.3868704
1.3872477
1.3873018
1.3869218
1.3872867
1.3872622
1.3874272
1.3872907
1.3872714
1.3878204
1.3875763
1.3870565
1.3870368
1.386776
1.3872881
1.3869987
1.386842
1.3875875
1.3874149
1.3872105
1.3867445
1.3872048
1.3872579
1.3873328
1.387489
1.3872699
1.387458
1.3872845
1.3874689
1.3875253
1.3876214
1.3873975
1.3876953
1.3872156
1.387589
1.3870714
1.3872346
1.3878164
1.3873321
1.3872252
1.3872523
1.3870873
1.3869773
1.3877625
1.3872399
1.387351
1.3873085
1.3874457
1.3872398
1.3871982
1.3871442
1.3873982
1.3871475
1.3869048
1.3869631
1.3871361
1.3876574
1.387013
1.3869401
1.3872274
1.3872192
1.3874367
1.3872784
1.387393
1.387191
1.3877888
1.387368
1.3872821
1.3872315
1.3869795
1.3870251
1.3870691
1.3874413
1.3874388
1.3875245
1.3869765
1.3874034
1.3873703
1.3879194
1.3876787
1.3872485
1.3876404
1.3870814
1.3874004
1.3872856
1.3873777
1.3875575
1.3874992
1.3870554
1.3871975
1.3875247
1.3871688
1.3875595
1.3874522
1.387196
1.3876785
1.3873087
1.3873
1.3874892
1.3873794
1.387175
1.3871837
1.3875288
1.3871905
1.3872331
1.3877629
1.3868648
1.387177
1.3870968
1.3872957
1.3873218
1.387227
1.3870422
1.3873119
1.3873931
1.3873317
1.3874898
1.3877082
1.3868752
1.3871149
1.3873523
1.3874741
1.3871735
1.3876549
1.387693
1.3874464
1.3872403
1.387288
1.38717
1.387626
1.3871719
1.3872348
1.3870591
1.3878984
1.3877655
1.3877834
1.3874292
1.3873252
1.3874847
1.3877233
1.3873595
1.3876967
1.3875557
1.3872863
1.3871899
1.3872232
1.3873434
1.3870004
1.387396
1.3867354
1.3872126
1.3874018
1.3877159
1.3877007
1.3877081
1.3872637
1.3872023
1.3876262
1.3872093
1.3871728
1.3873199
1.3873246
1.3874441
1.3873004
1.3872361
1.3869685
1.3872012
1.3874313
1.386815
1.3878859
1.3871489
1.3873439
1.3871553
1.3873353
1.3871374
1.3874118
1.3869172
1.386797
1.387523
1.3874733
1.3871158
1.3875653
1.3873144
1.3871641
1.3872501
1.3872757
1.3873868
1.3875029
1.3868762
1.3872894
1.3873545
1.3871031
1.3872252
1.387674
1.3872265
1.3876461
1.3874903
1.3871311
1.3874782
1.3876405
1.3870608
1.3874604
1.3877156
1.3871557
1.3876214
1.3873438
1.3869171
1.3873506
1.3875902
1.3873719
1.3873566
1.3872688
1.3875141
1.3870131
1.3874668
1.3871291
1.3876269
1.3873143
1.3870173
1.387369
1.3875946
1.3874698
1.3868158
1.3876139
1.3875054
1.3877223
1.3876946
1.3878181
1.387133
1.3872856
1.3870982
1.3875324
1.387698
1.3874843
1.387523
1.3876308
1.3875026
