1.4029245
1.4018539
1.4010668
1.4004533
1.4002275
1.3995531
1.3998556
1.3996477
1.3995161
1.4000413
1.400114
1.4001448
1.3999927
1.3997769
1.3996688
1.3998104
1.3998144
1.399896
1.3997961
1.3997926
1.3997347
1.3998677
1.3996785
1.4003136
1.3998992
1.4000736
1.3997006
1.4002047
1.3994552
1.4001327
1.399603
1.3999825
1.39953
1.4001957
1.3998142
1.40059
1.3996768
1.3995788
1.3996062
1.3995606
1.3996063
1.3996809
1.3996973
1.3998345
1.399909
1.399333
1.3997068
1.3996592
1.3995008
1.400203
1.3992773
1.3994879
1.3990196
1.3991606
1.3989587
1.3997905
1.3991613
1.3995804
1.3994174
1.3995494
1.3993864
1.3991177
1.3995575
1.3989311
1.3994766
1.3998181
1.3999468
1.3999362
1.399646
1.3996302
1.4001932
1.3993225
1.3991488
1.3994008
1.3990599
1.3995062
1.3992935
1.3997016
1.4000243
1.3988962
1.3988674
1.3998028
1.3994594
1.3992127
1.3994633
1.399723
1.3994876
1.4006597
1.3993164
1.3999405
1.3992698
1.400188
1.3993524
1.3993919
1.3993881
1.3989657
1.399403
1.4005009
1.3995237
1.3996271
1.4001436
1.39958
1.399353
1.3996872
1.3994247
1.3991431
1.3989495
1.399468
1.399612
1.4000449
1.3995193
1.3996143
1.3996081
1.3995218
1.3993702
1.3990145
1.3996778
1.3995737
1.3991989
1.3996279
1.3994583
1.3997558
1.3994646
1.3992805
1.3994446
1.3995218
1.3996557
1.3997837
1.399628
1.3991365
1.399169
1.3991519
1.3989906
1.4000393
1.3987476
1.3988025
1.3990126
1.39987
1.3988358
1.3986204
1.4000013
1.3998224
1.3993884
1.3992318
1.3985407
1.3996032
1.3988014
1.3996617
1.3990959
1.3993229
1.3996457
1.3991593
1.398932
1.3995638
1.3993704
1.3992702
1.3992662
1.3993613
1.4000962
1.3998038
1.3992016
1.3996831
1.3989896
1.3997285
1.398525
1.3994584
1.3991177
1.3990906
1.3995408
1.3991472
1.3999115
1.3993008
1.3995076
1.3987908
1.3991133
1.3992186
1.3990285
1.3994274
1.399651
1.3991051
1.3997583
1.3995123
1.3989128
1.3991097
1.399401
1.400545
1.3995999
1.3997451
1.399346
1.3994595
1.3995255
1.3994651
1.3999147
1.3994454
1.3991665
1.3998659
1.399125
1.3994709
1.3986832
1.3989422
1.3991319
1.3992077
1.3991727
1.3991946
1.3996154
1.3987306
1.399161
1.3994385
1.3989267
1.3994098
1.3991444
1.3991946
1.3992018
1.3988004
1.3992242
1.399509
1.3992616
1.3992409
1.3991274
1.3999891
1.3993449
1.3993012
1.3997068
1.3992077
1.3993726
1.3998066
1.3991468
1.3990332
1.3989967
1.3989897
1.3991838
1.3987404
1.3992218
1.3993317
1.3994205
1.3988078
1.3997177
1.3994426
1.3993937
1.3998066
1.3986902
1.3995436
1.3986992
1.3995088
1.3993918
1.3995309
1.3996117
1.4001383
1.3994985
1.3993163
1.3991557
1.3992834
1.3999418
1.3997462
1.3991176
1.3991942
1.3998398
1.3988843
1.400161
1.3991978
1.3995056
1.3989488
1.3992808
1.3999081
1.3986286
1.3987964
1.3991127
1.3990948
1.3989882
1.3994131
1.3989017
1.3989164
1.399308
1.3991016
1.3996279
1.399319
1.3994365
1.3997738
1.3993591
1.3989519
1.3991448
1.3998765
1.3993698
1.3996526
1.3992656
1.399481
1.3989086
1.3991505
1.3992745
1.3993592
1.3991076
1.3999847
1.3991957
1.3990132
1.3992802
1.3995477
1.3994259
1.3992128
1.3995348
1.3997025
1.3989602
1.3993447
1.3995242
1.399272
1.3992686
1.3989718
1.3988233
1.3990928
1.3986464
1.3991677
1.3991938
1.3995694
1.3994786
1.3993013
1.3988037
1.3992215
1.3989626
1.3997695
1.3994981
1.3991251
1.3993225
1.3989515
1.3988724
1.3989555
1.39962
1.3986374
1.3989155
1.3993173
1.3993679
1.3994546
1.3997455
1.3991823
1.3996371
1.3995371
1.3985437
1.3996376
1.3992474
1.3988035
1.3991396
1.399755
1.3992716
1.3991851
1.3997047
1.399267
1.3995733
1.3992771
1.3984836
1.3987869
1.3986903
1.3991226
1.3989762
1.3988849
1.3992629
1.3990793
1.3995925
1.399216
1.3990903
1.399102
1.3983853
1.3996648
1.398839
1.3991466
1.3988131
1.3991374
1.3990705
1.3985344
1.399093
1.3994644
1.3989458
1.3990151
1.3996054
1.3994029
1.3989408
1.3997699
1.3990425
1.3989168
1.3994279
1.3989297
1.3987106
1.3988304
1.3990229
1.3992064
1.3994329
1.3994447
1.398572
1.3994485
1.3991143
1.3987155
1.3984045
1.3989233
1.399099
1.3993769
1.3986589
1.3992248
1.398928
1.3991002
1.399235
1.3988802
1.3988873
1.3987411
1.3991629
1.398614
1.3987436
1.3994193
1.3990902
1.3994924
1.3991257
1.3993977
1.3988472
1.3986423
1.3985192
1.3985574
1.39958
1.3990961
1.3990002
1.398943
1.3993272
1.399505
1.3988147
1.3993098
1.3989844
1.3993243
1.398794
1.3987755
1.3991479
1.3991692
1.3991687
1.3989877
1.3993934
1.3989521
1.399283
1.399458
1.398954
1.3995167
1.3986619
1.3983136
1.3986782
1.3996419
1.3989002
1.3990768
1.399083
1.3987608
1.399425
1.3994824
1.399452
1.3993274
1.398766
1.398971
1.3986377
1.3991665
1.3991617
1.3989605
1.3989459
1.3987696
1.3992954
1.3982484
1.3988663
1.3993169
1.398837
1.3995253
1.3989518
1.399096
1.3994027
1.3990296
1.3993777
1.3989611
1.3984286
1.3997355
1.3985893
1.3986671
1.3994652
1.399087
1.399508
1.3994576
1.3992565
1.3990129
1.3994213
1.3987979
1.3987305
1.3985573
1.3989582
1.3990546
1.3986659
1.3988485
1.3987885
1.3991243
1.3988433
1.3988295
1.3987435
1.3993493
1.3988686
1.3993996
1.3991654
1.3991156
1.3986766
1.3991566
1.3988191
1.3988752
1.3990077
1.3986992
1.3986864
1.3987335
1.3987505
1.3986455
1.3988667
1.3992996
1.39955
1.3989283
1.3984987
1.3987459
1.3985019
1.3989671
1.3987911
1.3995477
1.3986226
1.3986033
1.3987207
1.3986372
1.3987576
1.3990748
1.3988147
1.3991501
1.3989657
1.3990879
1.39892
1.3988996
1.3987167
1.3991945
1.3989084
1.3991123
1.3989242
1.3990921
1.3986928
1.3992778
1.399176
1.3990322
1.3991301
1.3992388
1.3983434
1.3988713
1.3987315
1.3986721
1.3989223
1.3991829
1.3986907
1.3991073
1.3986619
1.3990337
1.3990539
1.3989769
1.3983486
1.3990517
1.3988692
1.3991721
1.3985299
1.3989319
1.3986758
1.3984041
1.3988692
1.3992586
1.3989321
1.3990874
1.3988034
1.3989391
1.398181
1.3989582
1.398887
1.3992032
1.3989029
1.3985537
1.3982722
1.3992027
1.3987591
1.3989569
1.3989068
1.3980784
1.398731
1.3981425
1.3988388
1.3983922
1.3991808
1.398828
1.3989998
1.3987986
1.3993741
1.3988303
1.3991668
1.3987112
1.3989426
1.3994068
1.3985647
1.3985921
1.3983767
1.3986114
1.3984214
1.3987048
1.3980894
1.3983929
1.3995333
1.3989125
1.3983899
1.3984709
1.3987536
1.3987997
1.3987265
1.3989593
1.3990228
1.3986641
1.3988509
1.3984638
1.3990234
1.398673
1.3990345
1.3987825
1.398521
1.3985301
1.3987023
1.3989289
1.3984488
1.3984196
1.3984855
1.3983831
1.3989319
1.3989534
1.3985926
1.3990607
1.3988552
1.39838
1.3986311
1.3981013
1.398282
1.3988034
1.3989161
1.3989577
1.3986241
1.3984627
1.3985779
1.3988975
1.3987087
1.3985639
1.3984478
1.3988817
1.3987013
1.3990841
1.3981785
1.3987844
1.3984629
1.3982567
1.3982449
1.3981547
1.3987536
1.3982979
1.3987441
1.3990768
1.3987948
1.3986518
1.3982834
1.3983914
1.3977643
1.3986566
1.3985884
1.3986815
1.3982903
1.3984581
1.3983717
1.3985413
1.3986878
1.398544
1.3981537
1.3987318
1.3982229
1.3981771
1.3986063
1.39877
1.3985445
1.3989329
1.3982579
1.3985599
1.3983253
1.3986096
1.3986645
1.3984218
1.3983476
1.3984251
1.3985995
1.3982953
1.3983451
1.3980539
1.3989193
1.39802
1.3979653
1.3979012
1.3983235
1.3986712
1.398317
1.3984262
1.3985991
1.3986714
1.3978431
1.3982737
1.3982397
1.3983783
1.3984172
1.3982301
1.3982763
1.3980536
1.3984381
1.3987148
1.3985052
1.3983552
1.3989121
1.398582
1.398688
1.3986458
1.3984224
1.3985664
1.3989536
1.3984298
1.398118
1.3983723
1.3983127
1.3978755
1.3974468
1.3986902
1.3982998
1.3977
1.398847
1.3988512
1.3981415
1.3978078
1.3981432
1.398492
1.398219
1.3983444
1.3982828
1.3981506
1.3983276
1.3989828
1.3980693
1.3980337
1.3987422
1.3982776
1.3978341
1.3987112
1.3978704
1.3978345
1.3981634
1.398193
1.3984777
1.3983575
1.398026
1.3983411
1.3978075
1.3980702
1.3983189
1.3981202
1.3979372
1.398119
1.3985199
1.3978897
1.3982888
1.3976284
1.398419
1.3979635
1.3982836
1.3981282
1.3986682
1.3978549
1.3983526
1.3981262
1.3983611
1.3980817
1.3980956
1.3982565
1.3983774
1.398307
1.3983483
1.398572
1.3978428
1.3979384
1.3977371
1.3985598
1.3980944
1.3985522
1.3980384
1.3982064
1.397799
1.3976278
1.3978459
1.397955
1.3977047
1.3979777
1.398184
1.3979472
1.397829
1.3978189
1.3977746
1.3979399
1.3981682
1.3976288
1.3983077
1.3982537
1.3980445
1.3980631
1.3977625
1.39841
1.3982486
1.3975687
1.3982949
1.3976005
1.3977998
1.3978643
1.3981956
1.3979311
1.3979318
1.3973775
1.3977633
1.3979496
1.3980328
1.3978027
1.3978797
1.3975874
1.3974897
1.3983812
1.3980033
1.3977087
1.3980097
1.3977093
1.3979273
1.3977165
1.3978424
1.3975447
1.3976976
1.3977462
1.3977917
1.397692
1.3976716
1.3976362
1.3978517
1.3974447
1.3985038
1.3976051
1.3976725
1.3978676
1.3979152
1.3978453
1.3974919
1.3979856
1.3981215
1.3974205
1.3975922
1.3976334
1.3973827
1.3980374
1.3975707
1.3975623
1.3974026
1.397253
1.3970783
1.3979986
1.3972425
1.3975699
1.3975674
1.397411
1.3980523
1.397321
1.3973292
1.3969557
1.3972515
1.3977484
1.3974416
1.3975652
1.3978488
1.3972182
1.3975376
1.3975114
1.3976779
1.3979546
1.3971065
1.3975297
1.3978595
1.3976177
1.3978682
1.3976284
1.3981276
1.3973787
1.3972543
1.3969505
1.3973904
1.3980072
1.3971109
1.3973764
1.3973857
1.3973781
1.3971592
1.396648
1.3975102
1.3971096
1.397521
1.3975797
1.3971732
1.3969562
1.3972712
1.3971939
1.3973033
1.3971496
1.3974181
1.3973116
1.3975748
1.3973701
1.3972985
1.3973469
1.3976086
1.3971994
1.3971967
1.3972094
1.3976232
1.3972093
1.3970565
1.397666
1.3969475
1.3970584
1.3971074
1.3970995
1.3968322
1.3972315
1.3972204
1.3972301
1.3971847
1.3968209
1.3973318
1.3970186
1.3971876
1.3975173
1.3974345
1.3970505
1.3972459
1.3971344
1.3974926
1.3972949
1.3967222
1.3973612
1.3971839
1.3972597
1.3966992
1.3974339
1.3973519
1.397102
1.3971177
1.3969709
1.3970639
1.397428
1.3976774
1.3973559
1.3967743
1.397576
1.3965496
1.3972226
1.3971215
1.3969597
1.3963337
1.396698
1.3967388
1.3968898
1.3967057
1.3971815
1.3972162
1.3969752
1.3966271
1.3973305
1.3969551
1.3968134
1.3968533
1.3970205
1.3972613
1.3964069
1.3971967
1.3967426
1.3970634
1.3969467
1.396704
1.3965619
1.396501
1.3967321
1.3968706
1.397294
1.396739
1.3972172
1.3968906
1.3974146
1.3967414
1.3967592
1.3965607
1.3969852
1.3967792
1.397236
1.3966601
1.396233
1.3966405
1.3969431
1.3964078
1.3959965
1.3964379
1.3968683
1.3965101
1.396336
1.3967612
1.3966165
1.3965789
1.3967041
1.3967658
1.3963174
1.3968095
1.396327
1.3964473
1.396734
1.3970181
1.3965852
1.396668
1.3967744
1.3966289
1.395796
1.3965845
1.3963908
1.3963499
1.3964082
1.3963461
1.3966188
1.3965527
1.3964448
1.396614
1.3965623
1.396284
1.3967907
1.3961877
1.3962861
1.3964403
1.3966023
1.3958267
1.3969932
1.396396
1.3963746
1.3961698
1.3964249
1.3963932
1.3965083
1.3964633
1.3960065
1.3959659
1.3962374
1.3967974
1.3964646
1.3962784
1.3961445
1.3961712
1.3961755
1.3962206
1.3960136
1.3963963
1.3966093
1.3959692
1.396779
1.3963276
1.3964583
1.3967663
1.3958355
1.3963639
1.3958465
1.3960745
1.3967731
1.3957641
1.3966988
1.3962559
1.3961217
1.3961681
1.3964114
1.3960338
1.3967314
1.3955355
1.3967514
1.3959047
1.396026
1.3959507
1.3959389
1.3963213
1.3956025
1.3958346
1.3962591
1.3958267
1.3959228
1.3963103
1.3962907
1.396462
1.3957192
1.3963599
1.3956175
1.3954959
1.3961757
1.3956313
1.3965172
1.3962641
1.3960398
1.3957918
1.3964628
1.3960218
1.3962189
1.3955903
1.3963491
1.3955393
1.3960143
1.3957707
1.3961418
1.3960167
1.3960104
1.3952144
1.3958012
1.3957459
1.3960605
1.3954554
1.395787
1.3958719
1.3955868
1.39602
1.3959593
1.3958746
1.3961322
1.3956198
1.3958673
1.395844
1.3955946
1.3961029
1.3954667
1.3957214
1.3959702
1.3962766
1.3957531
1.3956064
1.3953776
1.395852
1.3956765
1.3956347
1.3955219
1.3960161
1.3953117
1.3952703
1.3956494
1.3959973
1.395488
1.3957256
1.3958738
1.3953911
1.395472
1.3957043
1.3953757
1.3956465
1.3954492
1.3954629
1.3954922
1.3959033
1.395631
1.395152
1.3961388
1.3948711
1.395468
1.3954135
1.3957459
1.3957866
1.3954009
1.3956957
1.3955824
1.3953753
1.3952564
1.3954064
1.3954693
1.3959564
1.3952711
1.3951706
1.3951728
1.3955537
1.3956268
1.3959093
1.3953747
1.3949798
1.3955574
1.3954147
1.3949776
1.3950963
1.3953402
1.3955512
1.3953246
1.3955129
1.3949858
1.3952905
1.3950977
1.394924
1.3955142
1.3950843
1.395531
1.3948623
1.3954561
1.3949435
1.3945646
1.3947029
1.3951656
1.3952789
1.3950976
1.394292
1.3950313
1.3954165
1.3957723
1.394795
1.394457
1.3951498
1.3954989
1.3953421
1.3952239
1.3955151
1.3948259
1.3949294
1.395287
1.3951331
1.3950771
1.3950673
1.3954719
1.3949833
1.3952166
1.3947663
1.3952508
1.3946577
1.3953001
1.3947326
1.3949673
1.3950783
1.3943275
1.3949506
1.3949785
1.3953252
1.3949183
1.3952118
1.395399
1.3950328
1.3951526
1.3953817
1.3948249
1.3951119
1.3949571
1.3951305
1.3954675
1.3944038
1.3949876
1.3952019
1.3949645
1.3945875
1.394573
1.3947464
1.3948342
1.3944546
1.3943911
1.3948978
1.394909
1.3952012
1.3952926
1.3948241
1.3945336
1.3951867
1.3944329
1.3946621
1.3945911
1.3950404
1.394796
1.3944638
1.3950678
1.3947171
1.3946807
1.3948047
1.3940275
1.3943074
1.3948036
1.3946085
1.394662
1.3943859
1.3945078
1.3949008
1.3947238
1.3943919
1.3945137
1.3944732
1.394932
1.3943951
1.394254
1.3940667
1.3944322
1.3940773
1.3948632
1.3943006
1.3945888
1.3944633
1.3950691
1.3946542
1.3941885
1.3941271
1.3945545
1.394009
1.3947676
1.3951147
1.3943737
1.3947306
1.3945068
1.3945036
1.3946606
1.3947
1.3940753
1.3946381
1.3941494
1.3943859
1.3946644
1.3948005
1.3941094
1.3940834
1.3943579
1.3938566
1.3944132
1.3945786
1.3944658
1.3944404
1.394452
1.3947418
1.3944912
1.394067
1.3945159
1.3945773
1.3943549
1.3942553
1.394238
1.3945783
1.3940128
1.3942513
1.3940392
1.3942897
1.3945627
1.3945657
1.394512
1.3941247
1.394815
1.394393
1.3939255
1.3944545
1.394392
1.39432
1.3940952
1.3943769
1.3937436
1.3938864
1.3942237
1.3943026
1.3946543
1.3937814
1.3943317
1.3941039
1.3937067
1.3940458
1.3943257
1.3940911
1.3941499
1.394665
1.3940216
1.3938653
1.3941414
1.3933156
1.3943431
1.3941877
1.3941706
1.3942803
1.3938788
1.3942046
1.3941278
1.3939899
1.3942546
1.3938135
1.3936653
1.3941809
1.3941627
1.3938583
1.3937142
1.3941056
1.3940517
1.3941004
1.3942047
1.3941365
1.3945346
1.3940139
1.393977
1.3944441
1.3937538
1.3937095
1.394131
1.3939435
1.3933308
1.393268
1.3943875
1.3941742
1.393679
1.3935621
1.3941654
1.394321
1.3938996
1.3941255
1.3938127
1.393843
1.3936532
1.3938267
1.3936552
1.3937279
1.3940992
1.3935243
1.3936828
1.3939972
1.3936048
1.3933014
1.3943319
1.3932487
1.3942235
1.3938483
1.3936712
1.3938149
1.3941189
1.3942178
1.393922
1.3940039
1.3936505
1.3940475
1.393581
1.393355
1.3935348
1.3935575
1.3935419
1.3939049
1.3938278
1.3934941
1.3933388
1.3933383
1.3934041
1.3940006
1.3936427
1.3933823
1.394039
1.3937739
1.3937478
1.3936017
1.3937653
1.3927584
1.3931662
1.3934199
1.393651
1.3934158
1.393808
1.393566
1.3934437
1.3938395
1.3938085
1.393959
1.3943437
1.3939681
1.3931012
1.3935742
1.3937864
1.3939018
1.393434
1.3935003
1.3932244
1.393534
1.3935798
1.3935585
1.3930932
1.3936368
1.3938689
1.3935069
1.3936976
1.3935
1.3937095
1.3937774
1.393118
1.3937057
1.3931241
1.3933946
1.3934343
1.3932185
1.3932351
1.3932561
1.3927491
1.3938066
1.3937167
1.3933376
1.393445
1.3936298
1.393545
1.3933976
1.3933561
1.393613
1.3938645
1.3930122
1.3928294
1.3934563
1.3935131
1.3930461
1.3931452
1.3933033
1.3934101
1.393655
1.3933865
1.3931868
1.3926638
1.3930827
1.3936236
1.3932999
1.393583
1.3933518
1.3927313
1.3932855
1.3934091
1.3934904
1.3935702
1.392979
1.393241
1.3933272
1.3930212
1.3932297
1.3932167
1.3925147
1.3928494
1.3931093
1.3931559
1.393181
1.3927011
1.3933855
1.3930756
1.3936074
1.392809
1.393267
1.392931
1.3929286
1.3931162
1.3927926
1.3928088
1.3930757
1.3936142
1.3931909
1.3933502
1.3933786
1.3929142
1.3931698
1.3926157
1.3936055
1.3927908
1.3929812
1.3929554
1.3927025
1.3923525
1.3932868
1.3928683
1.3934507
1.3926921
1.3929548
1.3929014
1.3928912
1.392864
1.3931172
1.392672
1.3929126
1.3927444
1.3925244
1.3930808
1.3931799
1.3925744
1.3928913
1.3925871
1.3931457
1.3932186
1.3928772
1.3931527
1.3927578
1.3929131
1.3932595
1.3928648
1.3932251
1.3925976
1.3932961
1.393061
1.3928238
1.393219
1.3925381
1.3931084
1.3923547
1.392486
1.3930374
1.3928399
1.3931079
1.3927592
1.3922542
1.3927761
1.3924662
1.3927433
1.3931879
1.3924356
1.392494
1.3927928
1.3925575
1.3926604
1.3926616
1.3925289
1.3928443
1.3925228
1.3932327
1.3930298
1.392962
1.3926365
1.3923724
1.3931867
1.3924932
1.3923819
1.3925251
1.3923031
1.3924292
1.3926096
1.3926221
1.3927463
1.3929534
1.3924646
1.3921093
1.3925575
1.3929604
1.392414
1.3927723
1.3921896
1.392156
1.3923032
1.392988
1.3927164
1.3922367
1.3929511
1.3922065
1.3926462
1.3922228
1.3926
1.3925602
1.3921626
1.392075
1.3921548
1.3931799
1.3927561
1.3924406
1.3923055
1.3924589
1.3923273
1.3928839
1.3927771
1.3926767
1.3925302
1.392836
1.392192
1.3925575
1.3925087
1.3923948
1.392202
1.3925538
1.3927374
1.3924869
1.3926929
1.3927907
1.3922243
1.3925786
1.392326
1.3924462
1.3923401
1.392473
1.3924785
1.3927976
1.3914932
1.3925997
1.3926016
1.3924263
1.3922795
1.3925344
1.3920988
1.3923491
1.3926388
1.392674
1.3922914
1.3924166
1.3924284
1.3922327
1.3915784
1.3925796
1.3927563
1.3920498
1.3919045
1.3917539
1.3923763
1.3924091
1.392355
1.3922096
1.3923404
1.3919107
1.3922688
1.3920289
1.3923242
1.3924831
1.3916239
1.3922523
1.3927648
1.392225
1.392635
1.3920097
1.3921734
1.3917723
1.392696
1.3920648
1.3917388
1.392143
1.3920844
1.3922135
1.39201
1.3926625
1.3922039
1.3921076
1.3924961
1.3922521
1.3919796
1.3918626
1.3923693
1.3922377
1.3921868
1.392167
1.3924215
1.3914398
1.3922766
1.3923216
1.392457
1.3919688
1.3918346
1.3922497
1.3923974
1.3922802
1.3919953
1.39269
1.3913734
1.3921579
1.3924202
1.3919176
1.3921534
1.3922265
1.3922466
1.392142
1.3918694
1.3922707
1.3917663
1.3922191
1.3916516
1.3923235
1.3921309
1.3919598
1.3925071
1.3921919
1.3920021
1.391591
1.391882
1.3919386
1.3920169
1.3917259
1.3921127
1.3920736
1.3917662
1.3918371
1.3917875
1.3916205
1.392188
1.3919159
1.3921714
1.3926737
1.3919034
1.3918251
1.3919014
1.3925546
1.3924003
1.3917418
1.3918431
1.3921659
1.3918266
1.3918295
1.3914194
1.3914794
1.3920249
1.3916638
1.3921741
1.3917626
1.3918194
1.3913686
1.39226
1.3914584
1.3916111
1.3918104
1.3919418
1.3919865
1.391422
1.3917845
1.3919287
1.3919463
1.3922304
1.3916326
1.3919055
1.3915946
1.3913769
1.3918972
1.3921174
1.3917348
1.39186
1.3919026
1.3919499
1.3922116
1.3914154
1.3916967
1.3913685
1.3920572
1.3920364
1.3918724
1.3918359
1.3919884
1.3920252
1.3917968
1.3916706
1.3916664
1.391806
1.3918251
1.3916984
1.3915371
1.3916268
1.3922058
1.3913502
1.391602
1.3914056
1.3918417
1.3914974
1.3911519
1.3917208
1.3923132
1.391724
1.3916448
1.3916906
1.3913075
1.3913695
1.391719
1.3913878
1.3913481
1.3913418
1.3913747
1.3921207
1.3918281
1.3913568
1.3918993
1.3920183
1.3913314
1.3918074
1.3915651
1.3913729
1.3912331
1.3915613
1.3914698
1.3915254
1.390816
1.3914253
1.3916374
1.3918886
1.3916379
1.3915993
1.3916135
1.3911446
1.391991
1.3912585
1.3914328
1.3914845
1.3914313
1.3913578
1.3914386
1.3910089
1.3915542
1.3912048
1.3915912
1.3914217
1.3909663
1.3910754
1.391497
1.3916456
1.3915323
1.3913037
1.3910493
1.3917909
1.3913965
1.3919185
1.3914104
1.391848
1.3912255
1.3913684
1.3915918
1.3915179
1.3914003
1.3908314
1.3919079
1.3912274
1.3909302
1.3916098
1.3913718
1.3912491
1.3913174
1.3911927
1.3913
1.3909879
1.3904984
1.3916464
1.3911666
1.3910106
1.3911335
1.3911743
1.3913679
1.3913249
1.3913282
1.3912344
1.3911915
1.3913795
1.3916426
1.3914694
1.3913254
1.3914791
1.3910513
1.3913437
1.3912385
1.391272
1.3914915
1.3910458
1.3911266
1.3912922
1.3909235
1.3911321
1.3915924
1.3911692
1.3915204
1.3910273
1.3913559
1.3910925
1.3911543
1.3910443
1.3910613
1.3909012
1.3908539
1.3912362
1.3913914
1.391049
1.3914964
1.3914278
1.3916191
1.390989
1.3907306
1.3907151
1.3911144
1.3916774
1.3904976
1.3912177
1.3910378
1.3912222
1.3907545
1.3906775
1.3910537
1.3911513
1.3910698
1.3913276
1.3908752
1.3910334
1.3907572
1.3906139
1.3912406
1.3909531
1.3911359
1.3907744
1.3906637
1.3910515
1.3912313
1.391447
1.3910391
1.3910286
1.3912125
1.3914269
1.3917671
1.3911961
1.3910532
1.390857
1.3911399
1.3906567
1.3913786
1.3911167
1.3911299
1.3907465
1.3910406
1.3905005
1.3909359
1.3911021
1.3908467
1.3913196
1.3909421
1.390696
1.3908314
1.3907158
1.3911686
1.3913615
1.3904705
1.390836
1.3912268
1.391083
1.3910221
1.3905725
1.3907061
1.3903317
1.3910962
1.3909197
1.3910762
1.3910484
1.3905135
1.3912739
1.3906094
1.390846
1.3911817
1.3913805
1.3913139
1.3908625
1.3909588
1.3908886
1.3904518
1.3905154
1.3907114
1.3906997
1.3910466
1.3905857
1.3906127
1.3912733
1.3906077
1.3912793
1.3904767
1.3902936
1.3908391
1.3904338
1.3900886
1.3907398
1.3908
1.3909879
1.3909557
1.3905942
1.390423
1.3904251
1.3908936
1.3906038
1.3906792
1.3911468
1.3908013
1.3908384
1.390687
1.3905919
1.3905385
1.3906453
1.3907647
1.3906356
1.3906151
1.3906705
1.3909234
1.3908858
1.3906267
1.3904588
1.3909075
1.3907536
1.3905629
1.3905731
1.3906797
1.3906524
1.3909222
1.3908409
1.3910491
1.3903754
1.3910762
1.3903626
1.3906193
1.390829
1.3904548
1.3902625
1.3906082
1.3907729
1.3906404
1.3909762
1.3904886
1.3903799
1.3900645
1.3900399
1.3907429
1.390671
1.3905836
1.3905414
1.3902926
1.3901478
1.3902496
1.3904356
1.3908597
1.3904448
1.3901514
1.3901898
1.3903097
1.390577
1.390303
1.390539
1.390371
1.3903242
1.3902279
1.390755
1.3903351
1.3906456
1.3904636
1.390585
1.3905405
1.39051
1.3904366
1.390221
1.3904026
1.3904672
1.3905772
1.3901306
1.3902407
1.3901557
1.3904896
1.3906236
1.3902279
1.3906472
1.3904154
1.3902363
1.3908379
1.390296
1.3905032
1.3907703
1.3902115
1.3904123
1.3901554
1.3902826
1.3908192
1.390602
1.3900636
1.3908793
1.3904165
1.3903842
1.389764
1.3903648
1.3901871
1.3903176
1.390275
1.3905421
1.3905666
1.3901975
1.3906016
1.3903471
1.3904142
1.3902162
1.3902107
1.3901287
1.3903158
1.3903668
1.3900037
1.3906416
1.3906794
1.3904977
1.3902117
1.3898712
1.3901693
1.3904897
1.3904712
1.3902892
1.3904108
1.3900701
1.3902047
1.3901302
1.3901753
1.3904765
1.3899784
1.3896674
1.390358
1.3901787
1.3899783
1.3900148
1.3899945
1.3901924
1.3905238
1.3901936
1.3902918
1.3899784
1.3899444
1.3899969
1.3902828
1.3900255
1.3902769
1.3903824
1.39013
1.390027
1.3900983
1.3903123
1.3899475
1.3903309
1.3900313
1.3900666
1.3902551
1.3904434
1.389774
1.3900491
1.3899343
1.3903055
1.3898903
1.3902318
1.3897771
1.3899618
1.3901452
1.3899616
1.3899533
1.3898382
1.3902085
1.3902419
1.3896743
1.3903015
1.3900805
1.3905088
1.3902106
1.3900304
1.3896314
1.3898368
1.3902903
1.3897064
1.389774
1.3901682
1.3896371
1.3896891
1.390385
1.3898162
1.3897825
1.3902229
1.389781
1.3899176
1.3897824
1.390027
1.3900635
1.3902793
1.3899226
1.3900363
1.3903997
1.3901364
1.3898718
1.3902301
1.3900734
1.3897418
1.3896108
1.3902861
1.3899765
1.3900901
1.3899312
1.389677
1.389938
1.3897619
