1.4419374
1.3340735
1.310392
1.3073426
1.3079314
1.3043073
1.3033658
1.301442
1.3008488
1.2975514
1.2992735
1.2944523
1.292431
1.2905056
1.2887717
1.2930263
1.2866393
1.2850324
1.281868
1.2825071
1.2805873
1.2771149
1.2780665
1.2739375
1.2746339
1.2710057
1.2709295
1.267357
1.268923
1.2654542
1.2651684
1.2646933
1.2602136
1.2657899
1.2585895
1.2584437
1.256137
1.2572657
1.2547531
1.2499325
1.2476046
1.2518753
1.2488174
1.2445263
1.2419451
1.2409078
1.2408638
1.2438021
1.2384276
1.2434692
1.2403916
1.234596
1.2389574
1.2331731
1.2316668
1.2303984
1.227886
1.2272317
1.2233322
1.2258023
1.2228345
1.2281197
1.2183063
1.2242854
1.2225057
1.2230238
1.2154262
1.2235147
1.2184843
1.2179842
1.2160957
1.217564
1.2199636
1.2147793
1.2146559
1.2079306
1.205433
1.2124791
1.2085783
1.2120664
1.2077568
1.212295
1.2019947
1.2022878
1.1989777
1.1971805
1.203531
1.2025142
1.1974361
1.1998026
1.1996435
1.1912522
1.1971377
1.1877022
1.1866046
1.1928372
1.1909226
1.1793883
1.1919425
1.184387
1.1902584
1.1852508
1.1827252
1.1804363
1.1794392
1.1879668
1.1741378
1.177828
1.1749976
1.178435
1.1729811
1.1724703
1.1703713
1.1671245
1.1706171
1.1695956
1.162619
1.1684601
1.16403
1.1672158
1.1635696
1.1652906
1.1618052
1.1627643
1.1635413
1.1590853
1.1537008
1.1591988
1.156
1.1592132
1.1603646
1.1579757
1.151396
1.1503907
1.1460067
1.1503934
1.1443368
1.1511695
1.1500626
1.1462882
1.1418923
1.1454498
1.1415248
1.1488212
1.138906
1.1409428
1.142332
1.1417432
1.1442182
1.1358659
1.1372988
1.1365103
1.1352509
1.1383939
1.1351386
1.1351669
1.1313857
1.1321448
1.1307384
1.1311368
1.1314901
1.1302819
1.1301684
1.1287274
1.1280768
1.1294748
1.1251595
1.1228768
1.1175978
1.1254871
1.1236169
1.1201003
1.1225444
1.1199883
1.1214856
1.1182725
1.1190008
1.1116562
1.1152059
1.1168681
1.117416
1.1136959
1.1140406
1.1101769
1.1114781
1.1155617
1.1123253
1.1073955
1.108477
1.1075355
1.1089164
1.111395
1.1068215
1.1054744
1.1077329
1.1032856
1.1026909
1.1028107
1.101932
1.1019818
1.0999228
1.1019487
1.0950801
1.0996535
1.0975391
1.0952239
1.0930314
1.0957763
1.0977678
1.0945653
1.0911885
1.0915835
1.0893304
1.0913535
1.0876136
1.0876848
1.0898594
1.0871857
1.0895629
1.0850257
1.085366
1.0853089
1.082349
1.0848405
1.0852773
1.084888
1.0812533
1.0829215
1.082866
1.0810406
1.0863614
1.0823423
1.0816132
1.0816619
1.081123
1.080173
1.0786248
1.0770699
1.079725
1.0789438
1.0800824
1.0759736
1.0751702
1.076975
1.0769465
1.0724918
1.0725076
1.076305
1.0737393
1.0713961
1.0728536
1.0732466
1.0713108
1.0736213
1.071667
1.0709256
1.0749825
1.0720435
1.0678518
1.0684899
1.0680995
1.0669159
1.0679427
1.0669733
1.0681305
1.0673685
1.0700444
1.0651876
1.0653915
1.0653535
1.0638856
1.0656112
1.063513
1.0607686
1.0597622
1.0651715
1.0656308
1.059819
1.0607659
1.059666
1.0615356
1.0589516
1.0563412
1.0629086
1.0564834
1.0627178
1.0556538
1.0534736
1.0561737
1.056951
1.0581425
1.0569249
1.0586585
1.0539296
1.0550042
1.0542443
1.0573556
1.0570639
1.0544796
1.0553256
1.0524865
1.05326
1.053473
1.0506145
1.0527983
1.0511523
1.0518318
1.0516363
1.049907
1.0528643
1.0487735
1.0490092
1.0521376
1.0482988
1.0469657
1.048084
1.045832
1.0467391
1.0477202
1.0468574
1.0498852
1.0472487
1.0482315
1.0444775
1.0443553
1.0456225
1.0404327
1.0410141
1.044364
1.0407507
1.0466996
1.0488458
1.0454363
1.0440061
1.0412711
1.0389571
1.0452412
1.0451291
1.0453057
1.0431423
1.0424691
1.0427539
1.0415348
1.0428295
1.0394827
1.0428191
1.0413164
1.0434064
1.040474
1.0422057
1.0435072
1.040144
1.0426891
1.0405232
1.042879
1.0388902
1.0408417
1.0379374
1.0372262
1.0357205
1.042142
1.0391641
1.0381397
1.039845
1.0410974
1.0393324
1.0397011
1.0386183
1.0378606
1.0359938
1.039159
1.0385652
1.0403346
1.0355608
1.0387341
1.0389806
1.0391768
1.0373865
1.0381861
1.0431833
1.0383747
1.0378015
1.0383925
1.0377461
1.0381397
1.0372653
1.0412776
1.0417382
1.0362011
1.0373605
1.0365006
1.0401717
1.0380712
1.0387794
1.040581
1.0439801
1.0339328
1.0397816
1.037827
1.0414968
1.0415547
1.0399354
1.0414873
1.0435163
1.0421518
1.040652
1.0437511
1.0391103
1.0425261
1.0397415
1.0402473
1.0414255
1.0462162
1.0439098
1.0440804
1.0449469
1.0419254
1.0488966
1.0509394
1.0476365
1.0454965
1.0506002
1.0446482
1.0483204
1.0476104
1.0472416
1.047325
1.0499356
1.0496038
1.0532619
1.0526394
1.0498465
1.0522544
1.0539681
1.0546908
1.0528939
1.0559448
1.0574394
1.0575548
1.0595956
1.0629708
1.0605798
1.0629385
1.0586348
1.0623635
1.0657606
1.0645617
1.0639153
1.0683166
1.0668494
1.0682425
1.0685478
1.0651478
1.0776047
1.0711045
1.0732106
1.0767047
1.0811868
1.0792265
1.0809776
1.0832542
1.0874623
1.088194
1.088799
1.0933125
1.0969727
1.0986224
1.1004235
1.0991782
1.1071357
1.1074286
1.1114862
1.115166
1.116731
1.1277063
1.1211027
1.1242315
1.1353981
1.1372348
1.1434405
1.1487461
1.1526545
1.1532807
1.1600964
1.1715118
1.1761856
1.183777
1.182982
1.1847423
1.2049217
1.2077895
1.2030972
1.2160649
1.2279153
1.229754
1.2312553
1.2366432
1.2466092
1.2570354
1.2584971
1.2611799
1.258947
1.2669263
1.2843935
1.2699695
1.2880515
1.2927127
1.298934
1.3003395
1.3032305
1.3020647
1.313799
1.3058476
1.31322
1.3110529
1.3164849
1.3167561
1.3154218
1.3178754
1.3176959
1.3179382
1.3178316
1.31643
1.3171614
1.3226393
1.3140557
1.3136525
1.3149621
1.3122905
1.3118453
1.3094357
1.309391
1.3079625
1.3019488
1.3048022
1.3079474
1.3068457
1.2997559
1.2975749
1.2940434
1.2957321
1.2919126
1.2959173
1.2891505
1.2932966
1.2939541
1.2926143
1.2920898
1.288975
1.2930413
1.2941111
1.294275
1.2918037
1.2948389
1.3015395
1.2983372
1.2952497
1.3037467
1.3040574
1.3054645
1.3089393
1.3135117
1.3088948
1.3169
1.3162374
1.3155731
1.3238343
1.3263371
1.3313867
1.3338215
1.3366051
1.3322469
1.3416147
1.3566984
1.3389591
1.346907
1.3525428
1.3577774
1.3631188
1.37463
1.375861
1.379507
1.3818072
1.3892646
1.3923554
1.4066727
1.4018021
1.4179603
1.431265
1.444946
1.4299943
1.4578333
1.4453042
1.4683269
1.4623264
1.4808892
1.4791232
1.4827439
1.4999137
1.5022154
1.5069774
1.5122951
1.5164396
1.5207587
1.5297134
1.5339305
1.539716
1.5350393
1.5469428
1.5415856
1.5527787
1.5428526
1.5489247
1.5438749
1.5577345
1.566156
1.5517558
1.5539553
1.5638199
1.5634446
1.558076
1.5601054
1.5560302
1.5617374
1.5591489
1.5567434
1.5634011
1.555712
1.5560625
1.5606883
1.5569203
1.550486
1.5604093
1.5560677
1.5526351
1.5477735
1.544751
1.5518141
1.5464786
1.5471324
1.5488051
1.5449909
1.5427984
1.5427064
1.5468359
1.5325315
1.5391923
1.5320446
1.5369046
1.5354477
1.5307703
1.5318468
1.5302976
1.52899
1.5329001
1.5248121
1.5209106
1.5219378
1.5206066
1.5247992
1.5176998
1.5171264
1.5130773
1.5137669
1.5107093
1.5128186
1.5094358
1.5073385
1.5097525
1.5024498
1.505834
1.5110183
1.5007782
1.5066617
1.499477
1.5004855
1.4938934
1.4919615
1.4967642
1.4907092
1.4937371
1.4891322
1.4989722
1.4909337
1.4853122
1.4877093
1.4864933
1.4836897
1.478181
1.4835167
1.4837918
1.4745113
1.479326
1.4772667
1.4791579
1.4773043
1.4694107
1.4727873
1.4796383
1.4665631
1.4747509
1.4679633
1.4710009
1.4673705
1.4711046
1.4690564
1.4647768
1.467107
1.4579071
1.4604203
1.4638509
1.4607667
1.4653602
1.4589173
1.4571437
1.4555842
1.4586056
1.448689
1.4516728
1.4555234
1.4464011
1.447639
1.449326
1.4542481
1.448862
1.4478648
1.4440043
1.4510027
1.4422342
1.4424424
1.4455951
1.4434946
1.4413816
1.4423105
1.4381855
1.4384775
1.4332795
1.4374493
1.433737
1.4329944
1.4334279
1.4351817
1.4284341
1.4294776
1.4265792
1.4338248
1.4338299
1.4196647
1.4199893
1.4234693
1.4248837
1.4270668
1.4236434
1.4183389
1.4253519
1.4183682
1.4211006
1.4226974
1.4129847
1.418749
1.4110639
1.4114487
1.4170516
1.4224284
1.4076123
1.410937
1.4041947
1.4032649
1.4057671
1.4149703
1.4035943
1.4076097
1.4037865
1.4018834
1.402131
1.4045159
1.4031515
1.400234
1.3970704
1.3959963
1.3953912
1.4004915
1.399089
1.4032649
1.3985713
1.39852
1.396826
1.3895961
1.394154
1.3922473
1.3881572
1.3903753
1.3923348
1.3953265
1.3913751
1.3884469
1.3892455
1.38133
1.3831884
1.387767
1.382666
1.379334
1.3834219
1.3809177
1.3702295
1.3864923
1.3869607
1.376034
1.3793615
1.3777912
1.3768181
1.378207
1.3700843
1.381997
1.3753557
1.379263
1.3724462
1.3727094
1.3725797
1.3716087
1.369948
1.3755729
1.3701639
1.3848329
1.3801891
1.375629
1.3737313
1.3803508
1.3799617
1.3812459
1.3799144
1.3808633
1.3858176
1.3816059
1.3857439
1.383695
1.3842295
1.3852348
1.384567
1.3878267
1.3888729
1.390526
1.3900245
1.3966197
1.3955798
1.3953068
1.3991646
1.395219
1.3933518
1.3975859
1.4009726
1.4025817
1.401842
1.4005059
1.4001409
1.4040856
1.4018291
1.4053658
1.4036493
1.4058669
1.4061139
1.4096781
1.4088413
1.4101249
1.4080861
1.4082644
1.4098969
1.4099685
1.4073181
1.4101087
1.4084004
1.4085
1.4101627
1.4083549
1.4072524
1.4084733
1.4101256
1.4100567
1.408694
1.410103
1.4120417
1.4112498
1.4081101
1.4087629
1.4099312
1.4105954
1.4082574
1.4073005
1.4092811
1.4081118
1.406454
1.4066681
1.4066743
1.4077843
1.4052904
1.4039482
1.4045331
1.4075317
1.4046822
1.4045144
1.4034802
1.4043624
1.4059638
1.4034363
1.4039001
1.402793
1.4029205
1.4052472
1.4035087
1.4043884
1.4039997
1.4035351
1.4015521
1.4015526
1.4020562
1.3992276
1.4027019
1.4005082
1.4010346
1.3996227
1.4005785
1.4050964
1.4006599
1.4025203
1.399345
1.4016616
1.4004937
1.3996086
1.398242
1.4005526
1.4000891
1.399019
1.3988901
1.4002795
1.396014
1.3985262
1.399859
1.3987918
1.3978071
1.3981891
1.3977436
1.3971393
1.3971868
1.3960382
1.3945903
1.3950857
1.3946773
1.3975241
1.397685
1.3943686
1.395214
1.3934114
1.390204
1.3944154
1.3940184
1.3954448
1.395978
1.3955053
1.3960478
1.3926853
1.3936999
1.3950272
1.3953806
1.3946911
1.3935832
1.3930129
1.3904974
1.3943952
1.3961244
1.3937453
1.3946098
1.3936518
1.393347
1.3924283
1.3940357
1.3921396
1.3942695
1.3903143
1.3924775
1.391098
1.3910673
1.3899224
1.3912281
1.3923519
1.3918797
1.3875725
1.3901021
1.3942442
1.390242
1.3940097
1.3922925
1.39179
1.3908539
1.391336
1.3888419
1.3883995
1.3887304
1.3889111
1.3881835
1.3875248
1.3864484
1.3897552
1.3904728
1.3897433
1.3883349
1.388128
1.3857591
1.3882455
1.3877575
1.3884783
1.3887773
1.3859243
1.3882766
1.3867403
1.388767
1.3886071
1.38163
1.3865259
1.3862399
1.385323
1.3868309
1.3868303
1.3886236
1.3883208
1.387182
1.3836044
1.3864979
1.382403
1.3837616
1.3854592
1.3868406
1.3871497
1.3843783
1.3869823
1.3855255
1.3847628
1.3850453
1.3868377
1.3859224
1.3839035
1.3817275
1.3858445
1.3844085
1.3845346
1.3833066
1.3831495
1.3826983
1.3855371
1.3832102
1.381722
1.3835609
1.3830792
1.3833772
1.3850914
1.3815894
1.3852952
1.3822986
1.3828804
1.3802063
1.3822571
1.383163
1.3811923
1.3832643
1.3821611
1.3826028
1.3811637
1.3784333
1.381687
1.3806161
1.3815056
1.3816723
1.3831742
1.3812083
1.3803067
1.3812779
1.3821453
1.378593
1.3809922
1.3779366
1.3795458
1.3787589
1.3791915
1.3800563
1.3795604
1.380489
1.3788786
1.3809175
1.3787572
1.3795674
1.3772994
1.3792167
1.3810501
1.3772146
1.3769199
1.3776046
1.3818821
1.3771478
1.3779764
1.3777401
1.3766115
1.3775204
1.378061
1.3790168
1.3767431
1.3755492
1.3764378
1.3783122
1.3755879
1.3776661
1.3777474
1.3773724
1.3763267
1.3758347
1.3746353
1.3728203
1.3758713
1.3768519
1.3771955
1.3772743
1.3757448
1.3735038
1.3753998
1.3764963
1.3775665
1.3756074
1.3772306
1.373158
1.37454
1.3746244
1.3736598
1.3749216
1.3771595
1.3743622
1.3763639
1.3761523
1.3738425
1.3748584
1.3751748
1.3723638
1.3739787
1.3724645
1.3741863
1.372125
1.3721466
1.3746684
1.3715045
1.372744
1.3735464
1.3733034
1.3745131
1.3745838
1.3710865
1.3737679
1.370405
1.3735437
1.3702048
1.3722602
1.3706071
1.3721304
1.3700781
1.3731515
1.3723834
1.3708173
1.370739
1.3707253
1.3714839
1.3698696
1.3694062
1.3708732
1.370632
1.3704228
1.3719999
1.3714492
1.3690383
1.3677216
1.3684069
1.3697017
1.370647
1.3688365
1.3674648
1.3702632
1.3692725
1.3690666
1.3678408
1.369653
1.367186
1.3697221
1.3699484
1.3674487
1.3685302
1.3680893
1.3682002
1.3671911
1.3695735
1.3663447
1.3670374
1.3678764
1.3656446
1.3671535
1.3668299
1.366198
1.3667489
1.3653704
1.3682749
1.3661822
1.3636979
1.365122
1.3646612
1.3652184
1.3660405
1.3655736
1.3636795
1.3634509
1.3636147
1.3638626
1.3622508
1.3643091
1.3638891
1.3640938
1.3614419
1.3636086
1.3608941
1.3646698
1.3640916
1.3604326
1.3631536
1.3621361
1.3626183
1.3640544
1.3640866
1.3622122
1.3593241
1.3634795
1.3607255
1.3623749
1.3614609
1.3611121
1.3626018
1.3599994
1.3618678
1.3583866
1.3595314
1.3593053
1.3603362
1.3609563
1.3605827
1.3578963
1.3593479
1.3603432
1.3617479
1.361581
1.3567817
1.3573078
1.3595612
1.3567818
1.3599943
1.3582227
1.3597733
1.3573941
1.3584577
1.358049
1.3573734
1.3565457
1.3583392
1.3562839
1.3558104
1.3578231
1.3577901
1.3554591
1.3570292
1.3583792
1.3560524
1.3584
1.3573247
1.3556799
1.3587788
1.3566475
1.354953
1.3554691
1.3553561
1.3551921
1.3538796
1.3552332
1.3515285
1.3550439
1.3546951
1.3575507
1.3549923
1.3529413
1.354174
1.356235
1.3561529
1.3516161
1.352118
1.3520762
1.3509333
1.3532614
1.3529087
1.3526512
1.353372
1.3497046
1.3516055
1.3538352
1.3543444
1.351986
1.3515522
1.3527346
1.3513892
1.3516746
1.3515455
1.3518625
1.3492916
1.3491569
1.3504441
1.3506519
1.3476523
1.3488553
1.3479787
1.3501672
1.3481878
1.3496432
1.3510516
1.3504857
1.3453237
1.348338
1.351001
1.3487501
1.3489325
1.3477219
1.3476077
1.3490243
1.3477987
1.3479128
1.3492348
1.3513553
1.3426387
1.3505002
1.3468115
1.346757
1.3474671
1.3468976
1.3478152
1.3463016
1.3439636
1.3484942
1.346364
1.3473551
1.3482078
1.3464233
1.3442614
1.3466187
1.3465317
1.3474807
1.3448828
1.3444753
1.3450289
1.3478837
1.3459774
1.3468978
1.3444549
1.3424118
1.3464837
1.3478864
1.3460399
1.3433765
1.346731
1.3446038
1.3437543
1.3456901
1.3443413
1.3421687
1.3446536
1.3432621
1.3425137
1.3456035
1.3435163
1.3433968
1.343047
1.3440887
1.3431418
1.344897
1.3415697
1.3435596
1.3391731
1.3458315
1.3417892
1.3423586
1.3401905
1.341831
1.3454095
1.3401797
1.3414184
1.3412478
1.3414149
1.3414646
1.3443398
1.3418481
1.3413182
1.3411767
1.3422372
1.3416152
1.3440453
1.3405956
1.3417982
1.3408798
1.342937
1.3395133
1.342166
1.3408453
1.3410614
1.3420408
1.3386365
1.3406578
1.3403744
1.3399183
1.3392868
1.3392433
1.3397956
1.3406072
1.3392771
1.3400502
1.3380492
1.3380585
1.3385544
1.339063
1.338676
1.3383001
1.3384551
1.3389176
1.3397851
1.3389511
1.3370123
1.3404238
1.338905
1.3388706
1.3392268
1.3384628
1.3370117
1.3364426
1.3372719
1.3391004
1.3361478
1.3386383
1.3384827
1.3352185
1.3360121
1.3382099
1.3373215
1.3393475
1.3389423
1.3372025
1.3393934
1.3384181
1.3336167
1.338359
1.3388684
1.3377098
1.3356946
1.3354081
1.3384303
1.3374115
1.3390805
1.3346329
1.3374622
1.3372778
1.335739
1.3348937
1.3352885
1.33319
1.3358903
1.3343927
1.3368746
1.3334594
1.3337426
1.336953
1.3358918
1.3351125
1.3347528
1.3366458
1.3348399
1.3356665
1.3320261
1.336491
1.3348284
1.333843
1.3333106
1.3361213
1.3346775
1.3336153
1.3363528
1.3344653
1.3347758
1.3353262
1.3351653
1.3316894
1.3342957
1.3337649
1.334272
1.3344892
1.3321962
1.334438
1.3342917
1.335259
1.3365171
1.3318218
1.3307695
1.3340048
1.3351341
1.3350552
1.3327957
1.3330966
1.3319935
1.3319911
1.3347132
1.3345975
1.3349363
1.3334478
1.3326093
1.3335812
1.3330307
1.3335818
1.3316994
1.33418
1.3300034
1.3310535
1.3323063
1.3361107
1.3321372
1.3335669
1.3334715
1.3337417
1.3319088
1.3353966
1.3333024
1.3335623
1.3319397
1.3327796
1.3342068
1.3320593
1.3321626
1.3319856
1.3343073
1.3349186
1.3314357
1.3339458
1.3310763
1.3322122
1.3316494
1.3337591
1.3317411
1.3312774
1.3306092
1.3325082
1.3314629
1.3309628
1.3308262
1.3307316
1.3301498
1.3303603
1.3330717
1.3308122
1.3322291
1.3302329
1.3306878
1.3305175
1.3322599
1.3309515
1.3290887
1.3295808
1.3326606
1.3305061
1.3301003
1.3310611
1.3282768
1.329111
1.3291107
1.3317673
1.3290251
1.3264074
1.3308899
1.3285248
1.3305084
1.3283217
1.3297029
1.3300292
1.3297412
1.3296771
1.3293121
1.3309941
1.3274267
1.3307071
1.3282472
1.3292252
1.3287145
1.3300802
1.3267109
1.3303313
1.3285663
1.3275261
1.3290284
1.3266929
1.3273801
1.3282783
1.3267894
1.3290795
1.3277321
1.3280979
1.3301446
1.3280729
1.3281069
1.3264456
1.3286879
1.32821
1.3275926
1.3278122
1.3251696
1.32555
1.328378
1.3264928
1.3263489
1.3277503
1.3251698
1.3271952
1.327238
1.3263651
1.325568
1.3280541
1.32479
1.3247681
1.3239263
1.326272
1.325395
1.3247917
1.3262469
1.322272
1.325511
1.3250223
1.3250865
1.3255961
1.3235108
1.3228714
1.3249507
1.3249106
1.3257769
1.3233961
1.32362
1.3238828
1.3239089
1.3269546
1.323664
1.3219719
1.3254142
1.3244971
1.3221712
1.3245562
1.3224353
1.3232074
1.322774
1.3217251
1.3243449
1.3205686
1.320981
1.3221014
1.3213844
1.3213997
1.3218129
1.3201015
1.3217397
1.3214368
1.3210858
1.3240802
1.3193238
1.320435
1.3199729
1.3206006
1.3195368
1.3200974
1.320628
1.3220125
1.3211111
1.3210255
1.3202374
1.3209599
1.3236344
1.3186454
1.319679
1.3213941
1.3203294
1.3192827
1.3206275
1.3193142
1.3196241
1.3195755
1.31978
1.3193158
1.3190461
1.3177918
1.3176731
1.3191752
1.3183637
1.31989
1.3207767
1.3199575
1.3177626
1.3168186
1.3191592
1.3188797
1.319185
1.3176483
1.3164481
1.3156512
1.3166325
1.318993
1.3177735
1.3191031
1.3179466
1.3167514
1.3171926
1.3155328
1.3152351
1.318565
1.3148719
1.316466
1.3195668
1.3174758
1.3152585
1.3171244
1.3161538
1.3175108
1.3156704
1.3145884
1.316268
1.3153777
1.3166964
1.3140981
1.3153713
1.315712
1.315582
1.3178688
1.3143358
1.3161709
1.3122193
1.3167297
1.3155248
1.316414
1.3153434
1.3141428
1.3143659
1.3141993
1.3164241
1.3131725
1.3163888
1.3158821
1.3164568
1.3178427
1.3136072
1.3144447
1.3137155
1.3144847
1.3158785
1.3166085
1.3132361
1.3146678
1.3156047
1.3114883
1.3140255
1.3143512
1.31427
1.3152779
1.3136265
1.3124437
1.3126451
1.3119515
1.3134109
1.3139535
1.3141923
1.311178
1.3144052
1.3125389
1.3122147
1.3152692
1.3121804
1.3132586
1.3119514
1.3133132
1.3116332
1.3142437
1.3120081
1.3122073
1.3149381
1.3109602
1.3106854
1.3127167
1.310859
1.3113269
1.3123008
1.3093231
1.3091863
1.3110195
1.312283
1.3120204
1.3121771
1.3121923
1.311891
1.3114607
1.3098415
1.3114827
1.3109096
1.3113508
1.3123065
1.3113701
1.3105747
1.3116829
1.3101743
1.3088189
1.311507
1.311395
1.3117167
1.3116891
1.3133031
1.3094602
1.312807
1.311692
1.3109647
1.3093269
1.311028
1.3091687
1.3106397
1.3107377
1.3094144
1.3098601
1.3116034
1.3080786
1.3130153
1.3124186
1.3068824
1.3081168
1.3096337
1.30865
1.3100933
1.3100456
1.3086513
1.3096751
1.3079987
1.30684
1.3089482
1.3073487
1.3089011
1.307865
1.3096747
1.3069472
1.3070842
1.3086519
1.3080758
1.3088483
1.3083444
1.3073658
1.3067465
1.3085554
1.3070208
1.3075149
1.3073357
1.3080398
1.3062724
1.3074749
1.3073184
1.3079343
1.3058729
1.3050479
1.3061626
1.306486
1.3056908
1.305129
1.3064038
1.3053831
1.3070637
1.3055764
1.304953
1.305232
1.3060026
1.3060454
1.3060311
1.3059263
1.3058794
1.3040997
1.3030801
1.3044835
1.3049002
1.3063102
1.306199
1.3047712
1.3048358
1.3071404
1.3044863
1.3029026
1.3057241
1.303111
1.3055356
1.3041013
1.3052337
1.3051939
1.3051502
1.3049098
1.3053409
1.3055158
1.3033155
1.3043563
1.3026265
1.3048782
1.3052486
1.3039037
1.302418
1.3050873
1.3015478
1.3054551
1.3050544
1.3020366
1.3030281
1.3028984
1.3011851
1.3019569
1.3014885
1.301002
1.3010741
1.3021888
1.302475
1.3025304
1.2999578
1.3009702
1.301693
1.3006021
1.3018672
1.3014692
1.3030559
1.3019077
1.3006192
1.3017001
1.3025298
1.2984586
1.3017738
1.302504
1.3005909
1.3026271
1.3020248
1.3027192
1.2993765
1.2987661
1.3021218
1.3009478
1.3030012
1.3029574
1.3017205
1.3000522
1.2996498
1.3010162
1.301545
1.2999222
1.3001536
1.2996852
1.2985194
1.2996532
1.300166
1.3005902
1.2998592
1.2995034
1.299015
1.2992696
1.2982916
1.2980319
1.2988358
1.2996113
1.2982569
1.3000203
1.297688
1.3003955
1.3009841
1.2988315
1.2976708
1.2979171
1.2986602
1.298636
1.2965075
1.2987651
1.2992972
1.2974268
1.2964965
1.2964869
1.2969967
1.2960193
1.2982944
1.2986386
1.2991495
1.2981032
1.2973783
1.2978323
1.2986879
1.2966638
1.2962245
1.297714
1.2960976
1.2979785
1.2954262
1.2961757
1.2961754
1.2969934
1.2974021
1.2956215
1.2991177
1.2968823
1.2968192
1.2956611
1.2945234
1.2979854
1.2955211
1.2952102
1.2962878
1.2949381
1.2977068
1.2958504
1.2967325
1.2976929
1.2960958
1.2968237
1.2938006
1.2960317
1.2952479
1.2954465
1.2947286
1.2962539
1.295267
1.2950387
1.2955174
1.2959417
1.2947752
1.2971854
1.2953893
1.2953559
1.2945733
1.2946163
1.295128
1.2941228
1.2952397
1.2955918
1.2955571
1.2936443
1.2940153
1.2954723
1.2927256
1.2943555
1.2924895
1.2956632
1.2942508
1.2933373
1.2943966
1.2930655
1.2964944
1.294206
1.2928413
1.2937394
1.292603
1.2962015
1.2943057
1.2955021
1.2929252
1.2954258
1.2942873
1.2959254
1.2970759
1.2962134
1.2937478
1.2946286
1.2941744
1.2936995
1.2939984
1.294717
1.2934439
1.2908211
1.2939781
1.2936999
1.2933084
1.2926847
1.2914761
1.2929187
1.2906305
1.2926468
1.2908262
1.2928921
1.2922971
1.2906531
1.2910604
1.2924033
1.2918545
1.291774
1.2930084
1.2921231
1.2902802
1.2909968
1.2931418
1.2915809
1.2909728
1.2920845
1.2918764
1.2924895
1.2913729
1.2934664
1.2924292
1.2912076
1.2928693
1.2907437
1.2915076
1.2897458
1.2903314
1.2928556
1.2907035
1.2931827
1.2913196
1.2921399
1.2894604
1.2907553
1.2900225
1.2914253
1.2906332
1.2915515
1.2891934
1.2904809
1.2908112
1.2882184
1.2903674
1.2899086
1.2899401
1.2912862
1.2908498
1.289216
1.2904413
1.290401
1.2911967
1.2906957
1.2888947
1.2867463
1.2900789
1.2893757
1.288089
1.2931359
1.2891036
1.2899171
1.2907257
1.2896014
1.2866566
1.2890486
1.2886734
1.286809
1.2901725
1.2883916
1.2898625
1.2893898
1.290933
1.2897336
1.2873031
1.2883546
1.2883611
1.2893933
1.2888745
1.2888186
1.2883285
1.2873113
1.2898968
1.2900444
1.2876062
1.2866337
1.2885354
1.286994
1.2882127
1.2880979
1.2881551
1.2876426
1.2900387
1.2847203
1.2871162
1.2855581
1.2880274
1.2873029
1.287272
1.2881172
1.2856534
1.2857404
1.2854329
1.2863355
1.287752
1.2848754
1.2883725
1.2854153
1.2886713
1.2860717
1.2838966
1.2886606
1.2873354
1.2884961
1.2854064
1.2879075
1.287757
1.2871842
1.2871308
1.2853216
1.2837664
1.2863003
1.2853203
1.2882726
1.2840933
1.2852435
1.2860916
1.2833915
1.2872564
1.2855575
1.2853177
1.2834251
1.2861277
1.2879717
1.2853897
1.2838274
1.2842536
1.2847077
1.2836375
1.2828034
1.2830427
1.2868433
1.2866122
1.284393
1.2872561
1.2845714
1.2860402
1.2843148
1.2849443
1.286454
1.2841306
1.2841599
1.2854264
1.2841771
1.287376
1.2841479
1.283134
1.2855963
1.2837144
1.2825967
1.2866482
1.2839806
1.28374
1.2839293
1.2849548
1.2836573
1.2849374
1.2848424
1.2859367
1.2844104
1.2838734
1.2836392
1.2858523
1.2838537
1.2863364
1.2863363
1.2817757
1.283493
1.2838324
1.2848536
1.283997
1.2837656
1.2835451
1.2836664
1.2838744
1.2834474
1.2825433
1.282537
1.2831756
1.2850344
1.2806258
1.2829862
1.2834401
1.2813606
1.2831588
1.2822139
1.284729
1.282711
1.2821735
1.280623
1.2842827
1.2826978
1.2822639
1.2809807
1.2837913
1.281988
1.280497
1.282881
1.2813556
1.2810388
1.2794025
1.2820877
1.2804507
1.2804015
1.2832468
1.281526
1.2811317
1.2821844
1.2811722
1.2797508
1.2826636
1.2816228
1.2798249
1.2823901
1.2792253
1.2815465
1.2815641
1.2819018
1.2810602
1.2798318
1.2796654
1.2806419
1.2813065
1.2803432
1.2763752
1.2802386
1.2808995
1.2829984
1.2793131
1.2799916
1.2801421
1.2784764
1.2791442
1.2791191
1.2810385
1.2799006
1.275806
1.281368
1.2797008
1.2803576
1.2795936
1.279226
1.2774421
1.2791766
1.2783389
1.280914
1.2787665
1.2774675
1.2784882
1.2802905
1.2821716
1.2786347
1.2796166
1.2781498
1.2779435
1.2770327
1.280179
1.2799373
1.2772715
1.2786926
1.2762879
1.2767526
1.2801923
1.2779572
1.2788275
1.2758279
1.27706
1.2790725
1.2776685
1.2773112
1.2787488
1.2791635
1.2785643
1.2803595
1.2773665
1.2753309
1.2761532
1.2779323
1.2752932
1.2778144
1.2772216
1.2770455
1.2745918
1.2781899
1.2763162
1.2739476
1.2777219
1.2759974
1.2775049
1.2756016
1.2772561
1.2789158
1.2776154
1.2777306
1.2766037
1.2764548
1.2771217
1.275888
1.276967
1.277541
1.272864
1.2771485
1.2761897
1.2776097
1.2740618
1.2734196
1.2799573
1.275444
1.27143
1.2761774
1.2779831
1.2752763
1.2742664
1.273171
1.2761645
1.2757211
1.2749403
1.27773
1.2740232
1.2768389
1.2728641
1.276382
1.2745348
1.2741839
1.2740945
1.2747997
1.2745887
1.2744277
1.2749617
1.273661
1.2737931
1.2743396
1.2709826
1.2761854
1.2760293
1.2754272
1.2752382
1.272386
1.2745323
1.2764069
1.2739494
1.2738341
1.2755498
1.2733184
1.2734965
1.2732396
1.2748932
1.2721397
1.2723706
1.2708606
1.2735605
1.2740108
1.274213
1.2744526
1.272419
1.2727079
1.2720326
1.2693014
1.2745583
1.2748035
1.2744128
1.2701344
1.2718722
1.2720685
1.272522
1.2715374
1.2740045
1.2731385
1.2728155
1.2723842
1.271318
1.2718658
1.2721789
1.2727239
1.2706933
1.2724458
1.2709405
1.2704036
1.2695838
1.2740113
1.2712691
1.270239
1.2696886
1.2698427
1.2727774
1.271426
1.2714885
1.2718316
1.2714884
1.2716091
1.2694108
1.2717294
1.2706254
1.2727829
1.2710619
1.2733729
1.269792
1.2721977
1.270315
1.2701762
1.2740246
1.2712429
1.2686824
1.2688398
1.2706351
1.2698454
1.2713754
1.2713163
1.2703195
1.2688663
1.2708995
1.2743014
1.2677066
1.2694082
1.2713478
1.2729014
1.271027
1.2680058
1.2690415
1.2691045
1.2703176
1.2691425
1.2698488
1.2699385
1.2696253
1.2708493
1.2707541
1.2691977
1.2694091
1.2698035
1.2700146
1.2702737
1.2685665
1.2703158
1.2688264
1.2710311
1.2654407
1.2709863
1.2674781
1.2707883
1.270027
1.2706571
1.2686433
1.2686783
1.2708148
1.2714555
1.2690738
1.2684985
1.2693473
1.2681254
1.2687526
1.2690953
1.2679802
1.2678677
1.2675602
1.27058
1.2667719
1.2676395
1.2682523
1.2683843
1.2705803
1.269992
1.2672753
1.2668664
1.2697663
1.2686362
1.2654525
1.2667854
1.2712708
1.2661036
1.2690498
1.266776
1.2688577
1.2654436
1.2679569
1.2684456
1.2659441
1.2663139
1.2688655
1.2667707
1.267642
1.2713073
1.2643665
1.2675945
1.2665268
1.2654192
1.2680074
1.2675108
1.2671701
1.2658584
1.26791
1.2656739
1.2670202
1.2668766
1.2665088
1.2660514
1.2651532
1.267637
1.2662376
1.2638072
1.2669514
1.2639884
1.264773
1.264919
1.2673169
1.2646564
1.2674155
1.2666029
1.2658297
1.2664665
1.2671406
1.2657449
1.266067
1.2633445
1.2659862
1.2666031
1.2646374
1.2654024
1.2659299
1.2678031
1.2632294
1.2652347
1.2676833
1.2639802
1.2652637
1.265834
1.2620385
1.2651807
1.2643567
1.2654787
1.2635956
1.2638332
1.2650517
1.2665008
1.2640123
1.2641299
1.2671432
1.2670885
1.2624893
1.2649306
1.2618943
1.2647759
1.2658436
1.264811
1.2612135
1.2650875
1.2650816
1.266272
1.2639774
1.2643327
1.2656748
1.2643734
1.2633592
1.2645772
1.2635031
1.263653
1.2607367
1.2664406
1.2620982
1.2637706
1.261323
1.2661809
1.2667603
1.2627174
1.2658541
1.2654094
1.2627426
1.2635397
1.2639285
1.2615995
1.2638949
1.2599156
1.2637874
1.2654086
1.2633947
1.2632622
1.2643827
1.2624166
1.2604581
1.2610332
1.265004
1.2624172
1.2651495
1.2632074
1.2617409
1.2630084
1.2638664
1.2608656
1.264991
1.2634257
1.2630286
1.2628864
1.2646891
1.2612479
1.262978
1.263952
1.2636056
1.2636222
1.2626086
1.2614233
1.2608719
1.2613227
1.2633791
1.2611606
1.2639531
1.2640574
1.2616519
1.2617781
1.259754
1.2622235
1.2624644
1.2605968
1.2598773
1.2610282
1.2631531
1.2617042
1.2639512
1.259309
1.2610822
1.2603709
1.2592552
1.2636925
1.2635236
1.260185
1.2628084
1.2607448
1.2628148
1.2614897
1.2584869
1.2602148
1.2635624
1.2615405
1.2618972
1.2600074
1.26453
1.2611285
1.2583195
1.2614056
1.2628903
1.2612464
1.2607236
1.2601533
1.2597795
1.2607305
1.2589068
1.2584984
1.2622473
1.2584293
1.2627169
1.2578976
1.2601713
1.2587467
1.2612003
1.2583418
1.2576475
1.2588027
1.2590482
1.2587603
1.2597448
1.2571775
1.2617115
1.2618251
1.2575709
1.2610497
1.2623004
1.2611439
1.2577853
1.2608037
1.259041
1.2590811
1.2594215
1.2589679
1.2593538
1.2582855
1.2593696
1.2594211
1.2592708
1.2592028
1.2569331
1.2599763
1.2617962
1.2584573
1.259331
1.2583643
1.2573737
1.2604091
1.2591558
1.2574397
1.2611808
1.2581404
1.2569655
1.256794
1.2558738
1.2584069
1.258538
1.2562612
1.2593144
1.2601403
1.2570099
1.2576191
1.2612466
1.2576932
1.2590797
1.2568563
1.2574703
1.2572076
1.2580311
1.2548938
1.2590235
1.2571971
1.2585945
1.2583265
1.2558366
1.2585282
1.2572423
1.2569667
1.2571187
1.2575692
1.2578216
1.2589229
1.256836
1.2568195
1.2553732
1.2572583
1.2556251
1.2558646
1.2582672
1.2599744
1.2550803
1.263166
1.2570516
1.2568543
1.2582319
1.2579534
1.2556005
1.2578267
1.2548738
1.2538211
1.2543914
1.2550035
1.2576245
1.2569406
1.2570803
1.2579254
1.2580328
1.254851
1.2562447
1.2579643
1.2547381
1.2576188
1.2563845
1.2553405
1.256613
1.2541966
1.2547507
1.258587
1.2568991
1.2543955
1.2565233
1.2528576
1.2566594
1.2522465
1.2557164
1.254079
1.2564868
1.254434
1.2530503
1.2538054
1.2554345
1.253272
1.2528162
1.2555695
1.2550504
1.2567242
1.2555938
1.254613
1.2556987
1.2560408
1.2536359
1.2531976
1.2543006
1.2556254
1.2546573
1.2555289
1.253277
1.2572118
1.2534379
1.2568893
1.2561798
1.2561477
1.2539135
1.2558355
1.25753
1.2546092
1.2537355
1.2562438
1.253921
1.2552917
1.255501
1.254236
1.2538012
1.2552764
1.2555398
1.2546132
1.2541246
1.2543293
1.2527235
1.255079
1.2543764
1.2533969
1.2529134
1.2549245
1.2544374
1.2523191
1.2535301
1.2525604
1.2531836
1.2509534
1.2529448
1.2543483
1.2551687
1.2537258
1.2536311
1.2529949
1.25426
1.2524089
1.2507465
1.2523711
1.2514637
1.250295
1.2515398
1.2537292
1.2506912
1.2520914
1.2522644
1.2527812
1.2536502
1.255512
1.2518727
1.2502986
1.2536829
1.254692
1.251841
1.2493795
1.2519023
1.2555293
1.2530107
1.2501676
1.2526058
1.2523297
1.2511747
1.249408
1.2505246
1.2538998
1.250905
1.251117
1.2542878
1.2553756
1.2514771
1.2535871
1.2517043
1.2530769
1.250965
1.2534113
1.2514344
1.2530024
1.2490466
1.2498039
1.252925
1.2511078
1.2543466
1.253034
1.2500168
1.2527275
1.253766
1.2535408
1.2523578
1.251501
1.2519635
1.2513018
1.2529418
1.2498604
1.2526186
1.2488338
1.2501705
1.2512711
1.2502328
1.2507856
1.249996
1.2512622
1.2502123
1.2506727
1.2498165
1.2513691
1.247273
1.2490594
1.2513071
1.251682
1.2503852
1.2470572
1.2506967
1.2526729
1.2510164
1.2495004
1.2477199
1.2520112
1.2510984
1.2494466
1.2515848
1.2498686
1.2495877
1.2501105
1.250264
1.2513102
1.2490618
1.2507452
1.2480927
1.2514246
1.2497836
1.2480787
1.2506251
1.2494493
1.2486132
1.2491312
1.2483041
1.2451795
1.2472819
1.2499806
1.2494314
1.2501129
1.2493678
1.2515757
1.2481046
1.250517
1.2470984
1.2493055
1.2500914
1.2486638
1.2499299
1.2480519
1.2477381
1.2471696
1.2479703
1.2494031
1.245532
1.2479347
1.2484816
1.2475253
1.2494701
1.2496068
1.2510244
1.2483486
1.2497233
1.2463815
1.2484467
1.2453338
1.248384
1.247436
1.2451798
1.248314
1.2489231
1.2502949
1.2486838
1.2479091
1.2494705
1.2492863
1.2481178
1.2482367
1.2474492
1.2460372
1.2470046
1.2436578
1.2462213
1.2459626
1.2465518
1.2473898
1.2482618
1.2474495
1.2476119
1.2465293
1.2447026
1.2459116
1.2456106
1.2477977
1.2465014
1.2463114
1.2444991
1.2458419
1.249509
1.244191
1.2458122
1.2460945
1.2467694
1.2472992
1.2454435
1.2443026
1.2469947
1.2430698
1.2462752
1.2460274
1.2486765
1.2449579
1.2468228
1.2457311
1.245518
1.248331
1.2477274
1.246213
1.2422355
1.2456979
1.2470492
1.2461613
1.245567
1.2440593
1.2473218
1.243998
1.2434106
1.245205
1.2438204
1.242975
1.2461561
1.2458894
1.2427688
1.2439225
1.2457998
1.246178
1.2455276
1.2441512
1.2483327
1.2459229
1.2437811
1.2433597
1.2426208
1.2446648
1.2438054
1.2431964
1.246195
1.245043
1.2417006
1.2437972
1.2396302
1.245426
1.2446256
1.2455809
1.2418809
1.2458843
1.2469503
1.2449725
1.2446431
1.2440711
1.2426405
1.2456312
1.2420754
1.2422827
1.2391256
1.2460269
1.2458979
1.2462562
1.2448078
1.2427431
1.2439687
1.2449849
1.2410566
1.2407624
1.2432214
1.2425526
1.2408307
1.2459904
1.2445449
1.2417915
1.2424759
1.2436554
1.2416964
1.2408473
1.2415787
1.243678
1.2440567
1.2424872
1.2452292
1.239883
1.2441303
1.2424314
1.2442827
1.2422079
1.2428315
1.2430805
1.2432302
1.242941
1.2414259
1.2440631
1.2408711
1.2393486
1.2418587
1.2452708
1.2446144
1.2427648
1.2422246
1.2406955
1.2440588
1.2425181
1.2414484
1.2438214
1.2402608
1.2434852
1.2419243
1.2419214
1.2401443
1.2391382
1.242208
1.2393817
1.2428017
1.2401695
1.2423744
1.2454584
1.2390599
1.238829
1.2390674
1.2395576
1.2434701
1.2434051
1.2397791
1.2403784
1.2401621
1.2368753
1.2410078
1.2441691
1.2395122
1.2422467
1.2410923
1.2392035
1.2432656
1.2412918
1.2442
1.2411381
1.2402809
1.2385023
1.2395974
1.2432122
1.241225
1.2418851
1.2439469
1.240056
1.2432952
1.2406586
1.2393003
1.2381558
1.2420003
1.2368023
1.2416482
