1.3712873
1.5024093
1.4709232
1.4430728
1.4300038
1.4284222
1.4256843
1.4273527
1.425223
1.4250966
1.4250015
1.4252043
1.4263074
1.4255913
1.4239197
1.4238163
1.4233557
1.4217447
1.4240769
1.4230249
1.4232324
1.4212986
1.4204051
1.4203293
1.4203695
1.4188762
1.4179931
1.41721
1.416427
1.4155805
1.4148775
1.4136322
1.4132547
1.4123844
1.412469
1.4111774
1.4107136
1.410827
1.4107436
1.4103643
1.4087392
1.4080153
1.4087559
1.408234
1.4073621
1.4077553
1.4073359
1.4062849
1.4060496
1.406009
1.4065963
1.405202
1.4049913
1.4054856
1.4035635
1.4045165
1.4044487
1.4041357
1.4027064
1.4026208
1.4026443
1.402809
1.4010412
1.4033175
1.4007846
1.4013643
1.4011418
1.3991919
1.3994979
1.4004295
1.399089
1.3990169
1.39963
1.3998978
1.3978633
1.3982104
1.396699
1.3970636
1.3957049
1.3970597
1.3956299
1.3945959
1.3953532
1.394106
1.3931881
1.3943684
1.3941374
1.3931471
1.391731
1.3915619
1.3921629
1.3914382
1.3919363
1.3910433
1.390577
1.3896834
1.3901135
1.3890921
1.3886826
1.3893178
1.3881108
1.387566
1.3881973
1.3875023
1.3871319
1.387176
1.3858528
1.3876473
1.3857177
1.3860989
1.3856298
1.3854077
1.3852581
1.3847799
1.3853241
1.3837805
1.3846858
1.3849674
1.3839462
1.3835475
1.3829743
1.3817097
1.3834959
1.3825316
1.3834538
1.3815233
1.3826193
1.3824799
1.3818828
1.3823177
1.3806542
1.382738
1.3831931
1.3832108
1.3815084
1.3822539
1.383113
1.3817707
1.3821318
1.383057
1.3826232
1.3818405
1.3826433
1.3825281
1.3833294
1.3829812
1.3837308
1.3828264
1.3822625
1.3820645
1.3839756
1.3851041
1.3834863
1.3857061
1.3851712
1.3865685
1.3853742
1.3854555
1.3867935
1.3863202
1.3896728
1.3896391
1.386714
1.3861558
1.3863846
1.3876774
1.3885176
1.3878043
1.3896301
1.3908079
1.3900257
1.3912722
1.3895812
1.3928422
1.3922791
1.3922535
1.3921251
1.3927006
1.3929167
1.3940378
1.3926948
1.3943878
1.3944198
1.3935251
1.3937271
1.3953809
1.396252
1.3951273
1.3939602
1.3951374
1.3950487
1.3955624
1.396714
1.396964
1.3968636
1.3977127
1.39778
1.3972204
1.3961506
1.397874
1.3984559
1.398796
1.3985109
1.4002867
1.3990988
1.4001958
1.3995714
1.397513
1.3996699
1.3989834
1.3986981
1.4000422
1.3989382
1.4002924
1.4012569
1.4001585
1.401166
1.3994857
1.3997582
1.4003444
1.4004111
1.4013052
1.4017831
1.4004718
1.4013796
1.4003695
1.4007248
1.40179
1.4019616
1.4013542
1.4015564
1.4012942
1.4007101
1.4017369
1.4014848
1.4002814
1.4011762
1.4013522
1.4009026
1.4006834
1.4017116
1.4005628
1.400947
1.4001977
1.4000992
1.3999943
1.4002
1.4012305
1.4006741
1.3999146
1.4004396
1.4001087
1.40126
1.4004568
1.40037
1.3999046
1.3998182
1.3997104
1.3999066
1.3997539
1.3994604
1.3993157
1.4001474
1.4005946
1.3992575
1.3987947
1.3991556
1.3988769
1.399484
1.3996238
1.3993567
1.399279
1.3984365
1.3985533
1.3983456
1.3982341
1.3988936
1.398672
1.3991804
1.3985337
1.3991439
1.3987237
1.3983433
1.398558
1.3983577
1.398188
1.3973182
1.3978218
1.3975811
1.398437
1.3979174
1.3982446
1.3984536
1.3982342
1.3979305
1.3975502
1.3983234
1.3976711
1.3984648
1.3980929
1.3971132
1.3983682
1.3977282
1.3972794
1.3973624
1.3972044
1.3979402
1.3975459
1.3967298
1.3978413
1.3980175
1.3973671
1.3971177
1.3968838
1.3973395
1.3977962
1.3972532
1.3976414
1.3976948
1.3968807
1.3975092
1.3972661
1.3974028
1.3971604
1.3971716
1.3967986
1.3968016
1.3969159
1.3980554
1.3975176
1.3973752
1.3976089
1.3979532
1.3968617
1.3974212
1.3968884
1.3973721
1.3981923
1.39769
1.3977187
1.3977842
1.3985163
1.3972234
1.3976698
1.3973105
1.3982954
1.3976762
1.3976232
1.3976927
1.3987204
1.3984429
1.398173
1.3985673
1.3978786
1.398506
1.397854
1.3994579
1.3978101
1.3979828
1.399204
1.3993076
1.3980945
1.3986324
1.3987645
1.3986579
1.399198
1.3982439
1.3988675
1.3983742
1.3985248
1.3987902
1.3990842
1.3984399
1.3983097
1.3990089
1.3992919
1.3987265
1.3992479
1.399137
1.398877
1.3996985
1.3990225
1.3989706
1.3991156
1.3996953
1.3995957
1.3991898
1.399214
1.3985924
1.399368
1.3988318
1.399293
1.3996829
1.399076
1.3990028
1.3993024
1.3986167
1.3986015
1.3984038
1.3991244
1.3991913
1.3987973
1.3989774
1.3992163
1.3985633
1.3982815
1.3986713
1.3990767
1.398986
1.3994211
1.3991607
1.3989705
1.3997624
1.3985244
1.3991519
1.3983275
1.39859
1.3985878
1.3989528
1.3986559
1.3986452
1.3985268
1.3986571
1.3990711
1.3981389
1.3984601
1.3988442
1.3992339
1.3984193
1.39846
1.3987886
1.3987119
1.3986437
1.3984824
1.3986081
1.3986934
1.398662
1.3982083
1.398213
1.3986095
1.3980868
1.3983536
1.3982123
1.3977892
1.3976871
1.3980196
1.397446
1.3981097
1.3981817
1.3973398
1.3984529
1.3977041
1.3982251
1.398187
1.3974751
1.3981123
1.397592
1.3974725
1.3972259
1.3973011
1.397372
1.397483
1.3976017
1.3976158
1.3972846
1.397241
1.3974384
1.3974683
1.3971176
1.3970306
1.3970006
1.3969791
1.3971988
1.3968825
1.3971673
1.3968918
1.396977
1.3968801
1.3968496
1.3966123
1.3967888
1.3962957
1.396308
1.3965927
1.3966421
1.3964378
1.3965772
1.3962383
1.396711
1.3963436
1.3961979
1.396241
1.3957518
1.3958728
1.3957846
1.39586
1.3959491
1.3956047
1.3957329
1.3960773
1.3960207
1.3956339
1.3954011
1.3953682
1.3952183
1.395149
1.3951494
1.395387
1.394974
1.3954657
1.3944675
1.3948095
1.3951074
1.3948373
1.3949639
1.3946642
1.3950797
1.3941808
1.39479
1.3943627
1.3944362
1.3945146
1.3945372
1.3938897
1.3940649
1.3941107
1.3940544
1.3939918
1.393654
1.3935611
1.3939984
1.3937076
1.393685
1.3937995
1.3933717
1.39345
1.3934063
1.3938969
1.393164
1.3931963
1.3930649
1.393355
1.3931599
1.3930786
1.3928812
1.3930906
1.392726
1.3927679
1.3929517
1.392954
1.3924043
1.3925766
1.392603
1.3926127
1.3925257
1.3922887
1.3925028
1.39219
1.3924394
1.3926448
1.392148
1.3919877
1.3918474
1.391937
1.3918301
1.3919243
1.3919746
1.3921598
1.3921776
1.3917041
1.3920147
1.3915857
1.3918365
1.3915268
1.3918104
1.3913628
1.3917092
1.3916881
1.3916707
1.3913959
1.3912469
1.3910933
1.3912973
1.3914047
1.3908803
1.3910269
1.3913754
1.3912731
1.3909432
1.3904586
1.3909941
1.3911339
1.3908695
1.3907135
1.3906415
1.3909664
1.3906419
1.3904161
1.3906555
1.3903463
1.3906052
1.3904701
1.3904289
1.3901395
1.3903133
1.390152
1.3904302
1.3904551
1.3902868
1.389936
1.3897501
1.390161
1.3900714
1.3898286
1.3898734
1.3899986
1.3896061
1.389933
1.3901241
1.3898873
1.3900442
1.3894352
1.3895508
1.3896974
1.3898005
1.3897759
1.389794
1.3893766
1.3896778
1.3898255
1.3901886
1.3895602
1.389682
1.3893468
1.3898768
1.3897938
1.3898283
1.3896614
1.3896227
1.3898855
1.389447
1.3896513
1.3893769
1.3898041
1.3892951
1.3894429
1.3891835
1.3894066
1.3891567
1.3895203
1.3892467
1.3892871
1.3891963
1.389201
1.3892449
1.3893894
1.3889676
1.3893322
1.3892132
1.3890868
1.3891084
1.3889313
1.3888304
1.3890162
1.3888729
1.3894161
1.3893225
1.3894655
1.3889061
1.3894464
1.3886096
1.3891928
1.3888617
1.3891897
1.3887004
1.389111
1.3893188
1.3888453
1.3889707
1.3889843
1.3890579
1.3888848
1.3887992
1.3885226
1.3889934
1.3887364
1.3887687
1.3889613
1.3888934
1.3885168
1.388669
1.3889166
1.3890122
1.3889996
1.3885748
1.3889704
1.3888279
1.3885654
1.3888732
1.388692
1.3887932
1.3885722
1.3888066
1.3887714
1.3883958
1.3884388
1.3887321
1.3888631
1.3884933
1.3887053
1.3888159
1.3886237
1.3886133
1.3880036
1.388448
1.3885838
1.3887405
1.3884126
1.3880116
1.3883402
1.3884828
1.388574
1.3884139
1.3883702
1.3883619
1.3885896
1.3884081
1.3884411
1.3883256
1.3879087
1.3884984
1.3879342
1.3879766
1.388548
1.3882338
1.388184
1.3881971
1.388006
1.3881655
1.388229
1.3878835
1.3881644
1.3880378
1.3880726
1.3877324
1.3881474
1.3880466
1.387904
1.3878304
1.3876928
1.3884593
1.3878994
1.3878826
1.3877751
1.3878381
1.3876594
1.3877554
1.387676
1.3876137
1.3874489
1.387779
1.387566
1.3872652
1.3880249
1.3879589
1.3876134
1.3875432
1.387586
1.3875191
1.3875222
1.3876994
1.3874187
1.3873979
1.3875697
1.387546
1.3875939
1.3874784
1.3876631
1.3871723
1.3874751
1.3875183
1.387404
1.3876009
1.3873951
1.3872468
1.3874218
1.3871102
1.3874019
1.3875202
1.3871638
1.3872069
1.387287
1.3870978
1.3872999
1.3871565
1.3874292
1.3869778
1.3872947
1.3871751
1.3870518
1.386868
1.3871514
1.3872865
1.3869859
1.3871186
1.3869822
1.3871607
1.3867025
1.3865143
1.386513
1.3866265
1.3868071
1.3867362
1.3867817
1.3869475
1.386828
1.3867015
1.386845
1.3867769
1.3864055
1.3867646
1.3866211
1.3866612
1.3863112
1.386642
1.3866479
1.3865744
1.3866334
1.3863722
1.386384
1.3864243
1.3860737
1.3863059
1.3860339
1.3862034
1.3864539
1.3863039
1.3862809
1.3864514
1.3863376
1.3858614
1.3867044
1.386238
1.3861359
1.3865929
1.3862665
1.3862004
1.3859074
1.3866343
1.3859992
1.3864045
1.3863479
1.3860749
1.385869
1.3860688
1.3864806
1.3859692
1.3861246
1.3861431
1.3858429
1.3858155
1.3860652
1.3859133
1.3862462
1.3860515
1.3860029
1.3860235
1.3856941
1.3861694
1.3857946
1.3859677
1.3862718
1.3863314
1.3860546
1.3860931
1.3856668
1.3861837
1.3858235
1.3856364
1.3858209
1.3856024
1.385712
1.385976
1.3859323
1.3857819
1.38567
1.3860987
1.3857378
1.3856878
1.385532
1.3856527
1.3859173
1.3859606
1.3856883
1.3860272
1.385995
1.3858049
1.38564
1.3854544
1.3853275
1.3855095
1.385876
1.3856736
1.3857061
1.3857055
1.3854052
1.3857645
1.3854864
1.3859005
1.385522
1.3854845
1.3860415
1.3855038
1.3849413
1.3855686
1.385502
1.3856289
1.3859115
1.3856583
1.3854614
1.3855258
1.3855438
1.3852879
1.3855054
1.3854728
1.3855621
1.3853538
1.3854712
1.38587
1.3856288
1.3857352
1.3852557
1.3852677
1.3851467
1.3852824
1.3855482
1.385285
1.3856319
1.3852473
1.3853967
1.385483
1.3854412
1.3855133
1.3856013
1.3854132
1.384895
1.3858283
1.3853464
1.3854154
1.3853933
1.3852346
1.3856663
1.3851349
1.3849353
1.3854343
1.3854687
1.3854547
1.3850358
1.3855392
1.3854145
1.3857104
1.3852028
1.3850546
1.3854817
1.3852962
1.3852491
1.3855629
1.3846657
1.3854244
1.385614
1.3853568
1.3852109
1.3850536
1.3851976
1.3849877
1.384973
1.3847461
1.3851349
1.3852363
1.3848658
1.3855261
1.3852266
1.3852164
1.384881
1.3852383
1.3851784
1.3849488
1.3852723
1.3851899
1.3853884
1.3850507
1.385589
1.3847615
1.3852402
1.385218
1.3856138
1.3853141
1.3849772
1.3848339
1.3851212
1.3853781
1.3850232
1.3853132
1.3846619
1.385228
1.385049
1.3853557
1.3848029
1.3853422
1.3852522
1.3851303
1.3851403
1.3849468
1.3851551
1.3849666
1.3849055
1.3849521
1.3848003
1.3850764
1.3849694
1.3852339
1.3844094
1.3849483
1.3845762
1.3845233
1.3850876
1.3850563
1.3848075
1.3845668
1.3848976
1.3848767
1.3855045
1.3850812
1.3849512
1.384823
1.3848532
1.3849834
1.3847306
1.3848892
1.3850247
1.3847667
1.3849683
1.385199
1.384597
1.3847077
1.3852167
1.3850112
1.3847673
1.384675
1.384823
1.3844237
1.3846518
1.3854123
1.3845023
1.3848883
1.385017
1.3847349
1.3850673
1.3849852
1.3847985
1.3847926
1.3850573
1.3850515
1.3850552
1.3846189
1.3848797
1.3847628
1.3848149
1.3845587
1.3846443
1.3844211
1.3849872
1.3847748
1.3844167
1.3843541
1.3844279
1.3843515
1.3846097
1.384787
1.3846092
1.3844689
1.3847057
1.3844919
1.3845148
1.3846383
1.3846573
1.3845345
1.3846693
1.3844492
1.3844384
1.384368
1.3846442
1.3842849
1.3842189
1.3845394
1.3851193
1.3843068
1.3844887
1.3844777
1.384314
1.3849643
1.3846287
1.3849939
1.3845443
1.3843094
1.3846235
1.3844118
1.3844292
1.3846513
1.3841813
1.3842632
1.3843353
1.3840352
1.384077
1.3846661
1.3845654
1.3844612
1.3844416
1.3845806
1.3845321
1.3845022
1.3846217
1.3844362
1.383955
1.3845425
1.384542
1.3842787
1.3842167
1.3843979
1.3839235
1.3845663
1.3847227
1.3841399
1.3839037
1.3842303
1.3840547
1.3843533
1.3844814
1.3844525
1.3843559
1.3843448
1.3841431
1.3841374
1.3839821
1.3846439
1.3842022
1.3842955
1.3841662
1.3837967
1.3841444
1.3842386
1.3843603
1.3842388
1.384267
1.3840982
1.3841717
1.3843589
1.3842341
1.3840698
1.3847713
1.3845992
1.3840877
1.3842976
1.3845043
1.383589
1.3843548
1.3841552
1.3840346
1.3838049
1.3837975
1.3837858
1.3839955
1.3836989
1.384338
1.3838059
1.384111
1.3837879
1.3839272
1.3843678
1.3840879
1.3840188
1.3835667
1.3843058
1.3839258
1.3840141
1.3839617
1.3840173
1.3838739
1.3838668
1.3844324
1.3836361
1.3837067
1.383647
1.383751
1.3835404
1.3838594
1.3837214
1.3835076
1.3844103
1.3838189
1.3842388
1.3838364
1.3836285
1.3837436
1.3835397
1.3836253
1.3841972
1.383806
1.3836186
1.3839701
1.3838198
1.3841754
1.3841565
1.3835655
1.3839012
1.3836794
1.3837968
1.3837415
1.3841103
1.383977
1.3836062
1.3834066
1.3839608
1.3834467
1.3836458
1.383565
1.3834375
1.3836769
1.3839545
1.3842106
1.3839006
1.3836803
1.3839406
1.3832928
1.3839483
1.3837856
1.3830398
1.3838708
1.3838696
1.3836783
1.3837485
1.3837843
1.3835402
1.383638
1.3836615
1.3835026
1.3832048
1.3837715
1.3839443
1.3835996
1.3829043
1.3835433
1.3834487
1.3839239
1.3837978
1.3841957
1.3834816
1.3833495
1.3840837
1.3829688
1.3839232
1.3838907
1.3839983
1.3836069
1.383924
1.3838097
1.383643
1.383604
1.3834006
1.383757
1.3832549
1.3831731
1.3832077
1.3834971
1.3838867
1.3838058
1.383408
1.3835404
1.3831826
1.3834829
1.382987
1.3834925
1.3834516
1.3832141
1.3837057
1.3832554
1.3829759
1.3834895
1.3832239
1.3829292
1.3836718
1.3834713
1.3831191
1.3833438
1.3837956
1.383696
1.3833605
1.3836927
1.3833113
1.3832332
1.3838091
1.3834981
1.3833665
1.3831235
1.3831067
1.3833117
1.383218
1.3830976
1.3829731
1.3833845
1.3833704
1.382898
1.383064
1.3837284
1.3835385
1.3834524
1.3834914
1.3833154
1.3831873
1.3826761
1.3833793
1.3834468
1.3831612
1.3830372
1.3828851
1.3835331
1.383216
1.3835242
1.3832072
1.3832301
1.3834745
1.3829387
1.3832191
1.3828862
1.3832225
1.3831353
1.3833351
1.3832113
1.3835852
1.3830304
1.3831663
1.3834405
1.382777
1.3829803
1.3831137
1.38281
1.3832048
1.3835118
1.3829638
1.382882
1.3828198
1.3828348
1.3830048
1.3832852
1.3834034
1.3834676
1.3827502
1.3838294
1.3831949
1.3828058
1.3829141
1.3829336
1.3833014
1.382993
1.3831797
1.3830591
1.3825384
1.3831091
1.382732
1.3835589
1.3826696
1.3823582
1.3831112
1.3832576
1.3827208
1.3824532
1.3829693
1.3831829
1.3828846
1.3835492
1.3834763
1.3829095
1.3824682
1.3825912
1.382638
1.3832164
1.3829995
1.3829182
1.3833748
1.3827101
1.3828895
1.3824936
1.382769
1.3827889
1.3826641
1.3833327
1.3828661
1.3823857
1.3830918
1.3827094
1.3823003
1.3828753
1.3826685
1.3826141
1.3826362
1.3832147
1.3825258
1.3827207
1.3825737
1.3828567
1.3828003
1.3829025
1.3828562
1.3830655
1.3822588
1.3830881
1.3828341
1.3825705
1.3830632
1.3834219
1.382163
1.3827465
1.3823016
1.3833276
1.383197
1.3828022
1.3827438
1.3830072
1.382891
1.3824508
1.3823162
1.3826048
1.3824178
1.3831841
1.3822857
1.3828083
1.3821758
1.3826796
1.3825957
1.3824173
1.3826768
1.3821796
1.3830309
1.3831048
1.3819466
1.3826272
1.3825325
1.3824776
1.3829938
1.3830997
1.382635
1.3823117
1.3835101
1.3821776
1.3826331
1.381999
1.3824793
1.3823613
1.3823063
1.3822181
1.3824753
1.3821639
1.3828918
1.3830668
1.3823788
1.3822825
1.3825023
1.3825525
1.3823897
1.382354
1.3823107
1.3825716
1.3828114
1.3826162
1.3824809
1.3825366
1.3828613
1.3819407
1.3824617
1.3825942
1.3830824
1.3821194
1.3825861
1.3827628
1.3828354
1.3821069
1.3822336
1.3824519
1.3824401
1.3826964
1.3823526
1.3818685
1.382749
1.382264
1.3821524
1.382237
1.3823906
1.3821785
1.3831041
1.3822925
1.3831912
1.3822954
1.3819399
1.3826121
1.3817421
1.3819848
1.3822216
1.382427
1.3827668
1.3825653
1.3819007
1.3821532
1.382387
1.3818288
1.3822685
1.3822427
1.3823606
1.3822588
1.3824004
1.3816655
1.3823863
1.3820977
1.3826933
1.3823365
1.382499
1.3821076
1.3826329
1.3826827
1.3821176
1.3825293
1.3822535
1.3821936
1.382036
1.3819964
1.3823905
1.3820791
1.3820586
1.3823743
1.3819187
1.3820238
1.3823967
1.3822494
1.3824086
1.3817796
1.3817424
1.3821793
1.3826351
1.3820944
1.3821758
1.3827175
1.3820794
1.3825567
1.3821033
1.3819793
1.3819776
1.3818543
1.3819373
1.3822104
1.3821872
1.3818401
1.3822688
1.3822238
1.3818479
1.3824118
1.3818591
1.3821843
1.3822975
1.3820586
1.3828413
1.3820728
1.3822972
1.382532
1.3829647
1.3821716
1.3820071
1.3817304
1.3825828
1.3824766
1.381436
1.3825307
1.3815364
1.3819832
1.3819393
1.381537
1.3820035
1.3823296
1.3816742
1.3816493
1.3817785
1.382465
1.3819178
1.3821095
1.3823421
1.3819298
1.382009
1.3816658
1.3826367
1.3814173
1.382237
1.3821064
1.3818489
1.3822014
1.3814919
1.3831823
1.3822563
1.3820792
1.3817459
1.3826952
1.3823509
1.3821589
1.3826839
1.3818651
1.3823265
1.3827848
1.3816749
1.3824627
1.382373
1.3821392
1.3817692
1.3821528
1.3826332
1.3823156
1.3813375
1.3828503
1.3826405
1.3824147
1.3822627
1.3820575
1.3815985
1.3818802
1.3820423
1.38271
1.3818712
1.3818474
1.3827347
1.3824489
1.3824433
1.3819546
1.3823304
1.3816423
1.3825032
1.3824937
1.3819013
1.3820435
1.3819426
1.3818767
1.3814267
1.3818957
1.38222
1.3816408
1.3827838
1.3826934
1.3819284
1.3817492
1.3825467
1.3815966
1.3825645
1.381712
1.3826271
1.3818256
1.3817356
1.3817935
1.3818048
1.3821312
1.3822346
1.381993
1.3822777
1.3816587
1.3820236
1.3821478
1.3818773
1.3816185
1.3819284
1.3826456
1.3826265
1.3816639
1.3820107
1.3816996
1.3814552
1.3830262
1.3818489
1.382073
1.3825032
1.3829185
1.3813491
1.3825121
1.3814355
1.382468
1.382248
1.3824788
1.3821362
1.3812109
1.3817183
1.3819195
1.3817985
1.3819634
1.3820139
1.3813857
1.38264
1.3820003
1.3823093
1.3826967
1.3826145
1.3822746
1.3827163
1.381785
1.3818245
1.3821344
1.3821446
1.3823514
1.3822927
1.3822107
1.3823115
1.3817339
1.3819668
1.3821541
1.3815577
1.381628
1.3827603
1.3818297
1.3817824
1.3829999
1.3817072
1.381877
1.3821527
1.3823379
1.381926
1.3820554
1.3813665
1.3820217
1.3823155
1.3823558
1.3823338
1.3820455
1.3819402
1.3818271
1.3816924
1.3825872
1.381685
1.3821815
1.3820965
1.3812255
1.3817456
1.3828168
1.3819606
1.3818591
1.3811401
1.382238
1.3816351
1.3821142
1.3823818
1.3822474
1.3826483
1.3819885
1.3817539
1.3819598
1.3825221
1.3817956
1.3817089
1.3823178
1.3818734
1.3818557
1.3817097
1.3816934
1.3815099
1.382577
1.3823026
1.3815372
1.3817993
1.3821285
1.3823074
1.3822752
1.3818088
1.3821759
1.3831105
1.3819131
1.3821795
1.3815418
1.3822948
1.3821751
1.3815653
1.3819304
1.3819226
1.3823087
1.3824968
1.3819318
1.38213
1.3823761
1.3821263
1.3821297
1.3831269
1.3817093
1.3821169
1.3822527
1.3823497
1.3818413
1.3824408
1.3819125
1.3822585
1.38161
1.3819033
1.3825552
1.3824182
1.3823423
1.3818636
1.38219
1.3821027
1.3827469
1.3814999
1.3817987
1.3822442
1.3816358
1.3819183
1.3829587
1.382062
1.3827864
1.3820944
1.3822676
1.38212
1.3819565
1.3822548
1.3822813
1.382298
1.382476
1.382268
1.3827554
1.3831339
1.382784
1.3820969
1.3820646
1.3817326
1.3831854
1.3828262
1.3825386
1.3820592
1.3833562
1.3822258
1.381971
1.3826214
1.3823023
1.3823756
1.3822851
1.3826116
1.3824509
1.3824283
1.3825345
1.3828002
1.3828588
1.3826052
1.3825042
1.382265
1.3831367
1.3830903
1.3816837
1.3820572
1.3817753
1.3816463
1.3819898
1.3818122
1.3825254
1.3820405
1.3823835
1.3824341
1.3820893
1.3832811
1.3822752
1.3822135
1.3820567
1.3822362
1.3823601
1.3831197
1.3825932
1.3831215
1.3819903
1.3819151
1.3826288
1.381889
1.3820865
1.3820812
1.3827283
1.3819933
1.3821363
1.3827045
1.3824503
1.3823491
1.3825923
1.3821405
1.3826292
1.3827449
1.3825539
1.3823633
1.3821528
1.3827505
1.3827397
1.3831241
1.3827856
1.3822649
1.381712
1.382267
1.382814
1.382788
1.3820168
1.3819419
1.3824639
1.3821164
1.3820398
1.3825115
1.3822371
1.3820056
1.3826334
1.3820008
1.3826243
1.382227
1.38346
1.3820145
1.3824759
1.382311
1.3828993
1.381999
1.3823159
1.382347
1.3826165
1.3820398
1.3822845
1.3827049
1.3827938
1.382763
1.3822291
1.3822932
1.3823783
1.3825618
1.3822786
1.382473
1.3825386
1.3825808
1.3820466
1.382436
1.3826451
1.3825259
1.3832277
1.3833848
1.3823397
1.383151
1.3828105
1.3829672
1.3824676
1.3830109
1.3823398
1.3836468
1.3825659
1.3821186
1.3825918
1.3821331
1.3823595
1.3830886
1.3833381
1.3832382
1.3823678
1.383151
1.3819176
1.3819221
1.3824835
1.3821261
1.3834693
1.383114
1.3819036
1.3836178
1.3825574
1.3828688
1.3824259
1.3822906
1.3830519
1.3826665
1.3829287
1.3823671
1.3823018
1.3831142
1.3824323
1.3824502
1.3826975
1.3824428
1.3828393
1.3826832
1.3824803
1.382879
1.3824756
1.383284
1.3824306
1.3828213
1.3824815
1.3828669
1.3826627
1.382771
1.3825077
1.3828099
1.3828989
1.3825849
1.3831737
1.3822092
1.3819649
1.3830528
1.3833257
1.3827016
1.3834921
1.3821583
1.3829647
1.382401
1.3839644
1.3826375
1.382663
1.3828579
1.3836368
1.3832275
1.3831544
1.3829247
1.3827636
1.3833979
1.3824205
1.3825756
1.3825508
1.3821298
1.3837671
1.3834895
1.3831469
1.3836329
1.3830189
1.3830041
1.3826287
1.382965
1.3838909
1.3828366
1.382725
1.3835944
1.3823507
1.3823812
1.3825547
1.3831822
1.3823487
1.3828338
1.3831608
1.3826011
1.3828454
1.3828987
1.3828695
1.3833939
1.3825523
1.3831562
1.382802
1.3821783
1.3834378
1.3833729
1.383127
1.3833443
1.3827319
1.3830684
1.382938
1.38271
1.3834296
1.3827006
1.382552
1.3821083
1.3831003
1.3839803
1.3821934
1.3831466
1.3822533
1.382701
1.3838942
1.3831916
1.3823838
1.3826978
1.3834772
1.3827132
1.3826439
1.3843607
1.3831547
1.3831444
1.3835015
1.3826687
1.3827308
1.3830779
1.3829999
1.3831372
1.3828694
1.3819243
1.3825774
1.3829018
1.3828478
1.382706
1.3827007
1.3825986
1.3825896
1.3825082
1.3827704
1.382457
1.3828629
1.3832363
1.3835211
1.3831887
1.3832034
1.3826033
1.3824902
1.3832959
1.382736
1.3830317
1.383454
1.3835222
1.383662
1.3827951
1.3832988
1.3827462
1.3832916
1.3832402
1.3830385
1.3836046
1.3834205
1.3829293
1.3830309
1.3828955
1.3823421
1.3833196
1.3831999
1.3827763
1.3829567
1.3827854
1.3842483
1.3831153
1.3836637
1.3821739
1.382659
1.3833565
1.3832777
1.3826729
1.3827268
1.3824415
1.3827189
1.3828187
1.3840904
1.3823633
1.3827949
1.3830125
1.3835617
1.3826748
1.3827113
1.3829858
1.3825303
1.382916
1.3832138
1.3829724
1.3834331
1.3821548
1.3830873
1.3827106
1.3827626
1.3827835
1.3833009
1.3830982
1.3828207
1.3833022
1.3833872
1.3829154
1.3828664
1.3823208
1.3834474
1.3836629
1.3834653
1.3832507
1.3828909
1.3824031
1.3830838
1.382504
1.3834702
1.3829238
1.3830161
1.3824701
1.3838427
1.3838058
1.3831962
1.3837022
1.3833431
1.3824466
1.3835878
1.3823395
1.3838109
1.3832929
1.382932
1.3833793
1.3835896
1.3830403
1.3830566
1.3827244
1.3828611
1.3824091
1.3834221
1.3829737
1.383342
1.3830487
1.3838798
1.3837682
1.3830186
1.382409
1.3839703
1.383126
1.3833472
1.3833214
1.3834717
1.382885
1.3833603
1.3833221
1.383276
1.3825545
1.382678
1.3829919
1.3825979
1.3830954
1.384218
1.3834778
1.3830925
1.3831424
1.3838112
1.3831946
1.3827565
1.3823508
1.3833681
1.3828118
1.3827087
1.3832388
1.3839147
1.382568
1.3840895
1.3834085
1.3839422
1.3828325
1.3827834
1.383626
1.3842511
1.3833036
1.3834679
1.3835167
1.3830061
1.3831401
1.3833088
1.3830048
1.3828818
1.3831726
1.3833822
1.3828061
1.3833878
1.3831382
1.3830614
1.3830589
1.3824801
1.3827401
1.3826069
1.3835407
1.3832585
1.3834903
1.3846854
1.3832635
1.3831829
1.3837981
1.3834633
1.3829404
1.3828243
1.3836432
1.3828807
1.3825848
1.3843068
1.3834455
1.3838135
1.3835082
1.3840212
1.3835769
1.383368
1.3829334
1.383296
1.3828495
1.3836718
1.3833088
1.3831501
1.383408
1.3837519
1.3836054
1.3833208
1.3834021
1.3829342
1.3831049
1.3834774
1.3832946
1.3833323
1.3842763
1.3828775
1.3835934
1.3837551
1.3830007
1.3838706
1.3837513
1.382923
1.383276
1.3830563
1.3836716
1.3831325
1.3835733
1.3832557
1.3838943
1.3834687
1.3833351
1.3837756
1.383353
1.3832235
1.3834693
1.3831707
1.3836168
1.3838987
1.3833157
1.3835771
1.3829895
1.3832606
1.383345
1.3832538
1.3833889
1.3830688
1.383091
1.3833915
1.3838134
1.3837358
1.3834789
1.3838387
1.3831189
1.383505
1.3828808
1.3832177
1.3835137
1.3841282
1.3837663
1.383507
1.3833005
1.3842843
1.3831612
1.3825985
1.3831323
1.3835117
1.382823
1.383251
1.3831131
1.3828456
1.3835396
1.3838544
1.3835701
1.383221
1.3831111
1.3839824
1.3826591
1.3837609
1.3836117
1.3839145
1.382409
1.3831707
1.3830223
1.3832
1.3829703
1.3833792
1.3831148
1.382965
1.3828619
1.3835022
1.383044
1.3828986
1.3837001
1.3829422
1.3838888
1.3833705
1.3829092
1.3840704
1.3831656
1.3829243
1.3829094
1.3826323
1.3838378
1.382985
1.3828697
1.383183
1.3827723
1.383419
1.3843805
1.3824279
1.3832245
1.3825207
1.3838577
1.3835928
1.38313
1.3828282
1.3831651
1.3830597
1.3833469
1.3837507
1.3830234
1.3828459
1.3828903
1.3824335
1.3829349
1.382252
1.3836104
1.3837608
1.3834598
1.3828682
1.382598
1.3834988
1.3832976
1.3832704
1.3833814
1.3823059
1.3834625
1.3832233
1.3829283
1.3834982
1.3836603
1.3828591
1.3835831
1.3833154
1.3832637
1.3831756
1.3835645
1.38273
1.3832452
1.3829944
1.3841481
1.38323
1.3830117
1.3829876
1.38287
1.3827994
1.382762
1.3828907
1.3828058
1.3834686
1.3829005
1.3831618
1.3832142
1.3835831
1.3828884
1.3832875
1.3831556
1.3825268
1.3836678
1.383572
1.3828894
1.3831096
1.3835281
1.3826145
1.3829113
1.3833408
1.3823239
1.3831955
1.3832386
1.3828787
1.3837253
1.3831712
1.3834339
1.3820626
1.3826382
1.3833143
1.3832548
1.3826991
1.3828119
1.3833569
1.3838618
1.3824046
1.3831928
1.3832673
1.3833386
1.3834177
1.3837557
1.3831694
1.3831558
1.3828734
1.3837166
1.3833361
1.3833774
1.3825852
1.3826584
1.3829393
1.3829403
1.3826469
1.3825198
1.3824568
1.383276
1.3837866
1.3832576
1.3831425
1.3825859
1.3830779
1.3827423
1.3833281
1.3829408
1.3833326
1.3835955
1.3829094
1.3834261
1.3831439
1.3827631
1.383507
1.3827909
1.3828242
1.3827871
1.3825297
1.3832289
1.383217
1.3829839
1.3835303
1.3825034
1.3827398
1.3832594
1.3828015
1.3828717
1.3832605
1.3838123
1.3833141
1.3822424
1.3831102
1.3834664
1.3834851
1.3832436
1.3836342
1.3827263
1.3835336
1.3827406
1.3831072
1.3828834
1.3828485
1.383047
1.3829595
1.3829312
1.3829424
1.3835132
1.3831965
1.3835312
1.3843113
1.3830993
1.3830825
1.3830318
1.383572
1.3827457
1.3826414
1.3831332
1.3827126
1.3826414
1.3829819
1.3830253
1.3831496
1.3834834
1.3827391
1.383008
1.3821993
1.3835986
1.3829724
1.3835438
1.3833755
1.3831276
1.3828584
1.382904
1.3826151
1.3824003
1.3825339
1.382726
1.383796
1.3828866
1.3822075
1.3832799
1.3833289
1.3830758
1.382373
1.3830665
1.3826497
1.3827854
1.3830198
1.3827035
1.3829349
1.3830475
1.3837658
1.3830749
1.3827105
1.3836055
1.383158
1.3824378
1.3824773
1.3828908
1.3830599
1.3829565
1.3829559
1.383126
1.383083
1.3832041
1.3824669
1.3832616
1.3827181
1.382419
1.3827246
1.3831095
1.3834715
1.3833691
1.3832163
1.3828934
1.3829867
1.3821818
1.3831657
1.3827677
1.382898
1.382905
1.3825064
1.3833873
1.3827115
1.3826641
1.3828584
1.3828657
1.3827056
1.3828541
1.3834683
1.382889
1.3836179
1.3823506
1.3828721
1.3832358
1.3831614
1.3833683
1.3831588
1.3826715
1.3826995
1.3829794
1.383116
1.3835686
1.3832526
1.382773
1.3835413
1.3825579
1.3829992
1.3827095
1.3828677
1.3834869
1.383021
1.3824848
1.3823099
1.382762
1.3827076
1.3826909
1.3832239
1.3825928
1.3829306
1.3828994
1.3833361
1.3827066
1.3837823
1.3831145
1.3825712
1.3823482
1.3829714
1.3825371
1.3827924
1.3831376
1.3834292
1.3827034
1.3824916
1.3827976
1.3825216
1.3826756
1.382202
1.3831735
1.3821768
1.3831344
1.3826075
1.3825994
1.3824872
1.383181
1.3827417
1.3831466
1.3829477
1.382901
1.3826872
1.3834078
1.3829476
1.3831601
1.3833052
1.3829298
1.3830512
1.3824408
1.3830074
1.3829788
1.3824707
1.3827065
1.3827093
1.3829778
1.38276
1.382658
1.3822752
1.3838431
1.3828107
1.3836037
1.3820596
1.3824586
1.3831795
1.382842
1.3831345
1.3829654
1.3821217
1.3827707
1.3829882
1.3826766
1.383094
1.3828964
1.3824385
1.3828642
1.3832953
1.3824021
1.3825133
1.3827919
1.3829266
1.383228
1.3828319
1.3830963
1.3836468
1.3827488
1.3829489
1.3831109
1.3836663
1.3826889
1.3828439
1.3825562
1.3837478
1.3829272
1.3834559
1.3821775
1.3830553
1.3830472
1.3839103
1.3824792
1.3831897
1.383296
1.3822317
1.383347
1.38269
1.3829497
1.3828107
1.3838657
1.3833625
1.3823601
1.3825488
1.3833649
1.3827486
1.3823872
1.3824817
1.3829832
1.3830483
1.3829143
1.3833127
1.3826419
1.383097
1.3827301
1.3827053
1.3829259
1.3824742
1.383118
1.3829666
1.3824047
1.3829266
1.3828377
1.3836433
1.3832855
1.3831509
1.3824353
1.3829713
1.3828415
1.3826119
1.3833088
1.3826824
1.3833185
1.383459
1.3825171
1.3829658
1.3829844
1.3834201
1.3827016
1.3830612
1.3833055
1.3831154
1.3832942
1.3823446
1.382436
1.3828677
1.3826185
1.3826793
1.3826749
1.3822622
1.3823875
1.3827403
1.3827292
1.3826325
1.3830857
1.3836027
1.3826514
1.3824333
1.3832115
1.3827163
1.3827605
1.3834739
1.3829999
1.3831314
1.382809
1.383197
1.3829381
1.3833061
1.3826985
1.3825232
1.383349
1.3825432
1.3824345
1.3825405
1.3824452
1.3821391
1.383617
1.3829502
1.3825545
1.3825712
1.3832871
1.3831656
1.3825382
1.3824527
1.3821827
1.3827097
1.3824785
1.3829502
1.3833778
1.3819592
1.3827535
1.3821625
1.3827015
1.3831229
1.3825283
1.3831631
1.382488
1.3824189
1.3823773
1.3830479
1.3827759
1.3827146
1.3824381
1.3832595
1.3841037
1.3828257
1.3828955
1.3829852
1.3836266
1.3836775
1.3826655
1.3828486
1.3829958
1.3825408
1.3821981
1.3827575
1.3829937
1.3830941
1.3827859
1.382805
1.3824989
1.3825792
1.3831571
1.3824931
1.3833486
1.3835377
1.3830276
1.3832582
1.3830048
1.3836645
1.3825116
1.3822731
1.3838085
1.3828894
1.3827548
1.382822
1.3834056
1.3829585
1.3835156
1.3830448
1.38311
1.3831614
1.3829666
1.3829149
1.3824992
1.3826483
1.3823757
1.3826827
1.3831201
1.3829674
1.3833417
1.3828514
1.3832043
1.3826934
1.3834614
1.3824081
1.3830179
1.3829619
1.3828611
1.3825303
1.3822285
1.3831376
1.3823856
1.3829252
1.3826061
1.3824595
1.3834164
1.3827362
1.3827997
1.3825611
1.3838165
1.3830366
1.3831639
1.3830354
1.3826629
1.3824635
1.382912
1.3830143
1.3832865
1.3830287
1.3828348
1.3832629
1.3831402
1.3837742
1.3829683
1.3833854
1.3828623
1.3824955
1.3829625
1.382703
1.383491
1.3825846
1.3829285
1.3835944
1.3831726
1.382978
1.3824142
1.3825865
1.3832033
1.3825883
1.3825651
1.3822482
1.3831627
1.3835353
1.3828925
1.3827243
1.3831922
1.3824416
1.3827066
1.3828435
1.3829834
1.3828816
1.3826424
1.3833953
1.3823224
1.3828502
1.383177
1.3832351
1.382652
1.3825964
1.3831431
1.3837528
1.3825846
1.3823873
1.3830451
1.3827082
1.3831193
1.383691
1.3832929
1.3823559
1.3827142
1.3822922
1.3823143
1.3826355
1.3825784
1.3828094
1.3833804
1.3832163
1.3836118
1.3835502
1.3829732
1.3831484
1.3823884
1.3834689
1.3831762
1.382308
1.382753
1.3834014
1.3832732
1.3834857
1.3829372
1.3828459
1.3823582
1.3828491
1.382912
1.3830171
1.3826114
1.3829181
1.3823477
1.3823808
1.3830844
1.3838884
1.3827043
1.383043
1.3829539
1.3827764
1.3835734
1.3834584
1.3827434
1.3825753
1.3830386
1.383466
1.3827364
1.3823864
1.3826634
1.3830308
1.3832074
1.3831034
1.3826355
1.3830893
1.3829012
1.3832427
1.3829017
1.3830189
1.3822243
1.383328
1.3826901
1.3831197
1.3831719
1.3833226
1.38289
1.3826672
1.3828714
1.3824364
1.3825091
1.3833278
1.3831059
1.382583
1.3824565
1.3825859
1.3829834
1.3836514
1.3829151
1.3827155
1.3829751
1.3831452
1.3832502
1.3822483
1.3828461
1.3832268
1.3820194
1.3837546
1.3834605
1.3820064
1.3840609
1.3827872
1.3821554
1.3833604
1.3825085
1.3835082
1.3825731
1.3831073
1.3826752
1.383849
1.3826333
1.3827041
1.3831038
1.3833803
1.3836132
1.381992
1.3824223
1.3836713
1.3826743
1.3827766
1.3834585
1.3838818
1.3827926
1.3826075
1.382641
1.3826265
1.383169
1.382774
1.3831376
1.3826083
1.3832532
1.3827502
1.3824598
1.3827667
1.3827782
1.3828492
1.3825418
1.3827556
1.3827859
1.3831195
1.3826452
1.3828263
1.3830533
1.3829558
1.3827767
1.3826101
1.3829052
1.3831993
1.3830887
1.383482
1.3828539
1.3828926
1.3825446
1.3835236
1.3825974
1.3830733
1.3825058
1.3827463
1.3825791
1.3831497
1.3826034
1.3828808
1.3834873
1.3823719
1.3832864
1.3830677
1.382772
1.3825694
1.3833985
1.382228
1.3825511
1.3824917
1.3829129
1.3825115
1.383248
1.3830274
1.383718
1.3825871
1.3826635
1.3835524
1.3832496
1.3834473
1.3822972
1.3831517
1.3830303
1.3832316
1.3833475
1.381996
1.3831173
1.3837438
1.3828257
1.3824512
1.382827
1.383057
1.3830951
1.383405
1.3827394
1.3829087
1.3830603
1.3826914
1.383025
1.3824259
1.3830156
1.3823092
1.3835725
1.382774
1.3824772
1.3825754
1.3828129
1.3825432
1.3824177
1.3829235
1.38294
1.38227
1.382813
1.3823149
1.382365
1.3825399
1.3824292
1.3822196
1.3828661
1.3827443
1.3828129
1.3826381
1.3834139
1.3833196
1.3828021
1.3827245
1.3832384
1.3827606
1.3821447
1.3832123
1.38265
1.3820325
1.3831251
1.3833346
1.3824098
1.383498
1.3832566
1.3830571
1.382566
1.382075
1.3827034
1.3827565
1.3829893
1.3827095
1.3830786
1.3830111
1.3827829
1.3824035
1.3834112
1.3832076
1.3830878
1.3827183
1.3829526
1.3829257
1.3827034
1.3825662
1.3825862
1.382823
1.3824989
1.3833499
1.3829805
1.3821605
1.3823999
1.3833715
1.3832366
1.3836634
1.383357
1.3829226
1.3833004
1.3837595
1.3821957
1.3822776
1.383057
1.382599
1.382777
1.3828579
1.3832748
1.3829712
1.383203
1.3820375
1.3828799
1.3831716
1.3831043
1.3829376
1.3831222
1.3829672
1.3840657
1.38261
1.382399
1.3829261
1.3831085
1.3826436
1.3830526
1.3826685
1.3826714
1.3827963
1.3826284
1.3834649
1.3824707
1.3822904
1.3828989
1.3830956
1.3832326
1.3827336
1.3831404
1.3827823
1.3840466
1.3831888
1.3824078
1.3831097
1.3827678
1.383297
1.3827835
1.3832886
1.3827366
1.3833022
1.3829111
1.3822279
1.3826667
1.3828491
1.3825122
1.3825645
1.3830295
1.3829129
1.3819805
1.3824955
1.3840709
1.3834676
1.3830103
1.3830404
1.3827343
1.3824981
1.3827484
1.3836856
1.3824872
1.3826005
1.3830523
1.3832321
1.3827527
1.3825814
1.3828682
1.3836149
1.3831519
1.3824348
1.3828092
1.3829674
1.3830402
1.3823794
1.3819118
1.3827835
1.383357
1.3826226
1.3828999
1.3831552
1.3829914
1.3821815
1.3840654
1.3826727
1.382575
1.3828914
1.383154
1.3824716
1.3834823
1.3826205
1.3825715
1.382802
1.3823696
1.3826208
1.382669
1.3823792
1.3832108
1.3831471
1.3824108
1.3828257
1.38273
1.3832698
1.3824422
1.3818681
1.383355
1.3827972
1.3822858
1.3832299
1.3835098
1.3820693
1.3823491
1.3829151
1.3826374
1.3821348
1.3828999
1.3824381
1.3823495
1.3831537
1.3834537
1.3827106
1.3834962
1.3826443
1.3825666
1.3824741
1.3835866
1.3834171
1.382898
1.3834351
1.382277
1.3830417
1.3830308
1.3830085
1.3824053
1.3824319
1.3825692
1.3825141
1.3828274
1.3820614
1.3824352
1.3824152
1.3832064
1.3831269
1.3825369
1.382595
1.3839457
1.3824917
1.3823307
1.3829464
1.3829432
1.3826375
1.382941
1.3827199
1.3832214
1.3826138
1.3828634
1.3823556
1.3837037
1.3827237
1.3832489
1.3824437
1.3832507
1.3831421
1.3830767
1.3829184
1.3820024
1.383062
1.3820696
1.3825753
1.3823724
1.382699
1.3829789
1.3824924
1.3832139
1.3827845
1.3825451
1.3823843
1.3835264
1.3836788
1.38293
1.3828335
1.382659
1.3823429
1.383778
1.3829232
1.3824424
1.3823779
1.3835218
1.3822438
1.3825276
1.3831106
1.3822964
1.3830427
1.3827963
1.3828859
1.3833175
1.3827149
1.3825145
1.3828607
1.3826278
1.3824458
1.3829069
1.383132
1.3830034
1.3831129
1.3822396
1.3836019
1.382483
1.3831539
1.3826329
1.3821311
1.3824065
1.3825241
1.3820657
1.3821952
1.3834072
1.3819281
1.3830693
1.3824917
1.3832232
1.3828999
1.3827511
1.3826196
1.3829697
1.3831549
1.3824168
1.3825573
1.3826085
1.3828347
1.3825186
1.383329
1.3822025
1.3825356
1.383215
1.3821764
1.3830035
1.3830724
1.3835526
1.3823931
1.3834889
1.3820765
1.3827524
1.3824539
1.3825946
1.3823235
1.3828318
1.382786
1.383048
1.3829787
1.3836741
1.3832179
1.3829215
1.3821192
1.3827184
1.3829308
1.3826774
1.3824238
1.3826354
1.383363
1.382373
1.382645
1.3826927
1.3828001
1.3831818
1.382971
1.3825895
1.3826934
1.3831716
1.3825833
1.3833202
1.3822862
1.3831674
1.3824703
1.3825431
1.3827664
1.3826209
1.3821937
1.3827988
1.382528
1.3832611
1.3831848
1.3833929
1.3829346
1.3833507
1.3831617
1.3829522
1.3827304
1.3831571
1.383458
1.3827645
1.3830614
1.3832402
1.3829674
1.3826162
1.382127
1.3830147
1.382759
1.3829216
1.3828164
1.3823096
1.3824161
1.3828417
1.3825892
1.382786
1.3830055
1.3826734
1.3827211
1.3827308
1.3824644
1.3830495
1.3824981
1.3824799
1.3830594
1.3822128
1.3819658
1.3823606
1.3832307
1.3829402
1.3826747
1.3821962
1.3825511
1.3825712
1.382869
1.382364
1.382895
1.3829508
1.3832363
1.3820338
1.3829613
1.3834463
1.3821319
1.3825116
1.383354
1.3833045
1.3828776
1.3825836
1.3826158
1.3829113
1.382741
1.38269
1.3832871
1.3818237
1.3826653
1.3826432
1.3830074
1.3839293
1.3831677
1.3828448
1.3826208
1.3828272
1.3826876
1.3823956
1.3820661
1.3831604
1.3835827
1.3836597
1.383204
1.3831491
1.3825796
1.3826208
1.3828278
1.3831606
1.3833495
1.3828592
1.3829495
1.382934
1.3834645
1.3834145
1.3828086
1.3829446
1.3825296
1.3823743
1.3824513
1.3828903
1.3830899
1.3827643
1.3825344
1.3828441
1.382975
1.3827047
1.3824761
1.3823764
1.3831409
1.3828936
1.3827028
1.3819622
1.382268
1.3826959
1.3830023
1.3825064
1.3834575
1.3830032
1.3826563
1.3832573
1.3822457
1.3822973
1.382877
1.3829267
1.3828024
1.3837763
1.3823881
1.3827308
1.3826141
1.3830247
1.3827381
1.3824097
1.3831567
1.381802
1.3821383
1.3816768
1.3826574
1.382784
1.3829262
1.3824058
1.3825406
1.3828503
1.3829242
1.3831612
1.383221
1.3831608
1.3823446
1.3825439
1.3831005
1.3834298
1.3827707
1.383207
1.3831071
1.3824052
1.3824977
1.3820533
1.3825966
1.3826622
1.3825339
1.3827463
1.3835529
1.3820639
1.3826044
1.3827282
1.3827089
1.3826492
1.3835121
1.3830175
1.3833585
1.3833101
1.3827366
1.3829863
1.3819742
1.3833985
1.3832443
1.382732
1.3840737
1.3834976
1.3828137
1.3826653
1.3824499
1.382617
1.3829031
1.3825401
1.3825787
1.3833051
1.3829744
1.382554
1.3823118
1.3818289
1.3837254
1.383381
1.3826363
1.382214
1.3830137
1.3824904
1.382835
1.3826445
1.3827783
1.3832628
1.3831646
1.3830869
1.3819519
1.3825091
1.3823593
1.381869
1.3827962
1.382744
1.3829088
1.3832403
1.3826671
1.382093
1.3824257
1.382316
1.3826362
1.383353
1.3832798
1.3827862
1.3823394
1.3823557
1.3832508
1.3826394
1.3825593
1.3831311
1.3828058
1.3828316
1.3828417
1.3831104
1.3820626
1.3826797
1.3821287
1.3832802
1.3830826
1.3828655
1.3829501
1.3820183
1.382806
1.3828166
1.382851
1.3823977
1.3828001
1.3825192
1.3826363
1.3829732
1.3830149
1.3823016
1.3825077
1.3827374
1.3823404
1.3821566
1.3822883
1.3829899
1.3827263
1.3840271
1.3833541
1.38313
1.3819258
1.3827161
1.382817
1.3826549
1.3833928
1.382965
1.3822948
1.3827835
1.3825246
1.3828033
1.3824122
1.3823161
1.383075
1.3823215
1.3833857
1.3825897
1.3825121
1.3832589
1.383086
1.3826573
1.3826555
1.3829646
1.383374
1.382069
1.3822232
1.383899
1.382982
1.3830632
1.382155
1.3822876
1.3820174
1.382405
1.382421
1.3829832
1.3826343
1.3829708
1.3829123
1.3822722
1.3821257
1.3823937
1.3827834
1.3822439
1.3828759
1.382556
1.3829557
1.3826406
1.3830692
1.3825852
1.3826302
1.3828856
1.3827932
1.3826369
1.3829846
1.3828305
1.3824091
1.3833352
1.3835173
1.382348
1.3823582
1.3825631
1.383084
1.3821505
1.3825479
1.3819418
1.3829906
1.382801
1.3821926
1.3828632
1.3825909
1.3826246
1.3830441
1.3830869
1.3827595
1.382493
1.3825213
1.3819249
1.3836433
1.3821222
1.3828684
1.3830328
1.3825499
1.3825232
1.3830115
1.3820926
1.3828198
1.3825612
1.3828427
1.3826462
1.3829145
1.3826334
1.3828272
1.3820288
1.3837137
1.3835027
1.3830056
1.3835995
1.3827323
1.3836045
1.3821038
1.3829968
1.3821896
1.382673
1.3825957
1.3835776
1.3833636
1.3826811
1.3824439
1.3833978
1.3833966
1.3834347
1.3826553
1.3820107
1.38297
1.3836546
1.3823944
1.3829501
1.3827342
1.3828083
1.3835964
1.3823999
1.3824373
1.3833348
1.3831912
1.3823607
1.3829993
1.3829254
1.3826096
1.3832239
1.383015
1.3828388
1.3821611
1.3826475
1.3831439
1.3821595
1.3825637
1.3838189
1.3835617
1.3822082
1.3825467
1.3823013
1.3833358
1.3828745
1.3829501
1.3825688
1.3831396
1.3823371
1.382738
1.383454
1.3826439
1.3819553
1.3822788
1.3831402
1.3827982
1.3831022
1.3832694
1.3831989
1.3835198
1.3820895
1.3826815
1.3835305
1.3824116
1.3829966
1.3832589
1.3826656
1.3833281
1.3832254
1.3824924
1.3825408
1.3828443
1.3830936
1.3825508
1.3817745
1.3827573
1.3824611
1.3829056
1.3830259
1.3823849
1.3823051
1.3827993
1.3833189
1.3833067
1.3819075
1.3829917
1.382308
1.3823642
1.382989
1.3834018
1.3825603
1.3823824
1.3832401
1.38331
1.3831776
1.3827854
1.383852
1.3826619
1.3825934
1.3827693
1.3822165
1.3832146
1.3828826
1.3826014
1.3830932
1.3835716
1.3827659
1.3838347
1.3831745
1.382363
1.3827132
1.3825806
1.3830149
1.3830565
1.3826189
1.3828199
1.3827926
1.3829396
1.3824909
1.3824563
1.3818755
1.3820931
1.3828065
1.3828831
1.3828685
1.3832728
1.38316
1.3825878
1.3828689
1.3825649
1.3830516
1.383708
1.3830309
1.3836797
1.3830588
1.3834164
1.3823519
1.3829056
1.3825755
1.3826991
1.3837562
1.3831344
1.3839226
1.3830304
1.3823401
1.3827374
1.3839304
1.3825153
1.3823615
1.3837022
1.3824021
1.3833448
1.3835067
1.3821771
1.3825916
1.3840673
1.3831729
1.3835504
1.3829865
1.3830856
1.3821042
1.382406
1.3822718
1.3829635
1.3826283
1.3828269
1.3837847
1.3827513
1.3824961
1.3828301
1.3830323
1.3833023
1.3822508
1.3834612
1.3826919
1.3828058
1.3823204
1.3822725
1.3830312
1.3827136
1.3830067
1.3819277
1.3827531
1.3824567
1.3819677
1.3823009
1.3828261
1.3826469
1.382993
1.3827176
1.383689
1.3824809
1.3825226
1.3823128
1.3821923
1.3833004
1.382563
1.3832115
1.3826405
1.382144
1.3829863
1.3832847
1.3831409
1.3821324
1.3824124
1.3830181
1.3822807
1.3829979
1.3830264
1.3832504
1.383629
1.3831719
1.3820757
1.3827419
1.383004
1.3826698
1.3831658
1.3818417
1.3823802
1.3822794
1.3826138
1.382329
1.3830236
1.3828102
1.382319
1.3826594
1.3822298
1.3826973
1.3828192
1.3824699
1.3828727
1.3830049
1.3830011
1.3826101
1.3828595
1.3822485
1.3820796
1.3829826
1.3823137
1.3823633
1.382485
1.3828747
1.3823954
1.3841621
1.3826673
1.3829429
1.3819767
1.3820474
1.382449
1.3826878
1.3828562
1.3828224
1.3824583
1.3823633
1.3825607
1.3828577
1.3836845
1.3823322
1.3823327
1.3820505
1.3824606
1.3830644
1.3822825
1.3827788
1.382513
1.3831652
1.3825291
1.3836308
1.3820717
1.3826898
1.3824998
1.3834028
1.3831512
1.3827056
1.3823639
1.3824755
1.3830377
1.3829962
1.3829628
1.3824662
1.3828949
1.382647
1.3827633
1.3821769
1.3833008
1.3827953
1.3825358
1.3834369
1.3829956
1.3822438
1.3837188
1.3824437
1.3823278
1.3828453
1.3826342
1.3827333
1.3825182
1.3824816
1.3828465
1.3824667
1.382689
1.3817992
1.3824791
1.3829684
1.3826952
1.3824742
1.3829147
1.3825305
1.3826056
1.3821219
1.384144
1.3822911
1.3828013
1.3829324
1.3818642
1.3822399
1.3817041
1.3827122
1.3825072
1.3823218
1.382879
1.3833088
1.3826019
1.3826271
1.3825864
1.3832387
1.382014
1.3832817
1.3835751
1.382787
1.3830818
1.3828406
1.3822166
1.3824695
1.3841677
1.3824825
1.3832319
1.3830687
1.3824842
1.3825628
1.382642
1.3835702
1.3834465
1.3823873
1.3830456
1.3823608
1.3825439
1.3828382
1.3828629
1.3828956
1.3831418
1.3819408
1.383759
1.3826686
1.3829803
1.3824674
1.3823794
1.3821403
1.3835654
1.3830369
1.382732
1.3835711
1.3821281
1.3827794
1.3824003
1.3831215
1.3823525
1.3818002
1.382845
1.3823684
1.383551
1.3829637
1.3830816
1.3818765
1.3827244
1.3827236
1.3829968
1.382233
1.3823162
1.3823546
1.3827194
1.3830575
1.3825744
1.3828148
1.3820714
1.3824834
1.3829005
1.3832406
1.3827907
1.3819746
1.3828689
1.3834347
1.3824974
1.3826748
1.3822502
1.3828713
1.3828152
1.3825172
1.3828157
1.3830501
1.3825947
1.3825696
1.3833543
1.3829247
1.382451
1.3827492
1.3821936
1.3829759
1.3827232
1.3826816
1.3833604
1.3830494
1.38278
1.3825933
1.3831004
1.3822687
1.3832903
1.383127
1.382577
1.3825243
1.3830531
1.3823968
1.382326
1.3835293
1.3824985
1.3828784
1.3824503
1.382135
1.3825912
1.3828288
1.3832699
1.3823357
1.3829696
1.3826618
1.3837638
1.38258
1.3827229
1.3824736
1.382377
1.381945
1.3827609
1.3826061
1.3827463
1.3831335
1.3825337
1.3817205
1.3823102
1.3824886
1.3834022
1.3822021
1.382731
1.3822155
1.3824031
1.3827595
1.3823667
1.3822393
1.3831925
1.3829498
1.3822228
1.3836066
1.3831674
1.3825212
1.3826238
1.3824453
1.3820345
1.382062
1.3837336
1.3823764
1.3829647
1.3821205
1.3832222
1.3822759
1.3825517
1.3829902
1.3823551
1.3822898
1.3829541
1.3828653
1.3825452
1.3830906
1.3831093
1.3830404
1.3830788
1.382744
1.3822317
1.3828892
1.3825136
1.3827752
1.3818328
1.3837439
1.3832259
1.3830717
1.3835214
1.382564
1.3821833
1.3813641
1.3820839
1.382371
1.382325
1.3824164
1.3824146
1.3828186
1.3823491
1.3823217
1.3830929
1.3825756
1.3821136
1.383236
1.382233
1.3822595
1.3835889
1.3833176
1.382519
1.3823781
1.382282
1.3831872
1.3820813
1.3823993
1.3834044
1.3825828
1.3832551
1.3822889
1.3824772
1.3828495
1.3825204
1.3830093
1.3828812
1.382687
1.3830104
1.3830384
1.3826761
1.3819369
1.3829265
1.3831799
1.3832605
1.3827428
1.3823537
1.382613
1.3825634
1.3835484
1.3831036
1.3831751
1.3829147
1.3837588
1.3827468
1.3821958
1.3835146
1.3825248
1.3837417
1.3836219
1.3828877
1.3826569
1.3829601
1.3823255
1.3829294
1.3830642
1.3824358
1.3821889
1.3831723
1.3822069
1.3831148
1.3825194
1.3842653
1.3825682
1.382329
1.3821629
1.3825577
1.3822864
1.3823004
1.3816966
1.3831911
1.382946
1.3832207
1.3826451
1.3829253
1.3824649
1.3824898
1.3821791
1.3833101
1.3824494
1.3821732
1.3831981
1.3831861
1.3830775
1.3829833
1.3831834
1.3829387
1.3830671
1.3822458
1.3827295
1.3827577
1.3834281
1.3829666
1.3821605
1.3826731
1.3825434
1.3827717
1.3825445
1.3827562
1.3826517
1.3828324
1.3824651
1.3824605
1.383224
1.3823676
1.3831558
1.3828979
1.3822016
1.3820032
1.3825482
1.3835319
1.3825814
1.3826237
1.3831255
1.3831037
1.3830557
1.3826447
1.3827306
1.3822029
1.3823408
1.3832297
1.381436
1.3833544
1.3830911
1.3832239
1.3838284
1.382145
1.3831626
1.3827277
1.3822327
1.3822439
1.3823909
1.3823086
1.3835855
1.382092
1.382292
1.3824974
1.3825798
1.3830112
1.3832229
1.3837322
1.3822356
1.3815001
1.3826268
1.3829389
1.382551
1.381978
1.3822342
1.3823531
1.3828247
1.3835976
1.3822773
1.3827713
1.3832284
1.3822869
1.3827524
1.3833246
1.3826808
1.382584
1.3827271
1.3834426
1.3829085
1.382725
1.3828312
1.3821065
1.383239
1.3833265
1.3824966
1.3838465
1.3825445
1.3826058
1.3826734
1.3830334
1.3826447
1.3835579
1.3829769
1.3823504
1.3831564
1.382013
1.3827871
1.3829342
1.38272
1.3821166
1.3831115
1.3834473
1.3835448
1.3821939
1.3824627
1.3822063
1.3827077
1.3819069
1.3831657
1.3824168
1.3826153
1.3829292
1.3831509
1.3825911
1.3827341
1.3829339
1.3821876
1.3826221
1.3828465
1.3820461
1.3827313
1.3822072
1.3818424
1.381958
1.382987
1.3819978
1.3830605
1.3825585
1.3831521
1.3829238
1.3833766
1.3820823
1.3828444
1.3824894
1.3828038
1.3827837
1.3822628
1.383337
1.3835827
1.3824974
1.3824296
1.3826212
1.3830907
1.3829691
1.3823519
1.3828456
1.3822335
1.3818051
1.3829658
1.3824315
1.3826036
1.3831958
1.3825203
1.3832694
1.3828665
1.3829186
1.3826319
1.3821021
1.3825103
1.3824104
1.382941
1.3822955
1.3828062
1.3825197
1.3834254
1.3831536
1.3827603
1.3832098
1.3824441
1.3818161
1.3825043
1.3827368
1.3825655
1.382894
1.3825065
1.382973
1.3824027
1.382367
1.383213
1.3821163
1.3824396
1.3832349
1.3833379
1.3829564
1.3833187
1.3825426
1.3831767
1.383474
1.3832183
1.3827555
1.3817083
1.3826802
1.3829921
1.382573
1.3823868
1.3826987
1.3822289
1.3834401
1.3823594
1.3827115
1.3829507
1.3826573
1.3822217
1.382524
1.3821824
1.3825636
1.3820193
1.3834316
1.3821799
1.382848
1.3820255
1.3828901
1.3820797
1.3833809
1.3823863
1.3826951
1.3826514
1.3835249
1.3820306
1.3822682
1.3831061
1.3823802
1.382502
1.3832242
1.3832314
1.3819443
1.3836914
1.3841476
1.383427
1.3831224
1.3827429
1.382087
1.3823473
1.3824846
1.3829527
1.3822653
1.3828697
1.3828366
1.382408
1.3829352
1.3826685
1.3830177
1.3828014
1.3829181
1.3820542
1.3825865
1.3827531
1.382005
1.3818798
1.3825591
1.3825387
1.382542
1.382913
1.3829829
1.3832563
1.3835055
1.3825521
1.383366
1.381697
1.3823826
1.3819264
1.3825909
1.3824015
1.3822722
1.3831787
1.3827904
1.3822063
1.3837698
1.3832202
1.3826939
1.3832501
1.3831145
1.3838046
1.3824298
1.3825
1.3818893
1.3823882
1.382453
1.3822207
1.3820955
1.3827635
1.3825065
1.3819056
1.3828549
1.3826435
1.3825133
1.3830988
1.3817136
1.3822383
1.3824064
1.3824699
1.383796
1.3824565
1.3828804
1.3824308
1.3830993
1.3831736
1.382321
1.382304
1.3832234
1.3834494
1.3833847
1.3829514
1.3821224
1.3830642
1.3829924
1.3825154
1.3831468
1.3827692
1.3820373
1.3821865
1.3823955
1.3830659
1.3835813
1.3830366
1.3824053
1.3820549
1.3822087
1.3836813
1.383388
1.3824265
1.3825139
1.3825194
1.3829687
1.3823495
1.3822882
1.3820531
1.3832752
1.3826
1.3828459
1.3831091
1.3827095
1.3825023
1.3821138
1.3827477
1.3834114
1.3822929
1.3824146
1.3822156
1.3837063
1.3824391
1.3830818
1.3821431
1.3831257
1.3821645
1.383593
1.3825133
1.3832852
1.3821435
1.3833289
1.3820754
1.3826132
1.3823892
1.3827673
1.3817644
1.3823284
1.3824905
1.3821847
1.3830799
1.382855
1.3835971
1.3816222
1.3828272
1.3827854
1.3826824
1.383321
1.3821232
1.3818527
1.3832719
1.3832624
1.3822131
1.3830657
1.3826754
1.382483
1.3825773
1.382322
1.3824303
1.3821656
1.3828592
1.3822004
1.3833495
1.3826092
1.3825144
1.3828968
1.3824558
1.3832595
1.3828932
1.3822087
1.3833416
1.3830907
1.3837384
1.3832148
1.382603
1.3815794
1.3824174
1.3840643
1.3821799
1.3817782
1.3820311
1.3823551
1.3826547
1.3825381
1.3818835
1.3837619
1.3833151
1.3829516
1.3821157
1.3834333
1.3822423
1.3825176
1.3829875
1.383476
1.382257
1.3823231
1.381548
1.3828048
1.383229
1.3817933
1.3825588
1.3823737
1.3834926
1.3827976
1.3830979
1.3825448
1.3836721
1.3830696
1.383221
1.3827238
1.3830057
1.3820432
1.3831007
1.3827531
1.3832217
1.3827314
1.3824719
1.3824397
1.3824263
1.3825423
1.3832715
1.3823429
1.3821471
1.3825306
1.3827442
1.3818183
1.3830827
1.3830175
1.3817307
1.3826329
1.3826636
1.3832768
1.3825998
1.3826568
1.3820295
1.3838344
1.3831358
1.382062
1.3825527
1.3829346
1.3826681
1.3834345
1.3826526
1.3828211
1.3825285
1.3825475
1.383346
1.3827983
1.382062
1.3824997
1.3832749
1.3823274
1.3828007
1.382168
1.3823433
1.3821583
1.383154
1.3818508
1.3828664
1.3835554
1.3826754
1.3823773
1.3818339
1.3835443
1.3821437
1.383565
1.3832636
1.3830634
1.3830402
1.3825713
1.3838872
1.3839074
1.3824482
1.3827288
1.3825756
1.3819643
1.3830277
1.3826091
1.3825547
1.3825623
1.3828475
1.3819566
1.3816563
1.3827083
1.3819392
1.3831695
1.3825867
1.3822727
1.3831953
1.3825527
1.3829525
1.3821523
1.3830956
1.3831142
1.3819618
1.382255
1.3826352
1.3825932
1.382514
1.382087
1.3822337
1.3822228
1.3824579
1.383052
1.3829603
1.3832291
1.3827178
1.3831339
1.3830525
1.3821741
1.3825861
1.3818235
1.3830633
1.3826818
1.3818666
1.3830372
1.3822709
1.382737
1.383077
1.3823985
1.3817407
1.3825401
1.3823178
1.3820848
1.3831931
1.3824813
1.3828995
1.3824466
1.3823067
1.3830547
1.3822033
1.3818604
1.3821784
1.3824903
1.3826698
1.3820351
1.3821981
1.3829148
1.382517
1.3825893
1.382176
1.383666
1.3826836
1.3833584
1.3824729
1.3827271
1.3822783
1.3827643
1.3823467
1.381892
1.3829693
1.3830906
1.3829323
1.3824266
1.3822259
1.38353
1.3831177
1.3830761
1.3827168
1.3831135
1.381909
1.3817552
1.3823607
1.3816144
1.3822215
1.3830217
1.3831413
1.3825852
1.3825148
1.3825489
1.3827641
1.3829879
1.3829899
1.3824636
1.3826221
1.3832399
1.383207
1.3827924
1.3818511
1.3829657
1.3821768
1.3830788
1.3823925
1.3834068
1.3825649
1.3831363
1.3823278
1.3844957
1.3831028
1.3830823
1.3825028
1.3823527
1.3821636
1.3822615
1.3825543
1.3828322
1.3818926
1.3826468
1.3819857
1.3819435
1.383304
1.3828259
1.3829178
1.3826504
1.3824462
1.3829374
1.3834226
1.3831333
1.3828431
1.3818706
1.3825479
1.3826529
1.3828989
1.3822016
1.382892
1.3821557
1.3826729
1.3830647
1.3815914
1.3829739
1.3827808
1.3823005
1.3824173
1.3825547
1.3826631
1.3826195
1.3827107
1.3820727
1.3816328
1.3820218
1.3822381
1.3828876
1.3818918
1.3831909
1.3820709
1.3818947
1.3820205
1.3820685
1.3826203
1.3824633
1.3827108
1.3830197
1.3837633
1.383017
1.3823359
1.3831282
1.3827188
1.3827155
1.3820797
1.3820153
1.3830192
1.3823184
1.3831911
1.3824118
1.3830603
1.3823527
1.3828408
1.3825668
1.3821521
1.3832533
1.3829322
1.3825308
1.3825793
1.3821545
1.382639
1.3831854
1.3820773
1.3826143
1.3824689
1.383157
1.3834267
1.3820665
1.3829726
1.3818266
1.3838632
1.3825577
1.3820122
1.3829864
1.3831953
1.3824191
1.3827507
1.3830576
1.3829864
1.3820993
1.3826331
1.3826767
1.382109
1.3824563
1.3823655
1.3827099
1.3838376
1.38243
1.3820206
1.382613
1.3832201
1.3829452
1.3832481
1.3823807
1.3827628
1.381645
1.382222
1.383185
1.3827896
1.3819493
1.3828145
1.383056
1.3827978
1.3822811
1.3822216
1.3834867
1.383124
1.3832833
1.3817929
1.3822707
1.3828665
1.3822429
1.3821139
1.3821809
1.3824422
1.3826138
1.3816937
1.3820508
1.3826457
1.3831244
1.3824335
1.3822492
1.3821656
1.3823818
1.3825979
1.3827294
1.3821387
1.3825412
1.3825
1.3830001
1.3822484
1.3824741
1.3834265
1.382772
1.382869
1.3821863
1.3827626
1.3836306
1.3826894
1.3838638
1.3829767
1.3818449
1.3820232
1.3829899
1.3825071
1.3834059
1.382905
1.3828764
1.3825464
1.3825146
1.3824071
1.3833553
1.3821384
1.3832062
1.3828101
1.381978
1.3845965
1.3816351
1.3827795
1.3835173
1.3819672
1.3819466
1.3838062
1.3835555
1.3825969
1.3825104
1.3825
1.3832866
1.3820742
1.3832508
1.3827075
1.3828491
1.382631
1.3823124
1.3824213
1.3823931
1.3828427
1.3829844
1.3825411
1.3828462
1.3832746
1.3831483
1.3828173
1.3830181
1.3829525
1.3834174
1.382624
1.3822988
1.3826348
1.3819581
1.3824257
1.3829399
1.382819
1.3827329
1.3831023
1.382528
1.3820366
1.3827957
1.3828535
1.3829528
1.3826144
1.3820118
1.3832475
1.3819088
1.3824542
1.3826656
1.383325
1.3826452
1.3826189
1.382716
1.3829042
1.3828859
1.3820763
1.3826284
1.3823721
1.3828588
1.3831263
1.3825954
1.3818958
1.3827422
1.3825009
1.3835825
1.3832092
1.3829182
1.3829693
1.3834006
1.382851
1.3831583
1.382561
1.382316
1.382525
1.3830578
1.3822026
1.3835144
1.3828738
1.3826965
1.3830967
1.3826524
1.3817669
1.3828262
1.3821048
1.3824732
1.3832467
1.3823622
1.3820747
1.381972
1.3828615
1.3822408
1.3828627
1.3828453
1.3816745
1.3827568
1.3826156
1.382559
1.3816673
1.3825407
1.3815457
1.3827872
1.3831168
1.3818705
1.3830963
1.3825145
1.382954
1.3826793
1.3821498
1.3825222
1.3827641
1.381912
1.3824569
1.3826538
1.3820404
1.3822452
1.3821253
1.3828869
1.383007
1.382368
1.3836486
1.3827219
1.3829298
1.3832979
1.3828882
1.3823099
1.3830414
1.3834337
1.3827914
1.3829116
1.382166
1.3827994
1.3822516
1.3816957
1.3825754
1.382931
1.3827261
1.3827322
1.3834282
1.3828379
1.3825314
1.3831373
1.3822806
1.3827163
1.3829175
1.3829721
1.3823066
1.3838128
1.3828412
1.382827
1.3818351
1.3830831
1.3823792
1.3825301
1.3823314
1.3823771
1.3825374
1.3828306
1.3831193
1.3828683
1.3819195
1.3829281
1.382731
1.3829294
1.3831244
1.3821682
1.3824538
1.3834643
1.3818301
1.3822829
1.3828943
1.3822495
1.3824283
1.3823291
1.3828593
1.3814647
1.3828702
1.3825411
1.3828572
1.382411
1.3825465
1.3821586
1.38264
1.382994
1.3821163
1.3823894
1.3819498
1.382605
1.3826197
1.382847
1.3819178
1.3824255
1.382544
1.3832998
1.3825538
1.3825569
1.3827206
1.3819929
1.3838552
1.382074
1.3823584
1.3825328
1.381969
1.3823684
1.382252
1.3827862
1.3820988
1.382439
1.3823338
1.3823313
1.3825603
1.383667
1.3823867
1.3821843
1.3824394
1.3827537
1.3828776
1.3831733
1.3821133
1.3823832
1.3834149
1.3823185
1.3817683
1.3832035
1.3827349
1.3822279
1.3814399
1.3829578
1.3824079
1.3834136
1.3828325
1.3823979
1.3829213
1.3827707
1.382367
1.3828077
1.3831779
1.3825982
1.3831779
1.3825442
1.3829998
1.382185
1.3829058
1.3825331
1.3829648
1.3822562
1.3834437
1.3837004
1.3828838
1.3820924
1.3822827
1.3825006
1.3822898
1.3834554
1.3822289
1.3818129
1.3823868
1.3821161
1.381615
1.382225
1.3819824
1.3829273
1.3832458
1.3830614
1.382236
1.3831805
1.3829277
1.3823811
1.3821757
1.383189
1.3828102
1.3828229
1.3833017
1.3818309
1.3823112
1.3823314
1.3830268
1.3826116
1.3830116
1.3825243
1.3828173
1.3823545
1.3826976
1.3818331
1.3827273
1.3823606
1.3835158
1.3831078
1.3821309
1.382671
1.3831491
1.3830018
1.3816257
1.382096
1.3822701
1.3838066
1.3825446
1.3819592
1.3816735
1.3818814
1.3821743
1.3825954
1.3836914
1.3828542
1.382376
1.3830423
1.3830016
1.3826525
1.3821521
1.3828744
1.3816155
1.3832401
1.3825415
1.3828018
1.3821232
1.3821986
1.3823873
1.3821889
1.382323
1.382625
1.381908
1.3821373
1.381964
1.3817663
1.3822914
1.3820299
1.3825519
1.3833185
1.3822739
1.3820632
1.383049
1.3828517
1.3824447
1.3824221
1.3824471
1.3827053
1.3817459
1.3831973
1.3823997
1.382313
1.3824474
1.3820275
1.3831558
1.3826892
1.3816196
1.382032
1.3819916
1.3821156
1.3819448
1.3818142
1.3821635
1.3834698
1.3823731
1.3823491
1.381884
1.3826995
1.3824714
1.382801
1.3823602
1.3828955
1.3824497
1.3823453
1.3834541
1.382298
1.3827698
1.3826979
1.3825426
1.3828686
1.3826699
1.3825767
1.3820149
1.3817793
1.3827046
1.382227
1.3826255
1.381978
1.3835217
1.3821859
1.3828585
1.3821415
1.3821806
1.3827449
1.3827033
1.3831328
1.3834175
1.3822672
1.3820962
1.3824623
1.3832655
1.3828068
1.3825339
1.3832623
1.3830426
1.3827888
1.3823885
1.3831002
1.3825521
1.3825244
1.3817946
1.3830782
1.3824106
1.3819557
1.3830961
1.3828351
1.3822309
1.3826435
1.3827025
1.3837899
1.3836453
1.3830001
1.383325
1.3825793
1.3832682
1.3836148
1.3822279
1.3820704
1.3819982
1.3822031
1.3821534
1.3818734
1.382537
1.3823028
1.3839734
1.3828602
1.3822415
1.3823348
1.3821548
1.3825345
1.3817519
1.3821646
1.3824515
1.3816378
1.3828706
1.3820329
1.3829325
1.3821857
1.3829774
1.3830079
1.3826638
1.3827586
1.3828884
1.3824167
1.3826013
1.3840942
1.3829006
1.3822432
1.3830658
1.3820214
1.3816172
1.3828086
1.3822918
1.3829647
1.3818283
1.3831657
1.382366
1.3826026
1.3827842
1.3821498
1.3834764
1.3827511
1.38316
1.383805
1.3823259
1.3835504
1.3821654
1.3822807
1.3822377
1.3827628
1.3823143
1.3829355
1.3820797
1.3819418
1.3820863
1.3819506
1.3826287
1.3824644
1.3832057
1.3822306
1.3837208
1.3829082
1.3826394
1.3817608
1.3826131
1.3825833
1.3819394
1.3823347
1.3828021
1.3828443
1.3825091
1.3827785
1.381929
1.3823361
1.38223
1.382726
1.382859
1.3822576
1.3828056
1.3819516
1.3830099
1.3830816
1.3827926
1.3818735
1.382749
1.3826132
1.382039
1.3840202
1.3827845
1.3822075
1.3817792
1.3824824
1.3824791
1.3825998
1.3820026
1.3823296
1.3830531
1.3818117
1.3823756
1.3829535
1.3827362
1.381823
1.3824232
1.3830501
1.3827118
1.3827411
1.3822948
1.382213
1.3831252
1.382951
1.3825073
1.382264
1.3831896
1.383068
1.3840333
1.382079
1.3826635
1.382593
1.3835033
1.3822981
1.3822325
1.3823417
1.3822794
1.3825554
1.381927
1.382536
1.3833565
1.3819562
1.3825525
1.382635
1.3826025
1.3825576
1.3826009
1.3824468
1.3827242
1.3817648
1.3821267
1.3822109
1.3816216
1.3826969
1.3824494
1.3819104
1.3823766
1.3823657
1.3828678
1.3834903
1.3827772
1.3830478
1.3821197
1.3823824
1.3826544
1.3820592
1.3825275
1.3826369
1.3831197
1.3825235
1.3823237
1.3836782
1.3825798
1.3826085
1.3820175
1.3818711
1.3819803
1.3827999
1.383019
1.382231
1.3832668
1.382745
1.382309
1.3819381
1.3825393
1.3815851
1.3830677
1.3828372
1.3831598
1.3823462
1.3826029
1.382075
1.3829098
1.3823835
1.3820231
1.3831573
1.3813591
1.3824584
1.3824934
1.3834323
1.3823646
1.3820574
1.3821417
1.383265
1.3832527
1.3820378
1.3841175
1.382327
1.381835
1.3822454
1.382283
1.3820411
1.3824602
1.3824053
1.3823506
1.3821383
1.3826298
1.3822886
1.3817632
1.3832735
1.3828025
1.3834957
1.3822427
1.3819673
1.3820068
1.3819082
1.3821719
1.3824338
1.3820206
1.3823078
1.3823807
1.3821177
1.3820205
1.3818775
1.382226
1.38265
1.3825669
1.3822223
1.3825312
1.3823663
1.3822603
1.3835381
1.382203
1.3823584
1.3831315
1.3811804
1.3826598
1.3821338
1.3828373
1.3827543
1.3824161
1.3828423
1.3828408
1.3828176
1.382748
1.3834416
1.3824047
1.3834399
1.3827147
1.3830733
1.3816646
1.3824015
1.3820379
1.3823367
1.3817674
1.3828975
1.3819512
1.3825713
1.3825756
1.3822051
1.3820816
1.3823799
1.38128
1.382727
1.3824497
1.3814569
1.382215
1.3827089
1.382043
1.3836884
1.3834218
1.3834647
1.3831733
1.3820369
1.3828132
1.3823004
1.382806
1.3818197
1.3819209
1.3831006
1.3824924
1.3824804
1.3829298
1.382528
1.3819274
1.382885
1.3835503
1.3829056
1.3824464
1.3824543
1.3816897
1.3829933
1.3816081
1.3831265
1.3822724
1.3833288
1.3831162
1.3821936
1.3821687
1.3828511
1.3819268
1.382898
1.3823781
1.3825864
1.3829113
1.38217
1.3839476
1.3822927
1.3825417
1.382222
1.3823067
1.3822441
1.3829911
1.3829677
1.3822638
1.3827438
1.3824009
1.3825327
1.3824246
1.3826007
1.3820435
1.3818623
1.3825272
1.3827626
1.3822533
1.3819007
1.3817415
1.3821118
1.3824539
1.3820778
1.383603
1.3822194
1.3831103
1.3824217
1.3824246
1.383109
1.3833721
1.3827835
1.3822523
1.381949
1.3819785
1.3823212
1.3817457
1.3824337
1.3819638
1.3814507
1.3822503
1.3818417
1.3831055
1.3824888
1.3819178
1.3826798
1.3824407
1.3825547
1.3831714
1.3822043
1.3827698
1.3818374
1.3838173
1.382294
1.3819996
1.3819911
1.382431
1.3824569
1.3819171
1.3824552
1.3830589
1.3819469
1.3823214
1.3818516
1.3823061
1.3829237
1.382393
1.3824948
1.3829292
1.3826867
1.3822544
1.3826399
1.3827568
1.3841829
1.3824759
1.3823704
1.3825319
1.3822842
1.3830258
1.382545
1.3834577
1.3825011
1.3828609
1.3825128
1.3832146
1.3820051
1.3821291
1.3828487
1.3824126
1.3818711
1.3828584
1.3821354
1.3823425
1.3827083
1.3820277
1.3833997
1.3816786
1.382399
1.3821375
1.3829132
1.3836652
1.3825634
1.3831968
1.3820701
1.381424
1.3830341
1.3819658
1.3824639
1.3827529
1.3829423
1.3830854
1.382066
1.3820665
1.3830774
1.382095
1.3828148
1.3819827
1.3822693
1.3819885
1.3826454
1.3828802
1.3832672
1.3813262
1.3817714
1.3838413
1.3820637
1.3819343
1.3820573
1.3824798
1.382206
1.382599
1.3824905
1.3822498
1.3830543
1.3828281
1.3820493
1.3824154
1.3824886
1.3820175
1.3825268
1.3825216
1.3826016
1.3830277
1.382588
1.3833942
1.3820655
1.3826374
1.3818499
1.3819251
1.3833399
1.3828942
1.382401
1.3820359
1.3831154
1.3828956
1.3817174
1.3823562
1.3823129
1.3824412
1.3823186
1.3820546
1.3825628
1.3827258
1.382779
1.3830997
1.3826221
1.3827213
1.3828045
1.382756
1.383929
1.3831713
1.3824475
1.3823308
1.3833185
1.3822715
1.382258
1.3819073
1.3823977
1.3830569
1.3827671
1.382953
1.3820264
1.382801
1.382768
1.3829557
1.3828446
1.3820026
1.3824387
1.3836565
1.3821355
1.3824366
1.3822874
1.3834331
1.3826569
1.3822173
1.3830703
1.3826833
1.3827925
1.3821269
1.3816683
1.3822103
1.3827994
1.3822794
1.3824141
1.3822873
1.3821415
1.3823831
1.382796
1.3820862
1.3830112
1.3825839
1.381508
1.3826387
1.3824399
1.3818986
1.3822569
1.381887
1.3826115
1.3820692
1.3821508
1.3821995
1.3820493
1.3820161
1.3823459
1.3814528
1.3817225
1.3819693
1.381268
1.3831244
1.3818411
1.3816962
1.3816694
1.3824219
1.3819264
1.381968
1.3832026
1.3824924
1.3823639
1.3836178
1.3821576
1.3835001
1.3828272
1.3823853
1.3816042
1.3832074
1.3819766
1.3825625
1.3831978
1.3826065
1.382439
1.3821026
1.3812978
1.3819749
1.382094
1.3833205
1.381985
1.3817865
1.3818868
1.3831465
1.3826183
1.3827358
1.3823677
1.3826412
1.3820597
1.383474
1.3834217
1.3820945
1.382432
1.381471
1.3822366
1.3835194
1.3824549
1.3816607
1.3828173
1.3826126
1.3828619
1.3817657
1.3821166
1.3821423
1.3826306
1.3821375
1.3829625
1.3825668
1.3827713
1.3818407
1.3819212
1.3820679
1.3823688
1.3814497
1.3822677
1.3831524
1.3827178
1.3821481
1.3833501
1.3823017
1.38172
1.3821383
1.3823133
1.3834672
1.3829039
1.3828789
1.3829143
1.3813429
1.3824337
1.3833582
1.3824552
1.3822151
1.3814002
1.3819561
1.3819789
1.3838904
1.3833265
1.3828993
1.3825281
1.3824215
1.3823622
1.382527
1.3825932
1.3833615
1.381988
1.3836617
1.3827808
1.3822225
1.3827429
1.3822345
1.3826619
1.3837639
1.3823227
1.3824644
1.3819696
1.3815355
1.3825085
1.3826867
1.3818567
1.3823942
1.3822851
1.3818942
1.3824924
1.3834028
1.3825383
1.3826097
1.3825678
1.3823521
1.3825736
1.3827199
1.3825923
1.3822228
1.3833274
1.3824799
1.382119
1.3822012
1.3825532
1.3836986
1.3826349
1.38347
