1.4406983
1.354361
1.3942995
1.4023129
1.3857894
1.3854249
1.3845564
1.3844953
1.3860867
1.38455
1.3817381
1.3816632
1.3819225
1.3829197
1.3820276
1.3827811
1.3836361
1.3811643
1.381344
1.3811945
1.3815757
1.3803586
1.3807094
1.3792447
1.3805115
1.3799263
1.3798174
1.3791401
1.3795567
1.3796731
1.378843
1.3799229
1.3786908
1.379144
1.379131
1.3793072
1.3794342
1.3785659
1.378377
1.3778111
1.3791635
1.3770758
1.3786399
1.3779209
1.3767271
1.3793474
1.378107
1.377107
1.3786969
1.3778135
1.3774781
1.3775162
1.3775403
1.3773005
1.3775736
1.378195
1.3778957
1.377004
1.3765206
1.3782207
1.3775957
1.3767596
1.3780845
1.3776451
1.3782028
1.3770471
1.376969
1.3772705
1.3775107
1.3790214
1.3767523
1.377889
1.3784773
1.3771194
1.3753781
1.3780185
1.3765873
1.3761185
1.3766825
1.3756138
1.3756922
1.3757099
1.3747681
1.3741826
1.3780156
1.3768387
1.3751454
1.3747078
1.3762344
1.3770187
1.3754226
1.3753519
1.3758453
1.3759705
1.3768047
1.3751796
1.3748976
1.3733771
1.3759016
1.3747225
1.3749655
1.3738594
1.374241
1.3744096
1.3740225
1.3753802
1.3748838
1.3752028
1.376304
1.3738904
1.374218
1.373135
1.3741213
1.3732884
1.3737341
1.3704644
1.3732191
1.375553
1.3765014
1.373179
1.3727105
1.3719306
1.3743769
1.372941
1.37349
1.3711792
1.3729304
1.3733923
1.3745966
1.3742309
1.3719639
1.3715641
1.3713642
1.3711984
1.3730308
1.3725481
1.3718367
1.3716534
1.3736519
1.3705301
1.3684855
1.3751212
1.3715351
1.3705657
1.3729396
1.3722857
1.372501
1.3701903
1.3744144
1.3712666
1.3692858
1.3708273
1.3697838
1.3709495
1.3722115
1.373848
1.3700706
1.3668064
1.3717636
1.3689641
1.3705225
1.3705245
1.3680565
1.3706769
1.3717571
1.370822
1.3707775
1.3691225
1.3721393
1.3707272
1.3710648
1.3688049
1.3704513
1.368665
1.3689407
1.3681928
1.3686386
1.371152
1.3714722
1.3709904
1.3669704
1.3723893
1.3694466
1.3685606
1.3710092
1.3726252
1.3681369
1.3694627
1.3703986
1.3710363
1.3698992
1.3710223
1.3671054
1.3688805
1.3678493
1.3727121
1.368874
1.3680823
1.3675289
1.3686507
1.3689743
1.3672937
1.3685274
1.3678795
1.3706207
1.3670574
1.3712208
1.3707718
1.3688464
1.3687273
1.3704432
1.3689835
1.3682641
1.3700503
1.3680079
1.3703586
1.3683226
1.3703051
1.3678857
1.3662201
1.3687519
1.3711003
1.3732382
1.3677535
1.3689749
1.3677746
1.3679966
1.3695582
1.370159
1.3675507
1.3687512
1.3658447
1.3700653
1.3709519
1.3654605
1.3691716
1.3687618
1.3644522
1.3711816
1.3646358
1.3689909
1.3690788
1.3706337
1.3664601
1.366132
1.369093
1.3676491
1.3695332
1.3686653
1.3692698
1.3677958
1.368874
1.3687665
1.3687748
1.3681217
1.3682591
1.3673581
1.3696365
1.3672229
1.3677722
1.3708467
1.3710896
1.3693894
1.3683176
1.3701535
1.3654909
1.3661978
1.3696538
1.3691893
1.3693967
1.3631889
1.3684723
1.3691702
1.3693628
1.3660376
1.367763
1.3669037
1.3660803
1.36658
1.3702313
1.3694954
1.3646942
1.3686285
1.367954
1.367036
1.3694378
1.3699961
1.3666867
1.3685303
1.365033
1.3698744
1.3662887
1.3695087
1.3648064
1.3702031
1.3680518
1.3655957
1.3687795
1.3679029
1.36537
1.3675451
1.3685145
1.3666387
1.366621
1.3655831
1.3669081
1.3675596
1.3681644
1.367103
1.3659168
1.3687162
1.366527
1.365575
1.3668603
1.3656601
1.3665906
1.3659772
1.3661845
1.3632951
1.369403
1.3661062
1.3678815
1.3630359
1.3644475
1.3655307
1.3672647
1.3680693
1.3649956
1.3660587
1.3674679
1.3662441
1.3641807
1.3687075
1.3675512
1.3676145
1.3676798
1.3669026
1.3670461
1.3692579
1.3660078
1.3663739
1.3696508
1.366616
1.361995
1.3677875
1.3665676
1.3589237
1.3718822
1.368515
1.3670607
1.3670295
1.3669462
1.3695949
1.3668083
1.3633742
1.3690481
1.3648406
1.364635
1.3661966
1.3675433
1.3638161
1.3662467
1.3685937
1.3633527
1.3650147
1.3672199
1.3688837
1.369647
1.3691391
1.3662177
1.3659098
1.3674179
1.3654318
1.3658164
1.3653256
1.3663063
1.3679972
1.3672658
1.3643594
1.3642759
1.3683271
1.3673548
1.3644984
1.3659941
1.3671789
1.3649796
1.3658032
1.3659701
1.3645182
1.364317
1.3658012
1.3676205
1.3651882
1.3681866
1.3690068
1.3703681
1.3656926
1.3682213
1.3633937
1.3647919
1.3658457
1.3695637
1.3676655
1.3686825
1.3652706
1.3674319
1.366425
1.3660307
1.3691832
1.3678427
1.3644288
1.3717004
1.3686429
1.3675064
1.3679204
1.3656034
1.3661638
1.3686628
1.3672239
1.3670162
1.3675146
1.3670448
1.3644475
1.3663989
1.3655537
1.3659638
1.3664335
1.3641151
1.3685232
1.367011
1.3669432
1.3652676
1.3674697
1.3652089
1.3671203
1.3647078
1.3612827
1.3681468
1.367454
1.365417
1.3677486
1.3659772
1.3691767
1.3682983
1.3658036
1.3631063
1.366177
1.3672467
1.363627
1.3666359
1.368925
1.36639
1.3721086
1.3638861
1.368843
1.3670996
1.3627535
1.3646154
1.3650678
1.365982
1.3645043
1.3668709
1.3634955
1.3692709
1.3642324
1.3665043
1.3684397
1.3676753
1.3683959
1.3672984
1.3688337
1.364049
1.367006
1.3671165
1.3682393
1.3693098
1.3660381
1.3696775
1.3632561
1.3698665
1.3679082
1.3676418
1.3649988
1.3674135
1.3651658
1.3642602
1.3667899
1.3688745
1.3664267
1.3690279
1.3625224
1.3689705
1.366087
1.3699664
1.365756
1.3666494
1.3650662
1.3647052
1.3664789
1.3659029
1.3681629
1.369084
1.3640381
1.3668203
1.3626138
1.368311
1.3688148
1.3700539
1.368387
1.3689027
1.3643154
1.3699467
1.3665813
1.3698077
1.3684546
1.367195
1.3664889
1.3663062
1.3655621
1.3662679
1.3703786
1.3686472
1.3680098
1.3691996
1.3687134
1.3670466
1.3668872
1.3691418
1.366134
1.3655542
1.3686018
1.3669076
1.3630848
1.3645879
1.366468
1.3676422
1.3649968
1.3665725
1.3662667
1.3689693
1.367637
1.368704
1.3675703
1.3702754
1.3666443
1.3679644
1.3674332
1.3674912
1.3696072
1.3658782
1.3661845
1.3649409
1.3669921
1.363007
1.3676876
1.3650167
1.3654574
1.3628644
1.367441
1.3707188
1.368977
1.3645955
1.3668672
1.3639222
1.3615113
1.363816
1.3642142
1.3672762
1.365058
1.3658019
1.3645166
1.3677572
1.367058
1.3652614
1.3709841
1.3653816
1.3635784
1.3641912
1.3653209
1.3668051
1.3659817
1.3656905
1.3631179
1.3679117
1.3677459
1.3668482
1.3661559
1.3670194
1.3686323
1.3670236
1.3646747
1.3660647
1.3657285
1.3687234
1.3661318
1.3646457
1.3685936
1.3669685
1.3713131
1.3676285
1.3654972
1.3684441
1.3679038
1.365448
1.3665344
1.3660309
1.3682915
1.3653477
1.3688668
1.3694302
1.3707951
1.3700405
1.3710508
1.3680447
1.3695163
1.3668427
1.3637904
1.362744
1.3658584
1.3675765
1.368413
1.3694676
1.3692566
1.3678061
1.3680991
1.3678726
1.3711983
1.3636707
1.3692868
1.3660134
1.3662995
1.363289
1.3691578
1.3625813
1.362137
1.367468
1.3690425
1.3672725
1.3684988
1.3662511
1.3676133
1.3667783
1.3699561
1.3640789
1.3661925
1.3661566
1.3691342
1.3677069
1.3659762
1.3686441
1.3637882
1.3697964
1.3687233
1.3686317
1.3663568
1.3676022
1.3687767
1.3634247
1.3709009
1.3689629
1.3678464
1.366201
1.3655821
1.364196
1.3672326
1.3668
1.3668761
1.3701711
1.3689598
1.3675966
1.3670326
1.3655719
1.3680944
1.3695097
1.3684466
1.3661788
1.3697526
1.3678378
1.3676556
1.3685476
1.370847
1.3673156
1.364997
1.368461
1.3647169
1.3696505
1.3678117
1.365315
1.3700906
1.3651879
1.3710276
1.3673236
1.3674489
1.3622833
1.3693235
1.3691005
1.3670232
1.3665562
1.36868
1.3677571
1.3707863
1.3660034
1.3674244
1.367752
1.3684975
1.3699119
1.3684466
1.3663888
1.3666734
1.3669538
1.366291
1.367815
1.3691818
1.370272
1.36683
1.3684928
1.3689048
1.36691
1.368544
1.3666836
1.3691528
1.3685819
1.368119
1.3716599
1.3652135
1.3659233
1.366432
1.3679531
1.3673145
1.3698121
1.3639838
1.3659587
1.3658104
1.3684189
1.3677363
1.3701093
1.3661871
1.3695493
1.3700644
1.369944
1.366141
1.3664402
1.3674991
1.3674008
1.3690723
1.3689
1.368477
1.3683583
1.3688892
1.368258
1.368998
1.3677542
1.368341
1.366899
1.3679013
1.3709158
1.369101
1.3651854
1.3708038
1.3689753
1.3655176
1.3631778
1.3639562
1.3684906
1.3686429
1.3678069
1.3692025
1.3669139
1.3674715
1.3671433
1.3678097
1.3686309
1.3668867
1.3652443
1.3661078
1.3663309
1.3677331
1.3701066
1.3690453
1.3664536
1.3663757
1.3708291
1.3659594
1.3688961
1.3684261
1.3669584
1.3701075
1.3691009
1.3673981
1.3688259
1.3699226
1.3690542
1.3686022
1.371339
1.3636459
1.3685865
1.3682299
1.3660729
1.3660706
1.3715665
1.3714144
1.3667283
1.3672065
1.36779
1.3672209
1.3669193
1.3682629
1.3668318
1.3688421
1.3666085
1.3682162
1.3674873
1.3699043
1.3687074
1.3670868
1.3689803
1.3668311
1.3707981
1.3698175
1.3697151
1.3701982
1.3662432
1.3673983
1.3664652
1.3688647
1.36703
1.3645973
1.3726135
1.3663397
1.3684515
1.3692667
1.3709763
1.3709574
1.3678273
1.3703127
1.36766
1.3683827
1.3703636
1.3679155
1.3718659
1.3706943
1.3674381
1.3680779
1.3696384
1.3675731
1.3698105
1.3693718
1.3684108
1.366316
1.3690505
1.3683652
1.3664688
1.3662508
1.3700713
1.3706822
1.3661143
1.3717208
1.3690587
1.3639616
1.3688462
1.3657624
1.3657265
1.3680015
1.368879
1.3707653
1.3698831
1.3667463
1.3706961
1.3688225
1.368177
1.368071
1.3672214
1.3687968
1.367894
1.3691889
1.3692029
1.3670202
1.369782
1.370541
1.368701
1.3674139
1.3658017
1.3664795
1.3662246
1.3689419
1.3676594
1.3675122
1.3714211
1.3680968
1.3716197
1.3701077
1.3686358
1.369449
1.368256
1.368201
1.367858
1.3680173
1.3661739
1.369993
1.3702301
1.370504
1.3679508
1.366233
1.3679266
1.369013
1.3708869
1.366672
1.3720713
1.3694549
1.36908
1.3675147
1.3684486
1.3663746
1.3655516
1.3695669
1.3658202
1.368598
1.3691646
1.3687509
1.3676612
1.3727497
1.3689528
1.3657097
1.3695571
1.371831
1.3693289
1.3723878
1.3661091
1.3682475
1.3695409
1.3695803
1.3682787
1.3688117
1.3689461
1.365396
1.3706084
1.3692732
1.3679831
1.3696327
1.3657677
1.3721029
1.3669249
1.367512
1.3688992
1.3726575
1.3722217
1.3685052
1.3686142
1.3702269
1.3667458
1.3726608
1.3704505
1.3736473
1.3681221
1.3669869
1.369064
1.3696615
1.365703
1.3698835
1.3677353
1.3648926
1.3700037
1.3682247
1.3678803
1.3691636
1.3709581
1.36735
1.3676172
1.3706558
1.3684617
1.3702129
1.3696021
1.3693621
1.3709005
1.3672214
1.3690925
1.3663632
1.3706336
1.3659011
1.3687006
1.3691356
1.3719378
1.3691708
1.3684434
1.3693919
1.3705311
1.3702837
1.3679298
1.3675965
1.3669149
1.3703457
1.3640363
1.3713872
1.3707925
1.370401
1.366809
1.3702663
1.3712034
1.3688122
1.36839
1.3660525
1.3722318
1.3684826
1.3714743
1.3692455
1.371162
1.3697044
1.3678988
1.3677723
1.3689771
1.3710936
1.3704497
1.3691437
1.3701702
1.3694857
1.371508
1.3693099
1.3701352
1.3678416
1.3653197
1.3716134
1.3673815
1.3712382
1.3679835
1.3694379
1.3703489
1.3725418
1.3708014
1.3693031
1.3674043
1.3709714
1.3681637
1.3660566
1.3682494
1.3707129
1.3680975
1.369568
1.3699439
1.3685701
1.371405
1.3693293
1.3707299
1.3677982
1.3684222
1.3665031
1.3710283
1.3672445
1.3659616
1.3688688
1.3702866
1.3696755
1.3704647
1.3705091
1.372284
1.3649517
1.3717366
1.3707399
1.3672075
1.3728677
1.3709458
1.3699439
1.3731678
1.3702552
1.3683838
1.3665894
1.3667545
1.369156
1.3698798
1.3715049
1.3703727
1.3711106
1.3715658
1.3673842
1.3664484
1.3712201
1.3729628
1.369117
1.3737396
1.3721827
1.3698112
1.3705602
1.368482
1.3708378
1.365154
1.3687156
1.3708581
1.3709059
1.3703687
1.3685077
1.3686424
1.3697941
1.3696473
1.3666816
1.3722308
1.3708264
1.3699052
1.3709093
1.3731197
1.3684623
1.3734102
1.3685033
1.3688108
1.3701193
1.3713268
1.3691684
1.3667508
1.3692662
1.3664399
1.3695042
1.3699602
1.3699716
1.3690141
1.3709779
1.3703852
1.3692622
1.3730963
1.3682885
1.3697667
1.3683563
1.3704056
1.3705142
1.3699443
1.368285
1.3703032
1.3695017
1.3688421
1.3693082
1.3681207
1.366857
1.3715309
1.3715652
1.3709927
1.3697977
1.364093
1.3703445
1.3706031
1.3660485
1.370195
1.3713881
1.3672374
1.3717366
1.3677946
1.3700775
1.3701435
1.3691549
1.3660104
1.3747336
1.3695637
1.3691937
1.3684683
1.3717436
1.3677053
1.3703246
1.3666328
1.3697898
1.3725228
1.368625
1.3707279
1.3714895
1.3677945
1.370833
1.3707076
1.3713828
1.3696525
1.3697135
1.3676358
1.3729591
1.3712517
1.3712039
1.3685454
1.3729914
1.3715768
1.369743
1.3697407
1.3699801
1.3712223
1.3683714
1.3690687
1.3683002
1.3677387
1.3711243
1.3699368
1.3705933
1.3647413
1.3654623
1.3683232
1.3684301
1.3704836
1.368144
1.3672358
1.3677632
1.3659135
1.3711613
1.372562
1.370607
1.3705301
1.3661695
1.3727068
1.3710283
1.3674235
1.3718125
1.3693817
1.3695631
1.3675917
1.3680063
1.3727552
1.3715245
1.370821
1.3695905
1.370131
1.3688339
1.3666232
1.368879
1.3711733
1.3669827
1.3699378
1.3693291
1.3695959
1.3683871
1.3701938
1.3712183
1.3702091
1.3710716
1.3698586
1.3692423
1.369195
1.3697834
1.3689833
1.3711246
1.3682662
1.3721768
1.3691472
1.369934
1.3689009
1.370175
1.37031
1.3704994
1.3715988
1.3717389
1.3693053
1.369253
1.3691744
1.3708854
1.3670454
1.3699052
1.368067
1.3708526
1.3714148
1.3686783
1.3696116
1.3708086
1.3708681
1.368296
1.3705065
1.3666391
1.3716637
1.3706173
1.3690542
1.3665483
1.371318
1.3703966
1.3722878
1.3686147
1.3700436
1.371581
1.3703228
1.3693045
1.3703966
1.3695356
1.3727595
1.370582
1.368801
1.3691719
1.369217
1.3714774
1.3681256
1.3687227
1.3705777
1.3672081
1.36759
1.3715245
1.3686846
1.3714037
1.3682709
1.3694035
1.3696431
1.3729315
1.3684576
1.3695661
1.3678672
1.3697934
1.369575
1.3733015
1.3722097
1.3693973
1.370709
1.3669959
1.3688767
1.3665829
1.3712978
1.3706337
1.3709244
1.3709625
1.3708575
1.3690772
1.3709307
1.370781
1.3725672
1.3725773
1.3707798
1.3734883
1.3715702
1.3703052
1.3695236
1.3671674
1.3689239
1.3717754
1.3709149
1.3681767
1.3672439
1.3706592
1.3711691
1.3701113
1.3717412
1.3687409
1.3702399
1.3705242
1.3680683
1.3691198
1.3680738
1.3661196
1.3697877
1.3687788
1.3682194
1.36957
1.3695858
1.3686627
1.3712758
1.3734863
1.370675
1.371333
1.3693153
1.3725371
1.3731043
1.3696758
1.3674396
1.3707699
1.3712422
1.3690437
1.3687909
1.3700286
1.3728985
1.3675954
1.368013
1.3712088
1.367505
1.3697848
1.3713566
1.3707768
1.3693056
1.3710171
1.370276
1.3711611
1.3713784
1.3688321
1.3696543
1.3692112
1.368236
1.3705324
1.3710448
1.3681413
1.3689826
1.3711953
1.3709705
1.3713912
1.3684825
1.3710606
1.3692459
1.3704718
1.372566
1.3673164
1.3680156
1.369224
1.3711843
1.3691918
1.3679149
1.3726498
1.3709408
1.3717825
1.3668458
1.3700495
1.3706619
1.3703257
1.3697407
1.3712127
1.3688935
1.3724449
1.370943
1.3739598
1.3704072
1.3719174
1.369315
1.3728598
1.3720129
1.3637158
1.3663524
1.3706312
1.3736879
1.3731753
1.3679619
1.3713747
1.3676459
1.3675709
1.3693482
1.3677619
1.3669173
1.3648478
1.3672622
1.3685361
1.3692527
1.3713857
1.3733473
1.3732716
1.3711246
1.3669773
1.3711343
1.369782
1.3686132
1.3717312
1.3704667
1.3703126
1.3685906
1.3737589
1.3676857
1.3712915
1.3686999
1.367988
1.3706094
1.3723545
1.3711276
1.3674326
1.3697102
1.3707547
1.3692799
1.3709897
1.3683019
1.36934
1.3694506
1.3690144
1.3699114
1.3711807
1.3696451
1.370869
1.3723054
1.3687232
1.367611
1.3713529
1.3712716
1.3700291
1.3686743
1.3676955
1.3703344
1.373377
1.3701217
1.3749686
1.3705788
1.370264
1.3707048
1.3702781
1.3734876
1.371466
1.3660446
1.371131
1.3716446
1.3712481
1.3717674
1.3728046
1.3679719
1.3693362
1.3702819
1.3694657
1.3711342
1.3721753
1.3674266
1.3696228
1.3695557
1.3698236
1.3662252
1.3734218
1.3699884
1.3690349
1.3752294
1.3696357
1.369342
1.3712713
1.3717235
1.3678795
1.3678298
1.367495
1.3689483
1.3686417
1.3696193
1.3702396
1.3712028
1.3685617
1.3720884
1.3725971
1.3729748
1.3735017
1.3708918
1.3694315
1.3748575
1.3668381
1.370005
1.3690274
1.3720694
1.3708078
1.3713957
1.366964
1.3689153
1.3694153
1.3712815
1.3715603
1.3688358
1.3703523
1.3683269
1.3688731
1.3642715
1.3722781
1.3677989
1.3708543
1.3715748
1.3709606
1.3736252
1.3723583
1.3694496
1.3717717
1.3723185
1.3699156
1.3701519
1.3747637
1.3698392
1.3726584
1.3692509
1.3714919
1.3715291
1.3689268
1.3720058
1.3703713
1.3714981
1.3698511
1.3685923
1.3704433
1.3705288
1.3686152
1.3716424
1.3675667
1.3708702
1.3717759
1.3683331
1.3678632
1.3686478
1.3717546
1.3682451
1.3677893
1.3707163
1.3693466
1.367273
1.373098
1.365646
1.3733306
1.369383
1.3689146
1.3692671
1.3691021
1.3740705
1.3699514
1.3714712
1.3689758
1.3680402
1.3686122
1.3704011
1.370469
1.3689939
1.3714418
1.3670272
1.3722116
1.3698171
1.3699032
1.3710151
1.3695027
1.3701653
1.3697101
1.3690313
1.3678186
1.3670964
1.3685013
1.3685343
1.3691826
1.3707763
1.3724507
1.3671124
1.3677605
1.3670607
1.3683017
1.3679152
1.3701743
1.3679338
1.3698044
1.3655511
1.3705555
1.3719558
1.3711789
1.3705662
1.36764
1.3697811
1.370385
1.3669975
1.3704782
1.3659962
1.3684809
1.3679482
1.3653568
1.3684778
1.3681047
1.367226
1.3687878
1.3688583
1.3696382
1.3680958
1.3710002
1.3697498
1.3678377
1.366104
1.3669764
1.3694346
1.367177
1.3684694
1.3675672
1.3653488
1.3669335
1.3698581
1.3697475
1.368608
1.3660259
1.3664564
1.3669333
1.3677878
1.3697963
1.3691589
1.3710569
1.3683617
1.3675491
1.365983
1.3676087
1.3699256
1.3729404
1.3720343
1.367441
1.3687595
1.3695568
1.3676642
1.3674448
1.3683864
1.3668838
1.3675066
1.368004
1.3658348
1.3711882
1.369888
1.3669007
1.3680078
1.3723832
1.3676854
1.3673742
1.3703612
1.3703284
1.3680664
1.3672386
1.3710206
1.3675452
1.3693604
1.3709025
1.3718197
1.3652756
1.3642069
1.3704896
1.3682171
1.3718163
1.3674469
1.3662622
1.3650627
1.3682623
1.3653704
1.3676304
1.3661995
1.3666906
1.3680588
1.3620518
1.3701173
1.3694977
1.370232
1.3661236
1.3692236
1.3684422
1.3729805
1.3688674
1.3665818
1.3692621
1.371637
1.368879
1.3651049
1.3729414
1.3681674
1.3680171
1.3697492
1.3693175
1.3692071
1.3689983
1.3672048
1.3689051
1.3655535
1.3687397
1.3682854
1.3682282
1.3681203
1.37077
1.368155
1.3680027
1.3701062
1.3683887
1.3697222
1.3645176
1.3692669
1.3674283
1.3672669
1.367149
1.3721114
1.3661805
1.369238
1.3670297
1.3687874
1.3657672
1.3674313
1.3673253
1.3662512
1.370588
1.3691055
1.3652004
1.3692893
1.3673468
1.367187
1.3692231
1.3666301
1.367437
1.3666409
1.3704505
1.3693968
1.3709428
1.3712543
1.3679317
1.3682207
1.3674567
1.3683182
1.3688561
1.371116
1.3664613
1.3682216
1.3675915
1.3675394
1.3662974
1.3676137
1.3698912
1.3694596
1.3668357
1.3677485
1.3696926
1.3697492
1.3673443
1.3669926
1.3655448
1.367334
1.3649778
1.3675536
1.3687161
1.3681676
1.3687361
1.3653774
1.3676252
1.3692014
1.3681875
1.3663523
1.3686156
1.3679658
1.3681723
1.3693455
1.3680751
1.3710221
1.3663154
1.3701197
1.3660797
1.3679667
1.3719261
1.3666415
1.3691925
1.368551
1.3724401
1.3708994
1.3704042
1.3701923
1.3672234
1.36411
1.3627002
1.3677963
1.369863
1.365967
1.3689805
1.3667955
1.3673187
1.3688307
1.3661329
1.3692422
1.3686632
1.3677467
1.369106
1.3698334
1.3653748
1.3684667
1.3708664
1.3688015
1.3708277
1.3686178
1.3694218
1.3684227
1.3645697
1.3670391
1.3681097
1.3699561
1.3669194
1.3676246
1.3693565
1.3693899
1.3698399
1.3704411
1.3674065
1.3673251
1.3724307
1.3685564
1.3688899
1.3654948
1.3697363
1.3650794
1.3704822
1.3704498
1.3691764
1.3700851
1.3666984
1.3676906
1.3687633
1.3726571
1.3731798
1.366769
1.3712219
1.3690364
1.3687124
1.3675991
1.3679465
1.3698337
1.3691918
1.3719186
1.3648386
1.369119
1.3677307
1.3710394
1.3682934
1.3694891
1.3683392
1.3707978
1.371144
1.3640705
1.3701469
1.3679734
1.3707514
1.3671119
1.3662634
1.3662049
1.3701323
1.3692973
1.3688449
1.3696756
1.3685179
1.3707603
1.3670018
1.3666501
1.3674574
1.3681668
1.369223
1.3710514
1.3676859
1.3665266
1.368199
1.3686483
1.3665884
1.3685644
1.3670292
1.3654827
1.370015
1.3696313
1.3667364
1.3680412
1.3694336
1.3663882
1.3680906
1.3652462
1.366525
1.3685371
1.3703717
1.3654262
1.3710498
1.3703489
1.3693938
1.3669478
1.3677839
1.3711151
1.3680695
1.3675356
1.3671799
1.3712492
1.367608
1.3703392
1.368303
1.3661737
1.3689108
1.3727629
1.3664856
1.367868
1.3674479
1.3679394
1.3693333
1.3653189
1.3684045
1.3669596
1.3691239
1.3675236
1.367292
1.3710202
1.3687415
1.3676257
1.3700264
1.3652643
1.3671647
1.3672768
1.3684622
1.3658726
1.3685452
1.3664261
1.3680162
1.3677816
1.3679714
1.3706061
1.3654515
1.3722779
1.3655825
1.3707296
1.3686241
1.3712257
1.3682699
1.3669255
1.3688395
1.3668135
1.364142
1.3654858
1.3686016
1.3688375
1.3700094
1.3648176
1.3673183
1.3649367
1.3714484
1.3667575
1.3667619
1.3665928
1.3682755
1.3671857
1.3673853
1.3712181
1.3687028
1.3659154
1.3731999
1.368933
1.3714532
1.3675343
1.3675601
1.3676144
1.3691412
1.3690078
1.3709624
1.3660141
1.3700272
1.3696636
1.3684614
1.3642944
1.3687519
1.3671997
1.3682793
1.3656954
1.3690054
1.3691581
1.3695176
1.3673688
1.3644291
1.3691343
1.3687803
1.3662839
1.3732332
1.3695093
1.3633269
1.3699967
1.3659178
1.3664842
1.3661294
1.3657951
1.3650688
1.3686476
1.3658986
1.3664428
1.3730803
1.3709711
1.3705825
1.3699905
1.3669729
1.3703421
1.3640686
1.3666079
1.3674235
1.369064
1.3673072
1.3673847
1.3667501
1.3704629
1.3704892
1.3677523
1.3694599
1.3683287
1.3687688
1.3665195
1.3661535
1.3661666
1.3647014
1.3671608
1.3703781
1.3712585
1.3686452
1.364333
1.3688223
1.3681192
1.3684853
1.3719198
1.36802
1.3694249
1.3701909
1.3666831
1.3652037
1.3663421
1.369524
1.3658717
1.3660872
1.3699113
1.3672879
1.3688323
1.3678337
1.3656961
1.3673128
1.3672936
1.3671408
1.3673811
1.365503
1.3703805
1.3677787
1.3689506
1.3664029
1.3694206
1.369208
1.3675318
1.3662326
1.3726408
1.3693626
1.363654
1.3687111
1.3713092
1.3685472
1.3719783
1.367233
1.3692575
1.3647927
1.3655564
1.3684807
1.3645622
1.368454
1.369313
1.3689411
1.3715206
1.3636419
1.367789
1.3690394
1.3671697
1.3705738
1.368544
1.3682898
1.366746
1.3715158
1.3666826
1.3660767
1.3667568
1.3683211
1.368787
1.3696362
1.3664933
1.369504
1.3677986
1.3703222
1.3660218
1.3694142
1.3675697
1.366907
1.3651806
1.3652347
1.3666987
1.3671956
1.3685935
1.3661146
1.370572
1.3679537
1.3662735
1.3682212
1.3675998
1.3678904
1.3692139
1.3669218
1.3668737
1.3691931
1.3671356
1.3646872
1.3656569
1.3657211
1.3701855
1.3664778
1.3683437
1.3696623
1.3678198
1.3641979
1.3657372
1.3673111
1.3702011
1.3717533
1.3646778
1.371569
1.3662566
1.3677884
1.3704164
1.365592
1.3697692
1.3689885
1.3672388
1.3693594
1.3676262
1.366235
1.3673184
1.3700991
1.368048
1.3704667
1.3693835
1.3659948
1.3694268
1.369835
1.3681116
1.3686805
1.3663092
1.3669257
1.3690974
1.3667836
1.3711768
1.3679507
1.3692564
1.3642474
1.3653558
1.3705931
1.3693159
1.3659675
1.3654336
1.3663108
1.3706001
1.3658656
1.3724408
1.3663658
1.3673103
1.3680499
1.370375
1.3723767
1.3669665
1.3671205
1.3655792
1.3662128
1.3718821
1.3669544
1.3665577
1.3689058
1.3684638
1.3680127
1.3680146
1.3689387
1.3661829
1.3654805
1.3663296
1.3696232
1.3661109
1.3704545
1.3675039
1.3641927
1.3662388
1.3676465
1.3727278
1.3717172
1.3683529
1.3680496
1.3713394
1.3702885
1.3685118
1.3676974
1.3656416
1.3632728
1.3691164
1.365623
1.3691305
1.3652554
1.3685514
1.3687375
1.3689036
1.3656489
1.3667388
1.3674046
1.3654578
1.3677956
1.3676513
1.3668787
1.3662497
1.3685414
1.3696934
1.3686138
1.3705409
1.3728212
1.3732653
1.3663651
1.3704513
1.3675916
1.3678206
1.3698431
1.3691301
1.3664811
1.3685136
1.3692439
1.368912
1.3686676
1.3677557
1.3714325
1.3633304
1.3648809
1.363532
1.3658222
1.3676964
1.3685857
1.3688445
1.3700781
1.3663412
1.3656611
1.3646979
1.3703762
1.3682395
1.3659499
1.3664802
1.3694988
1.3709276
1.3690448
1.3679204
1.365692
1.3674283
1.3678735
1.368044
1.3663363
1.3715868
1.3680657
1.3664727
1.3643595
1.3683542
1.3708069
1.373758
1.3668972
1.3675029
1.3667568
1.3701824
1.3703953
1.3692936
1.3669837
1.3687445
1.365657
1.3714001
1.3661319
1.3693576
1.3624521
1.3667358
1.3729969
1.3667821
1.3627331
1.3688257
1.37001
1.3670458
1.370526
1.3678558
1.3680099
1.3699669
1.3657984
1.370349
1.3705709
1.3657262
1.3689461
1.3689425
1.3678503
1.371041
1.3694111
1.3700923
1.3664485
1.3671528
1.3678954
1.3700291
1.3676095
1.3684593
1.3680787
1.3689144
1.3711083
1.3711184
1.3683751
1.3688866
1.3701496
1.364155
1.3667303
1.3692783
1.3690904
1.3634301
1.3676244
1.3640078
1.3701584
1.3672622
1.3692096
1.3663187
1.3659128
1.367494
1.3642588
1.368384
1.3664695
1.3685838
1.364473
1.3717824
1.3682715
1.3700663
1.3695773
1.3667624
1.3696141
1.3679135
1.366408
1.3642308
1.3646163
1.3659754
1.3684092
1.3709224
1.3688557
1.3702861
1.3696222
1.3699412
1.3667791
1.3635308
1.369746
1.3633206
1.3684844
1.3702306
1.3672876
1.3688306
1.3693355
1.3679525
1.3720421
1.3696768
1.3693391
1.3716799
1.3699911
1.3716173
1.3687284
1.3702064
1.3715425
1.3690842
1.366845
1.3686539
1.368615
1.3686979
1.3686651
1.3714263
1.3689362
1.3679662
1.3695492
1.3710552
1.3702492
1.3673915
1.3685961
1.3669305
1.3711122
1.3688813
1.3679292
1.3685576
1.3666135
1.3677939
1.3673805
1.3608456
1.3687539
1.3714639
1.368529
1.3695709
1.3674406
1.3683556
1.363093
1.3697858
1.3681371
1.3694764
1.3692616
1.3706551
1.3694704
1.3679656
1.3706527
1.3680125
1.3671434
1.3681446
1.3640913
1.3672165
1.3672338
1.3678858
1.3695872
1.3692352
1.3712797
1.369348
1.3699981
1.365784
1.3710853
1.3732793
1.3713905
1.3645722
1.3680865
1.3699771
1.3699754
1.3697332
1.3619975
1.3708899
1.3700069
1.369577
1.372003
1.3670973
1.3683541
1.3671043
1.3709245
1.3734051
1.3678546
1.3680372
1.3683916
1.3709178
1.3713484
1.3669493
1.3674953
1.3672296
1.3706512
1.3683813
1.3691859
1.3664302
1.3720382
1.3696996
1.3693451
1.3658744
1.3716239
1.3648727
1.3675827
1.3662207
1.3672379
1.3677976
1.3703972
1.3672954
1.3692904
1.3659886
1.3681892
1.3700966
1.3634357
1.3654906
1.3702465
1.3656367
1.3715373
1.3676301
1.3686793
1.3661331
1.3682998
1.3664565
1.3725125
1.368073
1.3714616
1.3689057
1.3658415
1.3678943
1.3690225
1.3727654
1.3683685
1.3668605
1.3701854
1.3698047
1.3695555
1.3648236
1.3681678
1.3691221
1.365475
1.3728486
1.3705947
1.3693842
1.367019
1.3666416
1.3692789
1.3666843
1.36753
1.3694891
1.3660784
1.3682289
1.3702226
1.3700893
1.367455
1.3680105
1.3719807
1.3641586
1.3690206
1.3718733
1.3695387
1.3644427
1.3680493
1.3689775
1.3680357
1.3706557
1.368592
1.3686775
1.3707373
1.3680737
1.3686887
1.367021
1.3703076
1.365113
1.3710052
1.36964
1.3671373
1.3678257
1.3681206
1.366305
1.3663778
1.3615919
1.3702236
1.3695039
1.3688986
1.3690065
1.3720453
1.3672415
1.3657221
1.3689944
1.3657024
1.3659633
1.369682
1.3668061
1.3699808
1.3705057
1.3707991
1.3666786
1.3686471
1.3672657
1.364584
1.3693079
1.3696822
1.3705652
1.3654547
1.3652703
1.3675252
1.3691658
1.3675649
1.3648688
1.3705139
1.3673103
1.3708016
1.368982
1.3676511
1.3652897
1.3662035
1.366698
1.3680284
1.3658298
1.3638296
1.3729022
1.3671825
1.3726959
1.3723037
1.3693371
1.3647548
1.3674024
1.3701096
1.369697
1.3724321
1.3675824
1.3670943
1.3676622
1.3661426
1.3707367
1.3700856
1.3687823
1.3645496
1.3691144
1.3691227
1.3650261
1.3679372
1.3677655
1.3680673
1.3712813
1.3704332
1.3721207
1.375174
1.3701468
1.3709733
1.3693835
1.3694713
1.3668101
1.3645014
1.3671329
1.3698745
1.3726901
1.3734431
1.3687613
1.3702366
1.3667269
1.3647523
1.3713586
1.3766738
1.3731616
1.3674515
1.3718534
1.3676655
1.3668731
1.3715594
1.3698012
1.3646823
1.36997
1.3653852
1.3657173
1.3686196
1.3689566
1.3655046
1.3691609
1.3689916
1.366437
1.3687854
1.3648673
1.3650912
1.3707045
1.3691269
1.3689437
1.368374
1.3691509
1.3675135
1.3741986
1.3681338
1.3671421
1.3700318
1.3707783
1.3644423
1.3662266
1.3674701
1.3702644
1.368082
1.3709323
1.3677322
1.368736
1.3663378
1.3665904
1.3700105
1.3707267
1.3715582
1.3693085
1.370007
1.3695577
1.3666357
1.3682659
1.3672769
1.3684094
1.3671757
1.3672856
1.3673105
1.3640512
1.3694576
1.3672234
1.3678421
1.3712654
1.3723555
1.3692856
1.368612
1.3710847
1.3720489
1.3655524
1.3683919
1.3700203
1.3669823
1.3727572
1.3708992
1.3699256
1.3699015
1.3704933
1.3685808
1.36877
1.3649555
1.3678167
1.3695759
1.3701792
1.3674031
1.3694168
1.368617
1.3684384
1.369997
1.371579
1.36639
1.369495
1.3677893
1.3699847
1.370492
1.3642641
1.3713249
1.3691086
1.3680003
1.369495
1.3699633
1.3713355
1.3709024
1.3663467
1.3664806
1.3679396
1.3695445
1.3697623
1.3666728
1.3655096
1.3684604
1.3654778
1.3702222
1.370629
1.3681326
1.3690338
1.3708593
1.3665832
1.3655936
1.366921
1.3660827
1.3652827
1.3675575
1.366501
1.3666048
1.3712912
1.3634505
1.3671917
1.3683482
1.3685766
1.3706448
1.3712047
1.3702861
1.3713235
1.3699497
1.36581
1.3676611
1.3659765
1.3703775
1.3710389
1.3657387
1.3668143
1.3690602
1.3690016
1.3686173
1.367282
1.3695472
1.3686575
1.3661845
1.3696494
1.3678777
1.3713249
1.3658422
1.3698105
1.36962
1.3687735
1.3678845
1.366776
1.3685057
1.3679338
1.3670034
1.3697507
1.3713454
1.3661748
1.3706836
1.3695915
1.3662766
1.3705405
1.3701459
1.3710468
1.3686503
1.3717202
1.3689971
1.3730083
1.3646349
1.3703978
1.3699291
1.3707812
1.3708819
1.364402
1.3747637
1.3680099
1.3681638
1.3692807
1.3691047
1.364024
1.3703293
1.3708104
1.3692614
1.3690883
1.3667009
1.3736156
1.3676819
1.3662907
1.3691487
1.3730732
1.3710709
1.3704641
1.3731941
1.3651819
1.3659306
1.3663517
1.3693451
1.3665607
1.3719982
1.3666054
1.3678677
1.3705486
1.3647267
1.3695334
1.3701173
1.3699117
1.3688709
1.3690323
1.3684918
1.3689827
1.3663931
1.371744
1.368989
1.3678529
1.3679806
1.3677167
1.3691996
1.3691778
1.3671204
1.3676627
1.3689367
1.3688549
1.371616
1.3666708
1.36761
1.3716314
1.3666323
1.369555
1.3694501
1.37026
1.3650032
1.3705765
1.3684859
1.3696182
1.3667245
1.3676986
1.3707587
1.371424
1.367685
1.3679396
1.3733946
1.3701537
1.3659996
1.3671998
1.3707037
1.3663805
1.3662584
1.3695391
1.3724966
1.366576
1.366593
1.3721153
1.3702725
1.3703822
1.3675637
1.3699
1.3685185
1.3719467
1.3645494
1.3717159
1.3694221
1.3680462
1.3709655
1.3706783
1.3667046
1.3706002
1.3717136
1.3695703
1.3683723
1.3653631
1.3703208
1.3677746
1.370019
1.3745456
1.3733977
1.3662049
1.3695529
1.3720039
1.3690298
1.3696514
1.3698305
1.3687537
1.3683763
1.3702298
1.3696338
1.3665545
1.3697214
1.370767
1.3717003
1.371093
1.3709173
1.3687475
1.3681989
1.3666444
1.3727394
1.369167
1.3658453
1.3716993
1.3658159
1.3708696
1.3676947
1.3638011
1.3708366
1.3675884
1.3736751
1.3711427
1.3712639
1.3690395
1.3708692
1.3694715
1.3658011
1.3700838
1.3679776
1.367586
1.369352
1.3683033
1.3669605
1.3671436
1.3694247
1.3698225
1.36869
1.3696201
1.3678945
1.3701698
1.3723955
1.3681446
1.3689743
1.3674989
1.3671968
1.3693379
1.3662151
1.370541
1.3725697
1.3705997
1.3668057
1.3716975
1.3673161
1.3714149
1.3701029
1.3647026
1.3664784
1.3642329
1.3709781
1.3729266
1.3674276
1.3677624
1.3660679
1.373531
1.3663816
1.3693215
1.3682154
1.369693
1.3729463
1.3662143
1.3731933
1.373252
1.3702154
1.373836
1.3671479
1.3702245
1.3687474
1.3631778
1.3672501
1.3664507
1.3700826
1.3676362
1.3702606
1.37068
1.367698
1.3708975
1.3702079
1.3689319
1.3694453
1.370514
1.3665999
1.3698201
1.3682356
1.368656
1.3673877
1.3732107
1.370376
1.3693087
1.3689438
1.3677683
1.3702073
1.3714384
1.3697137
1.369093
1.3705533
1.3711768
1.3687222
1.3723655
1.3691994
1.3658158
1.3712935
1.3693001
1.3695301
1.3668814
1.3752449
1.3685197
1.3678937
1.3728964
1.3725755
1.3701476
1.3659002
1.3668745
1.3719234
1.3704901
1.368499
1.373839
1.371918
1.3721374
1.3685294
1.3715588
1.371926
1.3740947
1.3702412
1.3717928
1.3701216
1.3718144
1.3714036
1.3655032
1.36838
1.3654121
1.3663594
1.3724436
1.367674
1.3699679
1.3677652
1.3721546
1.3737415
1.3712475
1.3674148
1.368829
1.3684258
1.3725773
1.3681978
1.3694817
1.3703115
1.3679237
1.3731132
1.3675636
1.3689126
1.3669586
1.3686273
1.3660115
1.367976
1.3684069
1.3708353
1.3690174
1.3666412
1.3721024
1.3723435
1.368865
1.3695351
1.3705713
1.3709909
1.3725423
1.3685274
1.3699492
1.3716389
1.3698994
1.3684516
1.368293
1.3684452
1.3683643
1.3708717
1.3715867
1.3676033
1.3658228
1.3702712
1.3730129
1.371665
1.371566
1.3718125
1.3708705
1.3721815
1.3695549
1.3677987
1.3686783
1.3734418
1.3738377
1.3690652
1.3634208
1.3709092
1.3700663
1.3736523
1.3679435
1.3686683
1.3702625
1.3710204
1.36296
1.3663534
1.3677568
1.3686687
1.3661795
1.3695048
1.3688061
1.3718349
1.3707749
1.3690696
1.3693973
1.3713026
1.3713994
1.3682557
1.3721056
1.3685111
1.3705518
1.3712448
1.3680379
1.3688914
1.3664069
1.3694803
1.3713278
1.3676043
1.3678627
1.3728539
1.3697841
1.3686057
1.3670275
1.3722696
1.3691975
1.3705472
1.3702402
1.3700494
1.3673906
1.3735288
1.369703
1.3749284
1.3721415
1.3683321
1.3700984
1.3703752
1.3695726
1.3680931
1.3662547
1.3667392
1.3716797
1.3681453
1.3672826
1.3704379
1.3645426
1.37054
1.3703737
1.3718895
1.3702178
1.3721863
1.3694185
1.369895
1.3729982
1.3669208
1.3712772
1.3663633
1.3750231
1.3730197
1.3747718
1.3735859
1.3699638
1.3723127
1.3716015
1.3681592
1.3720032
1.3700565
1.3702776
1.3705994
1.369133
1.3740088
1.3683723
1.372188
1.3732948
1.3687758
1.3705302
1.3637183
1.373708
1.3709936
1.3698391
1.3713211
1.3648232
1.3719382
1.3723415
1.3650818
1.3733916
1.3703425
1.3708506
1.368209
1.368516
1.3709658
1.3744056
1.3713206
1.366924
1.3684328
1.3663417
1.3720298
1.3700036
1.3745152
1.3680146
1.3727397
1.3704133
1.3720571
1.3676956
1.3680106
1.3721261
1.367783
1.3720484
1.3700496
1.3697828
1.3739815
1.3718997
1.3720893
1.3689631
1.3692222
1.3759983
1.3686855
1.3658093
1.3666494
1.3734363
1.370262
1.3719802
1.3696221
1.3736606
1.3697857
1.3703347
1.3699099
1.36953
1.367348
1.3721418
1.3675627
1.3704282
1.372325
1.3712926
1.3734688
1.3708299
1.3641695
1.3707355
1.3732274
1.373125
1.3715739
1.3674264
1.3674424
1.3694263
1.3696727
1.3715148
1.3684143
1.3709555
1.3701391
1.3716489
1.3709857
1.3675227
1.370869
1.3736252
1.3670814
1.370187
1.3707482
1.3720456
1.3700066
1.3689528
1.3746039
1.3716885
1.3726043
1.369462
1.3733504
1.3710884
1.3730736
1.3702294
1.371112
1.3681915
1.3715771
1.3750838
1.3723203
1.3705101
1.3656874
1.3716658
1.3718405
1.3695801
1.3720186
1.3692688
1.3709328
1.371731
1.3749228
1.3664448
1.3705529
1.3696742
1.3676353
1.3701061
1.3692985
1.366547
1.3695072
1.3692312
1.3702215
1.3659378
1.3689564
1.3672045
1.3745451
1.3711382
1.369117
1.3716286
1.3723788
1.3671001
1.3687692
1.3690755
1.3718623
1.3713002
1.3715684
1.3681598
1.3671072
1.3705738
1.3684098
1.366409
1.372557
1.3684133
1.3671312
1.3701109
1.3689885
1.3690923
1.3687359
1.3698994
1.3727604
1.3710331
1.3689401
1.3690513
1.368017
1.3705535
1.3715868
1.3723243
1.3736132
1.3708689
1.370906
1.3679838
1.368801
1.3692608
1.3730624
1.3679733
1.3742352
1.3749875
1.36898
1.3696015
1.3702625
1.3695755
1.3729788
1.3667022
1.367903
1.3695046
1.3722523
1.3660604
1.3715378
1.3672819
1.3710083
1.3728797
1.3727852
1.3652331
1.3697492
1.3694754
1.3714824
1.368688
1.370356
1.3711034
1.3715415
1.369443
1.3701369
1.3682915
1.3703136
1.375708
1.373158
1.3710331
1.3701046
1.373394
1.3705239
1.3677925
1.3671696
1.3702345
1.3704526
1.3725785
1.3694537
1.3664237
1.3654779
1.3750203
1.3681189
1.3713007
1.3714843
1.3716993
1.3669479
1.3713685
1.3688006
1.3690424
1.3703392
1.3701448
1.3690481
1.3708898
1.372357
1.3677993
1.3706514
1.3705409
1.3721164
1.3726588
1.3705494
1.3691621
1.3729316
1.3696388
1.3705423
1.3674464
1.3742943
1.3668255
1.3753184
1.3735844
1.3726703
1.3742901
1.3759738
1.3692166
1.3711632
1.3670822
1.3741429
1.3706666
1.3716037
1.3672088
1.374729
1.3702456
1.3698314
1.370346
1.3708351
1.3704064
1.3733704
1.3706602
1.3666868
1.3690494
1.3669863
1.3729312
1.3675478
1.369471
1.3727942
1.3675333
1.3716711
1.3721201
1.3728416
1.3726668
1.372676
1.3699619
1.3687954
1.3695179
1.3676405
1.3716402
1.3720615
1.3687608
1.3741465
1.3700424
1.3675495
1.3711672
1.3706774
1.366647
1.3745171
1.3667607
1.3728591
1.3717815
1.370376
1.373372
1.3702302
1.3735471
1.3701843
1.3708906
1.3744032
1.3689872
1.3687198
1.3704119
1.3712034
1.3705196
1.3731128
1.3715237
1.3692834
1.3737215
1.374155
1.3727001
1.3730212
1.3670067
1.3682767
1.3709068
1.3676026
1.37425
1.3707256
1.3694971
1.3665571
1.3688716
1.3736626
1.374926
1.3718745
1.3755879
1.3668159
1.3728353
1.3691899
1.3725948
1.3691953
1.3717533
1.3767422
1.3691831
1.3631904
1.3716797
1.3686335
1.3711393
1.3679335
1.3717953
1.373481
1.3668623
1.366571
1.3717483
1.3695945
1.372793
1.371502
1.3729707
1.3726267
1.3703324
1.3704277
1.3713704
1.3707235
1.3694522
1.3692936
1.3726841
1.3720418
1.369525
1.3700552
1.3703908
1.3739017
1.3743577
1.3730371
1.3721083
1.3706206
1.3732758
1.3728151
1.3768901
1.3662615
1.3717712
1.3706512
1.3681377
1.3708448
1.3707322
1.3723572
1.3733711
1.3722605
1.3679236
1.3731508
1.3721852
1.3691353
1.3690256
1.3759999
1.3770226
1.3739482
1.3724024
1.3752261
1.3709846
1.3720243
1.3692448
1.3731123
1.370114
1.3712692
1.3710916
1.3713251
1.3733132
1.368866
1.3755844
1.3691227
1.3717166
1.3684274
1.3687181
1.3739632
1.3758408
1.3722563
1.3730837
1.368376
1.3702013
1.3726803
1.3703691
1.3698303
1.3733891
1.374213
1.3701719
1.3734069
1.3683769
