1.388281
1.3632493
1.3856674
1.3810526
1.3766276
1.3701828
1.3767654
1.3771381
1.372538
1.3754244
1.3782046
1.3754277
1.3752743
1.3780001
1.378502
1.376754
1.3754796
1.3783479
1.3757454
1.3803823
1.3723282
1.3758446
1.3759141
1.3720406
1.3778614
1.3746725
1.3798176
1.3789641
1.3738747
1.375638
1.3787681
1.3770112
1.3782661
1.3773881
1.3756448
1.37881
1.3743718
1.375287
1.3752533
1.376534
1.3788886
1.3785797
1.3735082
1.3753283
1.3751497
1.3762096
1.3780365
1.3749037
1.3788137
1.3711617
1.376851
1.3750455
1.37573
1.3744346
1.3762109
1.3752168
1.3768712
1.3767154
1.3777057
1.3723648
1.3744168
1.3735344
1.375205
1.3737538
1.3759778
1.3751317
1.3759826
1.37472
1.3786263
1.3765554
1.3729398
1.3782316
1.3734813
1.377321
1.3786459
1.3732498
1.376277
1.374534
1.3759757
1.3739399
1.3749604
1.3766662
1.3762836
1.3759906
1.3735132
1.3765568
1.3766235
1.3746186
1.3796988
1.3772876
1.3722308
1.3723794
1.373663
1.3765262
1.375196
1.3740813
1.3739439
1.3743187
1.3750283
1.3761909
1.3718603
1.3783356
1.37142
1.3778334
1.3731375
1.3764244
1.3741897
1.3794178
1.3732886
1.3725332
1.3750038
1.3718296
1.3757252
1.375232
1.3729639
1.3789402
1.375321
1.3782825
1.3786863
1.3738332
1.3733835
1.3752677
1.376159
1.372532
1.375711
1.374781
1.3780779
1.3733145
1.3760583
1.3751969
1.3784617
1.3741472
1.3730178
1.3759078
1.3784177
1.375602
1.3785058
1.3725548
1.3782104
1.3759841
1.3756282
1.3737962
1.3755822
1.3787712
1.3741192
1.3764712
1.3772067
1.3721716
1.3760458
1.3758975
1.3737895
1.3725443
1.3763587
1.3752832
1.376387
1.3756403
1.3780314
1.3804758
1.3759604
1.3760785
1.3746672
1.3709857
1.3770205
1.3761344
1.3758585
1.3766139
1.3747754
1.3758347
1.3757242
1.3767076
1.3749208
1.3704996
1.3762141
1.373971
1.3740654
1.3741837
1.3744384
1.3766853
1.3779994
1.3756813
1.3716369
1.3743432
1.3727694
1.3773373
1.3754759
1.3799789
1.376528
1.3741858
1.3738331
1.3731036
1.3782967
1.3723791
1.3713206
1.375377
1.377509
1.3759432
1.3753511
1.3798858
1.3750155
1.373142
1.375371
1.374168
1.3753502
1.3741502
1.374696
1.3789262
1.370792
1.3787159
1.3735424
1.3764763
1.3781327
1.3759997
1.374447
1.3744574
1.3727274
1.3731705
1.3762187
1.378138
1.3770424
1.3773949
1.3729715
1.37862
1.3727596
1.3792251
1.3756484
1.3747072
1.3752722
1.3760171
1.374997
1.3748361
1.3744595
1.3787186
1.3744835
1.3765173
1.3765053
1.3749484
1.3770598
1.3744073
1.37601
1.37896
1.3789967
1.3755637
1.3777151
1.3764952
1.3753779
1.3753656
1.3767202
1.3773167
1.3747805
1.374688
1.3738426
1.377952
1.3754895
1.378166
1.3745517
1.3729175
1.3773458
1.3745289
1.3764372
1.375115
1.3797499
1.3731197
1.3752385
1.3786104
1.3770806
1.375046
1.3761432
1.3799415
1.3744587
1.3744019
1.3777819
1.3765336
1.3754879
1.3768234
1.3750048
1.3751103
1.3746582
1.373249
1.3746653
1.3796854
1.3740429
1.375153
1.3730134
1.378772
1.3732723
1.38065
1.3780034
1.3728083
1.372715
1.3789085
1.374837
1.3731434
1.3748128
1.3783877
1.3764827
1.3707229
1.379824
1.3735363
1.3774633
1.3745475
1.375462
1.3739058
1.3745785
1.372587
1.3766849
1.3723402
1.3796389
1.373059
1.3785458
1.3822124
1.3802553
1.3771647
1.3769425
1.3775942
1.3760343
1.377894
1.3734577
1.3711445
1.3764338
1.3804187
1.3796432
1.3735019
1.3725582
1.3763056
1.377049
1.3727888
1.3794082
1.380717
1.3730057
1.3750218
1.3800094
1.3781811
1.3751726
1.375715
1.3762585
1.3733873
1.3779072
1.377748
1.3762096
1.3749596
1.3782016
1.3772097
1.3762541
1.3756795
1.375748
1.3758307
1.3784069
1.3773754
1.3737882
1.3818316
1.3825173
1.3759744
1.3733987
1.3772528
1.3726588
1.3739815
1.3786243
1.3766329
1.3745115
1.3753341
1.3766953
1.373907
1.3816745
1.3788545
1.3771555
1.3734038
1.3793198
1.3747658
1.3749082
1.3767658
1.3752922
1.3785623
1.375207
1.3742361
1.378923
1.3734456
1.3762244
1.3763043
1.3777813
1.377216
1.3789989
1.3748488
1.3758789
1.3769127
1.3774697
1.3756557
1.3782424
1.379878
1.3765563
1.3774137
1.3812793
1.3779719
1.3785197
1.376562
1.3738979
1.3765429
1.3750137
1.3782554
1.3725353
1.3796537
1.3814548
1.3741026
1.3733712
1.3763683
1.3772383
1.3835974
1.3750027
1.3775156
1.374237
1.3781261
1.3805342
1.3778312
1.37573
1.3758559
1.3767895
1.3772744
1.381296
1.3780357
1.3770524
1.3792804
1.3784647
1.3832926
1.3810925
1.3734925
1.377155
1.377327
1.378611
1.3761921
1.3761889
1.3807735
1.3790337
1.3751192
1.3836578
1.3793843
1.37623
1.3806119
1.3773922
1.376221
1.3831303
1.3782836
1.3800883
1.380441
1.3747332
1.3773901
1.3747793
1.377918
1.3787477
1.3754421
1.377586
1.3775077
1.3750347
1.3784534
1.3786211
1.379445
1.3747371
1.3784989
1.3818338
1.373941
1.3777863
1.3832431
1.3803345
1.381177
1.376178
1.3810947
1.376941
1.3796157
1.3797165
1.3720894
1.3815167
1.3808105
1.379835
1.3787209
1.376163
1.3787627
1.376999
1.3800324
1.3751248
1.3781322
1.3719883
1.3765372
1.3789138
1.3783786
1.3773832
1.3821996
1.3772871
1.3814036
1.3762531
1.3812015
1.3799696
1.3736638
1.37468
1.3811648
1.3782501
1.3757677
1.3774476
1.3788645
1.3817949
1.3761749
1.3736423
1.3810478
1.3789755
1.3775839
1.3733616
1.3819462
1.3786207
1.381625
1.3779135
1.3787985
1.3767076
1.3737462
1.376901
1.3801419
1.3723148
1.378486
1.3792584
1.380751
1.3776658
1.3816303
1.3795515
1.3787563
1.3732729
1.381208
1.3808713
1.3746051
1.3822427
1.378923
1.3793478
1.3788723
1.3808976
1.376381
1.3810496
1.3794876
1.3811381
1.3781824
1.3760971
1.3807048
1.3805348
1.3801662
1.3790462
1.3781182
1.3791201
1.381679
1.3828096
1.3799227
1.378658
1.3776772
1.3770223
1.381532
1.3765826
1.3818204
1.3804427
1.3789524
1.3804225
1.378738
1.3780198
1.3757389
1.3826995
1.3758287
1.3795519
1.3802366
1.3827829
1.3818413
1.3809048
1.3786035
1.3812807
1.3768176
1.3829978
1.3786144
1.3802309
1.378459
1.377559
1.3785644
1.3820248
1.3762298
1.3763968
1.3780342
1.3792863
1.379239
1.3800704
1.3772209
1.3816131
1.3771546
1.382115
1.3785018
1.3702967
1.3798877
1.3834006
1.3776627
1.3820677
1.3785905
1.3806026
1.3773443
1.3809751
1.380535
1.3751167
1.3804839
1.3800309
1.377881
1.3783911
1.3814255
1.3759198
1.3836117
1.3827214
1.3831656
1.3765521
1.3817127
1.3789022
1.3817507
1.3807433
1.3772408
1.381135
1.3774498
1.3817328
1.3821894
1.3818994
1.3781284
1.3779069
1.3779345
1.3838176
1.3776914
1.3820333
1.3833535
1.3818091
1.3802576
1.3787521
1.3796058
1.3808801
1.3780465
1.3818979
1.3794914
1.3829575
1.3806411
1.3818192
1.3787117
1.380359
1.3794248
1.3832909
1.3823124
1.381895
1.3795241
1.3783243
1.374525
1.3783064
1.3781707
1.3790246
1.3801109
1.3786837
1.3789828
1.3813643
1.3799338
1.3798281
1.3807338
1.380871
1.3778942
1.3805387
1.3794956
1.3816241
1.378773
1.3801366
1.3817745
1.3726732
1.3822762
1.3834099
1.3786886
1.3826149
1.3840593
1.3795007
1.3808454
1.377503
1.3816575
1.3812847
1.3765333
1.3796964
1.3791914
1.3819455
1.3804858
1.3797041
1.3808143
1.3775866
1.3755853
1.3770607
1.3809334
1.3779153
1.3756813
1.3790323
1.3804947
1.3834673
1.3823881
1.3835456
1.3789947
1.3779718
1.3803276
1.382997
1.3839597
1.3808273
1.3800744
1.378802
1.3856256
1.3810748
1.3772033
1.3810215
1.3814961
1.3789127
1.3792526
1.3793417
1.3797164
1.3794491
1.379849
1.3797848
1.3813252
1.3791375
1.3807707
1.3796725
1.3780861
1.3804139
1.3825274
1.3825998
1.3810428
1.3796107
1.3820305
1.379889
1.3807847
1.3846415
1.3806684
1.3790625
1.3829802
1.3797021
1.3772041
1.3837517
1.3812273
1.3798828
1.378105
1.3787991
1.3848668
1.3822402
1.3786869
1.3822238
1.379147
1.3808174
1.3840884
1.3798912
1.3793713
1.3814764
1.3779018
1.380039
1.3820139
1.3842554
1.3777677
1.3819405
1.378725
1.3819208
1.3804746
1.3811015
1.3791997
1.3781757
1.3808526
1.382011
1.3823181
1.3790207
1.3809252
1.380512
1.3847843
1.3816315
1.3804924
1.3817801
1.3805056
1.3816862
1.3816003
1.3814362
1.378077
1.3868977
1.3782976
1.3833656
1.3800465
1.3825775
1.3799982
1.3813415
1.3823073
1.379757
1.3818079
1.384591
1.380624
1.3778912
1.3821007
1.382127
1.3818693
1.3843775
1.381421
1.381248
1.3805424
1.37959
1.3865914
1.3836173
1.3772786
1.3800598
1.3784286
1.3824823
1.379886
1.38036
1.3855072
1.3827393
1.3806142
1.385553
1.3780121
1.377068
1.3827015
1.3821728
1.3807416
1.3809153
1.3859556
1.3824122
1.3812122
1.3836944
1.3837222
1.3831465
1.3851023
1.3855512
1.3840526
1.3788823
1.3799806
1.3779908
1.3812176
1.3792925
1.3814921
1.3808746
1.383645
1.3820429
1.381723
1.3827056
1.3821684
1.381003
1.3824391
1.3821807
1.376937
1.3783582
1.380038
1.3811886
1.3795918
1.3810384
1.3779931
1.3833532
1.3829207
1.3805126
1.3807962
1.3810503
1.3840195
1.378989
1.3780375
1.3808004
1.3820212
1.3813593
1.3822657
1.3802321
1.3807883
1.376287
1.3806936
1.3825039
1.3805374
1.3797026
1.3807768
1.3844734
1.3810785
1.381436
1.3841892
1.3837017
1.3816509
1.3821096
1.3834332
1.3853824
1.3818535
1.3793663
1.3846078
1.3814064
1.3841972
1.381426
1.381406
1.380414
1.3838497
1.381565
1.3805087
1.3833286
1.3826543
1.3836057
1.3797405
1.3849968
1.3834472
1.3764448
1.3779396
1.3839054
1.3793827
1.3802595
1.3832172
1.3832909
1.3797078
1.3786917
1.3756958
1.3797172
1.3808141
1.3841276
1.3827881
1.3806275
1.3822111
1.3791885
1.378932
1.3793592
1.3826151
1.3818733
1.3805056
1.3804474
1.3759687
1.3830769
1.3849114
1.3786902
1.3816819
1.3780608
1.378528
1.3816314
1.3805056
1.3840355
1.3820205
1.3842818
1.3814408
1.3801041
1.3839871
1.3839587
1.3818831
1.3778988
1.3826749
1.3775511
1.3872428
1.3838558
1.3813275
1.3844919
1.3820887
1.3805914
1.3813161
1.3811507
1.3797987
1.3843237
1.3776996
1.3800426
1.3808085
1.3844635
1.3811032
1.3815241
1.3797737
1.3838578
1.384689
1.3811415
1.3832113
1.3766958
1.3832909
1.3788786
1.3811992
1.3791094
1.3807744
1.3812538
1.3824327
1.3767334
1.381524
1.3818271
1.3805261
1.3804741
1.3820281
1.3814163
1.3777835
1.3840022
1.378654
1.3782347
1.3831064
1.3818439
1.3839805
1.3807389
1.378539
1.3780262
1.3811412
1.3799726
1.3839127
1.3797475
1.3821138
1.3832347
1.3816504
1.3779548
1.3786751
1.3836267
1.3843292
1.380187
1.3830851
1.3828262
1.3796132
1.3810066
1.3795316
1.3818573
1.3777697
1.3840755
1.384399
1.3799502
1.3823665
1.3783451
1.3833219
1.378613
1.3811883
1.3787271
1.3763782
1.3796648
1.3846345
1.382522
1.3823081
1.3800472
1.3824853
1.3789066
1.3814521
1.3808489
1.3833477
1.3815184
1.381383
1.3817383
1.3819857
1.3821167
1.3834785
1.3792148
1.378389
1.3774394
1.3852013
1.3825451
1.3838029
1.3797289
1.3822138
1.3791817
1.3817537
1.3820168
1.3851583
1.3826538
1.3771585
1.3822728
1.3820149
1.3814427
1.3770881
1.3796644
1.3802867
1.3782988
1.3819822
1.3774287
1.3834339
1.381615
1.38154
1.3828381
1.3821883
1.3810636
1.3792362
1.3814081
1.3780333
1.3820486
1.3774558
1.3819813
1.3831816
1.3810269
1.3813584
1.3797278
1.3821223
1.3788284
1.3811159
1.3850267
1.3819958
1.3794407
1.3824974
1.3771191
1.3824035
1.3782158
1.3750961
1.3774011
1.3806034
1.3821859
1.3805357
1.3833793
1.3790385
1.382115
1.3721352
1.3837904
1.3818644
1.3792312
1.3816714
1.3827621
1.3842148
1.3786435
1.3795836
1.379715
1.3802704
1.3787339
1.3787687
1.382267
1.3759404
1.3791393
1.3809295
1.384344
1.3797452
1.3859333
1.3815033
1.3816729
1.382371
1.3808438
1.3813579
1.3769308
1.3798753
1.3808076
1.379769
1.3751167
1.3790146
1.3833039
1.3771741
1.3803929
1.3825194
1.3784941
1.3800086
1.3833028
1.3799257
1.3793535
1.3793912
1.3813758
1.3765558
1.3788933
1.381517
1.3796529
1.3831906
1.3834343
1.3795115
1.378264
1.3792799
1.3831748
1.3768274
1.3822378
1.3799328
1.3812546
1.3821257
1.3818629
1.3830494
1.3828642
1.3806612
1.377673
1.3814607
1.3791558
1.3837351
1.3803403
1.381553
1.3819418
1.3808162
1.3809078
1.3805988
1.3779345
1.3798635
1.3777747
1.3797582
1.3832839
1.3827884
1.3800927
1.3820528
1.3843564
1.3819466
1.3793972
1.3790585
1.3809029
1.381584
1.3825445
1.3801602
1.3786876
1.381416
1.3765785
1.3793098
1.3800784
1.3774716
1.3788023
1.3806348
1.3794411
1.3767077
1.3805535
1.3721925
1.3832011
1.3751892
1.3760879
1.3791968
1.3803842
1.3790263
1.3831618
1.3784248
1.3802643
1.3795799
1.3781226
1.3797574
1.3785976
1.378527
1.3814071
1.3793086
1.3800774
1.3802452
1.3792951
1.3861669
1.3765103
1.3777615
1.3780708
1.3851875
1.3818787
1.3815687
1.3804035
1.3807389
1.3790363
1.3787979
1.3805487
1.3847317
1.3831413
1.3802321
1.3778626
1.3796148
1.3824347
1.3791188
1.379641
1.3815969
1.3769426
1.3772924
1.3825455
1.3810017
1.3793885
1.3805727
1.3798281
1.3793904
1.3800504
1.3822397
1.3767391
1.3811437
1.3816743
1.3766072
1.383041
1.3768531
1.3819855
1.3813485
1.3813434
1.3811146
1.3760017
1.3811028
1.3802379
1.3792926
1.3763762
1.3791329
1.3775638
1.3805265
1.3797365
1.3806084
1.379794
1.3777633
1.3806249
1.3826663
1.3782429
1.3792117
1.3809336
1.382329
1.3749726
1.3772199
1.3823948
1.3823146
1.381212
1.3807851
1.3768328
1.3785225
1.3802347
1.3784641
1.3776996
1.3788438
1.3805668
1.3798717
1.3800801
1.3822782
1.38152
1.3782082
1.381491
1.3834194
1.3812711
1.3763704
1.3769151
1.3802645
1.3794043
1.3805186
1.3763642
1.3788632
1.3837084
1.3803421
1.3809308
1.3799047
1.3767439
1.3800433
1.3809438
1.3812367
1.3816552
1.3796606
1.3799084
1.3768841
1.3793458
1.3779039
1.379524
1.3798001
1.3778968
1.3812361
1.3807342
1.3810364
1.3770794
1.3817135
1.3796072
1.3815217
1.3812639
1.3815438
1.383767
1.3784767
1.3796085
1.3798279
1.3799177
1.3769311
1.3805202
1.3789072
1.377651
1.3802456
1.3801405
1.3805442
1.3788987
1.3805699
1.3801877
1.380246
1.3806764
1.3824568
1.3795661
1.380019
1.3801482
1.3757498
1.3824773
1.3812189
1.3771156
1.3810781
1.3816499
1.3807518
1.3761562
1.3810295
1.3802216
1.378747
1.379314
1.3760811
1.3836113
1.3814999
1.3780837
1.3821938
1.3790987
1.380315
1.3779492
1.3819761
1.3810205
1.3823392
1.380212
1.3804739
1.3799922
1.3814031
1.3830191
1.3819112
1.3842658
1.3786436
1.3814006
1.3783162
1.380521
1.380359
1.3792435
1.3780292
1.3793079
1.3817
1.3785156
1.3785884
1.3783607
1.3783944
1.3778863
1.3812611
1.378321
1.3736945
1.3809873
1.3803159
1.3790238
1.3790208
1.3808987
1.3819461
1.3746939
1.3811312
1.3815411
1.3785645
1.3803822
1.3778378
1.3797033
1.3771565
1.3738674
1.3795444
1.3802019
1.3789778
1.3810718
1.3829292
1.3763453
1.3777357
1.3809321
1.376737
1.378052
1.379604
1.3752646
1.3794482
1.3793371
1.3764855
1.3817949
1.3785652
1.3795004
1.3801947
1.380684
1.3778988
1.3787358
1.3811731
1.379324
1.3840939
1.3790071
1.3782783
1.3751781
1.3782575
1.3798971
1.3798369
1.3810314
1.3815637
1.3802246
1.3786353
1.3716825
1.3765802
1.3745276
1.3806802
1.3772273
1.3809594
1.3804946
1.3829781
1.3776563
1.3797909
1.3816823
1.3797971
1.3777239
1.3767848
1.3768212
1.3785379
1.3746343
1.3780814
1.3769532
1.3771279
1.3785429
1.379234
1.378212
1.3773898
1.3783884
1.3761656
1.3789877
1.3797204
1.3808451
1.3805717
1.3784195
1.3771156
1.3788106
1.3800528
1.3770647
1.3827611
1.3773348
1.3782693
1.3749249
1.3812277
1.3759959
1.3732585
1.3788229
1.3784175
1.3808612
1.379352
1.3779979
1.3731105
1.3779114
1.3797174
1.3755033
1.3834648
1.3771493
1.3782473
1.375234
1.3773165
1.3773752
1.3753275
1.3805642
1.3817886
1.3770066
1.3805811
1.3802811
1.3796986
1.3794849
1.3779281
1.3792436
1.3791854
1.3779122
1.3772519
1.3760691
1.3794549
1.3793631
1.3826686
1.375727
1.3771027
1.3811203
1.378959
1.376353
1.3779125
1.3815043
1.3821048
1.376351
1.3813744
1.3767201
1.3810498
1.3783249
1.3740427
1.3800477
1.3751839
1.3815234
1.374835
1.3779052
1.3789506
1.3805624
1.3778255
1.3776603
1.3794545
1.3784755
1.3806933
1.3759334
1.3790576
1.3784006
1.3815527
1.3806831
1.3785701
1.3811208
1.3762971
1.3771585
1.3809922
1.3743119
1.3787622
1.3756766
1.3775332
1.3789679
1.3764511
1.3789421
1.3766164
1.3753133
1.375846
1.3762176
1.3773824
1.3801928
1.3772725
1.3744469
1.3761451
1.380841
1.3775135
1.3765465
1.3786091
1.3762097
1.3744596
1.3749732
1.3762968
1.3752025
1.3754206
1.3784044
1.3772827
1.3778824
1.3799481
1.3784145
1.3794273
1.3787723
1.374295
1.3760403
1.3742462
1.3784024
1.3766135
1.3792262
1.3809962
1.3747864
1.3753023
1.377313
1.3772459
1.3772597
1.3735298
1.3777324
1.3777786
1.3762782
1.3804817
1.3791863
1.3755994
1.3770463
1.3761926
1.3811963
1.3788677
1.3767939
1.3741713
1.3752298
1.3764366
1.3736982
1.3740377
1.3795235
1.3792185
1.3797541
1.3739802
1.3767393
1.3780122
1.3766056
1.3805094
1.3791257
1.3800323
1.3787863
1.3737558
1.3729521
1.3782908
1.3770558
1.3764131
1.3756311
1.3778133
1.3783628
1.3791631
1.3786442
1.3763475
1.3800639
1.3819399
1.3758762
1.3797272
1.3763351
1.3815323
1.3774881
1.3753947
1.3781421
1.378272
1.3764613
1.3785784
1.3782325
1.3784274
1.3810275
1.3790362
1.3756009
1.377135
1.3775055
1.3777393
1.3793821
1.3781388
1.3808588
1.3778559
1.3772335
1.3765291
1.3772014
1.3773195
1.374601
1.3760703
1.3766948
1.3740927
1.3755988
1.3767141
1.3800654
1.3810695
1.3761141
1.3805321
1.3777771
1.3735043
1.3777115
1.3760297
1.3798851
1.3792053
1.3753235
1.3762528
1.3749328
1.3782083
1.3787012
1.3764583
1.379377
1.3754587
1.3772153
1.3782156
1.3797048
1.3718042
1.3798019
1.3731929
1.3751839
1.3778334
1.3816799
1.3770869
1.377068
1.3795593
1.3792038
1.3735598
1.3768429
1.3767099
1.3783216
1.3759261
1.3775666
1.3802184
1.3755513
1.3817426
1.3753735
1.3803482
1.3755419
1.3791667
1.3742418
1.3766943
1.3778379
1.3756702
1.3760705
1.3782663
1.3784572
1.3777298
1.3805579
1.3777151
1.3785005
1.3754978
1.3771658
1.3748868
1.3795542
1.3778222
1.3759813
1.3784986
1.3760675
1.3760042
1.3747196
1.3777404
1.376484
1.3796097
1.3758262
1.3745196
1.3759812
1.3830137
1.3767651
1.3745662
1.378414
1.3758397
1.3761797
1.3721958
1.376428
1.3753269
1.37987
1.377554
1.378596
1.3787338
1.3771518
1.3787339
1.3762957
1.3796116
1.3778588
1.3795601
1.3720154
1.3789432
1.3799677
1.3718132
1.3757392
1.3762969
1.3768337
1.3762348
1.3787265
1.375588
1.3791325
1.3754919
1.3798141
1.3755549
1.3796793
1.376841
1.3779383
1.3756124
1.3778969
1.3763478
1.3768206
1.3793279
1.3766743
1.3744898
1.377479
1.3760662
1.3803097
1.3761462
1.3754178
1.3779534
1.3784101
1.3758606
1.3769288
1.3768015
1.3768997
1.3766146
1.374713
1.3784935
1.3741742
1.3746
1.3734642
1.3781849
1.3798574
1.3763973
1.377484
1.3771896
1.3776146
1.3770663
1.3781307
1.3813843
1.3784157
1.3763881
1.3784717
1.3740301
1.374426
1.3790665
1.3784013
1.3778083
1.3764476
1.3752184
1.3772587
1.3785901
1.3820906
1.3771515
1.3774431
1.376284
1.3754436
1.3780307
1.3780016
1.3758973
1.3787435
1.3790579
1.3801203
1.3803905
1.3739545
1.379899
1.3741481
1.3786249
1.3731885
1.3774285
1.3761444
1.3797718
1.377038
1.3791797
1.3735408
1.3771803
1.3794502
1.3761897
1.3748858
1.3775355
1.3760201
1.3747915
1.3778042
1.3747939
1.3794051
1.3734064
1.3768305
1.3775893
1.3733624
1.3789066
1.3770883
1.3806516
1.3745743
1.3796992
1.3778819
1.3766935
1.373067
1.3768455
1.3776186
1.3801385
1.3793892
1.37418
1.3788061
1.374694
1.3741814
1.3751154
1.378231
1.3752618
1.3759489
1.3762904
1.3764328
1.3782599
1.3800912
1.3786919
1.3739036
1.3774127
1.377451
1.3708904
1.3806394
1.3714303
1.3775709
1.379689
1.3760645
1.3736498
1.3777273
1.3787779
1.3757383
1.3747214
1.375429
1.3776058
1.3767829
1.3774829
1.3744775
1.3750122
1.3822227
1.3773464
1.3764919
1.3785975
1.3764995
1.3769186
1.3755046
1.3767182
1.379919
1.3765447
1.3724823
1.3739808
1.375927
1.3738016
1.3769965
1.3755454
1.3749286
1.3803309
1.3770247
1.3787929
1.3795007
1.379033
1.3735691
1.3772818
1.3757648
1.3781505
1.3749069
1.37375
1.3759309
1.3745925
1.3759788
1.3736314
1.3775315
1.3763412
1.3751642
1.3788421
1.3774561
1.3775358
1.3741032
1.3778317
1.3747511
1.3751793
1.3775334
1.3755
1.372185
1.3785025
1.3790659
1.377993
1.3739522
1.3761727
1.3768879
1.3780769
1.3770448
1.3798387
1.375848
1.3758186
1.3700825
1.3781456
1.3748134
1.3777454
1.3736882
1.3761195
1.3781056
1.3746158
1.3790212
1.3815985
1.3720813
1.3799711
1.3775588
1.3744811
1.3715065
1.3720125
1.3767415
1.3727337
1.3767756
1.3773458
1.3751974
1.3780502
1.3752508
1.3764576
1.3798469
1.37671
1.3801712
1.3760542
1.3772684
1.37966
1.3746614
1.3739017
1.3745805
1.3763568
1.380813
1.3747844
1.3782692
1.3790438
1.3794204
1.377118
1.37558
1.3710037
1.3795503
1.377291
1.3747534
1.377182
1.3764956
1.3766057
1.3780607
1.3756137
1.3785901
1.3803923
1.3785181
1.3764219
1.3793782
1.3755223
1.3754249
1.375588
1.3789628
1.372091
1.3760043
1.3793668
1.3739184
1.379995
1.3761652
1.378138
1.3757643
1.3783307
1.3787104
1.3773853
1.3769448
1.3745887
1.3777605
1.378293
1.3770666
1.3776388
1.3747455
1.371311
1.3786781
1.3763795
1.3724332
1.3725169
1.3758427
1.3798391
1.3754119
1.3701515
1.3731987
1.3772885
1.3775758
1.3775643
1.3763031
1.3743806
1.3801348
1.375946
1.3754886
1.3797647
1.3769901
1.3756362
1.374344
1.3777504
1.3765779
1.376018
1.3791012
1.3809519
1.3789908
1.3770901
1.3748848
1.3736635
1.3758953
1.3782715
1.3731481
1.376808
1.3730942
1.3763138
1.3748592
1.3773005
1.3781508
1.3785342
1.3746327
1.3780838
1.3726238
1.3749075
1.3765221
1.3769189
1.3756298
1.3778164
1.3779012
1.3774081
1.3749365
1.3782809
1.3768594
1.3754836
1.3793507
1.375545
1.3744186
1.3753945
1.3744956
1.3758775
1.3790652
1.372158
1.3769687
1.3783226
1.3809361
1.375938
1.3752222
1.3768572
1.3772418
1.3801261
1.374829
1.3769413
1.3794843
1.373998
1.3772091
1.3734796
1.3777546
1.3793157
1.3766439
1.375967
1.3747029
1.3763697
1.3771809
1.3760573
1.3757994
1.3782109
1.3791945
1.3775065
1.3785667
1.3796341
1.3789898
1.3764306
1.3747143
1.3733203
1.3740512
1.3763157
1.3785924
1.3807743
1.3724278
1.3767655
1.3793448
1.3742272
1.3726267
1.3762405
1.3786193
1.3815504
1.3745905
1.3734275
1.3806105
1.3755573
1.3777117
1.3749005
1.3749735
1.3787338
1.3725659
1.376388
1.3752775
1.3752868
1.3772788
1.3748467
1.3751378
1.3747892
1.3734351
1.373437
1.3754709
1.3778443
1.3783884
1.3747389
1.3792642
1.3755965
1.3803127
1.3796527
1.3777657
1.3767678
1.372712
1.3779598
1.3760895
1.3763927
1.3731505
1.3756785
1.3756601
1.3813938
1.3776475
1.3769821
1.3753997
1.3729786
1.3787787
1.3758163
1.376404
1.3731717
1.3752643
1.3768644
1.3742942
1.3768618
1.3756479
1.3799286
1.3754827
1.3770314
1.373625
1.374743
1.3768288
1.3723121
1.3764023
1.3748516
1.3718735
1.3785524
1.377045
1.3751507
1.3742507
1.3811734
1.3746619
1.3759656
1.379269
1.3786409
1.3763517
1.375318
1.3751929
1.3788593
1.3769063
1.379516
1.3759744
1.3745494
1.3720675
1.3698263
1.3768574
1.374647
1.3761795
1.3742865
1.3754605
1.3776624
1.3765123
1.3759463
1.3773063
1.3728658
1.3782196
1.3787919
1.3757029
1.3741076
1.3784717
1.3760004
1.373933
1.3758125
1.3732227
1.3771061
1.3757436
1.3787153
1.3770194
1.3770376
1.3752707
1.3765291
1.3775128
1.3787704
1.3759595
1.3765292
1.3752712
1.3762366
1.3749794
1.3786144
1.378711
1.3760084
1.3788531
1.3755233
1.3768915
1.375763
1.374332
1.3753086
1.3758222
1.3772249
1.3739543
1.375045
1.3761433
1.3770777
1.376973
1.3733671
1.3741537
1.3749161
1.3784211
1.3756362
1.3781533
1.3795947
1.3783766
1.3777732
1.3771849
1.3789688
1.3755783
1.3767308
1.3738154
1.3788471
1.3770107
1.377541
1.3769786
1.3760633
1.3787254
1.3766551
1.3797853
1.3756925
1.3765398
1.3768022
1.3737988
1.3766799
1.3747314
1.377976
1.3710489
1.378311
1.3808062
1.3785369
1.3777059
1.3747216
1.374313
1.3760448
1.3755618
1.3742828
1.3765299
1.3749325
1.3766842
1.3778964
1.3772724
1.375234
1.3771806
1.377162
1.37786
1.378555
1.3755237
1.3776133
1.3729136
1.3773388
1.3757129
1.3754784
1.3768238
1.3703638
1.3809767
1.3796716
1.3744282
1.3792185
1.381023
1.3720833
1.3743252
1.378269
1.3775396
1.374554
1.374841
1.3798498
1.3794037
1.3730831
1.3747973
1.3777956
1.3785142
1.3785791
1.3834275
1.3784387
1.3800049
1.3746285
1.3798628
1.3777957
1.3776594
1.375322
1.3773026
1.3770574
1.3774507
1.3761127
1.3759737
1.3830444
1.3799393
1.3749799
1.3770189
1.3798977
1.3743659
1.3759296
1.3769153
1.3763626
1.3767099
1.3777508
1.3782448
1.3793776
1.380662
1.379543
1.3749589
1.3777568
1.3779651
1.3778532
1.3779141
1.3783429
1.3794432
1.377539
1.3749671
1.376523
1.3806604
1.3736739
1.3784825
1.3780566
1.3747083
1.3791127
1.375883
1.3770496
1.3770295
1.37734
1.3783827
1.3784838
1.3809892
1.3760965
1.377848
1.3754297
1.3751484
1.3818017
1.3760684
1.3760848
1.3794209
1.3751223
1.3777794
1.3787596
1.3771762
1.3765532
1.3794295
1.3783817
1.3798211
1.377877
1.3778796
1.3776202
1.3823173
1.3793789
1.3829863
1.3742017
1.3806095
1.3780385
1.3777374
1.3756659
1.3792762
1.378108
1.3763348
1.3777118
1.3773832
1.3787602
1.3792663
1.377955
1.3803298
1.3775264
1.374618
1.3770173
1.3807639
1.3787457
1.3786376
1.3779951
1.3768095
1.3751265
1.3797588
1.3748069
1.3761523
1.3773165
1.3770748
1.3744208
1.3793737
1.3782321
1.3769587
1.3758987
1.3749216
1.3773813
1.3778431
1.3824406
1.3780047
1.3764156
1.3792677
1.3752521
1.3736812
1.3758115
1.3754344
1.3803556
1.3768638
1.378256
1.377339
1.3775337
1.3748323
1.3742567
1.3773296
1.381116
1.3783712
1.3808889
1.3760926
1.3781292
1.3796588
1.3797903
1.3769345
1.3783721
1.3751863
1.3759713
1.375711
1.3776822
1.3780019
1.3761768
1.3775005
1.3777385
1.3791201
1.3793991
1.3778925
1.3761965
1.3783407
1.3796293
1.3788186
1.3810794
1.379712
1.377961
1.3724306
1.3762813
1.3789532
1.3775513
1.3778778
1.3804653
1.375906
1.3793718
1.3785343
1.3832527
1.3784469
1.378865
1.3781964
1.3749434
1.3794932
1.3782519
1.3768082
1.3795849
1.3790407
1.3766274
1.3799292
1.376092
1.381272
1.3775625
1.3813028
1.3768221
1.3770232
1.3799213
1.3792678
1.3767838
1.382137
1.3777689
1.3773365
1.3737329
1.3791157
1.3771424
1.3796662
1.3777264
1.3815467
1.3792212
1.3769518
1.379366
1.376453
1.3762808
1.3810595
1.3752855
1.3802621
1.377305
1.3780564
1.376893
1.3792233
1.3738129
1.3752255
1.3794321
1.3789515
1.3791397
1.3777971
1.381726
1.378788
1.3815389
1.3789879
1.3796566
1.3805987
1.3774192
1.3801914
1.3809333
1.3794667
1.3799694
1.3743837
1.3791634
1.3775642
1.3771769
1.3784692
1.3819944
1.3764964
1.3788188
1.3757881
1.3809958
1.3757309
1.3773583
1.3780217
1.373957
1.3800167
1.378284
1.3759015
1.377389
1.374152
1.3777534
1.3813099
1.3755397
1.377159
1.3803159
1.3806508
1.3762195
1.3767122
1.3815514
1.3810989
1.3780402
1.379049
1.3775071
1.3800246
1.381105
1.3774226
1.3821934
1.3810362
1.3813162
1.3810104
1.3790957
1.3796601
1.377553
1.377852
1.37846
1.3793352
1.3822203
1.3815156
1.3812454
1.3778338
1.3777014
1.3809061
1.3785704
1.3782991
1.3786653
1.3805774
1.3806813
1.3841894
1.3790762
1.3820232
1.3760405
1.3761498
1.3808241
1.3765631
1.378277
1.3796132
1.3794762
1.380105
1.3806072
1.3777932
1.3811812
1.3817822
1.3769379
1.3786854
1.3789291
1.3789341
1.37701
1.3795269
1.3776748
1.377628
1.3790042
1.375614
1.3783852
1.380316
1.378143
1.3807255
1.3771577
1.3796957
1.3814329
1.3777696
1.3782727
1.3819847
1.3775836
1.3779719
1.378718
1.37895
1.3752031
1.3773249
1.3837596
1.382407
1.3783358
1.384229
1.3832438
1.3801867
1.3782697
1.3792886
1.3760644
1.3802838
1.3804673
1.377902
1.376979
1.3787915
1.3792143
1.3800094
1.379135
1.381627
1.38309
1.3770301
1.378693
1.3821678
1.3792098
1.3819385
1.3748295
1.3792595
1.3821112
1.380502
1.3809699
1.3786541
1.3833777
1.3824655
1.37754
1.3835405
1.3804213
1.3798333
1.3769829
1.3814757
1.382133
1.3798457
1.3779905
1.3789189
1.3820926
1.3836921
1.3798227
1.3821214
1.3787433
1.3814418
1.3786395
1.378971
1.3809137
1.3764544
1.3782873
1.3834982
1.3779701
1.3813891
1.3796079
1.3770087
1.3806773
1.3799542
1.3823848
1.378462
1.3815314
1.3799764
1.3797718
1.379872
1.3795944
1.3778267
1.3814182
1.3840176
1.3785362
1.3811119
1.3806101
1.3827922
1.3814044
1.3794355
1.3798474
1.3777336
1.3797876
1.3762459
1.3839248
1.3794312
1.3781718
1.379797
1.3817631
1.3821182
1.3826216
1.3756856
1.3762649
1.3807472
1.3772842
1.3795315
1.3791065
1.3839186
1.3781664
1.3784679
1.3811446
1.3806777
1.3798977
1.3804356
1.3819562
1.3800153
1.3766402
1.3773149
1.385509
1.3753037
1.3797181
1.3805138
1.3724279
1.3802596
1.3792768
1.3797324
1.3798425
1.3796948
1.3780042
1.3840882
1.3765708
1.3825687
1.3818653
1.3782902
1.378562
1.3788221
1.3822577
1.3816569
1.3773886
1.3855436
1.3792601
1.3811747
1.3827754
1.3782431
1.3795798
1.3820535
1.3816181
1.3806009
1.380948
1.381808
1.3783901
1.375302
1.3787507
1.3824923
1.3786327
1.3772075
1.3830657
1.3827279
1.3824838
1.3812326
1.3751686
1.3821089
1.378434
1.379197
1.380324
1.3764156
1.3778652
1.3768809
1.3813858
1.3792747
1.3827531
1.3800266
1.3830016
1.3810945
1.3801676
1.3728167
1.3828347
1.3783879
1.3803935
1.3826326
1.381728
1.3816227
1.3828319
1.3758571
1.3765272
1.3808739
1.381494
1.3784933
1.3830991
1.3809346
1.376321
1.3803194
1.3832388
1.3788706
1.3833892
1.3760313
1.3801681
1.3793311
1.3810941
1.3801085
1.3787686
1.3801311
1.3813301
1.3816055
1.3853437
1.3822576
1.3829902
1.3818994
1.3804846
1.3814465
1.3846192
1.3824811
1.3797811
1.38131
1.3773512
1.3826616
1.3788601
1.3815495
1.3763856
1.3800588
1.3768647
1.3811573
1.3811758
1.3809786
1.3847545
1.3847412
1.3839374
1.3810607
1.3808626
1.3771389
1.3821942
1.3807865
1.3835216
1.37997
1.3864104
1.3791193
1.3824041
1.3839741
1.3796719
1.3776648
1.3797406
1.3792677
1.3788805
1.3795702
1.3811616
1.3826147
1.3814982
1.3792976
1.3859563
1.3807755
1.3822216
1.3829192
1.3798255
1.3768528
1.3806844
1.3817769
1.3802059
1.3790535
1.3856876
1.3813511
1.3809228
1.383474
1.3815553
1.3828101
1.3810936
1.381262
1.3829818
1.3799893
1.3828256
1.3784828
1.3837795
1.3784424
1.38054
1.3806797
1.3864459
1.3823644
1.3793211
1.382148
1.3822954
1.3804859
1.3809017
1.3850058
1.3811305
1.3847041
1.3800689
1.3798723
1.3796047
1.3816769
1.3814846
1.3768454
1.3782215
1.3831414
1.3822676
1.3780717
1.3890735
1.3771869
1.3807685
1.3764195
1.3772546
1.381934
1.3825189
1.3807486
1.3797711
1.3802994
1.3801817
1.379035
1.3813541
1.3830082
1.3792859
1.3831376
1.3854679
1.3801578
1.3817984
1.380433
1.3800962
1.3838823
1.3775762
1.3831091
1.3762534
1.3767838
1.3839781
1.381428
1.3853896
1.38052
1.3820432
1.3802719
1.3811045
1.3792286
1.3804086
1.3794775
1.3806583
1.3845485
1.3844639
1.3820363
1.3824935
1.3773552
1.3824395
1.3792492
1.3778089
1.3824687
1.3810607
1.3820847
1.3802899
1.3797822
1.3764808
1.3809477
1.3800528
1.382561
1.3836266
1.3793874
1.3823303
1.3800298
1.3845509
1.3804137
1.3804371
1.3801012
1.3796648
1.3795525
1.381061
1.380234
1.3814355
1.3835822
1.3821466
1.3788366
1.3795887
1.3820616
1.3790138
1.382809
1.3825562
1.3839079
1.3857845
1.3843818
1.3784773
1.381203
1.3826698
1.3855115
1.3852296
1.3803964
1.3820639
1.3846929
1.3779218
1.3796421
1.3836404
1.3753439
1.3846045
1.3823179
1.382329
1.3804228
1.3793421
1.3791945
1.3827875
1.382363
1.3807205
1.3811358
1.3817154
1.381303
1.3829852
1.3805363
1.383376
1.3806617
1.3825481
1.3819993
1.3810928
1.3813396
1.3811774
1.3827477
1.3806849
1.3811413
1.3801451
1.3794693
1.3780205
1.379723
1.3801241
1.3829995
1.383898
1.38027
1.3813316
1.3822224
1.3831757
1.3819891
1.3806157
1.3774165
1.3839785
1.3783817
1.3796644
1.3815546
1.3797185
1.3811368
1.3871571
1.3774976
1.3790085
1.3810384
1.376604
1.3801821
1.3810537
1.3835922
1.3852205
1.382205
1.381629
1.382624
1.3840766
1.3791772
1.3820783
1.3787277
1.3838146
1.3816118
1.3805333
1.3777412
1.3859295
1.3813589
1.3818159
1.3813658
1.3834196
1.378552
1.3841187
1.3861959
1.3795004
1.3811885
1.3821235
1.3822864
1.3809227
1.3829654
1.3804818
1.3844309
1.3852533
1.3845602
1.3812023
1.3781074
1.380477
1.3841348
1.3812928
1.3788662
1.3790305
1.3775158
1.3839595
1.3805833
1.3807989
1.3822966
1.376827
1.3800769
1.3825043
1.3805892
1.3768772
1.3799694
1.3813568
1.3794336
1.3848853
1.3837
1.3782723
1.3850979
1.3833127
1.3810472
1.3824981
1.3824595
1.382949
1.3826072
1.377735
1.3810107
1.3829103
1.3798373
1.3825884
1.381814
1.3835655
1.3798807
1.379801
1.382568
1.3835485
1.3823763
1.3833488
1.3818688
1.3803449
1.3814995
1.3821902
1.3825045
1.3804425
1.381837
1.3799511
1.3814437
1.3827518
1.3826776
1.3834081
1.3788905
1.3797102
1.3809997
1.3815153
1.3800435
1.3816385
1.3839582
1.3848181
1.3841887
1.3830723
1.380883
1.3817012
1.3819745
1.3825679
1.3795193
1.3795398
1.3796692
1.3817779
1.3819216
1.3796592
1.3808811
1.3782454
1.3847247
1.3777546
1.3845369
1.3832815
1.3805
1.3805486
1.3824208
1.3771886
1.3832809
1.3832879
1.3824655
1.3826171
1.3850969
1.377207
1.3771216
1.3807751
1.3818268
1.3805932
1.3839196
1.3835999
1.382423
1.3837746
1.3852216
1.3820462
1.3817211
1.3808398
1.3822443
1.3800051
1.3819051
1.3844653
1.3777648
1.3821619
1.3844203
1.3795756
1.3810129
1.380835
1.3804946
1.3810227
1.3803962
1.3815731
1.3828591
1.3762045
1.380634
1.3849751
1.3808742
1.3798679
1.3843578
1.3833141
1.3807214
1.3859842
1.3820614
1.3826264
1.3830019
1.3803898
1.3842692
1.3824648
1.3812222
1.3849576
1.3803809
1.3784782
1.3795124
1.3787682
1.3852234
1.3847932
1.379073
1.3833367
1.3822811
1.3838657
1.3820984
1.3867507
1.3817039
1.3796437
1.3831097
1.3817067
1.3797182
1.3794788
1.3807032
1.3810818
1.3788893
1.383372
1.3833475
1.3848337
1.383924
1.3842704
1.3854983
1.3760719
1.3793993
1.3780833
1.3817127
1.3811631
1.3798602
1.3803703
1.3779289
1.3810685
1.3827298
1.3825814
1.3793839
1.38316
1.3819557
1.3803036
1.3814148
1.3818114
1.3803811
1.3814719
1.3836199
1.3797488
1.3822759
1.3814942
1.386343
1.3802962
1.3813353
1.3831587
1.3821428
1.379678
1.3809545
1.381032
1.3780717
1.3807915
1.3841903
1.3802073
1.3829418
1.3820753
1.3816675
1.3767806
1.3829265
1.3787903
1.3813009
1.3836142
1.3815798
1.3837535
1.3829465
1.3813696
1.3839045
1.3829228
1.3838204
1.3815479
1.378068
1.3804787
1.3844867
1.3795812
1.3844616
1.3840271
1.3823047
1.3805577
1.3846558
1.3820875
1.3858671
1.3822789
1.3856738
1.3811553
1.380189
1.3804004
1.3810434
1.3811271
1.3831909
1.3764945
1.3824587
1.3808054
1.3804735
1.3848103
1.3838363
1.3799309
1.3843801
1.38032
1.3821718
1.382116
1.3796751
1.3803996
1.3808839
1.3819865
1.3850049
1.3800455
1.3818777
1.3795929
1.3831961
1.3817593
1.3823456
1.3784138
1.3840201
1.3830925
1.3841912
1.3813177
1.3825123
1.3794298
1.3794388
1.3877218
1.38301
1.3825611
1.3807292
1.3826492
1.383953
1.3860664
1.3790913
1.3791318
1.3791478
1.3815985
1.3794144
1.3807199
1.378266
1.3807487
1.3816946
1.3808411
1.3792627
1.3801203
1.3819498
1.3800306
1.3803287
1.3816391
1.380157
1.3798147
1.3771671
1.3795325
1.3798097
1.3763586
1.3815792
1.3823572
1.3832775
1.3799524
1.380611
1.3817881
1.3808471
1.3817946
1.3799365
1.3825163
1.3832078
1.3823957
1.3846401
1.3813078
1.3822225
1.3852117
1.383534
1.3834729
1.3832531
1.3854085
1.3820882
1.3796688
1.3772858
1.3825697
1.3816761
1.3811833
1.38211
1.3806372
1.3848673
1.38205
1.3867105
1.3849818
1.3830123
1.3835977
1.3833014
1.3812599
1.3820821
1.383195
1.3765309
1.3815796
1.3823309
1.3797143
1.3812652
1.3823199
1.3839989
1.3825959
1.3780152
1.3809648
1.3836284
1.3844734
1.3841519
1.3787006
1.3830649
1.382507
1.3809692
1.3804935
1.3805748
1.3805046
1.3819876
1.3809656
1.3814728
1.3828064
1.383815
1.383289
1.380588
1.3770405
1.3816807
1.3795551
1.3820959
1.3811234
1.3790976
1.3825407
1.3794268
1.3834726
1.3809608
1.378402
1.3835397
1.3826157
1.3796889
1.3819157
1.3821422
1.3792497
1.3846457
1.3805679
1.3815551
1.3806475
1.3815128
1.3820821
1.3777363
1.3813232
1.3838235
1.3795502
1.3838962
1.382452
1.382487
1.3808336
1.3815299
1.3819721
1.3796791
1.38526
1.3777628
1.3834939
1.3799548
1.383288
1.3790102
1.379496
1.3817854
1.3807579
1.381168
1.3830543
1.38173
1.3809704
1.3807062
1.379683
1.379665
1.3825471
1.3785645
1.3801402
1.3810103
1.3804764
1.3828751
1.3840643
1.3823204
1.3804506
1.3787304
1.3826355
1.3819247
1.3830613
1.3802568
1.381682
1.3821875
1.3823572
1.3809143
1.3790153
1.3823878
1.3853903
1.3831191
1.3803004
1.3853024
1.3827958
1.3838514
1.3790777
1.3813778
1.379193
1.3815091
1.3814682
1.3810949
1.3808315
1.3791634
1.3819482
1.3768402
1.3830442
1.3796252
1.3860824
1.3788667
1.3791728
1.3836762
1.3805069
1.3823472
1.3846426
1.3803135
1.3806894
1.3820409
1.386089
1.3817562
1.3816886
1.3816502
1.3780667
1.3793738
1.37879
1.3805187
1.3790532
1.3797477
1.378469
1.3806995
1.3810612
1.3785143
1.3802655
1.3807108
1.3831078
1.3804617
1.3799047
1.3807052
1.3830925
1.3824168
1.3836827
1.3822101
1.3813746
1.3851743
1.3849685
1.3820139
1.3834862
1.3837615
1.3838452
1.3810513
1.379933
1.381646
1.3793337
1.3793236
1.3794822
1.3808559
1.3829082
1.3814627
1.3811464
1.3806396
1.3812925
1.3823292
1.3803421
1.3828554
1.3783889
1.3848387
1.3784925
1.3811903
1.3802009
1.3809314
1.3805641
1.384286
1.3814731
1.3781818
1.3781022
1.3828334
1.38234
1.3802105
1.3824396
1.3795762
1.3820564
1.3791627
1.3830199
1.3814412
1.3836095
1.3832194
1.3787596
1.3837615
1.3831019
1.3817519
1.3829058
1.383565
1.3821869
1.3828365
1.3831627
1.3813051
1.3823262
1.3785611
1.3786669
1.3821441
1.3815523
1.38368
1.3833092
1.3838884
1.3767146
1.3832216
1.3829403
1.3827785
1.382346
1.3811039
1.380065
1.3786446
1.3823367
1.3788414
1.3828794
1.3837636
1.3815418
1.3818576
1.3806956
1.3794246
1.3788427
1.3821453
1.3827881
1.386408
1.3825227
1.3817941
1.3822558
1.3828267
1.3832611
1.37889
1.381418
1.3816328
1.3827845
1.3818407
1.3780193
1.3827889
1.3832899
1.382025
1.381038
1.382872
1.3830748
1.3861972
1.3821192
1.3817731
1.3827811
1.3798684
1.3827358
1.3805584
1.3803136
1.3844627
1.3842825
1.3812813
1.3818597
1.379922
1.3824806
1.3772614
1.381193
1.3838689
1.3810415
1.3789573
1.3828552
1.378397
1.3804536
1.3798025
1.3801101
1.3829948
1.38201
1.379341
1.3804996
1.3800815
1.3823963
1.3796136
1.3796258
1.379798
1.3807502
1.3813895
1.3785872
1.3828422
1.3807292
1.3850055
1.3831279
1.3774173
1.3818504
1.3821341
1.3800293
1.3776999
1.3820701
1.3844703
1.3771926
1.380354
1.3818262
1.3794972
1.3817267
1.3778225
1.3816421
1.382838
1.3824482
1.3819772
1.3783318
1.3781772
1.3803012
1.3799043
1.3840249
1.3817699
1.3862056
1.3801147
1.3800322
1.3816668
1.381451
1.3810928
1.3802434
1.3809873
1.3840088
1.3769516
1.3833435
1.3803543
1.3810388
1.3814638
1.3851296
1.3814658
1.3827418
1.3836582
1.3859478
1.3843896
1.3781723
1.3833454
1.3817527
1.3803757
1.3821427
1.3850164
1.3803295
1.3798882
1.3828225
1.3841081
1.381987
1.3825814
1.3823794
1.3810154
1.3800598
1.3856657
1.3805376
1.3812869
1.380941
1.3790846
1.3827472
1.3798238
1.3873556
1.3792238
1.3857012
1.3828895
1.3818549
1.380526
1.3825725
1.3799834
1.3867002
1.3843298
1.3819543
1.3814274
1.3824475
1.3825668
1.3809229
1.3768735
1.3810154
1.3806385
1.3849555
1.3821905
1.3828998
1.3817968
1.3806086
1.3818012
1.3834912
1.3798637
1.3819084
1.3841914
1.3830177
1.3872975
1.3806973
1.3824239
1.3786211
1.382731
1.3842638
1.3851876
1.3845567
1.3806621
1.3843371
1.3828039
1.3833247
1.3818104
1.3807737
1.3794014
1.3835558
1.380343
1.3804744
1.3821244
1.3821646
1.3830168
1.3807898
1.3824514
1.3778257
1.379215
1.3763177
1.3803967
1.3850539
1.3812172
1.3800755
1.3819366
1.3833516
1.3829647
1.3822143
1.381369
1.3785022
1.3809359
1.3817723
1.3863978
1.3833715
1.3800676
1.3838797
1.3833585
1.384581
1.3810214
1.3810443
1.38032
1.379943
1.3849993
1.3821632
1.381904
1.3824184
1.3864235
1.3836751
1.3817638
1.3797188
1.3815408
1.38122
1.382735
1.3793586
1.3828415
1.381086
1.3817996
1.3842187
1.3802207
1.3795782
1.3826662
1.3792186
1.384709
1.383555
1.3835716
1.3817734
1.3813392
1.3852762
1.3829495
1.3848828
1.383132
1.38361
1.3817276
1.3796202
1.3825668
1.3798765
1.3800431
1.3823436
1.3811127
1.382507
1.3826071
1.3853451
1.3829598
1.3807844
1.3820002
1.3817925
1.3803052
1.3824109
1.3817949
1.3816814
1.3798385
1.3802663
1.3801858
1.3812385
1.3796179
1.3806359
1.3808258
1.3810772
1.3795646
1.3846617
1.3793538
1.3805007
1.3833648
1.3777514
1.3806531
1.3816086
1.381891
1.3790704
1.3840883
1.3848367
1.3806721
1.3837811
1.3835709
1.3811702
1.3811241
1.3798131
1.3828781
1.3832653
1.3812522
1.3837601
1.3813834
1.3826437
1.3807486
1.3806994
1.3841034
1.381205
1.3822043
1.3812585
1.3804905
1.3809944
1.3851688
1.3803825
1.3833305
1.3779554
1.3830156
1.380493
1.3773322
1.3809448
1.3807279
1.3812832
1.3798507
1.3811843
1.380983
1.3824658
1.3816546
1.3858296
1.3849335
1.380372
1.3820534
1.3811928
1.3824048
1.3839843
1.383542
1.3866974
1.3808254
1.3798724
1.3839759
1.3805462
1.3829203
1.3796788
1.3822634
1.3798764
1.379785
1.3847396
1.3821762
1.3829845
1.3837464
1.379873
1.3827529
1.3801485
1.3802704
1.3825015
1.3827786
1.3822975
1.3821939
1.3794591
1.3789843
1.3808476
1.3819714
1.3820484
1.3802118
1.3801645
1.3815557
1.3818624
1.3844942
1.383469
1.3846451
1.3794025
1.3796303
1.3792235
1.3821548
1.383111
1.3827654
1.3811039
1.3825425
1.3812431
1.3803325
1.3827856
1.3829782
1.381049
1.3807924
1.3809906
1.3823671
1.3782401
1.3817211
1.3868134
1.3835208
1.3824366
1.3825108
1.3798712
1.3794755
1.3837413
1.3785101
1.3857839
1.3839492
1.3829362
1.3800186
1.3852782
1.380023
1.3783364
1.3816599
1.3810443
1.383351
1.3828421
1.3799709
1.3803682
1.378262
1.3797293
1.3829724
1.3822731
1.3811352
1.3844439
1.3820895
1.3796623
1.3873794
1.3824657
1.3813887
1.3790745
1.3817221
1.3815126
1.383338
1.3814764
1.384719
1.3831286
1.3862278
1.3817691
1.3846847
1.3827934
1.3811071
1.3832388
1.3853623
1.3805554
1.3816087
1.3829932
1.3782947
1.3821859
1.3829203
1.3826438
1.3813529
1.3809074
1.3813248
1.3820281
1.3816137
1.3802601
1.3815777
1.3816693
1.3825141
1.3856448
1.3799181
1.3793349
1.3838321
1.3830371
1.3813115
1.3794148
1.3807793
1.3785465
1.3851093
1.3798842
1.3806992
1.381987
1.3847966
1.3809481
1.3819025
1.3825009
1.382197
1.3792212
1.3808678
1.3802582
1.3815157
1.3803536
1.382262
1.3751345
1.3789752
1.3825688
1.380217
1.3835638
1.3798237
1.3781676
1.3819634
1.3833902
1.3828268
1.380918
1.3826932
1.3850121
1.3773735
1.382077
1.3834046
1.3791649
1.3832612
1.3793881
1.3824099
1.3804535
1.3834549
1.3806584
1.3810668
1.379713
1.3821857
1.3802162
1.3826236
1.3819952
1.3821698
1.3801466
1.3847973
1.382954
1.3819315
1.3845272
1.379611
1.3858116
1.3797538
1.3789508
1.3862034
1.3815242
1.3881712
1.3829563
1.3800707
1.3820677
1.3824861
1.3828883
1.380069
1.3849655
1.3803495
1.3802294
1.381039
1.3815912
1.3857324
1.3808571
1.3787582
1.3833685
1.3841625
1.3865513
1.3832914
1.385489
1.3815709
1.3831521
1.3830078
1.3813764
1.3794093
1.3794106
1.3830012
1.3857293
1.3850174
1.3832709
1.3836572
1.3832507
1.3806578
1.3800346
1.3832318
1.3824855
1.3784771
1.3810587
1.3798916
1.384053
1.380545
1.3819686
1.3819785
1.3849783
1.3812121
1.3834094
1.3822316
1.3840988
1.3850055
