1.3961715
1.396666
1.3961927
1.3961974
1.3956175
1.3957896
1.3956829
1.3959702
1.3956385
1.3952788
1.3962475
1.3951546
1.3954817
1.3957767
1.3955425
1.3960037
1.3954079
1.3948733
1.3955089
1.395887
1.3955636
1.3960263
1.3961946
1.3951671
1.3958437
1.3955172
1.3956187
1.3955673
1.395378
1.3961054
1.3955876
1.3955355
1.3954842
1.3951464
1.3952534
1.3952197
1.3955302
1.3959055
1.3954185
1.3956302
1.3955071
1.3950202
1.3955425
1.3956695
1.395607
1.3958863
1.3959665
1.395418
1.3959118
1.3955749
1.395444
1.3957169
1.3955979
1.3955956
1.3961024
1.3956825
1.3951072
1.3953797
1.3949556
1.3961365
1.395552
1.3954636
1.395392
1.3956246
1.3959544
1.3958337
1.3955065
1.39536
1.3961359
1.3958873
1.3959132
1.3950955
1.3952895
1.395599
1.3953336
1.3964777
1.3956922
1.3949503
1.3957005
1.3955239
1.3955405
1.3956411
1.3958687
1.395803
1.3948985
1.3955295
1.3957604
1.395309
1.3956206
1.3953445
1.3954927
1.3960788
1.3956518
1.3955349
1.395737
1.3952566
1.3956704
1.3952625
1.3953837
1.396179
1.3958335
1.3956321
1.3958285
1.3959986
1.395081
1.3955909
1.3950115
1.395791
1.3954686
1.3958137
1.3952345
1.3956784
1.3959159
1.3955854
1.3956262
1.3952545
1.3957216
1.3959714
1.3955615
1.3957568
1.3958277
1.3957955
1.3956915
1.3955069
1.3957019
1.3958766
1.3961322
1.3956888
1.3958174
1.3955601
1.3951956
1.3956585
1.3955657
1.3953758
1.3950658
1.3953333
1.3956509
1.3957783
1.3955871
1.3958654
1.3951868
1.3956714
1.3955147
1.3954986
1.3951967
1.3956273
1.3955356
1.3955431
1.3954161
1.3952215
1.395481
1.3956565
1.3952786
1.3955376
1.3955183
1.396302
1.3953695
1.3961821
1.395161
1.3954589
1.3956621
1.3948754
1.3955929
1.3954548
1.3951255
1.3956138
1.3957984
1.3951259
1.3953716
1.395761
1.3953432
1.395587
1.3958205
1.3951484
1.3950382
1.395394
1.3953668
1.395566
1.3955041
1.3952317
1.3956269
1.3955197
1.3953574
1.3955259
1.395542
1.3952044
1.3951349
1.3956615
1.3955637
1.3949002
1.3951975
1.3957702
1.3955089
1.3949859
1.3952576
1.3954489
1.3958592
1.3949916
1.395682
1.3950509
1.3954017
1.3954916
1.3951591
1.3951013
1.3952284
1.3952897
1.3951769
1.3953189
1.3955151
1.3954079
1.3955176
1.395615
1.3949592
1.3951272
1.3952565
1.3958763
1.3950708
1.3951018
1.3952101
1.3951954
1.3951057
1.3955805
1.3954202
1.3952627
1.3956476
1.3949022
1.3954792
1.395063
1.3955413
1.3948288
1.395219
1.395707
1.3948565
1.3952397
1.394748
1.3952134
1.3953471
1.3953913
1.3953772
1.3952265
1.39589
1.3952422
1.3956996
1.3947763
1.3949463
1.3949428
1.3950696
1.3953397
1.3950728
1.3954556
1.3949093
1.3945403
1.394652
1.3949976
1.3950857
1.3957483
1.3948532
1.3952541
1.3952508
1.3954655
1.3953233
1.3945817
1.395126
1.3950253
1.3951923
1.3953505
1.395393
1.3954782
1.3956022
1.3952156
1.3954216
1.3955648
1.3952659
1.3956404
1.3954325
1.3950986
1.3948591
1.3948975
1.3955628
1.3948673
1.3950998
1.3947625
1.3949263
1.3952355
1.3953834
1.3951435
1.3955859
1.3952082
1.394775
1.3954501
1.3956555
1.3952835
1.3959408
1.3955567
1.3946998
1.3949319
1.394932
1.3951914
1.3955308
1.3949454
1.3948189
1.3951459
1.3955721
1.3952093
1.3953549
1.394955
1.3950394
1.395013
1.3949989
1.3953495
1.395184
1.3954514
1.3948197
1.3948576
1.395194
1.3953983
1.395039
1.3945929
1.3954763
1.3946427
1.3949474
1.3947419
1.395435
1.3945583
1.3950322
1.3948271
1.3946785
1.3949537
1.3948655
1.3953716
1.3948313
1.3947223
1.3948734
1.3950325
1.395257
1.3949528
1.394992
1.3947554
1.394828
1.3951082
1.3945684
1.3948013
1.3946918
1.395196
1.3950429
1.3953044
1.3950672
1.3947028
1.3941915
1.3948786
1.3946526
1.3947601
1.3951358
1.3947643
1.3947477
1.3945466
1.3952622
1.3945847
1.395033
1.3946373
1.3942536
1.394304
1.3950793
1.3951393
1.3949722
1.3947041
1.394384
1.3944052
1.3945017
1.3951275
1.3952366
1.3947551
1.3951136
1.3951554
1.3953832
1.3945444
1.3946967
1.3948247
1.394549
1.3948858
1.394938
1.3942089
1.3948739
1.3946543
1.3941112
1.3950566
1.3951355
1.3949467
1.3948946
1.3949227
1.3949665
1.3951669
1.395271
1.3948759
1.3943255
1.3949271
1.3942393
1.3942944
1.3949493
1.3948749
1.3944255
1.39459
1.3953366
1.3947796
1.3951694
1.3944528
1.3945335
1.3949976
1.394754
1.394763
1.3942152
1.39435
1.3943745
1.3943949
1.3947
1.3945131
1.3952107
1.3941984
1.3947673
1.3947064
1.3948127
1.3946635
1.3944207
1.3947862
1.3946613
1.3948915
1.39416
1.3939196
1.3939103
1.3943192
1.3944436
1.3943056
1.3943517
1.3943306
1.394475
1.3942757
1.3941513
1.3943723
1.3946974
1.394421
1.3938618
1.3951025
1.394529
1.3948497
1.3945273
1.3942463
1.3945922
1.3945376
1.3946916
1.3949722
1.3939902
1.3945937
1.3942516
1.3939524
1.394228
1.3947562
1.3939894
1.3944968
1.3943164
1.3944826
1.3940575
1.3945278
1.394261
1.394777
1.3939809
1.394246
1.3939385
1.39426
1.3942379
1.3941011
1.3944321
1.3946238
1.394322
1.3945428
1.3938576
1.3944724
1.3942899
1.3943287
1.3940266
1.3939856
1.394047
1.3936943
1.3937122
1.3943065
1.3943887
1.3941714
1.3939117
1.3941094
1.3942181
1.394273
1.3945141
1.3936862
1.3939146
1.3936579
1.3944119
1.3935751
1.3939068
1.3939505
1.3943304
1.3939252
1.393877
1.3939894
1.3940034
1.3942646
1.3937114
1.394263
1.3941401
1.3939196
1.3940032
1.3939112
1.393824
1.3936498
1.3939168
1.3937249
1.393206
1.3930694
1.393948
1.3942161
1.393426
1.3937718
1.3937292
1.3938421
1.3938121
1.3938307
1.393635
1.3939079
1.3941003
1.3935447
1.3938175
1.3931105
1.3941823
1.393735
1.393781
1.3936969
1.3940171
1.3942553
1.3938789
1.3940814
1.3933595
1.3931881
1.3933249
1.3939078
1.3940398
1.3938726
1.3935127
1.3937197
1.3935418
1.3937049
1.3937256
1.3941722
1.3937777
1.3940407
1.3945907
1.3932588
1.393618
1.3936081
1.3934864
1.3936214
1.3930902
1.3932662
1.3934709
1.3937085
1.3934187
1.3935487
1.3939492
1.3941302
1.3929806
1.393843
1.3938215
1.3937966
1.3934507
1.3936768
1.3935951
1.3934867
1.3930521
1.3938737
1.3933746
1.3939015
1.3938812
1.3939446
1.393561
1.3938302
1.393621
1.3934116
1.3938485
1.3932167
1.3935349
1.3932557
1.3939574
1.3934647
1.3932885
1.39365
1.394117
1.3931305
1.3936324
1.3932756
1.3937017
1.3934807
1.393194
1.393349
1.3931166
1.3931768
1.3934526
1.393283
1.3935016
1.3933837
1.3931788
1.3933583
1.3934339
1.3938977
1.3934047
1.3928849
1.3934356
1.3931944
1.3935362
1.393375
1.3936872
1.3935684
1.3932194
1.3932766
1.3937916
1.3940014
1.3940643
1.393071
1.3935902
1.3929996
1.3934427
1.3934568
1.3932568
1.393282
1.392883
1.3931497
1.3930113
1.3934541
1.3927267
1.3926747
1.3931837
1.3931991
1.3938817
1.3932041
1.3930753
1.3930401
1.3936315
1.3931497
1.3936794
1.3933598
1.3930391
1.3933649
1.3930317
1.3937739
1.3931218
1.3929809
1.392837
1.3932532
1.3932804
1.3932772
1.3926185
1.39374
1.3937563
1.3932537
1.3933414
1.3928188
1.3932905
1.393159
1.392761
1.3927244
1.3928276
1.3929659
1.3931112
1.3930744
1.3931812
1.3934553
1.3926708
1.393063
1.3928162
1.3936082
1.3936237
1.3929056
1.3928367
1.3927727
1.3934087
1.3932308
1.3931514
1.3925298
1.3930117
1.3928808
1.3924234
1.3927101
1.3925394
1.393075
1.3926389
1.3924863
1.3921415
1.3931092
1.3932365
1.3928097
1.3928343
1.3922714
1.3925751
1.3934689
1.3927981
1.3928725
1.3933372
1.3927768
1.3931229
1.3926147
1.3923292
1.3924999
1.3929569
1.3926622
1.3923322
1.3929081
1.392425
1.3925393
1.3926977
1.3927556
1.392417
1.3921824
1.392411
1.3925813
1.392609
1.3926283
1.3931679
1.3924315
1.392995
1.3921691
1.3923537
1.3925649
1.3928859
1.3927882
1.3929394
1.3929472
1.3928502
1.3931022
1.392681
1.3926849
1.3927841
1.3926821
1.3925077
1.3921434
1.3932594
1.3919827
1.3923315
1.3926355
1.391927
1.3923148
1.3925084
1.3930787
1.3928498
1.3927469
1.3930124
1.3928285
1.3924708
1.3927864
1.3925376
1.392499
1.3925745
1.3930442
1.3926139
1.3924992
1.3929455
1.3922027
1.3924236
1.3925285
1.3923094
1.3924115
1.3924744
1.3920534
1.3931783
1.3926029
1.3916802
1.3921746
1.3927128
1.3925943
1.3928231
1.3919734
1.3923252
1.3924617
1.3925315
1.3921742
1.3925352
1.3923913
1.3921671
1.3923726
1.3923336
1.3918397
1.3922658
1.3923303
1.3920132
1.3921392
1.3928505
1.3920712
1.3920258
1.3918533
1.3929876
1.3921684
1.3917568
1.3923548
1.3918183
1.3918895
1.3924375
1.3922255
1.3921822
1.392265
1.3923377
1.3920156
1.3919603
1.3921264
1.3918934
1.3924018
1.392326
1.3926443
1.3921856
1.3921505
1.3921367
1.3920729
1.3923185
1.3920386
1.3923014
1.3920958
1.3919508
1.3917398
1.3920903
1.3920019
1.392172
1.3919395
1.3917074
1.3923061
1.3920081
1.3920006
1.3922472
1.3921703
1.3924521
1.3919235
1.3923311
1.3928766
1.3926529
1.3922166
1.3920016
1.3919044
1.3920921
1.3917462
1.392243
1.3920401
1.3921834
1.3920634
1.3915793
1.3917398
1.3921818
1.3917149
1.3918706
1.3916298
1.3920342
1.3920794
1.3924862
1.3920976
1.3920505
1.3918244
1.3915021
1.3919493
1.3917458
1.3917112
1.3923908
1.3910396
1.3922148
1.3920469
1.3917102
1.3919929
1.3919007
1.3919946
1.3923597
1.3920943
1.3917936
1.3921306
1.3919103
1.3912715
1.3913478
1.3920922
1.3920304
1.3919895
1.3917137
1.3915567
1.3918068
1.3916932
1.3915857
1.391829
1.3920492
1.391577
1.3916737
1.3922054
1.3916286
1.3914454
1.3914204
1.3917824
1.3915461
1.3915066
1.3913074
1.3918314
1.3921174
1.3922125
1.3920451
1.3916183
1.3915663
1.3916092
1.3918029
1.3916262
1.39149
1.3916068
1.3917837
1.3914832
1.3920257
1.392167
1.3916221
1.3914175
1.3911532
1.3915551
1.3913897
1.3913254
1.3916819
1.3915852
1.3916043
1.3920554
1.3915664
1.3916985
1.3916737
1.3917259
1.3912973
1.3916295
1.3917383
1.3914487
1.391918
1.3913987
1.3911518
1.3912345
1.3911864
1.3916931
1.3917681
1.3911911
1.3918934
1.3915905
1.3915992
1.3915609
1.3913871
1.3910913
1.391618
1.391088
1.3914202
1.3914611
1.3917696
1.3913133
1.3911942
1.3917278
1.3917242
1.3912452
1.3916191
1.3913252
1.3912666
1.3913723
1.3915333
1.3918672
1.3913195
1.391569
1.3912154
1.3914078
1.3916318
1.3918352
1.3913987
1.3911515
1.3915768
1.3916568
1.3914545
1.3917785
1.3914274
1.3911072
1.3909115
1.3918433
1.3913418
1.39137
1.3913331
1.391621
1.3913908
1.391204
1.3911467
1.3913516
1.3909436
1.3911468
1.3912808
1.3912183
1.3915364
1.3912048
1.3915001
1.3918073
1.3908548
1.3915803
1.3911301
1.391631
1.3910851
1.3912737
1.3910531
1.391403
1.3914899
1.3914269
1.3910757
1.3910625
1.3913751
1.3909328
1.3914418
1.3911667
1.3914673
1.3911858
1.3913441
1.3912761
1.3917291
1.3909183
1.3913368
1.3920884
1.3912355
1.3910221
1.3911486
1.3911622
1.390908
1.3910185
1.3909458
1.3908863
1.3906598
1.3910154
1.3912243
1.3910862
1.3907652
1.3915318
1.3913715
1.3911295
1.391385
1.3911664
1.3909732
1.3909118
1.3913194
1.3912846
1.3907171
1.3913085
1.3915098
1.3907688
1.3915341
1.390838
1.3911397
1.390583
1.390665
1.3910017
1.3908852
1.3904696
1.3910723
1.3914268
1.3910893
1.3907163
1.3912516
1.3914089
1.391321
1.3914016
1.3912307
1.390928
1.3901538
1.3906955
1.3909097
1.3911362
1.3907856
1.391167
1.3907381
1.3911614
1.391675
1.391313
1.3905972
1.3912547
1.3907213
1.3909693
1.3907335
1.3906392
1.3911686
1.3909918
1.3913233
1.3910983
1.3911649
1.3906412
1.3913628
1.3907497
1.3907651
1.3914303
1.391175
1.3912256
1.3907348
1.3904648
1.3914022
1.3906502
1.3907086
1.3905892
1.3911881
1.390707
1.3911474
1.3906025
1.3911026
1.3906509
1.391043
1.3906181
1.3905616
1.3911295
1.3910177
1.3909179
1.3905293
1.3904918
1.390865
1.390806
1.3909131
1.3906236
1.390924
1.390886
1.3907139
1.3912529
1.3911554
1.390659
1.390955
1.3908677
1.3906761
1.3905821
1.3900772
1.3905846
1.3908688
1.3906113
1.3906548
1.3905985
1.390573
1.3899716
1.3904248
1.3907441
1.3907908
1.3904927
1.3909584
1.3907104
1.3905038
1.3909794
1.3906494
1.3910908
1.3909717
1.3908101
1.3906764
1.3907074
1.3917379
1.3910364
1.3906771
1.391006
1.390848
1.3909
1.3907529
1.3909
1.3908467
1.3902582
1.3906246
1.3903059
1.3905376
1.3903347
1.3906152
1.3907347
1.3907763
1.3906205
1.3912331
1.3904905
1.3909454
1.3905143
1.3902966
1.3908652
1.3906819
1.3903131
1.391243
1.3908015
1.3901194
1.3909868
1.3905357
1.3905861
1.3904202
1.3906322
1.3905898
1.3904562
1.3900175
1.3906696
1.3906424
1.3901062
1.3903093
1.390152
1.3907247
1.3905421
1.3906621
1.3912739
1.3909652
1.3900021
1.390794
1.3911734
1.3905172
1.3903532
1.3906102
1.3903471
1.390638
1.390729
1.3908758
1.391019
1.3905302
1.3906503
1.390455
1.3904488
1.3907099
1.3908288
1.3908131
1.3904389
1.3913883
1.3905041
1.390392
1.3905265
1.3906628
1.3905082
1.3903617
1.3905265
1.3908733
1.3907702
1.3907987
1.3902578
1.3903654
1.3906388
1.3903372
1.390062
1.3905625
1.3904142
1.3909354
1.3907295
1.3901163
1.3901554
1.3908718
1.3908542
1.3905462
1.390658
1.39072
1.3904356
1.3902385
1.3903841
1.390686
1.3902406
1.3906717
1.3905749
1.390193
1.3904829
1.3905984
1.3904545
1.3907212
1.3906299
1.3904867
1.3903091
1.3902147
1.3906842
1.3903768
1.3901287
1.3910965
1.3905039
1.390096
1.3901552
1.3901595
1.3904675
1.3901931
1.3904437
1.390036
1.3903939
1.3898823
1.3898455
1.3902633
1.390211
1.3907367
1.3902292
1.3903613
1.3903544
1.390103
1.3908572
1.3902097
1.390065
1.3907353
1.390626
1.3901541
1.3901478
1.3900646
1.3900452
1.3904814
1.3901111
1.3903394
1.3899403
1.3903018
1.3906877
1.3900248
1.389884
1.3902394
1.3899679
1.3905461
1.3901879
1.3902869
1.3902507
1.390572
1.3904352
1.3903927
1.390137
1.3903153
1.3896496
1.3901047
1.3903242
1.3902677
1.3902352
1.3903711
1.3898815
1.3900425
1.3907404
1.3901745
1.3903674
1.390379
1.3904063
1.3904983
1.3904933
1.3896514
1.390027
1.3904556
1.3904587
1.3903942
1.3903949
1.3898617
1.3902997
1.3904421
1.3896971
1.3903339
1.3898014
1.3903168
1.3897895
1.3900492
1.3899709
1.3899635
1.3905913
1.390213
1.3902276
1.39009
1.3900757
1.3898605
1.3897636
1.389541
1.3896813
1.390728
1.3901901
1.3904676
1.3901182
1.3900375
1.3897566
1.3904384
1.3901763
1.3897551
1.3901936
1.3903589
1.3906204
1.3901494
1.3899586
1.3895874
1.3902056
1.3899753
1.3900702
1.390282
1.3899132
1.3900192
1.3903977
1.390066
1.3899263
1.3896234
1.390102
1.3900828
1.3905486
1.3900965
1.3898271
1.3901104
1.3901632
1.3902007
1.3905565
1.3898281
1.3901827
1.3898972
1.3899412
1.3902802
1.3902597
1.3900834
1.3897759
1.3899814
1.3902191
1.389897
1.3896507
1.3897842
1.3900911
1.3902167
1.390237
1.3900716
1.3900577
1.390085
1.3900971
1.3902632
1.3901478
1.389997
1.3899978
1.389979
1.3903463
1.3900067
1.389392
1.3895738
1.3902956
1.3901573
1.3898283
1.3897359
1.3899565
1.3896607
1.3899013
1.3897864
1.3902795
1.3900367
1.3898001
1.3903184
1.3896437
1.3899242
1.3903812
1.3896602
1.3895264
1.3898132
1.390044
1.3900508
1.3899101
1.3897676
1.3899456
1.38974
1.3898078
1.3899546
1.3905461
1.3899322
1.3902136
1.3898121
1.3891495
1.3899953
1.3899692
1.3901966
1.3897804
1.3898811
1.390151
1.3898289
1.3896112
1.3898623
1.389775
1.3901026
1.3898036
1.3901017
1.3901851
1.3901788
1.3897502
1.389736
1.3898796
1.3895127
1.389759
1.3900543
1.389845
1.3896276
1.3896029
1.3899904
1.3894364
1.3900203
1.3898361
1.389901
1.389408
1.3898689
1.3898768
1.390014
1.390131
1.3899653
1.3900065
1.3897176
1.3899832
1.3893509
1.389608
1.3895419
1.3896502
1.389916
1.3888885
1.3895444
1.3896195
1.3900038
1.3903217
1.3897973
1.38986
1.3895632
1.3901275
1.3896816
1.3894035
1.3898385
1.3898275
1.3893778
1.3897173
1.3894143
1.3892608
1.3896426
1.3896538
1.3892493
1.3893307
1.3893799
1.3898101
1.3895438
1.3891555
1.3892698
1.3899279
1.3899187
1.389472
1.389667
1.3891796
1.3894129
1.3898444
1.3891414
1.3896729
1.3899233
1.3893001
1.390009
1.3892143
1.3899692
1.3895216
1.3895195
1.3897728
1.3896215
1.3897759
1.3898162
1.3894643
1.3895719
1.3894973
1.389643
1.3894061
1.3897928
1.3897115
1.3894511
1.3895782
1.3893989
1.390133
1.3895388
1.3894725
1.3896009
1.3897135
1.3891611
1.3891912
1.3894981
1.3899372
1.3896233
1.3893412
1.3893387
1.3894669
1.389273
1.3894737
1.3895553
1.3894886
1.3896991
1.3897411
1.3899064
1.3893297
1.3897637
1.3888327
1.3897321
1.389799
1.3894719
1.3893113
1.3894871
1.3896352
1.3896209
1.389295
1.3896654
1.3892304
1.3896608
1.3893919
1.3896539
1.3893912
1.3894557
1.3890972
1.3895653
1.3892761
1.3896725
1.3893944
1.3897226
1.3888898
1.3893175
1.3896121
1.3894473
1.3895062
1.3893708
1.3891138
1.3893661
1.389282
1.3894475
1.3898382
1.3890237
1.3890116
1.3893152
1.3892645
1.3892983
1.3894441
1.3894416
1.3893132
1.3893037
1.389245
1.3891256
1.3894776
1.3896992
1.3894455
1.3894324
1.3892492
1.3892208
1.3887349
1.389642
1.388891
1.389247
1.3894173
1.3892738
1.3889065
1.3893974
1.3890662
1.3893452
1.3887761
1.3887779
1.3895522
1.3894684
1.3892646
1.3897203
1.3893582
1.3886318
1.3890804
1.3894593
1.3890882
1.3890464
1.3897849
1.3892587
1.389375
1.389084
1.3887466
1.3890653
1.3888868
1.389382
1.3891115
1.389331
1.3890499
1.389638
1.3892932
1.3894925
1.3889011
1.3893801
1.3887135
1.3892194
1.3891166
1.3886124
1.3889307
1.389423
1.3889201
1.3894881
1.3897196
1.3894371
1.3887926
1.389221
1.3893675
1.3890795
1.3894504
1.3893046
1.3892809
1.3891687
1.3888085
1.3888593
1.3890768
1.3894937
1.3893136
1.389101
1.3892652
1.3893092
1.3887916
1.388732
1.3890148
1.3887575
1.3893898
1.389473
1.3886844
1.3888308
1.3896397
1.388884
1.3892488
1.3888713
1.3890941
1.3889587
1.3890641
1.3897083
1.3893343
1.388906
1.3889707
1.3891864
1.3893431
1.3886023
1.3889726
1.3887813
1.3888518
1.3888929
1.3889241
1.3890249
1.3887794
1.3896215
1.3886659
1.3890082
1.3894057
1.3892964
1.3887832
1.3892578
1.3891631
1.3883944
1.3891858
1.3887433
1.3890857
1.3887771
1.3889424
1.3889983
1.3888592
1.3887974
1.3886341
1.3893427
1.3889219
1.3886125
1.3893062
1.389225
1.3891177
1.388472
1.3885877
1.3887516
1.3890574
1.3893048
1.3888042
1.3881832
1.3888345
1.3888887
1.389047
1.3890449
1.389005
1.3885604
1.3888569
1.3883715
1.3887349
1.3889915
1.3890861
1.3888769
1.3886166
1.3884083
1.3889676
1.3891116
1.3889428
1.3886263
1.3887352
1.3883321
1.3882093
1.3888388
1.3891318
1.389257
1.388625
1.3887526
1.3888662
1.3889698
1.3884809
1.3887782
1.3885665
1.3886684
1.3889707
1.3889883
1.3884395
1.3886986
1.3887719
1.3891281
1.3885438
1.3885691
1.3884803
1.3882602
1.3889987
1.3884814
1.3891307
1.3887419
1.3885481
1.3886924
1.3888429
1.3889081
1.3886126
1.3886838
1.3883035
1.3890444
1.3886158
1.3888639
1.3888121
1.3888482
1.3882308
1.3885825
1.3883414
1.3884535
1.3885694
1.3886144
1.3887271
1.3887018
1.3887649
1.3887761
1.3882924
1.3880901
1.3887095
1.3883276
1.3886545
1.3886795
1.3884388
1.3885264
1.3886629
1.3888108
1.3887794
1.388509
1.3886487
1.3885465
1.3889525
1.3882577
1.388849
1.3885908
1.3887665
1.3886352
1.3883073
1.3887975
1.3882157
1.3885543
1.3885516
1.3887268
1.3883148
1.3885311
1.3887593
1.3882082
1.3887979
1.388452
1.3882862
1.3885483
1.3883471
1.3886673
1.3888954
1.3881214
1.3884573
1.3882552
1.3888737
1.3886954
1.3887634
1.3886741
1.3881685
1.3885014
1.388596
1.3884155
1.3884977
1.3886025
1.3884169
1.3887833
1.3883456
1.3884357
1.3884747
1.3882054
1.3881053
1.3882856
1.3881453
1.3880501
1.3887873
1.3883362
1.3886856
1.3889215
1.3885487
1.388505
1.3886207
1.3880658
1.3881272
1.3886218
1.3885913
1.3882927
1.3883787
1.3882958
1.3883904
1.3889667
1.3877935
1.3885671
1.388447
1.3880663
1.3887883
1.3882003
1.3886067
1.3884404
1.3882835
1.3884329
1.3886231
1.3885401
1.3878285
1.3880322
1.3886786
1.3887675
1.388477
1.3885866
1.388618
1.3875914
1.3883053
1.3881618
1.3885851
1.3883682
1.3880771
1.3881996
1.3886918
1.3882291
1.3886684
1.3879653
1.3884073
1.3883483
1.3883454
1.3885295
1.3882781
1.388182
1.3879302
1.3885221
1.388202
1.3880305
1.3879875
1.3883065
1.3881884
1.3884867
1.3883812
1.3884765
1.388182
1.387942
1.3884115
1.3879896
1.3881744
1.3877339
1.3883791
1.3880914
1.3878055
1.3883841
1.3881
1.3885417
1.3882251
1.3883648
1.388141
1.3880548
1.3881772
1.3882381
1.3882804
1.3879309
1.3883504
1.3880293
1.3877845
1.3882189
1.3880547
1.3878542
1.3884054
1.38836
1.3881413
1.3880864
1.3881693
1.3882061
1.3884131
1.388082
1.3881832
1.387571
1.3880061
1.3879429
1.3879483
1.388332
1.3883013
1.387788
1.3877327
1.3880135
1.3880192
1.3881495
1.3878871
1.3881847
1.3880959
1.3879391
1.3876163
1.3878591
1.3879086
1.3880688
1.3875691
1.3881844
1.3879616
1.3884566
1.3873594
1.3878583
1.3879949
1.3877939
1.3879715
1.3882216
1.3879291
1.3880752
1.387681
1.3880192
1.3875151
1.3873819
1.3881016
1.3882166
1.3875947
1.3877747
1.3877203
1.3879062
1.3882179
1.387479
1.3882113
1.3881162
1.388284
1.3882643
1.3875072
1.3876921
1.3879476
1.3880217
1.3875704
1.3876015
1.3879814
1.3884292
1.3877758
1.387543
1.3882365
1.3876194
1.3880404
1.3879937
1.3880211
1.3878518
1.3877009
1.3877331
1.3878016
1.3874286
1.3879837
1.3878626
1.3878367
1.3877358
1.3875602
1.387822
1.3875046
1.3881061
1.3875283
1.3878261
1.3878292
1.3879403
1.387839
1.3883568
1.3881421
1.3878084
1.3884414
1.3879082
1.3882613
1.3884217
1.3880574
1.388353
1.3880879
1.3874251
1.3876553
1.3879263
1.3880022
1.3881431
1.3876023
1.387688
1.3873088
1.3877285
1.3881801
1.3877741
1.3878332
1.3877629
1.3878264
1.3881434
1.387826
1.387984
1.387499
1.3876821
1.3877103
1.3875263
1.3880955
1.3877207
1.3875741
1.388002
1.3882195
1.3875393
1.3874629
1.3878424
1.3880734
1.3878736
1.3874722
1.3876923
1.3878926
1.3876466
1.3875606
1.3882183
1.3880382
1.3877115
1.3874801
1.387585
1.3882449
1.387978
1.3880281
1.3874375
1.3879448
1.3883123
1.387501
1.3880736
1.3878982
1.3874695
1.3881918
1.3878736
1.3877057
1.3873141
1.387891
1.3877949
1.3877454
1.3879398
1.3879207
1.3874527
1.3875196
1.3874977
1.3872925
1.3882622
1.3877796
1.3881947
1.3876853
1.3873631
1.3877958
1.3874747
1.3872681
1.387543
1.3878531
1.3878174
1.3878665
1.3878889
1.387308
1.3873668
1.3877343
1.387989
1.3874673
1.3876868
1.3871921
1.38699
1.3874855
1.3877478
1.3876346
1.3877414
1.3876424
1.3873969
1.3875054
1.3876932
1.3876873
1.3876517
1.3880056
1.3874846
1.3873711
1.3877883
1.38765
1.387301
1.3880422
1.3874829
1.3875109
1.3871695
1.387285
1.3876839
1.3878424
1.387508
1.3875794
1.3874048
1.3878032
1.3874148
1.3873739
1.3878096
1.3879539
1.3876377
1.3878722
1.3874274
1.3877788
1.3877571
1.3873382
1.3874538
1.3877466
1.3875284
1.3877562
1.3877558
1.3880464
1.3875768
1.387526
1.3872658
1.3871803
1.3873751
1.3873322
1.3876903
1.387633
1.3870273
1.3875524
1.3868028
1.3878628
1.3872665
1.3873653
1.3872759
1.3871521
1.3871524
1.3877088
1.3873488
1.3881813
1.3875937
1.3873562
1.387356
1.3883038
1.3876522
1.3873702
1.3867573
1.3877274
1.387464
1.3873936
1.38727
1.3873664
1.3871063
1.3874451
1.3877484
1.3873707
1.3879791
1.38788
1.3876396
1.3873546
1.3870543
1.3876133
1.3875039
1.3874948
1.3874123
1.3867495
1.3871139
1.3875932
1.3874507
1.3871363
1.3874596
1.387727
1.3875878
1.3875433
1.387356
1.3867102
1.3873845
1.3872523
1.3879055
1.38723
1.3873055
1.3878543
1.387674
1.387606
1.3873645
1.3874066
1.3875724
1.3875641
1.3873426
1.3872972
1.3879707
1.3871142
1.3875498
1.3876436
1.3873886
1.3874199
1.3877758
1.3872312
1.3877174
1.3879995
1.3878775
1.3872249
1.386996
1.3873135
1.3872162
1.3875765
1.3872932
1.3877467
1.3870761
1.3873948
1.3873771
1.3871393
1.3870958
1.3871336
1.3869758
1.387941
1.3876877
1.3872277
1.3875616
1.3872701
1.3874416
1.3869963
1.3871654
1.3873036
1.3875791
1.3877041
1.3875971
1.3874239
1.3874478
1.3875613
1.3873459
1.3874724
1.3873556
1.3869818
1.3872951
1.3874353
1.3872508
1.3871446
1.3873873
1.3875837
1.3874063
1.3873385
1.3867884
1.3874508
1.3877438
1.3873516
1.3871802
1.3877228
1.3876972
1.3870573
1.387187
1.3873017
1.3876228
1.3874476
1.3873203
1.3876927
1.3875067
1.387036
1.387384
1.3869295
1.3873037
1.387439
1.3870164
1.3874813
1.3873768
1.3871119
1.3871208
1.38696
1.3868318
1.387246
1.3876538
1.3874106
1.3874228
1.3873707
1.386992
1.3873931
1.3871222
1.387098
1.3876295
1.3874351
1.3876212
1.3874696
1.3872299
1.3873562
1.3875347
1.3868214
1.3878514
1.3875479
1.3871032
1.3874714
1.387342
1.3878009
1.387379
1.3874941
1.3869271
1.3872304
1.387311
1.3868638
1.3871007
1.3874058
1.3876435
1.386975
1.3870575
1.3869741
1.3878902
1.3871177
1.387347
1.387017
1.3878227
1.3873935
1.3873607
1.3870693
1.3872709
1.3872917
1.3873776
1.3867562
1.3872551
1.387366
1.3876407
1.3874185
1.3872939
1.3877689
1.3877252
1.3874487
1.3870676
1.387009
1.3874611
1.3871756
1.3872006
1.3868144
1.3870821
1.3872344
1.3874682
1.3874894
1.3870503
1.3875692
1.3868566
1.3874912
1.3872036
1.3871845
1.3870454
1.386973
1.3873824
1.3867489
1.3873061
1.3875729
1.3872532
1.3871139
1.3873379
1.3877143
1.3870201
1.3874239
1.3872851
1.3874347
1.3871369
1.3876346
1.3875042
1.3870276
1.3870566
1.387513
1.3873974
1.3873113
1.3870078
1.3873646
1.3876742
1.3867575
1.387093
1.3867928
1.3875748
1.3871971
1.3878074
1.38694
1.3877153
1.3873943
1.387152
1.3871275
1.3870375
1.3870891
1.3871609
1.3874413
1.3873001
1.3875062
1.3874063
1.3871757
1.3873425
1.3869652
1.3868797
1.3876407
1.3871549
1.3869177
1.3870249
1.3870885
1.3874643
1.3873279
1.3873258
1.3875515
1.3872159
1.3872031
1.3871589
1.3872894
1.3872473
1.3865708
1.3872842
1.3868084
1.38695
1.3871126
1.3874725
1.3874629
1.3872925
1.387733
1.3873327
1.3875204
1.3868347
1.3868934
1.3869452
1.3872582
1.3868939
1.3868258
1.3874738
1.3874274
1.387075
1.3871266
1.3869454
1.3873678
1.38699
1.3872169
1.3870374
1.3870262
1.3869957
1.3869548
1.3880231
1.3874558
1.3867773
1.387048
1.3872654
1.3870215
1.3872421
1.3871168
1.3871603
1.3874277
1.3874807
1.3872197
1.3871157
1.3870624
1.3870482
1.3869282
1.3871065
1.3868902
1.3871307
1.3874042
1.3873599
1.387195
1.387312
1.3866962
1.3871262
1.3877072
1.38726
1.3875177
1.3873799
1.387336
1.3872747
1.3872411
1.3869625
1.3872223
1.3870426
1.3873626
1.3874995
1.3875786
1.3869016
1.3871931
1.3871818
1.3873742
1.3872437
1.3874617
1.3870968
1.3868127
1.3870289
1.3874823
1.3876253
1.3872762
1.3874961
1.3868386
1.3872355
1.3872113
1.3874489
1.386959
1.3871323
1.387367
1.3869991
1.387084
1.3868465
1.3870645
1.387685
1.3872133
1.3873392
1.3870604
1.38728
1.3870901
1.3871412
1.3876748
1.3872597
1.3871183
1.3872542
1.3875693
1.3869029
1.3871516
1.3870933
1.3874954
1.3874519
1.3873466
1.3870571
1.3872492
1.3869821
1.3875666
1.3870256
1.3871628
1.3870245
1.3871404
1.3873905
1.3871286
1.3875864
1.3869125
1.3867464
1.387231
1.3875004
1.3871586
1.387438
1.3872695
1.3872465
1.3871175
1.3872455
1.3870505
1.3871769
1.3872141
1.387714
1.3870758
1.3871216
1.386949
1.3870714
1.3872511
1.3878406
1.3868734
1.3870261
1.387044
1.3874116
1.3869791
1.3867753
1.3873386
1.3871641
1.3872584
1.3869451
1.3865916
1.3871024
1.387042
1.386957
1.3872693
1.3872864
1.3872582
1.3873714
1.3869998
1.3868659
1.3874074
1.3869002
1.3869734
1.3871671
1.3874712
1.3875301
1.3877429
1.3872364
1.3866873
1.38703
1.3874623
1.387424
1.3873879
1.3873084
1.3865188
1.3868978
1.3875926
1.3874762
1.3873188
1.3864342
1.3869139
1.3872354
1.3866943
1.387271
1.3875132
1.3874748
1.3874007
1.3869843
1.387045
1.3874346
1.3871051
1.3871676
1.3870592
1.3869298
1.3877634
1.3873074
1.3872887
1.3872775
1.3871447
1.38747
1.3873549
1.3871465
1.3872458
1.3873276
1.3873321
1.387645
1.3872429
1.3875674
1.3869727
1.3871956
1.3870136
1.3872436
1.386845
1.3869047
1.3870764
1.3876735
1.3874679
1.3870974
1.3871859
1.386931
1.3868977
1.3866256
1.3874552
1.3872939
1.3869056
1.3869911
1.38754
1.3875735
1.3868096
1.3872118
1.3873159
1.387035
1.38725
1.3873214
1.3876083
1.3871863
1.3870515
1.3870164
1.3872259
1.3869547
1.3869958
1.386815
1.3873315
1.3870903
1.3879384
1.3868968
1.3870134
1.3867841
1.3875427
1.3874624
1.387142
1.3870698
1.3871862
1.3877251
1.3873665
1.3870649
1.3870492
1.3872871
1.3870081
1.387723
1.3871623
1.3872883
1.3867506
1.3873299
1.3870397
1.3874806
1.3873215
1.38678
1.3871169
1.3874979
1.3872448
1.3869416
1.387361
1.3873512
1.3873434
1.3872333
1.3871204
1.386539
1.3874241
1.3870777
1.3870069
1.3873403
1.3872216
1.3871558
1.3870429
1.3874011
1.3864977
1.3874068
1.3868773
1.387102
1.3874081
1.3869802
1.3872093
1.3871073
1.3872784
1.3871944
1.387147
1.3868679
1.3871076
1.3871932
1.3871734
1.3872914
1.3872128
1.3869784
1.3870306
1.3869337
1.3872619
1.3871595
1.3871653
1.387025
1.3870915
1.3870023
1.387107
1.3873664
1.3878148
1.3870882
1.3874724
1.3874677
1.3868247
1.3871297
1.3871671
1.3870513
1.3871896
1.3868247
1.3873665
1.3872321
1.3868594
1.3867925
1.3871971
1.3875309
1.3876096
1.3873835
1.3869865
1.3872036
1.3873228
1.3870966
1.3872348
1.3874954
1.3872815
1.3870397
1.3872666
1.3873414
1.3872957
1.3876005
1.3870819
1.3874401
1.387161
1.387022
1.3871616
1.3869857
1.3871907
1.3874005
1.3871902
1.3872477
1.3871723
1.3870511
1.3872519
1.3865933
1.3869175
1.3863376
1.3874111
1.3874762
1.3869567
1.3869721
1.3870585
1.3878453
1.3874549
1.387514
1.3869644
1.3867044
1.3867301
1.3870496
1.3877085
1.3866378
1.3873733
1.387199
1.387084
1.3869387
1.3873848
1.387107
1.3871737
1.3869385
1.3873585
1.3873031
1.3873518
1.3869076
1.3871927
1.387157
1.387422
1.387349
1.3867407
1.3872513
1.387227
1.3872422
1.3875544
1.3872856
1.387223
1.3877157
1.3871399
1.386996
1.387052
1.3872002
1.3871514
1.3869445
1.387513
1.3872054
1.387689
1.3872741
1.3873854
1.3873595
1.3869361
1.3873031
1.3873023
1.3873621
1.3871647
1.3871871
1.3873614
1.3874447
1.3872436
1.3873919
1.387078
1.3874204
1.3869673
1.3877339
1.3871742
1.3878616
1.3873988
1.3873177
1.3878701
1.3871087
1.386941
1.3877562
1.3875077
1.3870771
1.386948
1.3870195
1.3877003
1.3875037
1.3878192
1.3875113
1.3876988
1.3870153
1.3872143
1.3874483
1.3871099
1.3871216
1.386995
1.3870721
1.3870822
1.3873447
1.3869587
1.3872267
1.3869699
1.387309
1.3871415
1.3876925
1.3871635
1.3873148
1.387427
1.3875135
1.3870443
1.3875735
1.3874214
1.3873571
1.3871968
1.3876255
1.3877912
1.3871378
1.387028
1.3871872
1.3867943
1.3875972
1.3878045
1.387219
1.3871185
1.3867986
1.3873307
1.387325
1.3870928
1.3870194
1.3869678
1.3871151
1.3872845
1.387636
1.3871524
1.3875781
1.3871151
1.3873547
1.3868977
1.3870807
1.3869796
1.3876797
1.3871628
1.3874135
1.3869324
1.3870019
1.3874341
1.3874197
1.3870436
1.387439
1.387127
1.3874415
1.387659
1.3871329
1.3875599
1.3878208
1.3872992
1.3869326
1.3874195
1.3872563
1.387455
1.3871998
1.3875531
1.3873587
1.387929
1.3871783
1.3871047
1.3874688
1.3870561
1.3870543
1.3876635
1.387269
1.3873835
1.3872509
1.3873581
1.3870565
1.387585
1.3873004
1.3875399
1.3872577
1.3874991
1.3871889
1.3877165
1.387278
1.387211
1.387419
1.3867955
1.3875474
1.3870814
1.3876398
1.3872381
1.3872719
1.3875257
1.3877968
1.3876561
1.3878012
1.3874626
1.3866473
1.3873487
1.3870946
1.387505
1.3876494
1.3876247
1.3873783
1.3876591
1.3868877
1.3873625
1.3871434
1.3875418
1.3870941
1.3871177
1.3870834
1.3871981
1.3872772
1.3873183
1.3869998
1.3873247
1.3871948
1.3874485
1.3876121
1.3874227
1.3872557
1.3873268
1.3877692
1.3872597
1.3872474
1.3873068
1.3876265
1.3874232
1.3874432
1.3873228
1.3873813
1.3874477
1.387719
1.3876319
1.3873652
1.3873751
1.3873751
1.387345
1.3877707
1.3877432
1.3873688
1.3870556
1.3873396
1.3872172
1.387318
1.386997
1.3872905
1.3872577
1.3872623
1.3877414
1.387219
1.3877542
1.3873497
1.3881662
1.3871369
1.3872665
1.3870723
1.3872176
1.3874432
1.3874288
1.387357
1.3877072
1.3875729
1.387267
1.3869804
1.3872786
1.3875582
1.3878012
1.3873521
1.3872524
1.387502
1.387065
1.3879045
1.3873402
1.38759
1.3870369
1.3867346
1.3875096
1.387524
1.3873768
1.387655
1.3880574
1.3873698
1.3873007
1.3868469
1.3872771
1.387454
1.3873062
1.3871527
1.3877441
1.386926
1.3872681
1.3868815
1.3873327
1.3875548
1.3876894
1.3873919
1.3872173
1.3872614
1.3874565
1.3871708
1.3878244
1.3874397
1.3873585
1.3873813
1.3872887
1.3878485
1.3870498
1.387091
1.3868728
1.387086
1.387818
1.3872701
1.3873557
1.387279
1.3874762
1.3870145
1.3873538
1.3875045
1.3870876
1.3875374
1.387314
1.3875653
1.3873626
1.3876034
1.3873693
1.3874565
1.3875438
1.3875957
1.3870759
1.3870014
1.3875139
1.3873764
1.387325
1.3875078
1.3875633
1.3876789
1.3876078
1.3877442
1.387621
1.3880943
1.3874898
1.3876218
1.3872296
1.3877997
1.3872786
1.3873383
1.3878661
1.3875501
1.3872766
1.3869375
1.3870896
1.3876407
1.3875393
1.3865408
1.387024
1.3875871
1.3876208
1.3872331
1.3878716
1.3872582
1.3876722
1.3874006
1.3879172
1.3878193
1.3880918
1.386892
1.3875141
1.387419
1.3876531
1.387995
1.3874097
1.3873978
1.3877337
1.3875141
1.3870105
1.3873733
1.3873559
1.387769
1.3880838
1.388028
1.3872706
1.3877167
1.3877535
1.387473
1.3870842
1.3873966
1.387484
1.3877417
1.3877796
1.387308
1.3872789
1.3874242
1.3875926
1.3872
1.3874867
1.3874271
1.3874155
1.3874559
1.3876567
1.3877827
1.3873698
1.3870605
1.3875967
1.387842
1.3874749
1.3872786
1.3880011
1.3877156
1.3876523
1.3878394
1.3872863
1.3874516
1.3875437
1.387597
1.3876988
1.387526
1.3874784
1.3874451
1.3875418
1.3874923
1.3877026
1.3875605
1.3869237
1.3875537
1.3871617
1.3875889
1.3879822
1.3872001
1.387884
1.386887
1.3872534
1.3878213
1.3874866
1.3882245
1.3876587
1.3876644
1.3874794
1.3877907
1.3876357
1.387452
1.3876059
1.3876014
1.3876748
1.3879925
1.3876672
1.3874586
1.3873428
1.3873163
1.3874737
1.3874235
1.3873072
1.3876853
1.3871694
1.3875141
1.387808
1.3876587
1.3875501
1.3873523
1.3872454
1.3877739
1.3878145
1.3882076
1.387659
1.3881551
1.387254
1.3874787
1.387818
1.3875926
1.3877697
1.3875002
1.3869439
1.387452
1.3874489
1.387649
1.3870896
1.3877211
1.3877276
1.3875861
1.3878342
1.3876581
1.3879353
1.3875245
1.3876848
1.3875455
1.3878284
1.3874305
1.3876696
1.3876827
1.3875815
1.3877127
1.3877472
1.3882152
1.3875746
1.38718
1.3877944
1.3875217
1.3874758
1.3869599
1.3879637
1.3875362
1.3876396
1.3876587
1.3870479
1.387941
1.3876987
1.3875748
1.3873838
1.3876058
1.3878841
1.387127
1.3877373
1.3874131
1.3872489
1.387873
1.3878247
1.387667
1.3869276
1.3881928
1.3875985
1.3875316
1.387513
1.3875654
1.387629
1.3873576
1.3868593
1.388044
1.3876679
1.3878767
1.3872652
1.387227
1.3877982
1.3881199
1.3874248
1.387027
1.387391
1.3876797
1.3878593
1.3879153
1.387678
1.3876277
1.387712
1.3875239
1.3877203
1.3871462
1.3875978
1.3878062
1.3872361
1.3876883
1.3876243
1.3875985
1.3874325
1.3876457
1.3874617
1.3874464
1.38769
1.387244
1.3875164
1.3875333
1.387839
1.3875229
1.3881693
1.3876405
1.3872422
1.387738
1.3873444
1.3876201
1.387797
1.3875897
1.3880886
1.3875875
1.3874725
1.3879399
1.3874781
1.387808
1.3876882
1.3879756
1.3876877
1.3877996
1.3877432
1.3878921
1.3877931
1.3880268
1.387714
1.388301
1.3877203
1.3876636
1.387415
1.3871723
1.3874925
1.3876998
1.3879043
1.3876157
1.3881092
1.3879198
1.3879763
1.3876196
1.3874464
1.3878454
1.3878574
1.3873929
1.3872942
1.387408
1.3876122
1.3872513
1.3879421
1.3877577
1.3876624
1.3874846
1.3876643
1.3880417
1.3875936
1.3877586
1.3873454
1.3876897
1.3877664
1.3882545
1.387599
1.3877039
1.3876971
1.3873329
1.3881599
1.3879775
1.388135
1.3876618
1.3879049
1.3875306
1.3876843
1.3874139
1.388107
1.3877647
1.3874037
1.3876876
1.3877358
1.3880154
1.3872929
1.3877912
1.3878148
1.3874404
1.3874636
1.3875742
1.3880278
1.3876607
1.3875409
1.387218
1.3878872
1.3876575
1.3878933
1.3880727
1.3876524
1.387954
1.3876678
1.387219
1.387901
1.3878418
1.3880796
1.3876806
1.3876098
1.3876939
1.3878037
1.3873663
1.3876193
1.3876026
1.3876066
1.387606
1.3877623
1.3875443
1.3873271
1.3874654
1.3877903
1.3871735
1.3879309
1.3882729
1.3878412
1.3879535
1.3876429
1.3874601
1.3875697
1.3883382
1.3879228
1.3876485
1.387866
1.3876133
1.3878356
1.3878202
1.3879015
1.3876877
1.3877318
1.3878726
1.3881928
1.3875265
1.3879485
1.3879328
1.3872957
1.3878444
1.3873944
1.3877459
1.3881582
1.3878733
1.3876712
1.38819
1.3875283
1.3875412
1.3880246
1.3879877
1.3876096
1.3881633
1.3879782
1.3881011
1.3870925
1.3879294
1.3877225
1.3878332
1.3883164
1.3882546
1.3879197
1.3879219
1.3877085
1.3878554
1.3879693
1.3878689
1.3874831
1.3882121
1.3869888
1.3881599
1.3877987
1.3879896
1.3882515
1.3876251
1.3875083
1.3880844
1.3877777
1.3880979
1.3877313
1.3878809
1.3878586
1.3877183
1.3878453
1.3880848
1.3876278
1.3878288
1.3868648
1.3880395
1.3875068
1.3879203
1.3879776
1.3877283
1.38825
1.3881787
1.3878679
1.3880786
1.3880894
1.3877685
1.3875767
1.3875881
1.38751
1.3874682
1.3879215
1.3879423
1.3877739
1.3879803
1.3878212
1.3877431
1.3875979
1.3881118
1.3879732
1.3875889
1.387333
1.3884934
1.3877319
1.3881109
1.3877988
1.3880894
1.3881516
1.3876714
1.3880649
1.3877579
1.387595
1.3880388
1.3878788
1.3881116
1.3876319
1.3881165
1.3880364
1.387668
1.3879377
1.3877248
1.3883047
1.3876295
1.3879426
1.3881398
1.3875173
1.3876731
1.3880551
1.3874614
1.3880723
1.3876078
1.3880757
1.3882867
1.3882656
1.3877783
1.3876272
1.3879784
1.3880007
1.3876638
1.3874983
1.3884524
1.3877317
1.3878475
1.3881515
1.3873245
1.387798
1.3878405
1.3874546
1.3877778
1.3877674
1.3883514
1.3881515
1.3878613
1.3878131
1.3879608
1.3875017
1.388203
1.3878423
1.3877597
1.3879776
1.3875924
1.3878884
1.3877208
1.3881857
1.3874588
1.387454
1.3878165
1.3879818
1.3877106
1.3879348
1.3876352
1.3876498
1.388396
1.387938
1.3879474
1.3880656
1.3877064
1.3879496
1.3875848
1.3878623
1.3878187
1.3880751
1.3878123
1.3879719
1.3874954
1.387822
1.3879279
1.3881783
1.3877065
1.3877872
1.3878785
1.387979
1.3880612
1.388287
1.3880501
1.3880892
1.3875328
1.3882719
1.3878759
1.3883779
1.3877293
1.388129
1.3879185
1.3876829
1.388334
1.3877121
1.3879821
1.3878647
1.3879467
1.3875651
1.388136
1.3879374
1.3877922
1.3884497
1.3875097
1.3878157
1.3875947
1.3879985
1.3879039
1.3877641
1.3876063
1.3874063
1.3877763
1.387945
1.3880953
1.3877435
1.3879753
1.388317
1.3885764
1.3878908
1.3880497
1.3879093
1.3878418
1.3876439
1.3877094
1.3877634
1.3879168
1.3878547
1.3876628
1.3880005
1.3879493
1.3880838
1.3882108
1.3881255
1.388119
1.3877661
1.3881083
1.387929
1.3880163
1.3884257
1.3878398
1.3879158
1.387921
1.3883332
1.3883921
1.387901
1.3878483
1.3876219
1.388067
1.3878434
1.3876069
1.3881012
1.388278
1.3880296
1.3879789
1.3880111
1.3876301
1.3880965
1.3876637
1.3878368
1.3878355
1.388268
1.3877349
1.3883728
1.3877867
1.3877994
1.3884386
1.3875346
1.3884536
1.3877472
1.38766
1.3878105
1.3881731
1.3875755
1.3875718
1.3879031
1.3880588
1.3883715
1.3879254
1.388007
1.3877306
1.3881334
1.3881679
1.3881727
1.3876644
1.3874568
1.3878819
1.3882817
1.3878489
1.3877026
1.3882309
1.3878456
1.3883619
1.3881527
1.387875
1.3881334
1.387991
1.3878946
1.3878964
1.388123
1.387875
1.3885124
1.3878236
1.3875074
1.3880118
1.3877707
1.3879143
1.3874372
1.387874
1.3879992
1.3881496
1.3876086
1.3876625
1.3877504
1.3876821
1.3879529
1.3881067
1.388268
1.3881351
1.3880677
1.38787
1.3877141
1.388173
1.3878311
1.3878769
1.3881927
1.3880051
1.3881197
1.3880824
1.3881
1.3877776
1.3880457
1.3880911
1.3875203
1.3875715
1.3883041
1.3880886
1.3874269
1.387782
1.3878838
1.3880613
1.3881704
1.3879855
1.3877792
1.3880842
1.3875757
1.3877934
1.3881202
1.3879085
1.388097
1.3881807
1.3880681
1.3881627
1.3882709
1.388421
1.3878143
1.3881844
1.3881305
1.3879334
1.388043
1.3878626
1.3879156
1.3880087
1.3874435
1.388259
1.3880804
1.388203
1.3880485
1.3880363
1.3876412
1.3882761
1.3881574
1.3881128
1.3880552
1.3880439
1.3875471
1.3878125
1.388051
1.3880383
1.3878247
1.3885024
1.3874576
1.388031
1.3880237
1.3879938
1.3880084
1.3879976
1.3882368
1.3880513
1.3877158
1.3881813
1.3883337
1.388065
1.3881603
1.3879912
1.3882132
1.388061
1.3880514
1.38725
1.3875129
1.3875955
1.3880402
1.3882003
1.3883734
1.3881638
1.3883632
1.3882846
1.3879123
1.387924
1.3880994
1.3879466
1.3879995
1.3877758
1.3879507
1.3880483
1.3882872
1.3883141
1.3877963
1.3878374
1.3879119
1.3877889
1.3876823
1.3877909
1.3880775
1.387866
1.3877826
1.3880656
1.3877683
1.3879304
1.3880786
1.3879932
1.3880385
1.3879716
1.3880243
1.3879294
1.3880205
1.3879492
1.3882695
1.3879406
1.3881007
1.3874819
1.3884081
1.3884083
1.3876022
1.3877804
1.3881044
1.3879353
1.387508
1.3879892
1.3878663
1.387797
1.3878812
1.387805
1.3876108
1.3879791
1.3880465
1.3877865
1.3876238
1.3877416
1.3881493
1.3879855
1.3881714
1.3880624
1.3883339
1.3878882
1.3885028
1.3879923
1.3879791
1.3876277
1.3875599
1.3879435
1.3878523
1.3878914
1.3878455
1.3874261
1.3882481
1.388322
1.3883047
1.3874475
1.3880987
1.3881749
1.3880117
1.3879266
1.3877742
1.3876083
1.3882685
1.3875333
1.3877891
1.3882347
1.3878068
1.3878027
1.3878152
1.3882781
1.3878872
1.388208
1.3878033
1.3879336
1.3881968
1.3881088
1.388154
1.3880912
1.3880562
1.387945
1.387676
1.387653
1.3881438
1.3881019
1.3879507
1.3879309
1.3879488
1.3884274
1.388003
1.3884016
1.3877417
1.3880774
1.3879696
1.3877758
1.3879492
1.3876221
1.3879931
1.3879848
1.3880756
1.3881644
1.3882132
1.3878996
1.3880216
1.3884383
1.3877265
1.3879445
1.3878281
1.3880033
1.387826
1.3880061
1.3879904
1.3880653
1.3880105
1.3876398
1.3876318
1.3878751
1.3878764
1.3881035
1.3878579
1.387949
1.3878331
1.3882757
1.3880028
1.388245
1.3882202
1.3878677
1.3875061
1.3878819
1.3881298
1.3881977
1.3881145
1.3877628
1.3878232
1.3879402
1.3879234
1.3877287
1.3877461
1.3879004
1.3881719
1.3881596
1.3879305
1.3882211
1.3879845
1.3878126
1.3882537
1.3883691
1.3880808
1.3881999
1.3879246
1.3878622
1.3878764
1.3880513
1.3872616
1.3879915
1.3877592
1.3881378
1.3881769
1.3881058
1.3874136
1.3879868
1.3881851
1.3876939
1.3885015
1.3876023
1.3878403
1.3878237
1.3877614
1.3883473
1.3883562
1.3877851
1.387911
1.3881003
1.3881145
1.3876677
1.3879665
1.388122
1.3882614
1.3878707
1.3878754
1.3880725
