0.70657927
0.71192265
0.6735554
0.65526277
0.6705992
0.66832805
0.67029303
0.67004114
0.6691876
0.6713685
0.67436713
0.6742395
0.6747627
0.6741696
0.67495364
0.67503387
0.67485094
0.67800826
0.67816293
0.67847365
0.67863846
0.6808378
0.6807517
0.6829152
0.68249005
0.68375826
0.68448335
0.68535686
0.6862382
0.6861096
0.686725
0.68633634
0.6881259
0.68787545
0.68848056
0.6881605
0.6889491
0.69028187
0.69106424
0.6914947
0.69109
0.6931078
0.6922102
0.6931706
0.6939108
0.69261724
0.693545
0.6949493
0.6927421
0.6935653
0.69416755
0.6946741
0.69435525
0.69434786
0.6937797
0.6935091
0.6931121
0.69469726
0.6950288
0.6926405
0.6932311
0.6929763
0.6923173
0.69244736
0.69117534
0.6919926
0.69198835
0.69218236
0.6922147
0.69137895
0.69354665
0.69147164
0.6898443
0.6918543
0.6927932
0.68991554
0.6910616
0.6926933
0.6927359
0.69396615
0.6927126
0.6911041
0.69088644
0.6899155
0.68444365
0.6865133
0.68873787
0.6889268
0.68660194
0.6863229
0.6881656
0.688285
0.68919164
0.6897949
0.69004744
0.690855
0.69033355
0.6903899
0.68823546
0.6902841
0.6887183
0.69048154
0.69102365
0.69086945
0.691346
0.6902547
0.6895644
0.68987256
0.68795264
0.6910579
0.68955374
0.6908373
0.68753725
0.68984795
0.69019765
0.69363755
0.6909857
0.68950135
0.689725
0.69283134
0.6931124
0.6940827
0.69171
0.69383025
0.6934955
0.69649935
0.6926236
0.6927247
0.69054395
0.6915442
0.6944478
0.69374466
0.6928454
0.6933086
0.69169956
0.6918271
0.69361174
0.69243765
0.69172645
0.6953435
0.69687486
0.6895979
0.6932189
0.6939114
0.69164824
0.69173884
0.6920524
0.69422644
0.6910881
0.6940754
0.6962598
0.69394827
0.69725686
0.6957758
0.6932886
0.69085836
0.69659084
0.69919133
0.69326
0.6951557
0.69409704
0.69458365
0.69701815
0.69532603
0.6932317
0.6944683
0.69541305
0.69660586
0.695039
0.69497466
0.695472
0.6981954
0.69562787
0.6983086
0.6960314
0.69646436
0.6960664
0.69404554
0.6948323
0.69639826
0.7022497
0.6952501
0.6975046
0.6975071
0.6944817
0.6932499
0.697811
0.6954406
0.69630605
0.6952462
0.6960438
0.6945544
0.6997638
0.6984079
0.698283
0.69520384
0.69760436
0.6989849
0.69877005
0.6965289
0.696766
0.6990632
0.69685316
0.69852275
0.6960686
0.6997992
0.6954487
0.69728494
0.6972235
0.69916743
0.69614935
0.69719017
0.69616777
0.694532
0.69675314
0.6952593
0.696862
0.696319
0.6982161
0.6992417
0.6963169
0.69423145
0.69365835
0.69812894
0.6964836
0.6970598
0.69921285
0.6971098
0.6967499
0.6985478
0.6993456
0.70051533
0.6952534
0.69433874
0.70023173
0.6974788
0.6980144
0.7014645
0.6939581
0.70049524
0.69683033
0.696685
0.69641185
0.6999797
0.70155174
0.6965848
0.6979286
0.69646734
0.69815254
0.6970953
0.6990179
0.6980463
0.69761807
0.69744015
0.6986841
0.6988364
0.69844073
0.6970925
0.69956
0.69981045
0.6953928
0.6958017
0.69601136
0.69684047
0.69496953
0.70232964
0.7008755
0.6970988
0.6961985
0.6963045
0.7029929
0.69477373
0.69646925
0.69605297
0.69792384
0.69513685
0.6953194
0.6979604
0.69617444
0.69382113
0.6958808
0.7000129
0.6951182
0.69530857
0.6974046
0.69590664
0.6964823
0.69938505
0.69547987
0.6994828
0.694254
0.69736415
0.69644654
0.70218384
0.69634813
0.6973955
0.6979702
0.69558126
0.69562674
0.69765604
0.6967458
0.6948502
0.69774824
0.6969959
0.6996884
0.6980402
0.69537425
0.69522923
0.6960331
0.697272
0.6933055
0.6973333
0.6986475
0.6985204
0.6997059
0.697762
0.6997623
0.6996977
0.70369947
0.6972804
0.7016431
0.6974081
0.7026197
0.69887483
0.6982281
0.69601357
0.69595546
0.6975025
0.6964911
0.6952245
0.69594145
0.69877225
0.69427353
0.69565105
0.6977993
0.6965113
0.696021
0.69643235
0.694198
0.69706607
0.69752896
0.69684803
0.6990419
0.7033649
0.69793063
0.6990457
0.70701694
0.6940904
0.69669473
0.69840544
0.6978583
0.6983543
0.69580275
0.6997635
0.7021325
0.6964048
0.70044315
0.6995139
0.69782495
0.69691217
0.70030457
0.697419
0.69526774
0.7032094
0.69782597
0.69774437
0.6954608
0.69515413
0.69525164
0.6973782
0.698485
0.6951941
0.6997386
0.6982336
0.6983933
0.69653016
0.69670695
0.6950587
0.6998198
0.698972
0.6945637
0.69652957
0.698691
0.6988686
0.697128
0.6990873
0.69930345
0.69907045
0.69936484
0.70100915
0.69889504
0.6974508
0.69943327
0.698779
0.69689786
0.6943218
0.69845647
0.69585466
0.7021633
0.69919467
0.6980762
0.6940322
0.69676316
0.69573176
0.69838315
0.69657826
0.69779456
0.69878846
0.6956108
0.69966537
0.6996327
0.69447786
0.69578815
0.69808483
0.69601446
0.69715023
0.6977544
0.6940472
0.69616556
0.6968301
0.69709295
0.6966264
0.7006052
0.6990564
0.698716
0.6976757
0.69874835
0.6989208
0.6952551
0.6973434
0.69702786
0.6991409
0.69732314
0.6996974
0.69749916
0.6993333
0.7042462
0.69758004
0.69715863
0.6995341
0.69796026
0.6982215
0.6949523
0.6975576
0.70003635
0.70082235
0.698267
0.6988928
0.7003328
0.696962
0.6945601
0.69794065
0.6911515
0.69993955
0.6952658
0.6971685
0.70166254
0.7007322
0.70089763
0.69922906
0.70056486
0.69763154
0.7008094
0.69590837
0.7029454
0.6977708
0.69688815
0.6973625
0.69631755
0.69765323
0.6959436
0.7005207
0.6974789
0.69769436
0.6958319
0.6950254
0.69804
0.69389063
0.700547
0.69510996
0.6972399
0.6970668
0.7014137
0.69735724
0.6989781
0.7004184
0.69852966
0.69757295
0.6990943
0.69778514
0.7026686
0.69547206
0.6973171
0.69509697
0.69972366
0.6973807
0.69841623
0.699173
0.6962519
0.6987601
0.6972063
0.6961145
0.70220876
0.698246
0.70448226
0.6975721
0.69699746
0.6952637
0.69655347
0.69653815
0.70093507
0.6941705
0.6972614
0.6941198
0.6958044
0.69598216
0.69851077
0.6985157
0.70047057
0.6991642
0.69560724
0.6984957
0.6986841
0.69699436
0.6969891
0.6982856
0.69876146
0.6961052
0.69884324
0.6995956
0.69605017
0.69939303
0.70269537
0.7018406
0.698751
0.6972273
0.699142
0.698371
0.6993097
0.6975501
0.6997867
0.6963417
0.69733804
0.69572246
0.6991263
0.6974633
0.69891846
0.6989809
0.69551647
0.7005086
0.69930005
0.69881254
0.69763964
0.7012786
0.69663924
0.69971865
0.7001685
0.7019597
0.6970917
0.6930069
0.6949633
0.7012093
0.69837433
0.70045114
0.7032848
0.70155835
0.70036936
0.69563645
0.6995046
0.6972308
0.69972944
0.6969123
0.69655395
0.70022696
0.69552815
0.700941
0.70117575
0.70275325
0.70140386
0.6996023
0.70072615
0.70173454
0.7041979
0.70097554
0.6987176
0.6988494
0.6991031
0.6994858
0.6987715
0.7001373
0.7009311
0.69934744
0.698012
0.69628
0.70146495
0.701859
0.6965923
0.69930446
0.6949948
0.6985199
0.700644
0.69830203
0.69989294
0.7012127
0.7015316
0.7008188
0.69941884
0.7003586
0.6983926
0.6977152
0.6987745
0.6978987
0.69719535
0.6995281
0.6985435
0.6998801
0.70050925
0.7027417
0.69937056
0.6978695
0.69651926
0.6952323
0.6932924
0.6951521
0.69602495
0.6967813
0.6956731
0.7029353
0.69865024
0.69901705
0.698977
0.7012589
0.6976485
0.70161957
0.7027518
0.6982579
0.6967502
0.699247
0.699011
0.69967777
0.6990813
0.6995439
0.6971785
0.7030037
0.70008
0.70043963
0.6973371
0.69729507
0.69908494
0.69600576
0.7013633
0.6947638
0.6965981
0.6965049
0.6999631
0.6994188
0.6970633
0.7037624
0.6965043
0.69716054
0.69747686
0.6985758
0.70158935
0.7013717
0.69707537
0.6994453
0.7008552
0.69611627
0.69751465
0.69837457
0.70062274
0.7018173
0.6997952
0.69687533
0.6976272
0.70064
0.6962595
0.69784707
0.69873697
0.70043707
0.6966295
0.70014346
0.7017881
0.69731826
0.7005141
0.6962014
0.697374
0.6998247
0.6953063
0.70189667
0.6955872
0.6990311
0.698819
0.70473975
0.6949718
0.6961302
0.6985331
0.6993375
0.6980917
0.6998513
0.6966984
0.7008152
0.69955724
0.6991617
0.6995755
0.6969094
0.6977295
0.7009174
0.6985693
0.69822204
0.6989292
0.6992736
0.69753844
0.6961186
0.70008063
0.69726944
0.69754195
0.6991835
0.6980863
0.70027983
0.69645137
0.69814277
0.6982853
0.6952635
0.7002819
0.7006414
0.69962424
0.69841874
0.69916326
0.6969797
0.703574
0.7010358
0.7001961
0.69970316
0.7002529
0.69901747
0.7018797
0.6992917
0.6996675
0.69817334
0.70146716
0.7008685
0.70068026
0.7002651
0.6994228
0.6975704
0.6984031
0.6978791
0.6970639
0.69760895
0.6987688
0.7001658
0.70034486
0.7009373
0.699808
0.6966488
0.6985022
0.7015332
0.6953426
0.6975665
0.7009767
0.70275295
0.7027974
0.696714
0.6957193
0.69862074
0.6989483
0.6999504
0.7001673
0.7011494
0.6998398
0.6991855
0.70113295
0.7029544
0.7010711
0.70034003
0.7006828
0.69804764
0.69882184
0.7019424
0.70222634
0.695708
0.70271164
0.6978195
0.6980067
0.69945025
0.6988166
0.6986761
0.6995363
0.6984557
0.6989092
0.6988882
0.69949585
0.69626194
0.7027597
0.69815207
0.6979826
0.7015059
0.70165545
0.69643384
0.69633424
0.70027196
0.69990784
0.7003115
0.7002063
0.70007473
0.69761884
0.6990739
0.6972343
0.7010216
0.7001124
0.698369
0.6977015
0.69963884
0.70275545
0.69983876
0.7013072
0.6982452
0.7001165
0.69949293
0.6981984
0.7012876
0.69933283
0.70173407
0.6999519
0.7004412
0.7033585
0.6965305
0.6998618
0.6981997
0.6988015
0.6981184
0.69819486
0.69935966
0.69833744
0.7007485
0.69839996
0.697027
0.6983681
0.6979958
0.6983951
0.7028664
0.7009818
0.69807416
0.70116645
0.699775
0.6992729
0.6997352
0.7018323
0.6997835
0.69958454
0.70098126
0.7008167
0.69684714
0.6968831
0.70307803
0.69546324
0.6998623
0.7019871
0.7006917
0.69996
0.69977456
0.6970275
0.6991028
0.69852126
0.69779515
0.70207065
0.6978946
0.69942284
0.69872314
0.69815534
0.7007171
0.698853
0.6999156
0.6997439
0.69960326
0.7020345
0.69892174
0.6976017
0.699477
0.70222133
0.7044937
0.7018488
0.70100015
0.69922054
0.6997737
0.70293796
0.6985793
0.70315075
0.69692945
0.69896936
0.69945735
0.69913214
0.70023286
0.70009583
0.70037156
0.70187336
0.7029856
0.6994616
0.69907624
0.69781446
0.70052886
0.7023928
0.70183545
0.70050985
0.69851935
0.70273525
0.6960746
0.69894767
0.69807655
0.70107335
0.6992757
0.7018336
0.7023872
0.698703
0.70210576
0.7009704
0.7001362
0.70102614
0.70308185
0.69765586
0.70041037
0.70290816
0.6984109
0.69720703
0.6997889
0.6976344
0.7020597
0.69972754
0.7005464
0.6988274
0.69869566
0.6984566
0.6983236
0.70043063
0.69448346
0.69689643
0.6985495
0.6979909
0.7021811
0.69903886
0.702092
0.70135224
0.7026625
0.69985723
0.6989004
0.70121574
0.70090723
0.7000771
0.70341825
0.69996816
0.7005809
0.6987649
0.7017277
0.7019133
0.70048434
0.7007532
0.70306444
0.69774526
0.7013459
0.7051476
0.6987962
0.7007413
0.7012097
0.70148754
0.70005083
0.704267
0.7024245
0.6989312
0.7009237
0.7012163
0.7025247
0.6987311
0.6987577
0.7013149
0.69821024
0.7008974
0.69650835
0.6999602
0.6995218
0.69780135
0.696341
0.6991735
0.70084804
0.7002189
0.69890577
0.6994475
0.7026264
0.70130026
0.70204824
0.700938
0.7061318
0.70072544
0.70005065
0.7009384
0.70426124
0.700919
0.6982284
0.70095336
0.70200783
0.702599
0.6976635
0.7006323
0.6994809
0.70002574
0.696774
0.6998625
0.6997175
0.70097554
0.6991402
0.697854
0.69934654
0.698922
0.69900125
0.6988009
0.6976597
0.70041645
0.69953936
0.7022861
0.7026194
0.69795835
0.70088625
0.6989008
0.7007623
0.7006381
0.69940835
0.6968306
0.6981871
0.70088094
0.7016598
0.70039445
0.7001196
0.7020653
0.70127237
0.6992221
0.70062196
0.6995804
0.69839174
0.7019423
0.69874424
0.70176333
0.69993865
0.7024607
0.7020949
0.7032564
0.6993861
0.7022301
0.70406675
0.70071393
0.6998988
0.69929516
0.698318
0.69805527
0.6978569
0.70473814
0.69824797
0.6985345
0.7008024
0.697827
0.70141923
0.70195276
0.69724965
0.70071524
0.70192266
0.7032968
0.7034253
0.70218885
0.70188373
0.69966775
0.7015073
0.7020412
0.6992935
0.7045511
0.7034401
0.69969606
0.69785327
0.7026354
0.69853336
0.6985685
0.70121175
0.69888246
0.7026077
0.6981775
0.7031404
0.6998202
0.69793123
0.6998445
0.6999881
0.7015343
0.7022645
0.70007807
0.70117766
0.7034921
0.69869053
0.69839877
0.69879705
0.70022565
0.696665
0.7004247
0.69833
0.7006613
0.7012577
0.69970423
0.6988484
0.7033653
0.7039348
0.70300394
0.7057557
0.7004514
0.7005738
0.7002988
0.70011556
0.6986901
0.70016927
0.7005379
0.6975222
0.7021362
0.69930625
0.70205826
0.6990291
0.6992554
0.70058185
0.701511
0.6984934
0.6992237
0.7013938
0.70074207
0.70240057
0.70260566
0.69860756
0.6960293
0.6980044
0.7012972
0.70735735
0.7004487
0.70131695
0.70419943
0.7019531
0.7014137
0.705489
0.69921416
0.70224
0.70093817
0.7026635
0.70294744
0.70443994
0.6979208
0.70008665
0.70041895
0.7012881
0.6988417
0.70246965
0.7007737
0.70531857
0.7004094
0.6982899
0.70406866
0.69832456
0.70011854
0.70353496
0.6998934
0.70228934
0.69958854
0.700747
0.7004526
0.7017375
0.6981865
0.6995856
0.70089304
0.7025977
0.69950145
0.70219517
0.702003
0.7030302
0.7012856
0.69955295
0.7027173
0.69993
0.7010605
0.70158786
0.69856995
0.6995169
0.69769186
0.70535487
0.70336527
0.70011634
0.70065266
0.6983221
0.70271546
0.70251346
0.70165
0.70382166
0.6997732
0.69870263
0.7021431
0.69942933
0.7054499
0.700892
0.7012888
0.70368576
0.70107293
0.70322716
0.7027462
0.70455915
0.7029872
0.69930005
0.6989682
0.7015101
0.7000977
0.70177066
0.70274305
0.70402914
0.70299387
0.6989209
0.7032917
0.7013315
0.7015151
0.7018752
0.70171976
0.7005674
0.7014708
0.7001999
0.7008516
0.70206785
0.7019747
0.7038651
0.7027138
0.7028656
0.70019627
0.70307976
0.69949365
0.70045894
0.70096207
0.70184314
0.7012501
0.7012642
0.6997424
0.7001704
0.7012939
0.70195293
0.70151514
0.70065576
0.70246035
0.7037301
0.70209
0.70202476
0.69952834
0.7003634
0.7023857
0.7021225
0.70047927
0.7024151
0.70294493
0.70174724
0.705155
0.69963115
0.70130646
0.70282805
0.70290834
0.6989447
0.69966835
0.6979231
0.70186734
0.70031214
0.6995702
0.7010792
0.7039429
0.703437
0.7023469
0.7003121
0.7023879
0.7052621
0.7023611
0.7019192
0.7010808
0.70277673
0.7032997
0.700733
0.7035571
0.70178866
0.6984595
0.69899225
0.6987397
0.7026055
0.7014494
0.70101815
0.6990977
0.7021696
0.700531
0.70414466
0.7003042
0.7019967
0.69840705
0.6989982
0.70187473
0.7018521
0.70266837
0.70148915
0.7038943
0.69941086
0.7022403
0.70234984
0.70137995
0.7016743
0.7051587
0.7003693
0.7010259
0.699971
0.7001832
0.70119244
0.69997704
0.7013303
0.7023492
0.7029555
0.7055562
0.7026623
0.70030594
0.699543
0.7018429
0.7038496
0.69967765
0.6999574
0.7017238
0.70028335
0.70306075
0.70154816
0.7004714
0.7030533
0.7018429
0.7025412
0.7058235
0.7009506
0.7039308
0.7018243
0.70048094
0.6999369
0.7009979
0.7001088
0.6978919
0.70131165
0.70225257
0.7035568
0.7002257
0.70005536
0.70111746
0.7054801
0.7022404
0.70312756
0.7040897
0.7038111
0.7013755
0.7019442
0.70555645
0.705104
0.7005384
0.7043978
0.7013661
0.6994429
0.69947
0.7005612
0.70179826
0.7025359
0.7025953
0.70194757
0.7037482
0.7008705
0.70136905
0.7029345
0.6998228
0.7002657
0.7030101
0.70054317
0.6987303
0.7004057
0.6999481
0.70277584
0.7014334
0.7015227
0.7020666
0.70028955
0.70655817
0.7047738
0.702027
0.7029179
0.704132
0.7061909
0.6997326
0.70272446
0.701611
0.70709485
0.70332247
0.70272523
0.70151854
0.7022235
0.70179796
0.7045598
0.7003664
0.7031525
0.6973158
0.7029642
0.70187145
0.7015367
0.69964087
0.69985294
0.70808864
0.7055237
0.70166224
0.69737005
0.6974329
0.7037461
0.70081633
0.7047187
0.7048356
0.70400697
0.7054317
0.7035446
0.70706517
0.70512456
0.703478
0.70221496
0.70157224
0.7016053
0.6992462
0.69976
0.70487195
0.7012817
0.7033537
0.7043028
0.7002313
0.70072466
0.70342654
0.7033159
0.6985516
0.7044661
0.7012016
0.7026556
0.7041414
0.70061326
0.7008065
0.70154893
0.7048109
0.70245314
0.7008357
0.7028068
0.702024
0.702727
0.7007484
0.70225435
0.7029486
0.69944847
0.6994718
0.701509
0.700982
0.7008796
0.7033905
0.7045328
0.7008377
0.70233005
0.70252514
0.7046678
0.70691377
0.70389676
0.70102507
0.70476705
0.7001731
0.70262164
0.70350415
0.7041526
0.70348895
0.699661
0.70206404
0.7075391
0.70170164
0.70267683
0.7016132
0.7026052
0.6995937
0.7036364
0.70459414
0.7041086
0.7045663
0.7012573
0.699312
0.7031806
0.7025943
0.70171744
0.70201504
0.7049425
0.6996774
0.7014816
0.7018857
0.6987218
0.7018037
0.7025067
0.7020934
0.70115787
0.7050378
0.7037597
0.7068301
0.7024295
0.704137
0.70343614
0.7026048
0.70106906
0.7050122
0.7005698
0.7022782
0.7023892
0.70401883
0.70193547
0.7038469
0.7004773
0.70559996
0.703065
0.7023562
0.70101225
0.7025593
0.70233524
0.70457625
0.70451623
0.70423514
0.7037423
0.70288736
0.7041939
0.7030165
0.7045744
0.7043417
0.7090083
0.7001646
0.70422155
0.7045442
0.7014938
0.7022057
0.700731
0.7011822
0.7030254
0.7007008
0.69927096
0.70264757
0.7036248
0.7003112
0.7029014
0.7018531
0.7038444
0.70166373
0.70341665
0.7034151
0.70171535
0.70373935
0.7021629
0.70421004
0.7052872
0.7037597
0.7019083
0.7043956
0.7033121
0.7036403
0.7001476
0.7006954
0.70489067
0.7047601
0.70247483
0.7010091
0.70553535
0.70381343
0.70257646
0.7020132
0.70371014
0.6991568
0.7060486
0.698131
0.70270514
0.70313025
0.702939
0.70373523
0.6998797
0.7029958
0.7021527
0.70448023
0.7045996
0.7035221
0.7017413
0.70342296
0.704785
0.70454425
0.7075683
0.7046209
0.70655596
0.7033687
0.7033538
0.70482904
0.70474726
0.7045351
0.70484143
0.70660025
0.7067706
0.70551157
0.7064022
0.7047768
0.703156
0.7023145
0.70583564
0.70639247
0.7064811
0.70460874
0.7071338
0.7048334
0.7062967
0.70286894
0.70934314
0.703339
0.70273054
0.7029192
0.70271224
0.706718
0.70565057
0.7043287
0.709368
0.70791835
0.7081294
0.7064452
0.70727485
0.708692
0.7052814
0.7062351
0.70971227
0.7039396
0.7061799
0.7040152
0.705775
0.7018107
0.7041731
0.70790464
0.7058371
0.70667344
0.7033569
0.7065946
0.70346814
0.70251316
0.7087567
0.70676225
0.70005846
0.70165306
0.7029443
0.7082894
0.7063944
0.70722777
0.7061612
0.7043208
0.7041043
0.7031068
0.70469576
0.70654225
0.70739686
0.7055383
0.7043333
0.7022612
0.7024151
0.706124
0.70544416
0.7044361
0.7056373
0.7058324
0.7037156
0.70518005
0.702826
0.7032884
0.70605606
0.7023564
0.70542556
0.70629114
0.7059235
0.7013949
0.705351
0.7064326
0.70422524
0.7047884
0.7062756
0.70638674
0.70198774
0.7058519
0.70522213
0.70191437
0.70337284
0.7075512
0.709356
0.7028616
0.70339435
0.70440364
0.7065313
0.70489997
0.70772356
0.704792
0.7083497
0.7065183
0.7061438
0.70608205
0.7073536
0.7111103
0.7037316
0.7034549
0.7019108
0.7065202
0.7049517
0.7057524
0.70452714
0.7038388
0.70655125
0.7035082
0.7026149
0.7057056
0.70816225
0.7001657
0.70710725
0.7068655
0.7022438
0.70595
0.7048562
0.70357645
0.706202
0.7034215
0.706269
0.70307285
0.70448273
0.7035432
0.70457655
0.70355225
0.7036863
0.7024496
0.7028473
0.70672333
0.7020145
0.70733947
0.7042212
0.7041502
0.70461124
0.7044212
0.6989939
0.70400476
0.70438427
0.70497155
0.7043746
0.70453876
0.7038799
0.7046096
0.7056482
0.70106375
0.70503885
0.7062077
0.7038833
0.7042588
0.7052302
0.7027238
0.7065318
0.7071497
0.70613295
0.70426047
0.7048042
0.7037284
0.7041442
0.70792925
0.70660114
0.70477206
0.7044361
0.70483863
0.7019561
0.70718694
0.7042251
0.70391214
0.7041637
0.7047152
0.7063708
0.7003506
0.70455474
0.70622337
0.7053325
0.7033121
0.7023592
0.70446765
0.70366216
0.7061162
0.7056042
0.70622903
0.7033204
0.7033842
0.7029604
0.7035797
0.70701003
0.70490265
0.7034157
0.70238394
0.7055296
0.70357746
0.702869
0.7023436
0.7023396
0.70527303
0.70330065
0.70908105
0.7035349
0.70684725
0.70637065
0.7039071
0.7067309
0.70222247
0.70261675
0.6983634
0.7024683
0.7035398
0.70107806
0.70375365
0.7079422
0.7075319
0.7030731
0.7027231
0.70754784
0.7034313
0.70539963
0.70372987
0.7045733
0.70772284
0.7034328
0.7038575
0.7043751
0.70296913
0.704562
0.70641375
0.7045395
0.70365095
0.70641035
0.7023985
0.70553464
0.7038712
0.70336914
0.70770663
0.70446527
0.7035228
0.7025666
0.7055204
0.7043605
0.70395017
0.70369977
0.7044422
0.7026703
0.7054946
0.7059556
0.7026887
0.7040357
0.7037287
0.7046776
0.70173913
0.704783
0.7019867
0.7018744
0.70269
0.69986045
0.7047583
0.702101
0.70055324
0.69835407
0.7019362
0.7033608
0.7035489
0.70284057
0.7042452
0.7040039
0.70558083
0.7021693
0.702515
0.69934076
0.7072583
0.7046606
0.7051609
0.7043531
0.70436084
0.7030013
0.7033837
0.7025535
0.7022818
0.70773286
0.7048535
0.70541394
0.70474505
0.7057185
0.70631063
0.7046905
0.7040479
0.706792
0.7063489
0.7040327
0.7063123
0.7040074
0.7050328
0.7077241
0.7072285
0.70562565
0.7035303
0.7013261
0.70404917
0.70452917
0.7022958
0.70052475
0.7033709
0.70076597
0.70254725
0.70437014
0.700847
0.7011181
0.7055033
0.70323384
0.7047086
0.7036785
0.70439065
0.7058677
0.70588744
0.70526516
0.7046026
0.7076469
0.7026804
0.70268774
0.7031056
0.7066094
0.70418143
0.7009888
0.70607203
0.70375526
0.7039688
0.7001665
0.7051223
0.7028737
0.70425713
0.70582366
0.7027899
0.7001308
0.7066239
0.70429057
0.7043397
0.70620215
0.70329934
0.708309
0.7032439
0.703136
0.7021338
0.70438707
0.70384383
0.7000069
0.70204526
0.7037323
0.7020626
0.70523626
0.70503634
0.7054879
0.7046422
0.7056523
0.7047859
0.7048018
0.7046212
0.7051463
0.70469457
0.70270735
0.70459396
0.7003227
0.7062589
0.70274615
0.70504016
0.7015374
0.70329845
0.70618296
0.70363724
0.70395917
0.7054739
0.70494795
0.70550966
0.7040762
0.703656
0.70851594
0.7067332
0.7093159
0.7047803
0.7061393
0.70777863
0.70822644
0.707097
0.7059086
0.70633435
0.70157564
0.70336866
0.7073238
0.6994223
0.7037242
0.7011994
0.70470273
0.7030001
0.703808
0.70130944
0.700047
0.7003361
0.70437866
0.70231545
0.7008796
0.7057088
0.7079002
0.704344
0.7052271
0.7036183
0.70606726
0.7045991
0.7054742
0.7050265
0.7055403
0.70780796
0.7037072
0.70650476
0.7084963
0.7020795
0.7037431
0.7070857
0.7010066
0.7052706
0.704236
0.7045293
0.7043786
0.70515805
0.70298696
0.7056587
0.7046627
0.700198
0.7020854
0.70128673
0.7011109
0.70493364
0.7045223
0.7083427
0.7043296
0.70447016
0.7044079
0.7061147
0.7049606
0.70723903
0.70444983
0.703537
0.704292
0.7045669
0.7023057
0.7019391
0.7045124
0.703449
0.7039757
0.70604026
0.70204085
0.701543
0.7015236
0.7019783
0.70676184
0.7021412
0.7020818
0.7030274
0.7014295
0.7057024
0.70318174
0.7046732
0.70500135
0.70787084
0.7059067
0.70350087
0.7053801
0.70441294
0.7025447
0.7050961
0.7035618
0.705397
0.70613354
0.705002
0.70518774
0.70419794
0.70370936
0.70824003
0.702217
0.7036392
0.7034431
0.70763534
0.7008401
0.70190656
0.70429456
0.7058641
0.6982687
0.701885
0.7080324
0.7030802
0.6997965
0.702229
0.70173246
0.7083125
0.7047943
0.7081704
0.7057951
0.7033944
0.7085074
0.70284456
0.7012672
0.70301014
0.69977754
0.7062875
0.70372677
0.70195645
0.7050082
0.70395267
0.7058757
0.7036028
0.7063835
0.7026587
0.7067566
0.7060365
0.70605654
0.7054293
0.70201856
0.70114607
0.7028115
0.7000023
0.7039612
0.6999075
0.7031513
0.7011418
0.70243865
0.7044508
0.70531255
0.7052493
0.70230246
0.70333016
0.70086306
0.70534
0.70121515
0.70523435
0.7058598
0.70451087
0.70424247
0.70327526
0.70253867
0.70558006
0.70570004
0.7031543
0.703965
0.7076435
0.7080981
0.7073885
0.70335037
0.70638734
0.7044781
0.70270646
0.7075656
0.70952237
0.70741665
0.7049507
0.7012777
0.701018
0.7065263
0.70051026
0.7051591
0.7043264
0.7021233
0.70561475
0.7018372
0.70110625
0.7028377
0.7026967
0.7034156
0.7058675
0.7061769
0.7053077
0.70412064
0.7008429
0.7030988
0.70348096
0.7056028
0.70119244
0.70263976
0.7041475
0.7060065
0.7024186
0.7025028
0.7037725
0.7021648
0.70384455
0.70188326
0.70581955
0.70464486
0.69937235
0.7015205
0.7051956
0.7058411
0.70417464
0.701231
0.7053168
0.70163447
0.704874
0.7052648
0.705241
0.7041384
0.70399016
0.70731115
0.70697045
0.7081419
0.70572746
0.7021523
0.7057325
0.7066638
0.7032357
0.70270175
0.7032029
0.70511323
0.70109534
0.70259076
0.7026763
0.7053255
0.7018765
0.70553845
0.70089966
0.704788
0.70901
0.70972013
0.70472324
0.70269245
0.7026345
0.70472604
0.7042613
0.7021549
0.7033452
0.7037697
0.70497054
0.7055534
0.70568085
0.7018002
0.70419294
0.6993796
0.70455545
0.70220774
0.70161295
0.7025577
0.7066198
0.70645416
0.7063575
0.7071354
0.70284855
0.70542794
0.7033261
0.7069833
0.7031674
0.70255774
0.70404625
0.7032676
0.70302075
0.701504
0.70659995
0.7034756
0.70611453
0.7051094
0.7033329
0.7015997
0.70487195
0.7016734
0.7039265
0.70428807
0.70214355
0.70250446
0.702597
0.7080665
0.7051857
0.70517266
0.7070088
0.7058438
0.70286715
0.70453584
0.70384014
0.70504606
0.70752734
0.7053967
0.70015067
0.7032446
0.70672154
0.70372826
0.70064473
0.70166975
0.7010939
0.70389444
0.70649606
0.7028044
0.70160484
0.7019054
0.7054308
0.70075035
0.7051177
0.7035962
0.70446384
0.7022161
0.7006459
0.6993632
0.706392
0.70404226
0.70762247
0.70526224
0.7043821
0.703299
0.7069106
0.7066662
0.7079039
0.70056033
0.7047734
0.7036862
0.7065674
0.70511806
0.70004225
0.70591116
0.7076275
0.705325
0.7016111
0.70487815
0.7015885
0.70338565
0.70476866
0.7019849
0.7047207
0.70309305
0.7015764
0.7073776
0.70080227
0.70043546
0.70037514
0.69953394
0.70208055
0.7014727
0.70507526
0.7037793
0.7034924
0.7014075
0.70320845
0.7015707
0.7019314
0.70334005
0.7016572
0.70139647
0.70374405
0.70320696
0.7023489
0.7067726
0.7055378
0.7020605
0.7046559
0.70716363
0.70382303
0.70731306
0.70163846
0.70305884
0.7014578
0.7044372
0.70540154
0.7042604
0.70665187
0.70269823
0.7052187
0.7021102
0.7059509
0.70126384
0.70464617
0.70187044
0.70403033
0.7027394
0.7010115
0.70309526
0.7036942
0.70602244
0.704768
0.70686597
0.70418596
0.70118415
0.701679
0.70402837
0.70137835
0.70165265
0.70668244
0.7086266
0.7038443
0.71073675
0.70547533
0.70238936
0.70487297
0.7051336
0.70177317
0.70407027
0.6991587
0.70198023
0.7020239
0.7011589
0.7016058
0.70065045
0.7031204
0.70331144
0.7015241
0.70116633
0.7045121
0.70376277
0.70207834
0.7015095
0.7014929
0.6988207
0.70035183
0.70029217
0.69999313
0.70255417
0.70175534
0.7032528
0.70137495
0.7037465
0.700762
0.70152783
0.7016804
0.70239174
0.7044525
0.7071389
0.70353025
0.7097813
0.70303935
0.70242256
0.7032961
0.70465076
0.7058628
0.7036331
0.7082374
0.703358
0.7030227
0.70181173
0.7036522
0.7014715
0.70336884
0.7013612
0.7016624
0.7047518
0.7032915
0.702562
0.7076863
0.7034983
0.7028594
0.7041378
0.70269716
0.7025442
0.70298976
0.7024939
0.700445
0.7032802
0.69992596
0.69883645
0.7021205
0.70823145
0.7050157
0.7032981
0.70194036
0.70439506
0.71094924
0.7001251
0.70224994
0.7021867
0.7012312
0.7038393
0.7042652
0.7046838
0.70152944
0.7026646
0.70329446
0.7038398
0.7029669
0.70214677
0.6999504
0.70368844
0.70401835
0.70461416
0.699287
0.70314485
0.70152295
0.7054906
0.70128554
0.7025059
0.70092356
0.70563936
0.7016728
0.7066542
0.703161
0.7041264
0.70198727
0.7013175
0.7019509
0.7018168
0.7009724
0.70458955
0.7018432
0.7028899
0.7105248
0.70507807
0.7005367
0.7050023
0.7008967
0.70335925
0.70524454
0.70435387
0.70185053
0.7050962
0.6995704
0.7030858
0.7012451
0.7034481
0.704713
0.70512253
0.7042513
0.69957143
0.7019304
0.7039196
0.7017002
0.7028866
0.70095426
0.70548105
0.7011647
0.70122284
0.70733905
0.69994354
0.7025691
0.70276105
0.7049751
0.7051933
0.7031988
0.70366734
0.7016465
0.7018335
0.7041014
0.7011428
0.69941646
0.70076776
0.70252967
0.7039063
0.70194936
0.7073933
0.7013736
0.7013484
0.70080185
0.7082159
0.704154
0.7022957
0.70103854
0.70188373
0.7045107
0.7038639
0.7045193
0.70324606
0.70290565
0.7032769
0.70071393
0.7049186
0.6987658
0.7016239
0.7035552
0.7035432
0.7046155
0.7024616
0.7052624
0.7066868
0.7017434
0.7023611
0.70252746
0.7044934
0.70056623
0.70486116
0.7041935
0.69954073
0.70368695
0.70473975
0.7014742
0.7041605
0.7013493
0.7009495
0.701888
0.70549726
0.70594144
0.705718
0.70694035
0.7037997
0.70374006
0.7047321
0.7101165
0.70846915
0.70706546
0.7071131
0.70675296
0.7092717
0.70236826
0.70689756
0.701824
0.7045457
0.7050646
0.7067066
0.7043855
0.7055414
0.70129776
0.704964
0.70367223
0.6954338
0.6981116
0.69858336
0.69756645
0.69934446
0.70582664
0.7023838
0.69979584
0.700742
0.7003171
0.70438206
0.70573884
0.705691
0.7050824
0.7032129
0.7023851
0.7003839
0.70320654
0.70064753
0.7021756
0.7063798
0.70288134
0.7019997
0.70358133
0.7012815
0.7004972
0.70061666
0.6975274
0.7010607
0.7031453
0.702281
0.7047239
0.7062387
0.70653594
0.70454997
0.7036071
0.7025879
0.7002053
0.7020348
0.7008207
0.7058808
0.70671785
0.7016531
0.6972329
0.69968736
0.6999912
0.697376
0.7031411
0.70253927
0.7007507
0.7005831
0.7049176
0.7024497
0.70701617
0.70428705
0.7038992
0.70317763
0.70555586
0.70220643
0.7017887
0.7058466
0.7034194
0.7084009
0.705351
0.7010436
0.70143527
0.70314664
0.703829
0.7023754
0.7030697
0.6992571
0.70444745
0.70364237
0.70049334
0.7030409
0.7062803
0.70455074
0.70126677
0.70249134
0.7032198
0.7008642
0.70343286
0.7026251
0.70484877
0.7027981
0.7007977
0.69994617
0.69975644
0.7001743
0.7001138
0.7030132
0.70247394
0.70143086
0.70342547
0.70254487
0.7054717
0.70312554
0.70330316
0.7078527
0.7018892
0.7048672
0.70340765
0.6993519
0.70170325
0.7018708
0.7041622
0.7022937
0.6991014
0.7059881
0.7024476
0.70233315
0.70230144
0.6998179
0.69897676
0.70036805
0.702607
0.7016463
0.70405924
0.70470506
0.7089711
0.7047806
0.7047948
0.70530885
0.7050888
0.7033957
0.70389414
0.70340407
0.7017758
0.70101625
0.70607966
0.70085144
0.7017459
0.70089155
0.7007187
0.7035867
0.69894177
0.7002842
0.70319206
0.70472974
0.6998475
0.6986802
0.6994234
0.7055456
0.70592624
0.70497376
0.70110077
0.70366335
0.70546645
0.7057353
0.7053247
0.7069245
0.70540357
0.70173454
0.70187724
0.70058984
0.7014349
0.70427495
0.7048243
0.7050312
0.7057733
0.7050147
0.70090866
0.70089674
0.70310575
0.701684
0.70495933
0.70361686
0.70279056
0.6998919
0.6994008
0.69988024
0.7026835
0.7023245
0.70335084
0.70454425
0.7031353
0.7054527
0.7004644
0.69962835
0.7043734
0.7026202
0.70596623
0.70577216
0.7036524
0.7042214
0.70342386
0.70353365
0.7042313
0.70438296
0.7054221
0.7021421
0.70720035
0.7017029
0.70339924
0.70411974
0.7035223
0.70694035
0.7048264
0.7035774
0.7031867
0.7027065
0.70108336
0.70474774
0.7000312
0.70083815
0.7009168
0.69878435
0.6999377
0.70075047
0.7011613
0.70061165
0.7004909
0.69633937
0.70431757
0.69999236
0.70139223
0.6994459
0.70330936
0.7041629
0.6985354
0.70271534
0.70255744
0.70195574
0.7040426
0.70831126
0.7035131
0.7022549
0.7036036
0.70282185
0.70527595
0.70113844
0.70449847
0.70494896
0.70435613
0.7017157
0.7037491
0.7019498
0.70089865
0.70574266
0.70308703
0.70397425
0.69843614
0.7019766
0.69874096
0.70396036
0.6991744
0.7019322
0.7068787
0.70232695
0.7010338
0.70382077
0.70455986
0.7049799
0.7041335
0.70301604
0.7048658
0.702709
0.70326227
0.702404
0.70544964
0.7029195
0.70135397
0.7003521
0.70243394
0.7013059
0.6998282
0.70164174
0.7001807
0.7030079
0.7023861
0.70044595
0.7041277
0.7015788
0.7038995
0.70200276
0.70746404
0.70141405
0.70235074
0.70237935
0.703831
0.7015988
0.70097345
0.7035073
0.70388144
0.70109206
0.6983496
0.70080656
0.70351666
0.7024949
0.69954145
0.70157385
0.7013391
0.7005949
0.69972396
0.70168084
0.7024794
0.7008125
0.70027876
0.69971776
0.703166
0.7003678
0.70390934
0.69975483
0.7055547
0.6996382
0.7011932
0.7021114
0.6991088
0.6996745
0.7035527
0.7034114
0.6995693
0.70103866
0.70125717
0.70311403
0.7020815
0.70378256
0.7014625
0.7014041
0.69925916
0.7051066
0.7032316
0.7020218
0.7051053
0.7038633
0.7012921
0.7025297
0.70225173
0.7014939
0.7004349
0.7048184
0.70149976
0.6962625
0.69875425
0.7003948
0.70072126
0.7028499
0.7031462
0.7054127
0.7020941
0.7020278
0.70491785
0.7006061
0.7065692
0.7006885
0.7040212
0.709121
0.70384514
0.7053571
0.7005582
0.7011628
0.6990473
0.70208657
0.70011693
0.7023391
0.7040511
0.70134646
0.7021475
0.702844
0.7000111
0.7017448
0.702196
0.7023945
0.7008623
0.70225346
0.7009679
0.7016376
0.70173436
0.70071304
0.699773
0.701829
0.70090777
0.70062333
0.7009143
0.6980009
0.70185757
0.6977687
0.69868386
0.70008916
0.70253325
0.6999816
0.70351374
0.70268035
0.70438945
0.70665276
0.70648974
0.7053718
0.7027139
0.699814
0.70265144
0.70408374
0.70275223
0.6977744
0.70364016
0.7021274
0.70264596
0.70089006
0.7003829
0.70554715
0.70082736
0.70205146
0.703219
0.69973314
0.7049495
0.7012901
0.70266706
0.7050372
0.70322865
0.70251006
0.7008106
0.70048857
0.6981891
0.7004981
0.7027217
0.6992665
0.7009786
0.7022472
0.70050776
0.702355
0.70674294
0.70145243
0.7035759
0.7020135
0.7037605
0.7009549
0.70123065
0.70148695
0.7030503
0.70422006
0.70286
0.7024964
0.7036522
0.7032037
0.7031373
0.70154375
0.703051
0.6988603
0.7034199
0.70437646
0.6989049
0.70359117
0.7007016
0.7039583
0.70019585
0.70500827
0.70567954
0.70550364
0.7017883
0.7024955
0.705302
0.7040575
0.70068526
0.7009071
0.7038633
0.70190394
0.70026094
0.7030107
0.7031906
0.70169723
0.7002766
0.69903636
0.70138437
0.69935536
0.7004051
0.6991818
0.69928974
0.70202404
0.6993747
0.7029319
0.6998591
0.6949291
0.700542
0.6993859
0.70243245
0.6990968
0.6977507
0.69985586
0.70227605
0.70242196
0.70197266
0.6985206
0.70289654
0.69999063
0.7002167
0.7013911
0.6984877
0.7029747
0.7013662
0.7041958
0.70271915
0.70427245
0.70106965
0.70024574
0.6994405
0.7009829
0.703368
0.6977434
0.69833994
0.7020278
0.6996482
0.6986309
0.6990683
0.69946295
0.7034153
0.70383847
0.7014143
0.702065
0.70296717
0.7021528
0.70359
0.7031748
0.7024766
0.6982467
0.70293504
0.706072
0.70275366
0.6997453
0.70188886
0.7019375
0.70217514
0.7017344
0.7023543
0.7027672
0.7030822
0.70129365
0.6980457
0.69748026
0.7012511
0.7045898
0.6972234
0.6989335
0.6981117
0.70055944
0.70023924
0.70103073
0.6994017
0.7074708
0.7049773
0.70187134
0.70063835
0.7038916
0.7009756
0.70133746
0.7018192
0.70316684
0.70274425
0.7023757
0.6994708
0.70079434
0.7031184
0.7008472
0.70547533
0.7022937
0.6999739
0.70111996
0.7007769
0.70235676
0.7005717
0.6982833
0.70354456
0.70398647
0.7009969
0.7028546
0.7032161
0.7027149
0.7017357
0.70123935
0.6985055
0.7006079
0.6996154
0.70359063
0.70005274
0.7001295
0.69998014
0.70265543
0.7023613
0.7006567
0.7010527
0.7024871
0.7028053
0.7027809
0.7055881
0.70035696
0.70255023
0.7050706
0.7016199
0.7067714
0.70112205
0.70274884
0.69967365
0.6996227
0.6988751
0.70020384
0.7031289
0.69848174
0.7015115
0.6993482
0.70246106
0.69878304
0.69955236
0.6997753
0.6997072
0.70264256
0.699045
0.6998976
0.7050648
0.70189905
0.7011196
0.70266736
0.7011185
0.7043263
0.6988124
0.7014295
0.70363235
0.69944715
0.7035756
0.7023046
0.70496875
0.69584364
0.69840664
0.70302105
0.6999293
0.70342785
0.70049566
0.69817483
0.70338297
0.69754773
0.70110303
0.7015356
0.7004513
0.7014231
0.6983095
0.6993308
0.7005203
0.7022057
0.70101875
0.703664
0.70111376
0.7019539
0.69903505
0.7038683
0.69994336
0.702709
0.70135367
0.7005973
0.7024978
0.69771934
0.7017897
0.6989177
0.6987354
0.6995718
0.69670445
0.6977185
0.69911635
0.7015294
0.70059156
0.6977244
0.7020207
0.705514
0.70375276
0.69797534
0.70001614
0.7002904
0.70176566
0.698075
0.7006131
0.7002741
0.6997891
0.70158225
0.70664316
0.7014969
0.7045048
0.70031124
0.69979954
0.70039207
0.6969582
0.69833845
0.706209
0.6978004
0.69612336
0.69745225
0.7007514
0.7019449
0.7061147
0.7029602
0.70082855
0.70249003
0.70412296
0.7021815
0.70435834
0.7014492
0.7032716
0.70437974
0.7013037
0.69908
0.7025299
0.70043
0.7002072
0.7001749
0.6987234
0.702886
0.6985863
0.7025027
0.7010226
0.70239246
0.70014644
0.70091236
0.6976921
0.7003357
0.6973399
0.70299506
0.70072407
0.6986231
0.6983702
0.6991951
0.7044635
0.6992653
0.69937843
0.7017387
0.69968283
0.7034304
0.7026271
0.69959754
0.69971067
0.7064729
0.70100826
0.70339125
0.7053429
0.70072585
0.70442754
0.7040985
0.70194644
0.6997134
0.7015227
0.704473
0.6999243
0.7035043
0.69922227
0.7015633
0.7009342
0.6994312
0.7003437
0.7037026
0.70102644
0.7033713
0.7002821
0.70067906
0.70112395
0.70215434
0.70285624
0.6987912
0.70158947
0.7038099
0.6983845
0.70063835
0.7047207
0.70392793
0.7050872
0.7003381
0.7020078
0.70117426
0.70063907
0.70113885
0.70446783
0.7025927
0.7036696
0.7022574
0.70046955
0.6981248
0.7008271
0.69983786
0.7004218
0.70331943
0.7029982
0.7012891
0.6993822
0.70181286
0.69717646
0.6987678
0.7053758
0.7028227
0.70244026
0.7016526
0.7000105
0.7043127
0.70198625
0.70048344
0.69699943
0.70273685
0.6983352
0.7013984
0.6999461
0.6956421
0.69630563
0.70212233
0.7008474
0.6988063
0.6982328
0.7013094
0.69999987
0.69771796
0.70026827
0.7012793
0.70136476
0.7038836
0.7008218
0.6969343
0.6980325
0.69846207
0.7001878
0.69803077
0.6990879
0.701379
0.704258
0.69916826
0.7002263
0.69817483
0.7022516
0.7037309
0.70499057
0.6981762
0.70243245
0.7009318
0.701735
0.701433
0.7026483
0.7003298
0.70169306
0.6997497
0.6998141
0.69979143
0.70126456
0.69983214
0.6985865
0.70097
0.6997761
0.7023472
0.70310605
0.6988618
0.70066375
0.70264673
0.7003267
0.7014874
0.6993275
0.70270306
0.69612545
0.7028045
0.69805765
0.6967875
0.6971386
0.6973062
0.6967886
0.70079446
0.7016307
0.70310324
0.69847167
0.69839257
0.6990485
0.7036604
0.69826835
0.7011222
0.702475
0.7008443
0.7010748
0.70355135
0.7002731
0.70151854
0.70516884
0.703078
0.7054493
0.6979449
0.70406294
0.7016933
0.7005369
0.70503914
0.70053977
0.69792604
0.6993027
0.6986499
0.7001799
0.70040774
0.7003691
0.7006204
0.7020475
0.7004476
0.69843835
0.703059
0.69792086
0.7025576
0.7036836
0.6995649
0.70095867
0.70288354
0.698085
0.70374775
0.6988477
0.69925934
0.6995104
0.6996116
0.6979127
0.695901
0.69934934
0.6993432
0.69869757
0.6992201
0.7007367
0.701105
0.7008293
0.7012506
0.69812196
0.7011927
0.7030874
0.6995282
0.70190454
0.70185554
0.69974303
0.7043296
0.7028254
0.69867355
0.70399743
0.6975077
0.7037261
0.69814086
0.70302385
0.6982912
0.6988169
0.69690084
0.6997499
0.69938105
0.70180154
0.6966599
0.7017489
0.70011896
0.70085907
0.6987608
0.69632554
0.70087045
0.706571
0.6969031
0.70215803
0.69935143
0.7007861
0.69863445
0.69654036
0.69873375
0.7030096
0.6990392
0.70012647
0.6999356
0.69775295
0.6987955
0.6996599
0.69933176
0.69967157
0.7034812
0.70218194
0.701566
0.7028037
0.701109
0.70139575
0.704285
0.7015663
0.70094305
0.6979546
0.6962911
0.6990787
0.69938236
0.6986162
0.69714296
0.69661915
0.6941325
0.7031499
0.69788116
0.7001093
0.70343924
0.7003016
0.7020374
0.70181197
0.6995279
0.6982744
0.7032037
0.6994273
0.7001215
0.7037948
0.70194083
0.6974783
0.69677967
0.69823533
0.6991389
0.6977056
0.70178354
0.69926935
0.70175743
0.69883275
0.7011643
0.6983794
0.69806343
0.69828516
0.6977391
0.6990505
0.6965215
0.69996065
0.69575334
0.7012706
0.70305514
0.69779193
0.6963419
0.6965314
0.6968797
0.7008791
0.69938266
0.6977185
0.6994763
0.6997898
0.69734186
0.69717973
0.7011562
0.6992087
0.7060116
