0.7212131
0.7209715
0.6716112
0.67235464
0.6892866
0.69528276
0.689585
0.6888548
0.6947839
0.6902274
0.6896154
0.69236135
0.69245523
0.68811256
0.6886447
0.6892326
0.6903991
0.6880682
0.6909531
0.6853765
0.6936876
0.6899912
0.6900987
0.69326043
0.688087
0.69024825
0.6859986
0.685502
0.6914315
0.6921884
0.6888011
0.6915586
0.68836343
0.6911659
0.6916034
0.68803084
0.69335186
0.6917636
0.69135
0.69136363
0.6891212
0.68978065
0.6949938
0.69285464
0.6930786
0.69345707
0.69221354
0.6941381
0.6920123
0.69872445
0.6925538
0.6951627
0.6938567
0.6953995
0.69349486
0.6951654
0.69432855
0.69394255
0.6921725
0.69789886
0.69671106
0.6963527
0.69693255
0.69792366
0.6951761
0.69511336
0.6942648
0.6955674
0.69289935
0.69500065
0.6980837
0.69268423
0.69673264
0.69389844
0.6938505
0.6969568
0.6945605
0.69697493
0.6954962
0.6981463
0.69649625
0.6938768
0.693694
0.6980217
0.698421
0.69527644
0.6970198
0.69759715
0.69369406
0.6946878
0.70022315
0.69915587
0.6974861
0.69557816
0.69918215
0.69732356
0.6977936
0.698337
0.6968846
0.69607806
0.7007098
0.6949536
0.70093566
0.69510794
0.6987144
0.6972538
0.6957785
0.6910759
0.6993616
0.69915867
0.6966699
0.6999936
0.696676
0.69494367
0.69912106
0.6932546
0.69785607
0.69543934
0.6931158
0.69970983
0.69765955
0.6959642
0.6956623
0.6999411
0.69568974
0.6961895
0.6937327
0.69908154
0.69725025
0.6958234
0.69436914
0.69819593
0.6979436
0.6976468
0.6945329
0.6965093
0.69382614
0.6990938
0.6963731
0.6945173
0.69670373
0.6986338
0.69520205
0.69582355
0.6978154
0.69558865
0.69428235
0.6995857
0.69390047
0.6958904
0.6977872
0.6991537
0.6941343
0.6964542
0.6962018
0.6961902
0.69365096
0.6921811
0.6969342
0.696161
0.6968865
0.6997461
0.6934131
0.6969721
0.6952246
0.694491
0.6977218
0.6968147
0.69619906
0.6964529
0.6973212
0.701346
0.6950208
0.69721925
0.6985436
0.69890803
0.69765043
0.69608516
0.6937121
0.6966278
0.69815516
0.69734126
0.69904774
0.694748
0.69643694
0.69324607
0.694337
0.69731706
0.6979137
0.6992652
0.69302917
0.69842
0.6991655
0.6945237
0.694731
0.6940878
0.6954301
0.6922348
0.69678956
0.697923
0.69597995
0.69528913
0.69667953
0.6952205
0.69455326
0.69387513
0.6992437
0.6928145
0.696594
0.6964342
0.6932928
0.695389
0.6976388
0.6972569
0.69806796
0.69606465
0.6961336
0.69372636
0.6937051
0.69376194
0.6967614
0.694066
0.6990723
0.6901599
0.69473636
0.69460976
0.6954655
0.6945259
0.6939579
0.69540554
0.6957367
0.69307035
0.69492614
0.69466877
0.69494987
0.6960322
0.6940311
0.696377
0.6936788
0.68918943
0.6918161
0.69581985
0.6942642
0.69434446
0.6966702
0.6947554
0.69357413
0.6947697
0.69594276
0.69452786
0.69733083
0.6918864
0.6933196
0.6926344
0.6966557
0.69678766
0.6938318
0.69643
0.69540083
0.69516295
0.69330424
0.6969554
0.6960816
0.6929788
0.6934746
0.6941806
0.6963049
0.6910798
0.6963693
0.6951796
0.6919273
0.6945829
0.69630545
0.69336015
0.6966664
0.69547385
0.6973732
0.6977
0.69600004
0.69311565
0.69624877
0.6965307
0.6977163
0.6930464
0.6982934
0.6905591
0.6929492
0.697611
0.69641715
0.69369906
0.69506377
0.69676405
0.69535255
0.69251615
0.69477206
0.700912
0.69114095
0.69589686
0.69179684
0.6952068
0.69516987
0.6968986
0.69421446
0.6996788
0.6939793
0.69790965
0.6934247
0.69831175
0.6943417
0.69144845
0.6915781
0.6942544
0.6951469
0.6941122
0.6947732
0.6937218
0.69801915
0.6985588
0.6948982
0.6915729
0.6924799
0.69727325
0.69773734
0.6960744
0.69336325
0.697719
0.6917376
0.6924679
0.6979432
0.69632024
0.6924193
0.69371426
0.6967788
0.6964798
0.69640714
0.6973906
0.69415337
0.69500923
0.6982966
0.694811
0.6932699
0.69564986
0.69615006
0.69499224
0.69825214
0.6966153
0.6924708
0.69351125
0.6979753
0.6911171
0.69114524
0.6953028
0.6977594
0.69625527
0.699589
0.70005506
0.69637805
0.6970404
0.6961626
0.69763935
0.69548655
0.6979381
0.6897688
0.6942721
0.6943545
0.69840145
0.6955367
0.6973654
0.69621915
0.6946857
0.6973446
0.6937792
0.69631666
0.6994793
0.6946006
0.69956815
0.6980033
0.69710445
0.69535524
0.6942416
0.69268
0.7000826
0.69883037
0.6966386
0.6959087
0.6982319
0.69598055
0.69595057
0.6963996
0.69771147
0.69336635
0.69451666
0.69367546
0.70033044
0.7007241
0.6972127
0.6993793
0.69402677
0.70026225
0.69447374
0.69324005
0.70231664
0.701714
0.6965318
0.6971682
0.6923589
0.69987917
0.69859445
0.69923985
0.6966034
0.69217676
0.69556236
0.6993593
0.6986236
0.69821745
0.69657886
0.69419557
0.69473743
0.69664997
0.6944426
0.69678336
0.691484
0.69475675
0.7004691
0.696792
0.69767827
0.6956787
0.69973534
0.699103
0.6962692
0.6955788
0.7008281
0.6943531
0.6962268
0.6989879
0.6944595
0.6965197
0.69930285
0.6920035
0.6960358
0.6951515
0.69675094
0.7003665
0.69899017
0.70040065
0.6958717
0.6970719
0.6987096
0.698255
0.69829375
0.6999415
0.6981492
0.69709605
0.6960172
0.70121586
0.6980812
0.69704777
0.7020443
0.69722575
0.6942546
0.6978617
0.6946241
0.6987887
0.6955053
0.69834614
0.6953431
0.6970274
0.7046259
0.69465214
0.69441736
0.6960006
0.6986942
0.69939613
0.6969562
0.6986521
0.6957623
0.70011264
0.6999884
0.7049804
0.6999342
0.6964018
0.69953007
0.7001812
0.69470906
0.69856185
0.69480765
0.6992232
0.6957839
0.69770354
0.70297414
0.6998621
0.69619536
0.6982281
0.6992771
0.69912386
0.69729763
0.6950556
0.6997409
0.7039959
0.69425356
0.6976609
0.6997819
0.70190454
0.6958617
0.69813013
0.6933796
0.69804597
0.69786686
0.70017123
0.70224595
0.7007908
0.6962455
0.7036604
0.69987124
0.69732493
0.6947857
0.7004453
0.69488925
0.69808817
0.6990555
0.7028441
0.6974752
0.6962941
0.702359
0.69573164
0.69813246
0.6967702
0.69808626
0.6964447
0.7010928
0.69663817
0.69656384
0.6964775
0.6989332
0.70256674
0.69615346
0.69672585
0.69705325
0.6969981
0.69941443
0.6969761
0.6943608
0.69561404
0.69970244
0.6978376
0.69847393
0.69975454
0.69576484
0.7018816
0.6956901
0.6972051
0.69945
0.6973369
0.6987209
0.69928
0.7012105
0.69513375
0.7013584
0.69866955
0.6969879
0.69476634
0.69697195
0.69739026
0.6979788
0.6961737
0.7000899
0.6960958
0.7004457
0.69804835
0.6982238
0.69883615
0.70004964
0.69539154
0.70077306
0.70120007
0.69883007
0.698538
0.69863206
0.69666624
0.700474
0.6949821
0.6992605
0.69517887
0.7003105
0.70986634
0.6977303
0.69654673
0.69992936
0.6969269
0.69952124
0.6978971
0.70176154
0.6965008
0.69746375
0.7024811
0.69605017
0.6967368
0.6983687
0.6996775
0.6963746
0.70142055
0.69647235
0.69352126
0.6950479
0.70099247
0.6960617
0.69780296
0.69538623
0.69799423
0.6997064
0.6975643
0.6997995
0.69685763
0.6963321
0.6990228
0.700226
0.6991542
0.70150816
0.69544935
0.7018033
0.6989495
0.6950268
0.6971017
0.69789904
0.6981488
0.6986489
0.69820094
0.701789
0.6962393
0.6995369
0.6953514
0.6981061
0.69885486
0.69986147
0.6999855
0.69951314
0.69682235
0.6969994
0.6994153
0.69984853
0.700318
0.7053186
0.6993462
0.70119196
0.69960374
0.69740325
0.6997799
0.7005787
0.6967956
0.697682
0.69898903
0.69768095
0.69788456
0.70048416
0.6988412
0.69992334
0.69799817
0.70100564
0.6982272
0.69729215
0.7049162
0.697365
0.6984134
0.7004965
0.69597787
0.69615126
0.70092523
0.69883615
0.7025482
0.69655985
0.69829464
0.70124906
0.6984971
0.69917446
0.6972788
0.6981422
0.69783974
0.6987118
0.70009756
0.70427835
0.7022878
0.69922465
0.7017685
0.70306087
0.700362
0.6979009
0.69599676
0.699612
0.69480926
0.700338
0.69978446
0.69677955
0.6970821
0.6956198
0.6973546
0.6998297
0.6987492
0.69566613
0.6985633
0.7015205
0.6995527
0.698841
0.70209235
0.6989905
0.7002939
0.7005654
0.69783515
0.6997692
0.6983382
0.69839144
0.7021104
0.7012275
0.699617
0.70143944
0.6985266
0.69651824
0.6989277
0.69778705
0.69996
0.69816226
0.6994378
0.6993494
0.6963242
0.69842917
0.70069855
0.6966525
0.6991757
0.7036935
0.69664466
0.6982757
0.7000931
0.7028473
0.6984859
0.6970083
0.69781995
0.7039491
0.6973551
0.69940615
0.69916666
0.6958892
0.6999195
0.6996654
0.69805044
0.70119315
0.7011157
0.69669896
0.69649905
0.70196074
0.6985472
0.7012067
0.7002575
0.69894296
0.69773465
0.70128584
0.7026157
0.69855136
0.69683284
0.6963038
0.7013915
0.69778556
0.70020825
0.69608617
0.6974473
0.69782853
0.6969138
0.6979953
0.6959611
0.69903505
0.6990665
0.70035607
0.6947497
0.70202726
0.6961215
0.69942147
0.6965313
0.7008496
0.70029837
0.69749665
0.7004526
0.6997489
0.6948631
0.69878346
0.70222795
0.7001211
0.6974459
0.69882756
0.6968714
0.6981702
0.6972598
0.69875383
0.7000821
0.693975
0.6982853
0.7034465
0.6994249
0.70304346
0.6969709
0.7025407
0.69935757
0.6955163
0.69923097
0.6997514
0.6944276
0.7022209
0.7034399
0.69585097
0.69857484
0.69844323
0.700342
0.69505656
0.6989801
0.699101
0.6976273
0.6965883
0.69895375
0.6969187
0.69611526
0.6983458
0.7023238
0.70091903
0.7019951
0.6991567
0.7015689
0.6995927
0.6980671
0.6973645
0.70073014
0.69937575
0.6989203
0.6990952
0.69963807
0.70061445
0.69971675
0.701942
0.7025536
0.69979155
0.6989214
0.701686
0.7000013
0.7023894
0.69610834
0.6985002
0.70241916
0.70090896
0.7007287
0.6980389
0.7002148
0.70225954
0.6989217
0.69968826
0.69942033
0.6990639
0.7011586
0.6997886
0.7054855
0.698987
0.69916797
0.7005709
0.7031709
0.7012613
0.6986022
0.70156705
0.69988865
0.7000179
0.6988169
0.70150787
0.6997547
0.6979078
0.6957669
0.6985292
0.701923
0.69806844
0.69814825
0.6999858
0.6984929
0.7008824
0.69994706
0.697791
0.698029
0.70001674
0.6963556
0.6982775
0.6982805
0.701352
0.69763726
0.6993007
0.7042845
0.7023327
0.69825745
0.7040951
0.70134914
0.6976058
0.69638306
0.70063645
0.700781
0.70506203
0.70284146
0.700661
0.69825286
0.69981146
0.701328
0.69799453
0.7021333
0.70118874
0.7013727
0.69957125
0.6999742
0.70047116
0.7008941
0.7051776
0.69862986
0.6986161
0.7037814
0.70128286
0.70145386
0.70491886
0.6999358
0.70188046
0.69710845
0.700061
0.6972467
0.7007781
0.6998153
0.69839054
0.697453
0.7002495
0.70153105
0.69763696
0.70467865
0.69530916
0.6981858
0.6996399
0.6973845
0.7004021
0.70062274
0.70119715
0.7017064
0.70215863
0.6972014
0.703642
0.7009074
0.70108366
0.6978462
0.70160705
0.6982833
0.7009939
0.7009453
0.6977758
0.70301306
0.69862765
0.7030365
0.6977392
0.70230526
0.7012465
0.70250714
0.7019943
0.700032
0.698567
0.70480335
0.70019364
0.7018726
0.70096403
0.701873
0.70080227
0.6996614
0.7029608
0.6989586
0.7029977
0.70452034
0.6986957
0.69778174
0.6977329
0.6997899
0.70374036
0.7032939
0.6999219
0.7025003
0.6968496
0.70028347
0.6979661
0.700092
0.7003348
0.7027036
0.702553
0.69785154
0.69809985
0.7010148
0.6982504
0.6981818
0.70407146
0.70088995
0.700238
0.70167524
0.7019219
0.6972594
0.69768924
0.70103306
0.700117
0.7027571
0.69895095
0.7042113
0.70080674
0.70131433
0.7049889
0.70298636
0.6986273
0.6986011
0.7023235
0.7013814
0.7016345
0.7016812
0.7009638
0.700633
0.6975726
0.70196146
0.70347774
0.7024217
0.7008999
0.6997218
0.6988215
0.70252424
0.70332855
0.70420754
0.6964755
0.70025444
0.6977723
0.70129895
0.6998758
0.70121795
0.70177954
0.7000974
0.695952
0.70005465
0.70546925
0.69879353
0.70025486
0.7022954
0.7049384
0.7009228
0.7011593
0.70300776
0.7017732
0.70281786
0.6993871
0.699738
0.7024245
0.69844353
0.70246047
0.6997821
0.70187104
0.7006407
0.70359594
0.701165
0.70355433
0.7024503
0.7002332
0.70064384
0.7021396
0.7019419
0.6994791
0.7036765
0.70142066
0.6976841
0.6994621
0.7032067
0.70227665
0.70272857
0.70091003
0.70608693
0.7078636
0.70431274
0.70132875
0.7010159
0.7025856
0.6989059
0.70273256
0.698812
0.70938283
0.69822186
0.6986304
0.702841
0.7025757
0.6990364
0.6996404
0.7069237
0.70085686
0.70446193
0.69995236
0.70079505
0.7047135
0.6981558
0.7035843
0.7025641
0.7019154
0.69842166
0.7023183
0.6992205
0.70088184
0.7014454
0.70332533
0.7022328
0.7004632
0.70656437
0.70270276
0.7031049
0.7032192
0.70843726
0.7059619
0.69919455
0.7034041
0.7021409
0.69965225
0.7031553
0.701988
0.69861585
0.70356065
0.7054479
0.702774
0.70238495
0.7053512
0.7023563
0.70333517
0.70443285
0.7000565
0.697921
0.7012604
0.70441836
0.70420116
0.7000615
0.7057041
0.7022357
0.7015717
0.70108795
0.7024633
0.70008785
0.69825786
0.7020409
0.70235234
0.70606875
0.701671
0.7056774
0.7005372
0.7011713
0.6999536
0.7015665
0.7017112
0.701883
0.70239496
0.70522577
0.70311046
0.70549875
0.70372534
0.6978655
0.7006432
0.7043701
0.700741
0.6995631
0.70075554
0.7024196
0.70306903
0.7038139
0.70137805
0.7026967
0.70193297
0.70492166
0.7006674
0.7063229
0.70305943
0.70255446
0.703917
0.70537055
0.70245343
0.7050561
0.70516485
0.70238334
0.7097548
0.7009762
0.70550805
0.70567936
0.7046194
0.7023826
0.7034561
0.70227414
0.70326936
0.7054594
0.70344883
0.70596683
0.7033499
0.70438176
0.70573443
0.70002145
0.70307106
0.70413756
0.70498955
0.70247996
0.69970465
0.706106
0.7038726
0.7036621
0.69845194
0.70219344
0.70206153
0.70248175
0.7015241
0.7047047
0.7049816
0.70286274
0.6999367
0.70121795
0.70284617
0.70576173
0.7019488
0.7021672
0.70332515
0.7042396
0.69956696
0.70885736
0.70660853
0.7018319
0.70417666
0.70270646
0.7042416
0.70347357
0.70414144
0.7030509
0.70077276
0.7058211
0.70329124
0.70235777
0.705679
0.6999826
0.7064265
0.7004843
0.70347184
0.70182496
0.70334893
0.7085736
0.70017034
0.70316124
0.7027909
0.70652455
0.7028211
0.7053316
0.70062304
0.7044008
0.7045672
0.70559704
0.70856804
0.70468646
0.7029061
0.7045262
0.705179
0.70237803
0.70217746
0.7090681
0.70690966
0.7020882
0.7011519
0.70266265
0.7050905
0.708669
0.7056011
0.7063403
0.70549023
0.7039854
0.70635396
0.70513517
0.70557
0.70479995
0.7013878
0.7032722
0.7064377
0.70166165
0.70242137
0.7028837
0.7066765
0.7076081
0.7032326
0.7057573
0.70215225
0.7073858
0.7056024
0.7007534
0.70385665
0.70173407
0.7063618
0.7062192
0.70407915
0.7031144
0.7033664
0.7033342
0.7027083
0.7029179
0.70497644
0.70547134
0.70661354
0.7052174
0.70452046
0.7044268
0.70465547
0.7003934
0.7021804
0.7069448
0.7027264
0.7059842
0.7029243
0.70181155
0.70331776
0.7031103
0.7060253
0.70461553
0.7042057
0.70370173
0.70596486
0.7016688
0.7033387
0.70740944
0.7039565
0.7030829
0.7030825
0.7064173
0.7027873
0.70374537
0.7040354
0.70455015
0.70200306
0.7036596
0.7055272
0.7053928
0.7087736
0.70226955
0.70620143
0.70803493
0.70558643
0.70451665
0.70237935
0.707977
0.7042337
0.7042489
0.7046594
0.7081001
0.709296
0.7026561
0.7036225
0.70858014
0.70478
0.7047989
0.7042096
0.7066219
0.7040618
0.70305043
0.7021624
0.7042297
0.70390177
0.7048548
0.70391697
0.70083797
0.70362693
0.70229554
0.70707923
0.70341384
0.7067345
0.7065935
0.7050631
0.7046668
0.70549285
0.7060462
0.7047223
0.70580024
0.7048981
0.70637524
0.70455927
0.70765364
0.70394176
0.70779335
0.71033496
0.70388603
0.7045446
0.7043163
0.70498985
0.7070028
0.70262796
0.7098118
0.70394635
0.7035851
0.7061738
0.70462024
0.70663184
0.7055106
0.7080128
0.7118756
0.70627993
0.70596135
0.7056186
0.70607764
0.7029659
0.7078897
0.70858485
0.70448774
0.7082891
0.70607734
0.7059358
0.70988035
0.7063288
0.70495296
0.70756006
0.7057354
0.70502377
0.70610845
0.70321864
0.705928
0.7065419
0.7072205
0.70627916
0.70561945
0.7012077
0.7076316
0.7056856
0.7102349
0.70619905
0.70741653
0.70628023
0.70361006
0.7040855
0.7073247
0.70779586
0.7142446
0.7103804
0.7124858
0.70327705
0.70849913
0.7039077
0.70761627
0.70721465
0.70817125
0.7057115
0.70506513
0.70608425
0.70855963
0.71279764
0.7099349
0.709844
0.7139444
0.7096961
0.71096474
0.7121416
0.70887697
0.7078015
0.7092364
0.7119778
0.70948464
0.71221757
0.70948774
0.7097519
0.70862573
0.7088159
0.7116797
0.7129379
0.71139145
0.7119873
0.7108037
0.70674247
0.71236044
0.7147186
0.71302754
0.709863
0.71253157
0.7162133
0.7099031
0.7083099
0.7097601
0.7129019
0.71188617
0.71526533
0.71403414
0.70959204
0.71392715
0.7086459
0.7124004
0.71191585
0.7145257
0.71404266
0.7136126
0.71474814
0.71177626
0.7080151
0.71184313
0.70986295
0.7074809
0.7118831
0.71135205
0.71122235
0.71102816
0.7126249
0.7102873
0.7108857
0.71352166
0.7111344
0.7135278
0.7057819
0.7141935
0.7131193
0.7101021
0.70987207
0.7129941
0.7111218
0.7094509
0.7081459
0.71316344
0.7080509
0.7110197
0.70938504
0.71048373
0.71678865
0.7123946
0.7132336
0.70807475
0.7141738
0.70988107
0.7111177
0.7106307
0.7116117
0.7118695
0.7094359
0.7117539
0.71378577
0.7132233
0.71082133
0.71089345
0.7087714
0.71061504
0.71003854
0.70925313
0.7140844
0.7109373
0.7075906
0.71410227
0.7086275
0.71266913
0.71168125
0.7098744
0.71038187
0.7104438
0.71183103
0.71264833
0.71292853
0.71409607
0.7096605
0.7066338
0.7106559
0.71302307
0.71085906
0.7077101
0.70956725
0.7100482
0.70833063
0.7110967
0.71225125
0.7132828
0.7117826
0.71232396
0.7127157
0.70904744
0.7117893
0.7110414
0.7076379
0.71094686
0.7077711
0.70829195
0.7145565
0.71231365
0.71373725
0.70957583
0.7111986
0.7095581
0.7076862
0.7114662
0.7117919
0.71097493
0.7097322
0.71007717
0.7143214
0.7099379
0.7081221
0.7124048
0.70669514
0.70901775
0.71160203
0.71218824
0.711003
0.70655304
0.7080245
0.7098576
0.71166307
0.7099504
0.70982265
0.7134986
0.7120553
0.70643735
0.709959
0.70733654
0.7114856
0.71244943
0.70752615
0.71094877
0.70562685
0.70781463
0.7093484
0.70946676
0.7135977
0.7129076
0.7094581
0.70964944
0.71075016
0.7100872
0.70982856
0.7073261
0.70887876
0.70667773
0.71092135
0.7078195
0.7081197
0.71164685
0.7081749
0.7113091
0.70895994
0.70940167
0.7120553
0.70807976
0.71123266
0.7079268
0.7074728
0.7075552
0.707402
0.703855
0.7059262
0.71110666
0.7085229
0.7084729
0.71114075
0.70668715
0.7080768
0.704991
0.70933414
0.7078113
0.7100565
0.7084054
0.70866
0.71331924
0.7107524
0.7084087
0.7115471
0.71034473
0.71005464
0.70575017
0.70568794
0.7110202
0.7076049
0.70796233
0.7109178
0.70833033
0.7100232
0.7053959
0.7068056
0.70985204
0.71188337
0.71245897
0.7094721
0.7054034
0.7116396
0.70720255
0.7103791
0.70760214
0.7075737
0.7078499
0.7151142
0.70647603
0.71165866
0.70907503
0.7070129
0.7043679
0.70940804
0.7085857
0.7051294
0.7072898
0.71284676
0.70909804
0.70780843
0.70720017
0.7102929
0.70910794
0.7057662
0.7110066
0.70644844
0.71050364
0.7078514
0.7106722
0.70651054
0.71071684
0.70952106
0.70786536
0.7097185
0.7108989
0.7077865
0.708411
0.70827657
0.7064522
0.71012497
0.7083428
0.70979714
0.7073094
0.71271455
0.70500016
0.70853144
0.7119581
0.70683986
0.7086517
0.7095981
0.7103879
0.70938414
0.7102496
0.7079889
0.7122064
0.7122483
0.71370715
0.7074552
0.713623
0.7129274
0.7099804
0.71243745
0.71120375
0.71769226
0.7130879
0.7132209
0.71069735
0.71012145
0.7125956
0.7106642
0.71313137
0.7122954
0.7143277
0.7106268
0.7133478
0.71036285
0.7189882
0.7103302
0.71029925
0.71657497
0.7137457
0.7149227
0.7129541
0.7138641
0.7087392
0.7155427
0.71136063
0.7142795
0.708728
0.7139012
0.7111898
0.71276057
0.7123782
0.7145129
0.70974493
0.7121544
0.7116086
0.7105374
0.71355253
0.7144314
0.7143687
0.71243286
0.70880246
0.7121054
0.7127312
0.7118134
0.7103982
0.7141389
0.7089925
0.711393
0.713909
0.70964926
0.7137624
0.71432185
0.7153235
0.71324086
0.7157114
0.709185
0.70774096
0.71188307
0.7115244
0.7123502
0.7105241
0.71036536
0.708465
0.70786077
0.70969653
0.7115454
0.7087568
0.71347886
0.7141283
0.71179885
0.71341383
0.71115273
0.7118558
0.7101913
0.7097126
0.7106625
0.70914614
0.7089254
0.70943946
0.70928544
0.71162385
0.70995575
0.7094188
0.7121388
0.7082448
0.7099578
0.7080989
0.7083337
0.7115775
0.7057975
0.71267253
0.70965636
0.7145851
0.7102238
0.710893
0.7062669
0.7091993
0.71138704
0.7109392
0.7092491
0.70796317
0.71111375
0.7114432
0.7113698
0.71035004
0.71153426
0.70786595
0.7139297
0.7062176
0.7131658
0.7099069
0.7094944
0.7113578
0.70785105
0.70881677
0.7066907
0.7115002
0.70756155
0.7062989
0.7076746
0.713005
0.70715463
0.7074315
0.70702803
0.70487064
0.71029705
0.70850074
0.7114931
0.7106043
0.7083859
0.7119471
0.7110524
0.70940286
0.70804656
0.7098422
0.70503
0.70510286
0.7087313
0.71296006
0.70917106
0.7087636
0.7135498
0.70370126
0.7135022
0.70734954
0.70591307
0.70853734
0.7107581
0.7072185
0.70476824
0.7085176
0.709844
0.71073645
0.70744634
0.7079458
0.7088302
0.709592
0.70814085
0.70278525
0.7077821
0.7075244
0.70518845
0.71014535
0.70781785
0.70951957
0.70712465
0.70433176
0.7086404
0.710828
0.7090849
0.70902145
0.7100057
0.7073442
0.70859826
0.707627
0.70584476
0.7068726
0.70567983
0.70629656
0.7066391
0.71020335
0.7066293
0.7082168
0.7059823
0.70933956
0.7104023
0.709545
0.70954925
0.71001226
0.7106124
0.7066726
0.70847553
0.708064
0.70786864
0.7081207
0.7062036
0.71054476
0.70483255
0.7088307
0.7074898
0.7066966
0.70868814
0.711976
0.7051564
0.704405
0.7059932
0.7096501
0.70644516
0.70638275
0.7065644
0.70591307
0.7033328
0.706587
0.70609474
0.7125481
0.70576555
0.70975524
0.70791006
0.7086466
0.70825565
0.7057316
0.7104524
0.70493126
0.7041606
0.7113413
0.7060129
0.7046576
0.7082319
0.7104934
0.7115794
0.7052229
0.7123828
0.70539993
0.7068231
0.70884466
0.7045027
0.7085913
0.708117
0.7024406
0.70682204
0.7030307
0.7069696
0.70686567
0.7044767
0.709984
0.7081065
0.7094591
0.7070344
0.70553225
0.708943
0.7054297
0.70296067
0.7033916
0.70401365
0.70926464
0.7122238
0.70448935
0.70610386
0.7081669
0.70511234
0.70646733
0.70622647
0.7057146
0.7082555
0.7037259
0.7051996
0.70439553
0.7067768
0.7017364
0.70656216
0.70742375
0.70895624
0.7050328
0.7114744
0.70840114
0.7044573
0.70908237
0.70334685
0.70738703
0.70532054
0.7055943
0.70594275
0.7046695
0.70657504
0.7049719
0.708494
0.70905995
0.7056069
0.70441073
0.7053044
0.70915973
0.71296597
0.70755434
0.70859927
0.7113609
0.70953643
0.7072881
0.70369
0.70851636
0.7122221
0.71164817
0.7090647
0.70816773
0.7057305
0.70912814
0.7110529
0.7040569
0.71011734
0.70802355
0.70542455
0.7096096
0.7081898
0.71049964
0.7082265
0.7069843
0.70849067
0.70638096
0.70367867
0.7083992
0.7080061
0.708348
0.7089482
0.70863
0.7044693
0.7104456
0.70539016
0.7110272
0.70889074
0.7104652
0.7084936
0.70716965
0.7059645
0.7084155
0.70490307
0.7107101
0.70764804
0.7065366
0.70701146
0.70784485
0.7064682
0.70753443
0.71048564
0.7083835
0.705452
0.70785505
0.7068633
0.70639026
0.7075888
0.7125916
0.70722914
0.70803815
0.7075416
0.7040813
0.712113
0.70740455
0.70765275
0.70698935
0.7081208
0.707318
0.7073636
0.7069437
0.70368534
0.7096134
0.7077873
0.70321006
0.70877385
0.7060136
0.7097452
0.70687354
0.7074289
0.7085347
0.70841134
0.70622736
0.70643806
0.7075156
0.70648307
0.7075219
0.7063012
0.7047207
0.70586157
0.7054888
0.7041191
0.70499945
0.7061865
0.70711833
0.71019346
0.71018904
0.70520246
0.7038909
0.7023641
0.7110228
0.7048212
0.7030929
0.70621526
0.71141696
0.7047723
0.7043587
0.7030123
0.70862913
0.7091313
0.70262575
0.705616
0.70522356
0.7074272
0.7061967
0.7051839
0.7116498
0.70862573
0.70758677
0.708342
0.7063677
0.7071472
0.7079984
0.708033
0.70890063
0.7091669
0.7075298
0.705779
0.7042962
0.70517206
0.7038998
0.7054365
0.7036346
0.70256186
0.70546705
0.7051866
0.70907754
0.70409054
0.70677584
0.7059989
0.7099439
0.7062177
0.7093294
0.7025346
0.7065835
0.7090905
0.70805687
0.7081116
0.7055091
0.70895797
0.7076202
0.7086793
0.70841604
0.70537925
0.70831233
0.7072787
0.70667887
0.7029938
0.7066016
0.7060993
0.7088008
0.71026593
0.7047486
0.7099353
0.7054274
0.7079231
0.7128518
0.70387864
0.7096905
0.70728755
0.70975345
0.7019422
0.7088011
0.7079172
0.7022241
0.70549333
0.7061393
0.7076867
0.7081566
0.7065494
0.7057512
0.7027056
0.70516676
0.70942885
0.71288604
0.7115507
0.70518756
0.7084339
0.70679003
0.7085881
0.70746636
0.7032511
0.7053968
0.7049801
0.7050099
0.7103178
0.7038295
0.7033976
0.7067866
0.7107672
0.70276284
0.70588565
0.70599896
0.7066354
0.70944387
0.7065732
0.70602506
0.702079
0.70433027
0.7054783
0.7059705
0.7041542
0.7060538
0.7049104
0.70598364
0.70472014
0.70658404
0.7054209
0.7079596
0.7023232
0.70491326
0.70660114
0.70282304
0.7048454
0.7052714
0.7049062
0.7087678
0.70704526
0.70426446
0.70696896
0.70837015
0.7076246
0.7077407
0.7042029
0.7051266
0.7080069
0.7073141
0.70527744
0.701138
0.7058861
0.70401716
0.7009189
0.7040994
0.7049277
0.7025681
0.7044081
0.7055038
0.70281345
0.7088733
0.7042941
0.70451856
0.70390475
0.70514137
0.70378214
0.70190305
0.7043805
0.69984776
0.70441866
0.70441425
0.70770496
0.7083136
0.7054568
0.7068954
0.7032774
0.70918626
0.7026844
0.70198774
0.7019001
0.7033088
0.7071624
0.70658666
0.7036398
0.70613396
0.70665413
0.7037379
0.7061112
0.70424163
0.7035415
0.7054561
0.70440584
0.7057632
0.70232636
0.7032117
0.70269454
0.7061929
0.70305336
0.70776045
0.7034559
0.70462453
0.7059969
0.701688
0.70912135
0.7024308
0.7016918
0.70807076
0.7030449
0.698906
0.70548505
0.7059341
0.7050285
0.70426494
0.7057862
0.7071879
0.70134854
0.7022149
0.7046676
0.70656264
0.70243806
0.7041774
0.7042925
0.69848394
0.70119834
0.69971627
0.70558846
0.7003902
0.70054424
0.7022579
0.70566934
0.7022679
0.7027457
0.7028818
0.7031879
0.70507354
0.69944584
0.6995547
0.7062276
0.7046228
0.7013124
0.706188
0.70647264
0.70425045
0.7062125
0.7028394
0.70508564
0.7021819
0.7020756
0.70016116
0.70271784
0.70446664
0.702995
0.7033864
0.6993707
0.70137453
0.6993647
0.6989633
0.7008869
0.7044257
0.70310193
0.7006072
0.7057208
0.7022591
0.7048301
0.7023091
0.70151293
0.7020366
0.7021703
0.7026295
0.70141774
0.7012166
0.69931436
0.69892645
0.70164204
0.7036585
0.70458585
0.7030009
0.70054156
0.70405823
0.7020564
0.70088494
0.70341855
0.7026134
0.7004426
0.70371467
0.70381653
0.70100576
0.7020437
0.69961506
0.7015108
0.70260125
0.7023979
0.69731086
0.699796
0.6984975
0.7062568
0.7010962
0.7015924
0.70097494
0.70421714
0.7022198
0.7016781
0.7036287
0.70179486
0.70143306
0.70171124
0.7034712
0.7016797
0.7020106
0.7017492
0.7048804
0.70117164
0.6985403
0.70044225
0.69950664
0.70097333
0.7044636
0.7036114
0.6990377
0.70526934
0.7038415
0.70317715
0.7019649
0.705398
0.70074004
0.70232785
0.70293057
0.7044335
0.7038017
0.7021248
0.70013595
0.6989376
0.70130295
0.70387226
0.70157677
0.7038372
0.7066042
0.70194316
0.70333624
0.69715524
0.70371515
0.70295215
0.7025771
0.69951457
0.7044792
0.7047545
0.7023369
0.6973495
0.69864213
0.6980834
0.703409
0.7006913
0.7015007
0.6998507
0.70549935
0.7016177
0.70331496
0.7030421
0.7048552
0.7000791
0.70136213
0.7020944
0.70001525
0.7012611
0.7024039
0.6975112
0.70288426
0.7019327
0.7008749
0.700329
0.7006782
0.69876873
0.69837767
0.70223445
0.70537966
0.70337105
0.69835347
0.7014235
0.6983736
0.6991718
0.7023924
0.69974494
0.7004681
0.6976336
0.70052385
0.698794
0.70179063
0.7021534
0.69801855
0.70060515
0.7034203
0.69772035
0.70174915
0.70316565
0.6998505
0.70427155
0.69674695
0.70080155
0.6981619
0.70236325
0.70313567
0.6988599
0.69951636
0.7025446
0.6981627
0.7018351
0.70211124
0.7031144
0.69911265
0.70171624
0.6996983
0.70140123
0.69857836
0.6986877
0.7017357
0.699618
0.7009998
0.70307046
0.70055604
0.70603585
0.6984927
0.7011111
0.70058584
0.7007576
0.70257217
0.7058959
0.70391065
0.6986373
0.69979113
0.69897735
0.7021737
0.69812626
0.69896674
0.69737846
0.69903004
0.6981039
0.6975933
0.6988111
0.7006338
0.6989703
0.6975592
0.69779825
0.70303476
0.70039064
0.69917244
0.70119107
0.69896024
0.6983587
0.70347536
0.69669604
0.7017388
0.6970636
0.7021011
0.70050126
0.7003191
0.70612776
0.6982127
0.70016664
0.7020946
0.6994306
0.70351934
0.7008132
0.6963531
0.7035611
0.70044786
0.6982792
0.6980179
0.70124686
0.70351756
0.6998168
0.6973386
0.70337206
0.7011512
0.70122683
0.6993808
0.6975035
0.7031397
0.69644105
0.6981849
0.70414764
0.6962175
0.7000795
0.6980132
0.7021884
0.7020405
0.69772875
0.6991912
0.6954366
0.6954601
0.6968865
0.70163774
0.7021734
0.69752806
0.7011137
0.7000917
0.70122766
0.69579166
0.7009075
0.6974065
0.7003227
0.6954212
0.7037445
0.7016025
0.69890296
0.70219946
0.7013529
0.70016915
0.6982354
0.6981217
0.696733
0.6997234
0.6978342
0.69994104
0.70080847
0.6976741
0.6987656
0.70028734
0.70290637
0.69972754
0.7014802
0.70369107
0.69928485
0.703989
0.7001837
0.69825345
0.6997798
0.6962393
0.7015263
0.6988094
0.6988604
0.70042753
0.7002044
0.69910735
0.700617
0.6999453
0.70101476
0.6984763
0.7026392
0.69967335
0.6968283
0.69842774
0.69798994
0.6947142
0.6955456
0.6980901
0.69810647
0.70146155
0.70071137
0.69704324
0.69839627
0.6989149
0.70147544
0.69968206
0.6988769
0.6976297
0.69879514
0.6978068
0.6961504
0.70060176
0.69946307
0.6985874
0.698488
0.6977908
0.70229375
0.7004544
0.69823575
0.6979642
0.6972891
0.70262355
0.6983481
0.69749147
0.69996816
0.6945777
0.69569254
0.6993603
0.70244867
0.6966135
0.69825727
0.69911987
0.7003587
0.6979998
0.69872075
0.69618016
0.6987116
0.6966557
0.69940495
0.69684535
0.69945025
0.7003229
0.69654894
0.7037083
0.7015102
0.69476396
0.70107245
0.696739
0.6987206
0.6998369
0.69759506
0.6997154
0.69535315
0.70100296
0.69630927
0.69761395
0.6982079
0.6990296
0.6996592
0.70191026
0.696612
0.69612384
0.69916517
0.6966957
0.6985628
0.6953859
0.69561595
0.6977485
0.69698334
0.69988304
0.6998262
0.70227355
0.6951648
0.6992459
0.6992652
0.6986583
0.6958836
0.69692284
0.69601953
0.701134
0.7016914
0.69886345
0.7015721
0.6982923
0.7001758
0.69481736
0.7007588
0.6999412
0.6999844
0.6995656
0.6986557
0.6980745
0.7014594
0.6964066
0.70039046
0.70045316
0.6950997
0.7037079
0.7001057
0.699041
0.7038839
0.6958063
0.6983578
0.69791734
0.69806963
0.698445
0.7003309
0.69557333
0.70208454
0.6961745
0.6974819
0.6994398
0.6976912
0.6994393
0.697674
0.6977486
0.7004889
0.692826
0.6985042
0.69642216
0.69592285
0.7004694
0.69929856
0.69762784
0.6978459
0.6987966
0.6963489
0.6979277
0.69998795
0.70075977
0.701389
0.6975971
0.69841254
0.6992355
0.69679034
0.6953447
0.6947399
0.70006156
0.7016699
0.6950801
0.698542
0.69760424
0.6968245
0.70089555
0.6974079
0.6999658
0.69487983
0.7009012
0.69678164
0.6995215
0.697451
0.6971437
0.6957005
0.7039316
0.6960574
0.69843554
0.69636405
0.6948778
0.6956802
0.6977428
0.6953116
0.70028466
0.7014498
0.6992221
0.69938207
0.69876975
0.69404566
0.6957202
0.70133036
0.697155
0.696658
0.6975224
0.69620585
0.7001621
0.69572496
0.6997556
0.6967359
0.69918364
0.70011526
0.6982309
0.69797915
0.6975438
0.6951072
0.696118
0.6942382
0.69532824
0.6958283
0.69681394
0.695429
0.6958622
0.697086
0.6942792
0.70054334
0.6947463
0.698832
0.6978339
0.6994521
0.69715774
0.69912195
0.6979774
0.6946828
0.69647884
0.69216925
0.6931587
0.69511664
0.6966441
0.6945983
0.70014375
0.695236
0.69351125
0.69220686
0.6939522
0.6907652
0.69533414
0.6931009
0.6931887
0.6941822
0.6962733
0.69410354
0.69281435
0.69416237
0.69476265
0.6935488
0.69243336
0.69158053
0.69299144
0.6892784
0.69267446
0.6905634
0.6906836
0.69267005
0.69681853
0.691881
0.6898303
0.6925161
0.69348043
0.68799037
0.6909759
0.69440955
0.690382
0.69107044
0.6893547
0.6915272
0.6912675
0.6896596
0.69311607
0.6902959
0.69336194
0.6903652
0.6942061
0.69258404
0.6920324
0.68810815
0.6902423
0.69344187
0.6930958
0.69202214
0.69336414
0.69394654
0.69040823
0.6913889
0.69018334
0.693
0.6922597
0.69392514
0.6922002
0.6941793
0.6957949
0.69769007
0.69224346
0.69098604
0.69556063
0.68864477
0.6946698
0.69280833
0.6964551
0.69796866
0.6917469
0.69200194
0.694139
0.6945118
0.69276214
0.69199723
0.69288206
0.6932097
0.6906964
0.6934045
0.69331396
0.6909736
0.694279
0.69256383
0.6928617
0.69395864
0.6893647
0.69621444
0.6942541
0.6966998
0.6974726
0.6894304
0.69268304
0.69025326
0.695098
0.6914865
0.6931942
0.69175994
0.69396
0.69279724
0.6953329
0.69524395
0.6903127
0.69083166
0.6915335
0.69345874
0.696788
0.6929865
0.69600266
0.69552094
0.68998796
0.69354635
0.6935506
0.6973252
0.6961756
0.697753
0.6957221
0.6942016
0.6915352
0.6902633
0.6944116
0.6935414
0.6935439
0.6919147
0.69391173
0.69441485
0.6941352
0.6954622
0.6945506
0.6936754
0.6935208
0.693495
0.69185156
0.69259757
0.69436014
0.6955942
0.6940528
0.69829166
0.69301766
0.695252
0.69206697
0.69216824
0.69216317
0.6959062
0.6964849
0.69192594
0.6906354
0.68905044
0.6944154
0.6958828
0.6913831
0.6960159
0.6966919
0.69388705
0.69852394
0.69306993
0.69345057
0.6943976
0.6941734
0.69610053
0.69652116
0.6953766
0.69519883
0.6952839
0.69311184
0.6956612
0.6958446
0.6945196
0.69365054
0.6919574
0.69567275
0.6932537
0.6920324
0.69609
0.69427615
0.69416064
0.69160783
0.69615495
0.69643444
0.6948721
0.6950548
0.69834536
0.696687
0.69673514
0.69164675
0.6916662
0.69275546
0.6921248
0.6943457
0.6946078
0.6968406
0.6967543
0.70006305
0.6924599
0.6967327
0.69397193
0.6946394
0.6959036
0.6939044
0.6904759
0.69631845
0.6945548
0.6947538
0.69773626
0.69616044
0.69284624
0.6930522
0.69116896
0.69384515
0.6915981
0.6951551
0.69303244
0.697314
0.6977887
0.6978561
0.6934212
0.69475985
0.6944152
0.6970506
0.69203365
0.69528425
0.69313926
0.694165
0.6932003
0.69681096
0.69422776
0.68985826
0.6961126
0.69667196
0.6925384
0.6932448
0.69582474
0.6942453
0.6973532
0.69283134
0.6907058
0.6910034
0.69365263
0.6978322
0.6957079
0.69424814
0.6966378
0.6967049
0.6974602
0.6982709
0.6924162
0.6952959
0.6979429
0.69383115
0.6999595
0.6981133
0.6943756
0.6960329
0.6985241
0.69591767
0.6929295
0.69565743
0.6924278
0.6930507
0.69808215
0.6916254
0.6923821
0.6964713
0.6933965
0.69385797
0.69538355
0.69424635
0.6975116
0.6948988
0.6943893
0.693887
0.69388247
0.6939344
0.69297904
0.6957138
0.6966758
0.6939447
0.69304353
0.69402444
0.69279736
0.692286
0.69711906
0.69602793
0.6945084
0.69639575
0.69522256
0.69450754
0.6968982
0.6946092
0.69455385
0.69448966
0.69413435
0.69687325
0.6945808
0.6947854
0.69337994
0.6963993
0.6950295
0.69326925
0.69294137
0.69100237
0.6921779
0.6948571
0.693665
0.6932896
0.69397813
0.6972476
0.6967282
0.6969196
0.69538707
0.69514763
0.6970149
0.69697046
0.69695085
0.6931617
0.6998428
0.69334984
0.6926822
0.69563544
0.6951396
0.6936552
0.6979181
0.6913502
0.69329923
0.6944687
0.69486237
0.692409
0.6979572
0.697458
0.6950908
0.6929005
0.6963102
0.69590354
0.69340146
0.6955581
0.69282776
0.69331855
0.695221
0.695833
0.69581
0.69333327
0.69682616
0.69301677
0.692239
0.6976924
0.6950784
0.69361436
0.6959476
0.6943817
0.6966265
0.6974507
0.69504786
0.6957412
0.69443995
0.6941073
0.6994854
0.6970903
0.69229573
0.6952647
0.69681805
0.69094896
0.69216985
0.6975534
0.692291
0.69562674
0.69396996
0.6942905
0.6966102
0.6937009
0.6958228
0.69829804
0.6923245
0.69545764
0.6959867
0.69657505
0.69765395
0.6924579
0.6940695
0.698099
0.69341373
0.69438285
0.6945747
0.6930945
0.69148713
0.6971336
0.69700575
0.69330716
0.6940869
0.69588107
0.6971648
0.69642705
0.69450015
0.69597334
0.6934727
0.69336367
0.69344705
0.6932621
0.69083863
0.6907668
0.6977642
0.69674665
0.6957075
0.69420445
0.69333583
0.69287187
0.69524336
0.69537175
0.69389266
0.6924383
0.69154894
0.6957209
0.6897289
0.6935991
0.693795
0.6921401
0.6903882
0.6940775
0.6911087
0.6919915
0.69528836
0.69154596
0.6936066
0.69070584
0.6950409
0.69264936
0.69168466
0.69011194
0.69441754
0.69276506
0.69196475
0.69586176
0.69430614
0.6902184
0.69225293
0.6910402
0.6921643
0.69260466
0.696688
0.6919964
0.6947221
0.69273424
0.6896167
0.69164246
0.69154996
0.6905312
0.69325495
0.69175726
0.691482
0.69202673
0.6918063
0.6966171
0.69273233
0.69057447
0.6961221
0.69138813
0.6895601
0.6913845
0.6955194
0.6924023
0.6949052
0.6921021
0.6913775
0.6908424
0.6921277
0.69462115
0.6940731
0.6918423
0.6917118
0.69191194
0.6967676
0.6928853
0.6939829
0.69447756
0.6907703
0.69139194
0.6941368
0.6906849
0.69386756
0.6937705
0.6916036
0.69534713
0.6953859
0.69314766
0.6951468
0.6917917
0.69506586
0.6930273
0.69478744
0.6933209
0.69411826
0.69137317
0.6965664
0.69128203
0.6920833
0.6909976
0.69385797
0.6926404
0.69603235
0.69647676
0.6895852
0.6931358
0.6923734
0.69395787
0.69214267
0.69172037
0.6906355
0.6941705
0.69613284
0.6975044
0.69273007
0.6942936
0.6932366
0.69632727
0.69486135
0.6943342
0.6947559
0.69677657
0.6967247
0.6969788
0.6950522
0.6944393
0.6955926
0.69433206
0.6965712
0.6991988
0.69453156
0.6966186
0.6974044
0.6941657
0.6938936
0.69495744
0.6953268
0.69466215
0.6939903
0.69438344
0.6953335
0.69500494
0.6935402
0.69307625
0.6958127
0.6915339
0.693629
0.69395196
0.6908371
0.6937619
0.69271296
0.6923967
0.6914841
0.6954235
0.69426423
0.6992221
0.69310963
0.69261587
0.6973301
0.6945922
0.6935665
0.69418865
0.6946168
0.691448
0.69258386
0.6944882
0.6932473
0.6931669
0.69568765
0.69549704
0.69457823
0.6993051
0.69404626
0.6942834
0.6956547
0.6947346
0.6958148
0.69294107
0.6938329
0.69687355
0.6964045
0.69282275
0.6930675
0.69344157
0.698106
0.6942533
0.69372255
0.6950914
0.69587845
0.69555825
0.6943073
0.69432735
0.69532293
0.696129
0.69393504
0.6934348
0.69424456
0.69752574
0.69921917
0.6952472
0.6985736
0.6935859
0.69465375
0.69689107
0.6935577
0.6960904
0.69465417
0.6958008
0.69941866
0.6934867
0.69513464
0.6972679
0.69465584
0.69441044
0.6976054
0.69329053
0.6969021
0.69503903
0.69658107
0.69477504
0.69565916
0.69653267
0.6953693
0.69394815
0.69639087
0.6946773
0.69419736
0.69575477
0.695373
0.69553417
0.69476205
0.6971471
0.69151825
0.69886327
0.69590545
0.69539464
0.6946289
0.69800586
0.6967306
0.69641155
0.6970259
0.69513
0.6928483
0.6944665
0.6969991
0.6955662
0.69497305
0.69775265
0.6944103
0.6990241
0.6958223
0.69437456
0.69569755
0.69531536
0.6930404
0.69426984
0.6958339
0.6984337
0.6936464
0.69579864
0.69357806
0.6971151
0.69525355
0.6945721
0.694502
0.69862366
0.69688606
0.69490117
0.6922565
0.6947052
0.6972041
0.69237137
0.6943581
0.6927883
0.6984904
0.6957526
0.6989243
0.69610965
0.6953539
0.6977991
0.6972683
0.6967347
0.6967749
0.7029808
0.6945896
0.6975443
0.69319993
0.6960664
0.69534713
0.69299954
0.6959214
0.69351697
0.6929609
0.6946285
0.6931517
0.69328094
0.6920168
0.6929864
0.6950468
0.6943657
0.6980507
0.69730026
0.6987631
0.6956139
0.69736654
0.69695866
0.6985291
0.6959426
0.6958869
0.6962831
0.6958403
0.699244
0.6974837
0.6963015
0.6956194
0.69694054
0.69475484
0.6947226
0.6963118
0.69554454
0.6957177
0.6945185
0.69351226
0.69553286
0.6937984
0.69377273
0.6939643
0.69665027
0.6959981
0.69543296
0.6973822
0.69659597
0.6985267
0.6967748
0.6967047
0.69585466
0.6969381
0.69699323
0.69473666
0.6956444
0.69644374
0.6965245
0.6981034
0.69468343
0.6978129
0.6954379
0.69652545
0.6960991
0.69594026
0.6931876
0.6946594
0.69761765
0.6987442
0.6961928
0.69303095
0.6964243
0.6942358
0.69721323
0.6940187
0.6962267
0.6950949
0.6959905
0.69339144
0.6936122
0.6974502
0.69457537
0.69435596
0.6952919
0.6950683
0.69298583
0.6945837
0.69396037
0.69424325
0.6980648
0.69514996
0.6984569
0.6994559
0.6946562
0.69412494
0.6930601
0.6937499
0.69417673
0.700067
0.69409955
0.6951473
0.6942287
0.6954274
0.6963004
0.6958386
0.6974962
0.6938963
0.69724107
0.6936977
0.6945284
0.6951773
0.69578564
0.69689274
0.69728255
0.6995538
0.6932791
0.6946943
0.6935704
0.6955754
0.6960403
0.6972835
0.69505197
0.69558364
0.6976065
0.69602853
0.6982672
0.69520044
0.6955921
0.6982529
0.69448155
0.6940824
0.69660586
0.6975386
0.6944871
0.69430846
0.6922888
0.6947045
0.6970476
0.6946334
0.6981721
0.69539016
0.697184
0.6962541
0.69356614
0.69203645
0.69705504
0.69646
0.6962642
0.69630605
0.69847584
0.6975281
0.69462436
0.69476545
0.6983502
0.69370157
0.6992456
0.6965124
0.6967957
0.6972728
0.694505
0.6951079
0.69751513
0.69751245
0.69623846
0.6938786
0.6974974
0.69681066
0.6990749
0.6957471
0.6952272
0.6982513
0.6941565
0.69858086
0.6923397
0.6938535
0.70019454
0.69597536
0.6943059
0.6965378
0.7005273
0.69470596
0.69334114
0.6989357
0.69538426
0.6977353
0.69918764
0.6950715
0.699923
0.69838506
0.6942296
0.6966112
0.69531596
0.6981834
0.6987213
0.6984626
0.6968589
0.6958607
0.6961265
0.6949399
0.69733703
0.69682235
0.6958442
0.6961101
0.6957389
0.6963966
0.6956242
0.69382966
0.70125145
0.6938294
0.6959795
0.69634014
0.69440806
0.6931373
0.6975268
0.6949792
0.693509
0.692938
0.6933857
0.6978421
0.69507676
0.6991922
0.6971841
0.69685817
0.69419783
0.6976444
0.6975968
0.6973085
0.6947971
0.69488066
0.6947141
0.6959033
0.69736075
0.6972403
0.6952685
0.69708216
0.69551677
0.6975163
0.6991623
0.6958212
0.69692165
0.6948779
0.69904894
0.6951982
0.6959462
0.6954811
0.69704497
0.6948545
0.6971546
0.69365996
0.6943929
0.6948174
0.6990332
0.69449496
0.6958992
0.6956436
0.69919425
0.69733214
0.6960958
0.6935524
0.6945044
0.69616413
0.69646543
0.69814616
0.6950597
0.694714
0.6976094
0.69501
0.6934635
0.6973068
0.6920514
0.69707024
0.69522285
0.7008376
0.6953388
0.69316256
0.693343
0.69468355
0.69477123
0.6956714
0.69512534
0.6942049
0.69528633
0.69587016
0.6975914
0.6954487
0.69628024
0.6985206
0.69517255
0.6950078
0.69631857
0.6965151
0.6948129
0.69899195
0.697435
0.701937
0.697453
0.69550943
0.69794106
0.6976641
0.6947958
0.6946635
0.69577175
0.6962903
0.6962781
0.69697344
0.6973538
0.6978119
0.6933539
0.69515723
0.6972075
0.6946666
0.6944124
0.69545305
0.69757956
0.69652975
0.69616055
0.69779897
0.69411397
0.69583184
0.6973608
0.6967347
0.6952494
0.6954147
0.69618934
0.6972853
0.697181
0.6965819
0.69444513
0.6983248
0.6940809
0.6974597
0.6945476
0.6945814
0.6966273
0.6974638
0.6945786
0.6981285
0.694092
0.6944541
0.69454646
0.6952618
0.69616944
0.69397503
0.69327694
0.69455546
0.69365764
0.69417924
0.6967105
0.6973354
0.6980917
0.699004
0.6962549
0.6962355
0.6965061
0.6961819
0.69512254
0.69209623
0.6958957
0.69809294
0.6945677
0.6965383
0.69685024
0.69514114
0.69623274
0.69582725
0.6968211
0.6960423
0.69740784
0.69597167
0.69695157
0.6984563
0.69633067
0.6964381
0.6978593
0.69440216
0.69806117
0.6964199
0.6950198
0.6991694
0.6947325
0.697117
0.6942517
0.6990331
0.6935611
0.69610286
0.69867784
0.69648933
0.6949075
0.6961486
0.6970887
0.6979238
0.6941485
0.69691604
0.6966005
0.6928954
0.6974499
0.69636726
0.6957943
0.69716626
0.69380873
0.6954457
0.6945558
0.69591695
0.6958348
0.6967674
0.69440544
0.6970435
0.6947529
0.6989997
0.6972167
0.6974908
0.7015086
0.6967911
0.69536215
0.69613814
0.6982873
0.6953619
0.6974623
0.6970674
0.6982811
0.6958514
0.6931014
0.69683504
0.69493175
0.6967763
0.69782513
0.6952641
0.69295806
0.6952472
0.69720453
0.6962014
0.6939619
0.6973265
0.6950167
0.69933575
0.69573873
0.69628507
0.6971326
0.69366336
0.69450754
0.6951317
0.69371796
0.6970942
0.6953555
0.6964158
0.69709665
0.69585466
0.69433683
0.6966609
0.6965857
0.6977823
0.69743407
0.6978253
0.69526076
0.69574773
0.6956331
0.6966805
0.6954584
0.6944966
0.694207
0.6939234
0.6942018
0.6986964
0.69938266
0.69872206
0.69745123
0.6950443
0.69511586
0.6973548
0.6944439
0.6963232
0.6974684
0.6945138
0.69510794
0.6971217
0.69650954
0.69794035
0.6965604
0.70017344
0.69622236
0.6920107
0.6971265
0.6957455
0.695092
0.69849813
0.69850415
0.6969335
0.6991272
0.6934756
0.69521
0.69391733
0.6973713
0.6946149
0.69797117
0.69804156
0.6956494
0.69658846
0.69499445
0.6951057
0.6964742
0.69691074
0.6982518
0.6964581
0.6947404
0.69593084
0.69663507
0.6924884
0.69559425
0.6975811
0.6943238
0.69617236
0.695927
0.69827026
0.6967287
0.69744635
0.69383985
0.6957124
0.6938528
0.69495684
0.6923275
0.6967821
0.69646055
0.69601685
0.69501543
0.6947974
0.69305176
0.69819075
0.6955747
0.69515663
0.6974774
0.6964479
0.6960975
0.6940158
0.6956637
0.6979119
0.6945045
0.6969825
0.69637334
0.69742185
0.6954967
0.69583774
0.69480085
0.6926286
0.6956557
0.69805825
0.6945077
0.697133
0.69816965
0.6982939
0.69690645
0.6986292
0.6954902
0.69660634
0.6987747
0.6958269
0.6950461
0.6964939
0.69506913
0.69705975
0.69615304
0.69987667
0.69711167
0.6984579
0.69566804
0.6961007
0.695314
0.7010747
0.6990075
0.6963382
0.69775087
0.69615775
0.6972961
0.6970505
0.69613034
0.69361997
0.6952586
0.6968583
0.6962694
0.6939823
0.69945574
0.6972589
0.6939131
0.69733053
0.6946304
0.6989041
0.69532037
0.6986474
0.696426
0.69907093
0.6965017
0.6972467
0.69696575
0.6960804
0.6952297
0.6961756
0.6956451
0.69565856
0.6916721
0.6946368
0.6967182
0.69496775
0.69805074
0.6952984
0.7007873
0.6993725
0.69227666
0.6947043
0.692455
0.69678175
0.6983819
0.69695336
0.6941047
0.69515944
0.69721746
0.6932143
0.6988313
0.6991111
0.6961342
0.6954837
0.6972125
0.69685405
0.69919723
0.69674605
0.6958556
0.69265944
0.69554436
0.69261956
0.6963032
0.69401926
0.6958025
0.69923246
0.6990113
0.6977365
0.6936812
0.69354254
0.69221
0.696759
0.6928063
0.69460577
0.6971161
0.695995
0.6960964
0.69595927
0.6979544
0.6972143
0.6967495
0.6942751
0.6962653
0.6947744
0.6945958
0.69467103
0.6956205
0.6950214
0.69549537
0.6957029
0.69666433
