0.69700545
0.69755924
0.6969313
0.697324
0.6966717
0.69674605
0.6973425
0.6973611
0.6967568
0.69676906
0.6975782
0.69689626
0.6965967
0.6966889
0.6968021
0.6975329
0.6971037
0.6968007
0.69738144
0.696898
0.6971672
0.6975484
0.6971466
0.6965657
0.6971506
0.69664127
0.6968362
0.6969178
0.69701004
0.6970337
0.6966973
0.6966945
0.69691867
0.6967569
0.69739634
0.69708943
0.696986
0.6969315
0.6971821
0.6966706
0.6972051
0.6971918
0.69676226
0.69629914
0.69656056
0.6965329
0.69663626
0.69712496
0.69682616
0.6971982
0.6962825
0.69707906
0.6964927
0.69646317
0.6967014
0.6970382
0.6972282
0.69685346
0.69650877
0.6973501
0.696865
0.69706374
0.6969511
0.6963284
0.6963077
0.69642115
0.6962396
0.696758
0.69631654
0.6966108
0.6971891
0.6969518
0.6964561
0.696779
0.69693995
0.6968356
0.6966965
0.69690245
0.696648
0.69665056
0.6968833
0.69712836
0.6967197
0.6963777
0.69660896
0.69670707
0.6965217
0.6969135
0.6964738
0.69652677
0.69689685
0.69698447
0.6960578
0.6969864
0.6969487
0.69668263
0.69699794
0.6968255
0.6964798
0.69663966
0.69641584
0.6961736
0.6964922
0.69636667
0.6960534
0.6962795
0.6969116
0.6965073
0.69625664
0.6970042
0.6965059
0.69630927
0.69661236
0.6971309
0.69694054
0.6962114
0.69665235
0.69721466
0.6965106
0.6969992
0.6958706
0.6966815
0.696486
0.6958944
0.6970196
0.69662124
0.69701564
0.69606847
0.69645005
0.69645745
0.6971518
0.69594467
0.69663364
0.6965193
0.696036
0.6962772
0.6959008
0.69645244
0.6967991
0.6964625
0.6963427
0.6964624
0.696585
0.6967924
0.69666314
0.69593817
0.69650894
0.6960828
0.6963573
0.69646794
0.6964335
0.6964858
0.69709194
0.69608146
0.69654816
0.69641095
0.69638926
0.6962387
0.6968509
0.6965759
0.6960606
0.6965073
0.6962464
0.6969135
0.6961332
0.69617885
0.69652104
0.6967611
0.69632834
0.6961719
0.69628257
0.69588524
0.6962101
0.69639575
0.69682926
0.69639176
0.69635195
0.6962716
0.69627017
0.69614637
0.69620866
0.6963679
0.6960902
0.6962679
0.6964132
0.6963521
0.6963351
0.6959627
0.6968214
0.69648147
0.69657946
0.69666404
0.6964256
0.69680727
0.6965306
0.69618654
0.6960759
0.69618106
0.69609565
0.6960228
0.69677424
0.69617933
0.6954038
0.6965078
0.6966589
0.6965066
0.6963938
0.6966416
0.69585514
0.6966624
0.6961595
0.69647586
0.6965977
0.6958013
0.69585073
0.6961748
0.6960533
0.6961749
0.6961415
0.69611406
0.6969009
0.69589883
0.6963776
0.6963808
0.6962574
0.6961296
0.6962828
0.6967507
0.69619834
0.6960917
0.69617957
0.6960073
0.69637597
0.69609576
0.69554603
0.6960832
0.69620335
0.6960338
0.6963091
0.6965611
0.6964549
0.6959964
0.6959897
0.6960297
0.6957356
0.69659466
0.69587386
0.69596684
0.6961775
0.6963137
0.6958734
0.69613594
0.6961436
0.69594735
0.6959439
0.696338
0.69669056
0.69560486
0.69646263
0.6962367
0.69551516
0.69637126
0.6960163
0.6962682
0.69676864
0.6957494
0.6961321
0.6957745
0.69603366
0.69577384
0.6959759
0.69579905
0.69603926
0.6963563
0.695977
0.69616854
0.6961955
0.695574
0.6958629
0.6965263
0.6961438
0.69594383
0.69621795
0.6968696
0.6959424
0.6960308
0.69606787
0.69546217
0.696397
0.69640785
0.69625175
0.69617796
0.6962759
0.6957391
0.69549906
0.6957872
0.69601935
0.69569266
0.696265
0.69599867
0.6963006
0.69625604
0.69569933
0.69585705
0.6960189
0.69577134
0.6964338
0.69612527
0.6962657
0.69583106
0.6961154
0.6962442
0.69639355
0.6958496
0.6958876
0.69609755
0.6963545
0.696317
0.6962745
0.6962529
0.69672763
0.6959972
0.6963813
0.69527847
0.6957951
0.6958802
0.695681
0.69598854
0.69604874
0.6963371
0.6957222
0.6963843
0.69551855
0.6956867
0.6961158
0.6960576
0.6958177
0.695763
0.6968366
0.69585055
0.69663125
0.6954586
0.695882
0.69607365
0.6962317
0.69543
0.69615465
0.695616
0.6958451
0.69659895
0.69643277
0.6956026
0.6961367
0.6959923
0.6956519
0.6962175
0.69644827
0.6962897
0.6952854
0.6961743
0.69582134
0.69619006
0.6963367
0.6958135
0.69627506
0.69621783
0.696109
0.69547606
0.6958765
0.69608307
0.695574
0.69560033
0.69641995
0.69562423
0.6963856
0.6957255
0.6964443
0.6959271
0.6962829
0.69619006
0.6958096
0.6956921
0.6959794
0.69594663
0.69616705
0.6959082
0.695684
0.6959318
0.6962433
0.6965591
0.6953912
0.6962896
0.69634104
0.696144
0.6962679
0.69570714
0.6959334
0.69609624
0.69642335
0.69608176
0.6958518
0.69622594
0.6960566
0.69599575
0.6961596
0.69603795
0.69570804
0.6960657
0.69531584
0.6969254
0.6957531
0.69585454
0.696624
0.6962336
0.6957824
0.6957364
0.69601494
0.6958316
0.69612414
0.69570684
0.69556814
0.69588894
0.69619846
0.6960516
0.6958317
0.6959238
0.69538033
0.69622636
0.6962835
0.6962724
0.69612867
0.69595754
0.69560134
0.69584036
0.6961363
0.6955301
0.6962247
0.69579726
0.6959091
0.6961174
0.69605714
0.695964
0.69526505
0.6957558
0.69565266
0.6954021
0.69620377
0.69653183
0.69581515
0.6960397
0.6961569
0.6955984
0.6959902
0.69589764
0.69607484
0.69633776
0.6958627
0.69573945
0.6961146
0.6960608
0.6959541
0.6957653
0.6965842
0.6958201
0.69608307
0.69550395
0.69545305
0.6958308
0.696677
0.6961073
0.695803
0.69690245
0.69551
0.69564736
0.69577485
0.6958725
0.6961089
0.6960122
0.6960706
0.69626313
0.6959087
0.69556916
0.69542694
0.6959085
0.6959361
0.69634616
0.6956681
0.69604063
0.6954743
0.69611293
0.69540554
0.6958318
0.69597524
0.69640523
0.6955727
0.6957199
0.6960962
0.69587374
0.69552934
0.6960752
0.69606817
0.6958732
0.6958416
0.69569725
0.695967
0.6959537
0.69569445
0.69609
0.6960193
0.6960362
0.6954876
0.69676685
0.6957045
0.69587374
0.69615686
0.6962531
0.69577974
0.69574815
0.6959192
0.69606537
0.69608325
0.6961917
0.69608307
0.69557
0.6958922
0.6961454
0.69578385
0.69605494
0.69595003
0.6954541
0.6953119
0.6959298
0.69602937
0.6963491
0.6960946
0.6959214
0.6951787
0.6956359
0.6959996
0.6961761
0.69584334
0.69614965
0.69586354
0.695355
0.696173
0.6961835
0.69543034
0.6961833
0.69629717
0.69544053
0.69607353
0.69616276
0.6956274
0.6964558
0.6961755
0.6958918
0.6961257
0.6962617
0.6961302
0.6960977
0.69584924
0.695594
0.696632
0.6959475
0.6959312
0.6957078
0.69645935
0.6960387
0.69600207
0.69576824
0.69622225
0.69554
0.6958556
0.6960043
0.69646525
0.6956096
0.69637334
0.6962481
0.69580245
0.6960152
0.6958992
0.695824
0.69632643
0.6964348
0.696283
0.6963837
0.69614303
0.69637996
0.6963318
0.69612414
0.69624346
0.6964771
0.69605166
0.6961029
0.69581294
0.69609135
0.6958447
0.69559604
0.695993
0.6967124
0.6957478
0.69568294
0.69592255
0.69630224
0.6956854
0.6955623
0.6962715
0.6957156
0.69590175
0.6961526
0.69588035
0.69640803
0.695882
0.69623595
0.6958804
0.69584787
0.69649297
0.69624525
0.69559836
0.6955781
0.6954202
0.6961913
0.69599926
0.6960973
0.6960826
0.6956494
0.69579905
0.6959157
0.69581103
0.6960193
0.6961271
0.6961312
0.6960596
0.69613445
0.6962858
0.69599223
0.6961438
0.6966934
0.6961854
0.6962409
0.6956856
0.69558746
0.69552475
0.69612217
0.6967068
0.6961044
0.6962739
0.695895
0.6958403
0.69592315
0.6961358
0.6959586
0.69653136
0.6963121
0.69624275
0.69570416
0.6960324
0.6959396
0.6953713
0.6956706
0.69610816
0.6958612
0.69587946
0.69620335
0.69581246
0.69571817
0.69648045
0.6959316
0.6957585
0.69632953
0.69584394
0.69543695
0.69644123
0.6955296
0.69604623
0.6959062
0.69619
0.6966614
0.69645834
0.6955693
0.6962125
0.6959797
0.6959261
0.69595146
0.6960495
0.6962148
0.6959827
0.6959774
0.69642675
0.6962136
0.6958007
0.69630045
0.69675726
0.6960224
0.6956897
0.695837
0.69628245
0.6963068
0.69602543
0.69683367
0.69584924
0.696183
0.6959419
0.69635296
0.69555837
0.69634455
0.69667655
0.6957317
0.6962634
0.69634706
0.6959436
0.6961697
0.6960338
0.69636846
0.6963059
0.69584703
0.6965095
0.6967398
0.6960687
0.6962471
0.6961287
0.69633406
0.69634706
0.6960385
0.69575065
0.6958721
0.69620633
0.69588834
0.69606745
0.6962671
0.69549716
0.6961241
0.6960991
0.695967
0.6958947
0.6961158
0.69659585
0.6958375
0.69624346
0.6959336
0.6963633
0.6961034
0.695971
0.6959805
0.69593227
0.6964268
0.69660455
0.69601196
0.6960589
0.6961554
0.696363
0.6959345
0.6962088
0.69611615
0.6957243
0.69582075
0.69622755
0.6962741
0.6961786
0.6956661
0.69675773
0.6969604
0.696292
0.6958403
0.6965415
0.6962018
0.69641656
0.69595623
0.6961007
0.69600874
0.6962015
0.6960346
0.6959134
0.6961954
0.69626975
0.69644356
0.69644165
0.69630045
0.69625443
0.69578856
0.69659543
0.6964313
0.69609094
0.6961868
0.69637793
0.69595927
0.69631803
0.69591826
0.6959381
0.69608563
0.695893
0.6959134
0.69657063
0.6966559
0.6957971
0.69569135
0.6968078
0.69611174
0.69568586
0.6961941
0.6961735
0.69605434
0.69622564
0.69577634
0.6967142
0.6963353
0.69640404
0.6962105
0.69675374
0.6961545
0.69651
0.69608843
0.6964236
0.69649464
0.69637007
0.6965496
0.696543
0.69646543
0.6960101
0.6962135
0.69659954
0.69590133
0.69611615
0.6963397
0.6960508
0.695957
0.69636226
0.6962166
0.6959828
0.6967312
0.6962222
0.69673765
0.6964875
0.6962759
0.69615924
0.6960921
0.69608897
0.69672626
0.6961085
0.6963738
0.695864
0.69617796
0.69601554
0.6964984
0.6966156
0.69616324
0.69577974
0.69586486
0.6963905
0.69637835
0.69639957
0.6959316
0.6963594
0.69657767
0.69654655
0.69682574
0.696996
0.69618344
0.6963642
0.69686645
0.69544154
0.696005
0.69665223
0.6964961
0.69587237
0.69632196
0.69660044
0.6962004
0.6961292
0.69611615
0.6965353
0.6962579
0.69615537
0.6968042
0.6962383
0.69643044
0.696074
0.696658
0.6965478
0.69624853
0.6959289
0.6962171
0.69572014
0.69613373
0.69641465
0.6961201
0.69601154
0.6966554
0.69625974
0.6966513
0.69588095
0.69594806
0.6959064
0.6964059
0.69643545
0.6962192
0.6963253
0.696508
0.69585276
0.696629
0.696893
0.69629455
0.6964086
0.6962848
0.6964207
0.69605005
0.6957002
0.6963363
0.6968039
0.69619167
0.6964682
0.696121
0.69655114
0.6961383
0.6965215
0.69674635
0.6967352
0.6963322
0.6962497
0.6963864
0.6967336
0.6964437
0.69658697
0.6961324
0.6960711
0.6961033
0.6965857
0.6963292
0.69620293
0.69664
0.69597703
0.69643956
0.6965011
0.6962054
0.6966268
0.6964262
0.6963696
0.6962296
0.696088
0.69638044
0.69651717
0.696355
0.6965031
0.69610184
0.6966382
0.69677657
0.69634885
0.6967782
0.696663
0.6963836
0.6958092
0.6962718
0.695912
0.6964448
0.69647485
0.6965555
0.69611233
0.69638646
0.69626886
0.69634855
0.6962088
0.6963293
0.6963667
0.696552
0.69659424
0.6964479
0.696213
0.69645065
0.6963992
0.6964777
0.6968208
0.6965277
0.69643897
0.6967527
0.6965646
0.69637907
0.69659483
0.6965408
0.6966339
0.69647866
0.69627553
0.6968115
0.69597507
0.6966042
0.6963123
0.6961465
0.6964145
0.6963911
0.6967802
0.6966149
0.69614774
0.69631976
0.6969838
0.6964288
0.69618636
0.6962867
0.6963353
0.6967172
0.6959778
0.6968112
0.6962469
0.6967257
0.69642913
0.6961821
0.6967832
0.6964816
0.69633806
0.6966163
0.69665056
0.69621265
0.69657815
0.69615847
0.69628274
0.69588935
0.6962969
0.69619375
0.6963723
0.69678
0.6960561
0.6961552
0.69668406
0.6961593
0.6963047
0.6960498
0.6968033
0.69627684
0.69679374
0.6968096
0.696402
0.6962684
0.6966388
0.6960899
0.6962434
0.6964122
0.69659185
0.69631726
0.69668746
0.69650686
0.6967748
0.696748
0.6956484
0.69596595
0.69632065
0.6964968
0.6960476
0.696564
0.6963601
0.69627964
0.6965118
0.69680554
0.69623625
0.6968058
0.696593
0.69617575
0.69634455
0.69605196
0.69679904
0.69620204
0.6964586
0.6966143
0.6965258
0.6964049
0.6963826
0.6965456
0.69618773
0.69672346
0.69634336
0.69637483
0.6963915
0.69626224
0.69633406
0.69638914
0.6966752
0.69641757
0.69677943
0.69696826
0.6963724
0.6963048
0.6958677
0.69616485
0.6961092
0.6959889
0.6968451
0.6966078
0.6961413
0.6964281
0.6964243
0.69702035
0.696299
0.6964167
0.69661003
0.6958871
0.69645983
0.69634014
0.69623345
0.69729394
0.69658464
0.69610673
0.69655013
0.69642526
0.69666934
0.6960924
0.6963719
0.6962468
0.6963319
0.6967871
0.6963396
0.6962473
0.69612855
0.696415
0.6960922
0.6966271
0.6966529
0.6964311
0.6962739
0.6961716
0.69576544
0.6964369
0.69681287
0.6967077
0.69607466
0.6965122
0.6962143
0.6962169
0.6964174
0.69690025
0.69651395
0.6964211
0.696641
0.69615793
0.69656056
0.69626206
0.69635916
0.69619304
0.6963286
0.6967285
0.69660074
0.69644505
0.69611853
0.69618076
0.6961616
0.6965262
0.69639987
0.69595885
0.6964136
0.6967337
0.6964627
0.6966602
0.69611865
0.6965558
0.6962562
0.69636464
0.6962412
0.69568276
0.6961232
0.6963108
0.6964041
0.6962865
0.69637716
0.69608766
0.69638705
0.6965628
0.6963344
0.69661963
0.6963872
0.6966622
0.6959996
0.6964994
0.69629866
0.69677204
0.6967952
0.69615185
0.69637567
0.6963483
0.6962544
0.6961305
0.6963569
0.69615966
0.6971981
0.6960371
0.6965305
0.6963735
0.69618016
0.69637215
0.6958453
0.69603693
0.69642854
0.6966789
0.69618696
0.6964241
0.69602287
0.69602877
0.6966067
0.6963139
0.69681126
0.69651943
0.6964385
0.69634515
0.69643426
0.69648063
0.6960375
0.69613886
0.696891
0.6958931
0.69641083
0.6961971
0.6960797
0.69638276
0.69640213
0.6970221
0.6971418
0.6965632
0.6966834
0.697244
0.6960291
0.69624406
0.69660616
0.6959669
0.6962366
0.69667846
0.6962684
0.6966093
0.6964098
0.6962896
0.6963518
0.696377
0.6962981
0.69673115
0.69629556
0.696687
0.6966344
0.69633424
0.6963493
0.69653577
0.69612235
0.69679683
0.6961798
0.69646215
0.6966244
0.6963906
0.69637805
0.6958583
0.6964356
0.69610053
0.69620085
0.6961388
0.69637096
0.6962489
0.69718075
0.6964001
0.69638777
0.6960431
0.6962322
0.6964326
0.6955819
0.69668996
0.69600147
0.69651467
0.6959519
0.69645864
0.6963731
0.69683474
0.6964121
0.69694865
0.6962479
0.69650954
0.696546
0.696609
0.69624877
0.69632196
0.6960021
0.69604665
0.6965971
0.69608164
0.6963109
0.6961286
0.6963001
0.6960426
0.69627917
0.6966666
0.6964139
0.69666404
0.69651
0.6962633
0.69614905
0.6963365
0.69574565
0.6964679
0.6965747
0.6962058
0.6963251
0.6962404
0.6966101
0.6968355
0.696388
0.6965011
0.6967339
0.69620657
0.6957757
0.69600254
0.6964845
0.6966618
0.696485
0.69624275
0.6962017
0.69586253
0.69609505
0.6962323
0.6968058
0.69657606
0.6966206
0.69622755
0.6960871
0.6964725
0.69668114
0.69679874
0.69618285
0.696582
0.6961853
0.696223
0.69607353
0.6961137
0.6964604
0.69628125
0.696632
0.6967256
0.69623375
0.6962598
0.6963417
0.69658154
0.69632673
0.69573665
0.6955648
0.6962034
0.69695276
0.6969574
0.6963148
0.6968737
0.69636065
0.69658214
0.6963322
0.6965923
0.6966184
0.6965353
0.6960853
0.6971984
0.69642186
0.69625133
0.6962721
0.6964376
0.6962784
0.696156
0.69632685
0.6965059
0.6962836
0.6968708
0.6963943
0.6962909
0.69601184
0.6963817
0.69629997
0.6964655
0.69696575
0.6960553
0.6965491
0.69652194
0.6965984
0.69612104
0.69670016
0.6962251
0.6964692
0.69636023
0.69671404
0.6962263
0.6961414
0.696624
0.69656456
0.69635373
0.69604284
0.6964313
0.6965045
0.69616276
0.6960924
0.69598055
0.69670385
0.6964777
0.69600743
0.6966691
0.6962286
0.6962673
0.696291
0.69643235
0.69626904
0.696241
0.6966105
0.6962258
0.6962563
0.6964288
0.6964063
0.6964682
0.69630665
0.69582134
0.69622445
0.69588614
0.69666433
0.6964521
0.69640434
0.69670665
0.696629
0.69642466
0.6966461
0.6966344
0.6955845
0.69588333
0.6966525
0.696282
0.69616336
0.69587827
0.6968144
0.6961735
0.69623655
0.6966003
0.6963011
0.69699585
0.69638294
0.69596004
0.69644505
0.6964777
0.6961406
0.6963608
0.6960997
0.69621336
0.6959829
0.6958028
0.69684744
0.6965744
0.6959727
0.6962506
0.69650716
0.69604015
0.6964208
0.6964183
0.6967167
0.6960011
0.6965574
0.69667894
0.6965251
0.69666916
0.6959793
0.69660026
0.6964636
0.6964746
0.69630677
0.69657636
0.6965417
0.6960627
0.6963701
0.69633657
0.6959534
0.6966695
0.6958082
0.6964421
0.69631785
0.6960571
0.69532704
0.6963614
0.69624704
0.696421
0.6965989
0.69622666
0.6965965
0.69658756
0.6966873
0.696223
0.69639647
0.69624645
0.6964043
0.6960574
0.69594514
0.6961524
0.69639176
0.6967928
0.6967006
0.6965355
0.6963951
0.69614226
0.6962347
0.69639826
0.69648033
0.6964729
0.69623697
0.69635904
0.6968879
0.696035
0.6963446
0.6966651
0.69681597
0.69666344
0.6960835
0.6961494
0.69660264
0.69619447
0.6966085
0.69611543
0.69632274
0.6965348
0.69637567
0.69652516
0.6965542
0.69646394
0.6960009
0.6963971
0.69658333
0.6966147
0.6963866
0.69658685
0.6960182
0.69640285
0.6962898
0.6964488
0.6963358
0.6963862
0.6960609
0.6967531
0.69605535
0.6959646
0.6962112
0.69595015
0.6962393
0.69600916
0.69643784
0.69681895
0.69695914
0.69604176
0.69629467
0.69572157
0.6962173
0.69664186
0.69620836
0.69654083
0.69634575
0.6962118
0.69660455
0.69682974
0.69617164
0.6964056
0.6965085
0.69606733
0.69664145
0.6963055
0.69642454
0.69664246
0.69620305
0.6966892
0.69615763
0.6958793
0.69615316
0.6960194
0.69636065
0.6967313
0.695956
0.69613725
0.69596803
0.69623584
0.69618416
0.69604796
0.69634867
0.69605887
0.69618446
0.6967137
0.6962815
0.6959836
0.696275
0.69724387
0.6959499
0.69664955
0.6965112
0.6965903
0.6966084
0.6965129
0.69608206
0.6962978
0.69630563
0.69707155
0.6962692
0.69660246
0.6962636
0.6967731
0.69660205
0.6963197
0.6966339
0.69666564
0.69633985
0.6969263
0.6968302
0.69662905
0.69652843
0.6966173
0.69665277
0.69592214
0.6961433
0.6963029
0.6969782
0.6963549
0.6961597
0.69588447
0.69685143
0.6959004
0.6966345
0.6959849
0.69644624
0.69580126
0.69608897
0.69652665
0.69660425
0.6964882
0.6962445
0.6961646
0.6966153
0.69665843
0.6962527
0.6961198
0.6965175
0.6966837
0.6959243
0.6962629
0.6966235
0.6965442
0.6963968
0.69653857
0.696473
0.6962783
0.6961226
0.6963134
0.696163
0.69665164
0.69588804
0.69632804
0.6962323
0.6966767
0.696123
0.695904
0.69615954
0.6971206
0.6968273
0.69620496
0.6968847
0.69638807
0.6967087
0.6962167
0.69637054
0.69627887
0.6963539
0.69632137
0.696308
0.6960133
0.6963733
0.69648045
0.69647
0.69648534
0.6962037
0.6966812
0.6963781
0.6962859
0.69587004
0.6962673
0.69677925
0.69651484
0.6960065
0.6966912
0.69617015
0.69656956
0.69627887
0.6956028
0.69628525
0.6964879
0.6962359
0.6963453
0.69656885
0.6960501
0.6962516
0.6962797
0.696153
0.6970368
0.696378
0.6961979
0.696409
0.6959893
0.6968354
0.6962811
0.6961371
0.6969783
0.6963876
0.6963081
0.6960934
0.6966342
0.6961879
0.6964016
0.6964559
0.6961189
0.69636166
0.6963674
0.6959726
0.696582
0.6963141
0.69672984
0.6967852
0.6966851
0.696463
0.6963528
0.69625205
0.6969171
0.69650096
0.69678956
0.6959104
0.69634336
0.6961621
0.69663876
0.6965334
0.6965769
0.6966238
0.69614357
0.69581914
0.69620204
0.6965702
0.6961098
0.6964985
0.6963743
0.6966419
0.69660074
0.6966793
0.6965435
0.6962803
0.6961134
0.6962715
0.69629526
0.6962858
0.6967105
0.6962959
0.6961337
0.6965554
0.69617444
0.6964999
0.69627196
0.6969158
0.6964879
0.6961986
0.69605464
0.69653326
0.6966657
0.69630444
0.6959332
0.6962273
0.6962244
0.6964928
0.696747
0.6967099
0.6966964
0.696114
0.69613945
0.6960551
0.6963528
0.69619584
0.69654864
0.696183
0.6965577
0.69674987
0.6961672
0.69649655
0.6965127
0.6959589
0.69604623
0.69655037
0.69640684
0.6965303
0.69669384
0.6964434
0.6962308
0.6966318
0.69719994
0.6966995
0.6966588
0.6965637
0.6968855
0.6967534
0.6966587
0.69674456
0.6958794
0.69644976
0.69631684
0.696283
0.69654363
0.6962305
0.69665456
0.69678
0.69646317
0.69672257
0.69627637
0.696286
0.69668573
0.6964754
0.69635904
0.69615096
0.69609565
0.6969238
0.6967419
0.6969049
0.6968258
0.69682205
0.6967691
0.6963995
0.6963016
0.69668216
0.6962409
0.69608384
0.69631904
0.69652677
0.6961782
0.6960653
0.69642824
0.6964596
0.6964713
0.69661474
0.69606096
0.6968084
0.69652635
0.69659156
0.69709116
0.69689745
0.6964762
0.6964807
0.6956044
0.6962307
0.69610363
0.6965173
0.69633055
0.6965557
0.69701105
0.69683874
0.6961605
0.69671994
0.6966857
0.69663584
0.69648343
0.69652414
0.6964116
0.69671035
0.6963799
0.69692725
0.69628775
0.696448
0.6965363
0.6957736
0.6966631
0.69649297
0.69588345
0.6968384
0.69677734
0.69611216
0.69696003
0.6965925
0.69691116
0.69647366
0.69636047
0.69632196
0.6970108
0.6965752
0.69700193
0.6961872
0.6969229
0.69650084
0.69671136
0.696157
0.69639665
0.69623953
0.69618475
0.6967987
0.69674
0.696805
0.6966384
0.6960775
0.6964817
0.69636935
0.69625735
0.69650304
0.69698256
0.6963733
0.6967778
0.6961579
0.69672334
0.6959901
0.69646025
0.6964324
0.696032
0.696884
0.6964606
0.6963446
0.6964443
0.6962853
0.6970385
0.6961152
0.6965124
0.69656724
0.6966017
0.6964017
0.6968055
0.69644916
0.6966585
0.69662935
0.6966883
0.69640154
0.6967064
0.696737
0.6963045
0.69682676
0.69628036
0.69662887
0.6968348
0.69639796
0.6966608
0.69667363
0.69610554
0.69659185
0.6966117
0.69668096
0.6969861
0.6962992
0.69667983
0.69637805
0.6969425
0.69697034
0.69687665
0.6963992
0.69608796
0.69659424
0.6964829
0.69658625
0.69680506
0.6968147
0.6968984
0.6964175
0.69644403
0.69697714
0.6966407
0.6962613
0.6965849
0.69683254
0.69677347
0.6965178
0.6965661
0.6968533
0.6964482
0.6965605
0.6966597
0.69641805
0.6965835
0.69657505
0.69665885
0.69692755
0.6966796
0.69664687
0.6965308
0.69644445
0.6967004
0.6969879
0.6967416
0.69606894
0.6967657
0.69652635
0.6964837
0.6964289
0.6964977
0.69637054
0.69710505
0.69674796
0.6964587
0.6962589
0.6965819
0.69680613
0.6967564
0.69657695
0.6964469
0.6968415
0.6968041
0.69731563
0.6968002
0.69649845
0.6968136
0.69691926
0.69706017
0.69696
0.69598436
0.6967996
0.69678265
0.69695234
0.696633
0.6966407
0.6963308
0.6972906
0.6963412
0.6970221
0.6966224
0.6966571
0.6970684
0.69679743
0.696927
0.69647306
0.69662493
0.6962404
0.6967724
0.6967753
0.6967856
0.69689494
0.6968468
0.69642675
0.696583
0.69737196
0.6968451
0.6965578
0.69627804
0.6961493
0.6966107
0.69641626
0.69670427
0.6970903
0.69664085
0.6970602
0.6968542
0.6969698
0.69667935
0.6960902
0.696565
0.6963096
0.6965359
0.69704944
0.69655937
0.6967043
0.69639045
0.6971847
0.6971014
0.6969373
0.69695777
0.69653505
0.6967239
0.6968672
0.6967952
0.6970091
0.69659185
0.6963945
0.69665086
0.69618213
0.69707346
0.6965047
0.6967823
0.69687605
0.69710267
0.6962965
0.69662666
0.6969489
0.69707614
0.69680125
0.69663906
0.6971931
0.6969309
0.6965997
0.6971833
0.696657
0.6964465
0.69701403
0.69663733
0.6973865
0.6969815
0.69661415
0.69669515
0.69709444
0.69660103
0.6968554
0.6966831
0.69681627
0.6969132
0.6964836
0.6967393
0.6970877
0.6965193
0.6969736
0.69662106
0.6970102
0.6971423
0.6969823
0.6967443
0.69717216
0.69674665
0.6967603
0.6960087
0.6968379
0.6967878
0.6969679
0.6965709
0.6969763
0.69688743
0.6967496
0.6964468
0.69697076
0.69742185
0.69696724
0.6965242
0.6965355
0.6964667
0.69685704
0.69735736
0.6965051
0.6965901
0.6972084
0.6964773
0.6968495
0.6971672
0.6968255
0.69723874
0.69682974
0.69740766
0.6967888
0.69715863
0.69669414
0.6966999
0.69690734
0.69734555
0.69680524
0.69735193
0.6970251
0.6970225
0.6969587
0.6967211
0.6966844
0.6969812
0.696786
0.6968878
0.6971342
0.6968758
0.69747496
0.69677305
0.69683
0.69665766
0.6968376
0.6973545
0.6965146
0.69675964
0.69749993
0.69640857
0.6968003
0.6970521
0.6967938
0.6970038
0.69710016
0.69691914
0.6970839
0.6968143
0.69657016
0.6966252
0.6970816
0.69670457
0.69660515
0.6974218
0.6971526
0.6966657
0.6970492
0.6970591
0.69674075
0.69745433
0.6968994
0.69724333
0.6970997
0.69709015
0.69736433
0.69697887
0.6971055
0.6967225
0.6970448
0.6964939
0.6970828
0.69638467
0.6969459
0.6971479
0.69715595
0.6964033
0.69629025
0.6969927
0.6965797
0.6968093
0.6968856
0.6973119
0.69707507
0.6968752
0.697467
0.6969771
0.697105
0.6968051
0.6971285
0.6967334
0.69706994
0.6967241
0.69707495
0.69719326
0.69700414
0.69660854
0.69749594
0.6962104
0.6966297
0.69681007
0.6972572
0.6970159
0.69751453
0.69703585
0.6967266
0.6971616
0.6973582
0.6972032
0.69668245
0.6969422
0.6964287
0.69725406
0.6974496
0.69695044
0.69694376
0.69684005
0.69697493
0.6966163
0.69654393
0.6968144
0.69737893
0.6971268
0.6967787
0.6968144
0.6972865
0.6970973
0.6967925
0.6968571
0.69678384
0.6970379
0.6967242
0.69727826
0.69773287
0.69678646
0.69720846
0.69754666
0.69709855
0.6966669
0.69700223
0.6970299
0.6969371
0.6968798
0.6972165
0.69675076
0.6971615
0.69679576
0.69675297
0.6970516
0.697207
0.6967222
0.6969002
0.69666654
0.69722456
0.6967015
0.6977526
0.697277
0.69730645
0.6973046
0.6970324
0.6972824
0.6971965
0.69728726
0.69737875
0.6968767
0.6966936
0.69728065
0.6966939
0.69726944
0.6966829
0.69699043
0.69691163
0.69706273
0.69683415
0.6970206
0.6967096
0.69667685
0.6971892
0.6969502
0.6971988
0.6974167
0.6967223
0.69679314
0.6972954
0.6971349
0.69751984
0.6966305
0.6974493
0.6969905
0.6973367
0.69706523
0.69688195
0.69657135
0.6971758
0.69730175
0.6967909
0.69697744
0.6969568
0.69725114
0.6969562
0.696918
0.6969929
0.69728726
0.6975153
0.6972454
0.6971769
0.69685304
0.697083
0.69726413
0.696966
0.6972037
0.6975536
0.69731337
0.69734216
0.69740313
0.6972348
0.6970067
0.69711614
0.6970001
0.6971771
0.69687325
0.69708174
0.69742924
0.6971016
0.6971865
0.69736457
0.69737035
0.6972176
0.6975611
0.6971613
0.6973105
0.69698894
0.69706464
0.6968712
0.69679505
0.6967785
0.6971739
0.69687676
0.6970596
0.69731694
0.69691527
0.6969156
0.69664145
0.69733906
0.6976179
0.69734967
0.6977015
0.6970112
0.6969704
0.6971091
0.69698346
0.6971501
0.6969094
0.69741106
0.69693196
0.6971428
0.69729394
0.69707614
0.6967416
0.69747627
0.6974544
0.6968498
0.69746923
0.697076
0.69703823
0.6970897
0.69695836
0.6973869
0.69697493
0.69724905
0.6969107
0.69710886
0.697412
0.6970205
0.69705623
0.6972951
0.6970771
0.6970167
0.6973754
0.69717187
0.69731617
0.697479
0.6976855
0.6974683
0.6970579
0.6977251
0.6967975
0.69703084
0.69727635
0.6973568
0.6975966
0.6970291
0.6975412
0.6970547
0.69700664
0.69722265
0.6972478
0.697384
0.69713163
0.6971735
0.69766426
0.6975848
0.69716656
0.69689035
0.69684523
0.6975474
0.69733113
0.6975256
0.6968557
0.6972783
0.69699806
0.6970629
0.6968265
0.6975586
0.69720125
0.6971982
0.6974066
0.6969449
0.6964386
0.69754165
0.69718456
0.6969173
0.6973441
0.69702816
0.697174
0.6971123
0.69698375
0.69717234
0.6975468
0.69727176
0.69705415
0.69722867
0.6977229
0.69746894
0.69741595
0.6972718
0.69692963
0.69720113
0.6971858
0.6967399
0.6975853
0.6968668
0.6975247
0.6972594
0.6968356
0.69745463
0.69739413
0.69713795
0.6972697
0.6973688
0.69709665
0.6970539
0.69705504
0.6974365
0.69680697
0.6977567
0.6976511
0.69732296
0.6974711
0.6972145
0.69730824
0.69720536
0.6969315
0.69734675
0.6970914
0.6968143
0.6972942
0.6971679
0.6970548
0.6974196
0.69776064
0.697329
0.6975467
0.6976951
0.6971367
0.69689417
0.697231
0.69743586
0.6974391
0.69708043
0.69718903
0.6970004
0.6971803
0.69665515
0.6973156
0.69720364
0.6975444
0.6972341
0.69738585
0.69727945
0.6971089
0.69755644
0.69704556
0.69705254
0.69682944
0.69686455
0.6973758
0.69749117
0.6972308
0.69736123
0.6976604
0.6970994
0.69697255
0.6970995
0.69697297
0.69740504
0.69739455
0.697469
0.6973818
0.6969333
0.6969503
0.6974433
0.6967168
0.69727874
0.6971049
0.6977044
0.6971313
0.69700354
0.6969876
0.69752777
0.6971851
0.69715303
0.69731504
0.6971242
0.6975239
0.6969862
0.69704515
0.6969679
0.69741195
0.69715726
0.69727725
0.6971806
0.6978483
0.69770753
0.69716984
0.69691306
0.6970503
0.6971692
0.69763297
0.69760096
0.6969476
0.6972604
0.69708174
0.697596
0.6975344
0.6969208
0.69775677
0.6973599
0.69747937
0.6974658
0.697277
0.69719553
0.69684106
0.69716704
0.6971984
0.69704646
0.6967794
0.6971235
0.69765836
0.6973024
0.6968561
0.69714427
0.6970694
0.69754755
0.69717336
0.69686705
0.6971917
0.69684076
0.69703746
0.69727343
0.69757605
0.6970519
0.697013
0.6969161
0.69755536
0.6969626
0.69752926
0.6972188
0.69763684
0.69722795
0.697307
0.6978952
0.6972575
0.6970722
0.69776326
0.6973101
0.6971741
0.69747657
0.6974445
0.69709
0.69668174
0.6967555
0.69712025
0.6974145
0.6969334
0.69732845
0.6974457
0.69709545
0.69739485
0.6975534
0.69740367
0.697071
0.69763756
0.69744027
0.69709903
0.69733554
0.6972437
0.6972868
0.6977465
0.69734144
0.69704676
0.69683295
0.69683546
0.6975727
0.69725287
0.6972645
0.69727725
0.6972175
0.6971176
0.69729924
0.6975533
0.6973254
0.6975891
0.69695103
0.6970621
0.69689006
0.6972378
0.6973101
0.6974708
0.6974314
0.69693077
0.69723904
0.69690776
0.6969914
0.69715285
0.6970849
0.69684243
0.6969248
0.69694537
0.697399
0.69723773
0.69745994
0.6971456
0.6975642
0.69732684
0.6973071
0.69747305
0.69780886
0.6969428
0.6973144
0.69678456
0.69734776
0.69726175
0.6970527
0.6967672
0.6968169
0.69713324
0.69728076
0.69713
0.6973591
0.6973347
0.69757664
0.6975787
0.697218
0.6968304
0.6976414
0.6973974
0.6975455
0.6972308
0.69690967
0.6967781
0.69772583
0.69655913
0.6970486
0.6967147
0.6975641
0.69733125
0.6972582
0.6969351
0.6972926
0.69727886
0.6969803
0.6969966
0.6976127
0.6969935
0.69755745
0.6971826
0.69724506
0.6974544
0.69703263
0.6972998
0.69686174
0.6974874
0.6973273
0.6973911
0.6968994
0.6972244
0.6973344
0.6966296
0.69720876
0.69725084
0.6977327
0.69729775
0.697011
0.69686145
0.6967994
0.6974007
0.6970713
0.69708633
0.69707835
0.69747645
0.69700605
0.6971501
0.69717807
0.6975624
0.69710296
0.6973634
0.6975207
0.6973904
0.6972037
0.69685507
0.69711566
0.6974013
0.69742525
0.696945
0.6971258
0.69699794
0.69661397
0.6970214
0.6972308
0.6975014
0.6970991
0.6972521
0.6968425
0.6970682
0.69708186
0.6969414
0.69685936
0.6965042
0.6969612
0.6971633
0.6971847
0.69734585
0.69677496
0.69756824
0.6969979
0.6974741
0.6976812
0.69710445
0.6969488
0.69719386
0.6973264
0.69742894
0.6969486
0.6972298
0.69709295
0.6973381
0.6972149
0.6973795
0.69690233
0.6972326
0.6971949
0.69683915
0.6972285
0.69741327
0.69659674
0.6972635
0.6968747
0.697344
0.69717073
0.697095
0.6971392
0.69747263
0.6971456
0.6974085
0.697365
0.6968954
0.69686025
0.69695497
0.6974853
0.69676363
0.6972746
0.6973332
0.69706297
0.69699365
0.697282
0.697266
0.6970236
0.6974854
0.69698095
0.696919
0.6974543
0.69737357
0.69665784
0.69725955
0.6974805
0.6972301
0.69771785
0.6975076
0.6971346
0.69701886
0.69758886
0.6970071
0.69679844
0.6975078
0.69753534
0.69694257
0.6969025
0.6971737
0.69650036
0.69686604
0.6965196
0.69742614
0.69718
0.69697404
0.69718045
0.69723666
0.69721
0.6972495
0.69728035
0.69689673
0.6970775
0.697112
0.69710034
0.69709855
0.6971491
0.69683343
0.6970955
0.6974588
0.697222
0.69683105
0.697264
0.69717675
0.69700724
0.69714427
0.6973637
0.6970156
0.6968376
0.69711924
0.6971614
0.69695884
0.69629675
0.6970119
0.69694686
0.6968882
0.6974567
0.6971813
0.69710976
0.69729215
0.69720477
0.697276
0.6970893
0.6974353
0.69737065
0.6972102
0.6967988
0.6971364
0.6966975
0.6972823
0.69733995
0.6970815
0.69702035
0.697479
0.69755304
0.6970512
0.6973065
0.6970566
0.6970316
0.69707316
0.696629
0.69721526
0.69724905
0.6971861
0.6970477
0.696816
0.69733363
0.69725883
0.697068
0.6970489
0.6973631
0.69703984
0.6976091
0.697563
0.6969199
0.69737756
0.69677395
0.6968617
0.69726914
0.6972124
0.6973258
0.69686115
0.6969702
0.6966964
0.6972311
0.6971777
0.6967322
0.696836
0.6974483
0.6969689
0.69647557
0.6970641
0.6966342
0.697115
0.6971374
0.6970653
0.6968197
0.69720197
0.69709456
0.697509
0.6971766
0.69730586
0.6970248
0.6967347
0.6964237
0.69697624
0.6966577
0.69705755
0.69694513
0.6967506
0.69702774
0.69692504
0.6965009
0.69714046
0.69678193
0.6971674
0.6972185
0.6973338
0.697062
0.6969235
0.6966977
0.69677955
0.69688654
0.6970519
0.6968457
0.69721776
0.69696635
0.69711316
0.696838
0.6972109
0.69699067
0.69697726
0.69703436
0.69674665
0.6974328
0.6970285
0.69652313
0.6968016
0.6965921
0.69699997
0.6970991
0.697165
0.6972889
0.6973424
0.69713986
0.69704676
0.69723934
0.6971063
0.6968303
0.6969364
0.69676983
0.69679147
0.69663817
0.69663745
0.69707257
0.696712
0.69718206
0.6970307
0.69677526
0.6965334
0.69711
0.6969529
0.6967538
0.6967974
0.6971484
0.6971199
0.6967966
0.69658357
0.697208
0.6969234
0.6969209
0.69744796
0.69723254
0.69652396
0.6966143
0.6969571
0.6966538
0.69705904
0.69742167
0.69680816
0.6968912
0.69735336
0.6970954
0.6969076
0.6971065
0.6970385
0.69700766
0.6967752
0.69656426
0.69688255
0.6969921
0.69726497
0.6972931
0.6969293
0.69696003
0.6966735
0.69674206
0.6971117
0.6967875
0.6971178
0.69709873
0.69666696
0.6966816
0.6970907
0.69676256
0.6968248
0.6969149
0.6967412
0.6969679
0.69700295
0.69675934
0.6967489
0.69699633
0.6968662
0.69718987
0.6969263
0.6966691
0.6968369
0.69676954
0.69689065
0.6972787
0.69663084
0.6975977
0.69715226
0.6966748
0.6969142
0.6975088
0.69680536
0.69698256
0.69694185
0.6968723
0.69697046
0.6967893
0.69679147
0.69649076
0.6971991
0.6967843
0.696672
0.6966491
0.6974134
0.6964254
0.69732916
0.6970187
0.6969277
0.6970406
0.6967905
0.696671
0.6969569
0.6967885
0.69691324
0.69707346
0.69695896
0.69634455
0.69666636
0.6965961
0.6967232
0.6971027
0.69638604
0.696982
0.6969132
0.6970038
0.6967865
0.69716555
0.69710726
0.6974984
0.69688123
0.69664
0.69661134
0.6967729
0.69674
0.6967928
0.6972562
0.6968943
0.6970604
0.69662106
0.69659406
0.69664603
0.6967084
0.6966105
0.69690365
0.69659185
0.69710624
0.6968427
0.6971811
0.69678855
0.69654965
0.6968172
0.6965284
0.69675153
0.6966336
0.6966961
0.69724673
0.696719
0.69635373
0.6968104
0.69712925
0.69680357
0.6971948
0.69676137
0.69675094
0.69677866
0.6972335
0.69679755
0.69693065
0.69719505
0.696753
0.6971793
0.69711506
0.69674426
0.6968446
0.6964405
0.6972089
0.69669086
0.6970097
0.6968435
0.6971685
0.6964183
0.6967189
0.69698155
0.69657826
0.696931
0.6971282
0.69671935
0.6967139
0.6970424
0.69688046
0.6967641
0.6969786
0.6971141
0.696808
0.6968918
0.69674677
0.6973049
0.69686925
0.69643927
0.6969409
0.69666934
0.69694394
0.6971018
0.6967997
0.696826
0.6967151
0.69678533
0.69662553
0.69741875
0.69681394
0.69667673
0.69705826
0.69675535
0.69647074
0.6966011
0.69686985
0.6965664
0.6968719
0.696626
0.6968295
0.6967557
0.6966301
0.69668645
0.6966179
0.6960662
0.6971262
0.6971251
0.6969026
0.6966101
0.69658977
0.6963116
0.69666487
0.6969324
0.69659615
0.69625676
0.69660217
0.69657165
0.6965965
0.6965049
0.69675785
0.696583
0.6968316
0.6966657
0.6971878
0.6968761
0.69648886
0.6975506
0.69641155
0.6967845
0.696805
0.6969444
0.6967315
0.6966831
0.6967628
0.6968722
0.6968776
0.6963557
0.6966774
0.6970071
0.6970658
0.69674945
0.69680136
0.69678676
0.696437
0.69631773
0.6964714
0.6970113
0.69655925
0.6964532
0.69677305
0.69654846
0.6963223
0.69664186
0.6965634
0.6966818
0.69719785
0.69663566
0.69631237
0.6968481
0.6967319
0.69689924
0.6962968
0.6960701
0.69655925
0.69668347
0.6967928
0.6969552
0.6970528
0.69676745
0.6967248
0.696902
0.69694656
0.69682413
0.6967948
0.6964653
0.6961469
0.69718283
0.6964038
0.6971906
0.6964871
0.6966414
0.6964709
0.69683254
0.69686794
0.69675714
0.69633085
0.69664514
0.6970124
0.69686747
0.69751817
0.69664353
0.6968213
0.6967594
0.6964063
0.69706327
0.69698936
0.69679326
0.6966952
0.6967431
0.69718313
0.69656056
0.69674855
0.6961567
0.69721204
0.69647074
0.69680053
0.69744414
0.69650894
0.6966146
0.6965075
0.69647807
0.6963005
0.6967969
0.6969654
0.6965036
0.6959477
0.69688904
0.6965599
0.6967594
0.6965037
0.6964381
0.69687885
0.696742
0.69692737
0.69624496
0.696554
0.6968841
0.6968997
0.69693744
0.6968201
0.69650024
0.6965195
0.69642353
0.69640845
0.6964447
0.6964963
0.6964074
0.69671965
0.69686717
0.6964783
0.6966577
0.6966522
0.6962483
0.6965554
0.69690096
0.6962927
0.6966484
0.6960266
0.69725055
0.69673026
0.69646215
0.6970955
0.69666207
0.69656676
0.69662064
0.69701797
0.6971986
0.6960733
0.69685996
0.69688565
0.69667405
0.696758
0.69634205
0.6967991
0.6964962
0.6964625
0.69659334
0.69677836
0.6961865
0.6964386
0.6967481
0.69646245
0.6966478
0.6960406
0.6966822
0.69659144
0.6963557
0.69633853
0.6963984
0.6962725
0.69649523
0.69649315
0.6967035
0.69626665
0.6968177
0.6965096
0.6964149
0.6965665
0.6967617
0.69653517
0.69681436
0.6965042
0.69652873
0.696993
0.6960276
0.69639593
0.69633543
0.6963541
0.69632584
0.69654834
0.6963704
0.6967449
0.69680476
0.6965617
0.6964738
0.6966407
0.69652236
0.696425
0.69649523
0.69659513
0.6970099
0.6967372
0.6962184
0.6965906
0.69649327
0.6962037
0.69661313
0.6967825
0.6965289
0.69659954
0.6966841
0.6962628
0.69655085
0.6965214
0.69625723
0.69668937
0.6966323
0.6965056
0.6964686
0.6966371
0.6971397
0.69648445
0.6961989
0.69652104
0.6961808
0.6961637
0.6959761
0.6963194
0.69638157
0.69644016
0.6969606
0.6963248
0.69622713
0.6963029
0.69626874
0.6969434
0.69637746
0.6961687
0.69661486
0.6969498
0.6965966
0.69657874
0.69634837
0.6966159
0.6962334
0.6962435
0.69626963
0.6967042
0.69686747
0.6969766
0.696704
0.6965099
0.69689757
0.6965736
0.69645834
0.6958168
0.69659215
0.69659793
0.69680256
0.6966052
0.6965656
0.69667315
0.69690573
0.69667757
0.696321
0.69640684
0.6966385
0.69640243
0.69652236
0.6966879
0.6965347
0.6967425
0.6964261
0.69652647
0.69639444
0.6967646
0.6962111
0.6963577
0.6966651
0.6967276
0.69629055
0.6966918
0.6965041
0.69651747
0.6964127
0.6967272
0.69648534
0.6962983
0.6964894
0.6965976
0.6960781
0.6966335
0.6965708
0.6958454
0.69644797
0.6964297
0.69569755
0.6967986
0.69658136
0.6962891
0.6965565
0.6963871
0.6962711
0.696195
0.6966476
0.6966388
0.69603014
0.69660646
0.6961961
0.6961394
0.6966276
0.6969028
0.6964431
0.6965164
0.6963813
0.6962835
0.69645125
0.6965445
0.6967485
0.6963545
0.6963785
0.69597936
0.6966974
0.6965241
0.69656885
0.6968319
0.6963851
0.696171
0.6959887
0.69633454
0.69632906
0.69640476
0.6962498
0.6964135
0.6963724
0.69651073
0.69630384
0.6969317
0.69627523
0.6963042
0.6956515
0.69646597
0.6960044
0.69640285
0.6964676
0.69639003
0.69638747
0.6957628
0.6963574
0.6959219
0.6961265
0.69673
0.6964043
0.69597274
0.6962887
0.69667
0.69620633
0.69648284
0.6966011
0.69664395
0.6964547
0.6963514
0.6965692
0.69655085
0.6968325
0.6966616
0.69692725
0.6963349
0.6964734
0.6961572
0.69614434
0.696375
0.6965208
0.6962871
0.69654864
0.69642735
0.6963684
0.69665784
0.69642913
0.6960193
0.69634646
0.69674426
0.6962532
0.69658655
0.6964769
0.6958587
0.69669235
0.6964374
0.6962639
0.6962247
0.696258
0.6965875
0.6966636
0.6960247
0.6961217
0.69625413
0.6965426
0.6965896
0.696005
0.69622445
0.69634926
0.6965534
0.69647807
0.696657
0.6963935
0.69658875
0.69614726
0.6960247
0.6961936
0.6965968
0.69609684
0.69594246
0.6967461
0.6960146
0.6962346
0.69619614
0.69636685
0.69622725
0.69588655
0.6964043
0.69632035
0.69657266
0.6966324
0.6960817
0.69572157
0.69594747
0.69635314
0.6961192
0.69652396
0.69611806
0.69617796
0.69586927
0.6961654
0.69679177
0.6961507
0.6966119
0.6959156
0.6961423
0.6959205
0.6956878
0.69644487
0.6963281
0.69662845
0.6964071
0.69638616
0.696171
0.6962401
0.6962976
0.6962711
0.6960827
0.69645405
0.69617385
0.6960762
0.6961414
0.6968223
0.6961949
0.69657356
0.69665164
0.69621164
0.6965589
0.69626284
0.69602656
0.69597346
0.69662
0.6963079
0.69628656
0.69606256
0.6962443
0.6959507
0.6961951
0.6962126
0.6965742
0.69672614
0.6966739
0.69625795
0.69643146
0.69617087
0.6961869
0.69634485
0.6959659
0.69614935
0.6962016
0.6962301
0.6964081
0.69621384
0.6957731
0.69636565
0.69613343
0.6959479
0.69650346
0.69604397
0.6964199
0.6962902
0.69599956
0.69661564
0.69573104
0.69625634
0.69658834
0.69657207
0.69610214
0.69636136
0.6963649
0.69618374
0.696096
0.69626147
0.6962097
0.6965678
0.6964728
0.6964801
0.6961963
0.69603616
0.6961294
0.696083
0.6962317
0.6967009
0.69644976
0.6962944
0.6956787
0.6959351
0.69601864
0.6961924
0.69637954
0.69637436
0.6957434
0.69599795
0.69612205
0.69646263
0.6967841
0.69599485
0.6963808
0.6965483
0.69632214
0.69642204
0.6960601
0.6961442
0.6960994
0.6959346
0.6966168
0.6958535
0.69626695
0.6961322
0.69580233
0.6961413
0.6960274
0.69599336
0.6959575
0.69582075
0.6960222
0.6957938
0.6959589
0.69660056
0.69607466
0.6959676
0.69630843
0.69585407
0.6963846
0.6961071
0.69601184
0.696109
0.6965816
0.69596165
0.6964104
0.6958761
0.6960737
0.6962135
0.695366
0.6959481
0.6956106
0.6959639
0.69607824
0.6958363
0.6958136
0.69621676
0.69631284
0.6960181
0.69604313
