0.9183316
0.88343734
0.907124
0.91282445
0.9119663
0.9115697
0.909777
0.9103062
0.9089214
0.9088858
0.9102562
0.9087946
0.9086847
0.9094186
0.9081678
0.9072108
0.9078871
0.906378
0.9071199
0.9060393
0.9067512
0.9065327
0.90559095
0.9049452
0.90470845
0.9038828
0.9043035
0.904192
0.90387917
0.9022311
0.90306664
0.9029274
0.90148014
0.9002304
0.90119374
0.90158814
0.9019418
0.9001775
0.9002826
0.89985377
0.8995061
0.89875644
0.8982387
0.8987971
0.89688796
0.8972805
0.89620477
0.8964122
0.8953441
0.8968914
0.8960407
0.8949836
0.8940053
0.8948077
0.8922344
0.8929006
0.891889
0.892955
0.889762
0.89081675
0.8890208
0.8894624
0.8903081
0.8895271
0.88616514
0.88879126
0.8869404
0.88723713
0.887945
0.8860638
0.88674283
0.885587
0.88433224
0.8863034
0.8848297
0.88258785
0.881388
0.8823791
0.8808903
0.8790544
0.8800353
0.87805074
0.87708485
0.8769019
0.87654316
0.87739855
0.87532884
0.8755537
0.8748186
0.8747651
0.8737341
0.87445056
0.87215275
0.87138015
0.87091005
0.86940587
0.8697096
0.8659979
0.8656643
0.8687027
0.86715287
0.863496
0.8625312
0.8643299
0.86289775
0.860389
0.8580977
0.8616292
0.86179495
0.8557384
0.85946053
0.8564918
0.8557167
0.8510709
0.85173446
0.85383064
0.85042524
0.85069937
0.8482499
0.84768456
0.8433874
0.8463434
0.8451058
0.84163475
0.8429156
0.84447086
0.83745694
0.840186
0.8340102
0.8296828
0.8347204
0.83222157
0.82798547
0.82780427
0.8294468
0.82326275
0.82356596
0.8186908
0.8240299
0.81757
0.81391066
0.81507075
0.812532
0.8147987
0.8065071
0.802672
0.80451083
0.7962648
0.7996694
0.7996764
0.7972635
0.7982197
0.79763436
0.77933466
0.7905391
0.78309345
0.7806827
0.77476984
0.76653117
0.76609313
0.7720385
0.75623184
0.7550685
0.75900364
0.7436842
0.7457196
0.7408294
0.74404866
0.7198329
0.7227939
0.7176874
0.72704816
0.71393186
0.71178675
0.7076898
0.6989499
0.69428253
0.68914497
0.6910001
0.6775273
0.6824285
0.66485023
0.68142146
0.67222005
0.6565886
0.65519243
0.6424858
0.6466047
0.6448547
0.6364223
0.6328494
0.6465716
0.6368067
0.62990475
0.6134296
0.62763804
0.6249727
0.62139046
0.61728066
0.61338663
0.6036282
0.58875763
0.6120514
0.6066649
0.6058203
0.59199226
0.59692526
0.5910553
0.59644973
0.6011788
0.59678024
0.5887453
0.58424425
0.5871478
0.59054637
0.57799935
0.5833627
0.59155756
0.5848013
0.5967964
0.5973633
0.59586823
0.6026208
0.60572165
0.6073542
0.60970384
0.61008203
0.61228514
0.613028
0.6143947
0.61600864
0.6154982
0.61756396
0.61880237
0.6194739
0.6207554
0.62229085
0.62338
0.62476635
0.6269109
0.6281756
0.62933415
0.62999517
0.6303848
0.6325843
0.63329715
0.6350441
0.6369653
0.6388602
0.6403978
0.6412675
0.6435323
0.6436451
0.64477414
0.6467339
0.6482512
0.65057194
0.6520192
0.6532114
0.654416
0.65736187
0.65814364
0.6601956
0.6615771
0.6629545
0.66444284
0.6651531
0.6664907
0.66766196
0.66909575
0.672008
0.6726308
0.67314386
0.6750927
0.6767603
0.67790234
0.6792293
0.6802879
0.68235207
0.6846296
0.68658465
0.68784153
0.6900017
0.6922929
0.6934483
0.6952107
0.69616264
0.6970199
0.69894147
0.70046186
0.699833
0.70121366
0.7051428
0.70381963
0.70521665
0.70485765
0.7056098
0.7059645
0.7067145
0.7047915
0.70709187
0.70727324
0.7079215
0.70696086
0.7056548
0.7067945
0.7076947
0.70765984
0.7082885
0.7081044
0.706547
0.7037074
0.7078438
0.7051509
0.70302624
0.700741
0.69891304
0.7019039
0.70276505
0.7002274
0.70044154
0.7022395
0.7008335
0.7003002
0.7001929
0.6968694
0.69740164
0.7007252
0.70107204
0.6991025
0.69759023
0.6959813
0.7005403
0.69765776
0.7022441
0.70137846
0.6977933
0.70128316
0.6977215
0.6992526
0.7067421
0.6977489
0.6986926
0.699656
0.69859564
0.7033604
0.70119774
0.70266885
0.70081526
0.7014845
0.70553493
0.706397
0.70838696
0.7015147
0.70410687
0.70714444
0.7055191
0.70146644
0.70405585
0.704394
0.70321274
0.70660716
0.70305854
0.702122
0.70184255
0.7033874
0.7053208
0.70468724
0.70467055
0.70275694
0.7064099
0.7047105
0.70565605
0.7037571
0.7080273
0.70637274
0.7034403
0.7081341
0.7044848
0.7077525
0.70745975
0.7049963
0.70755315
0.7074065
0.70827925
0.70632607
0.70787776
0.70596343
0.70612437
0.70662564
0.7083192
0.7085173
0.70708734
0.70663726
0.7102547
0.7118721
0.70829207
0.7071429
0.70813584
0.70843226
0.7086498
0.70816237
0.70681685
0.7071434
0.7102611
0.709982
0.7063359
0.7076418
0.70774794
0.7063381
0.71100265
0.70971096
0.7107161
0.7087382
0.7119114
0.7068412
0.70949036
0.7159369
0.7130704
0.711833
0.7071527
0.70815736
0.70969814
0.7096289
0.70718104
0.7090645
0.7102769
0.7120268
0.7094485
0.7131004
0.7125077
0.71098423
0.7082758
0.7100877
0.7095627
0.7089011
0.7119006
0.7094223
0.7102489
0.7132922
0.70929897
0.71718025
0.7100555
0.7132751
0.71044177
0.7105917
0.71079504
0.7098337
0.7158239
0.7102514
0.71104443
0.7146489
0.7132477
0.7128949
0.7143936
0.70917886
0.7108053
0.7160131
0.7105276
0.7088361
0.70839196
0.7115062
0.7124299
0.7165987
0.7096952
0.71085775
0.7122081
0.7129209
0.7132694
0.7146985
0.7111972
0.71636045
0.7151796
0.715003
0.7093545
0.71052283
0.7123408
0.712155
0.71209985
0.71339726
0.7112063
0.7141172
0.712983
0.71214193
0.7122114
0.71439236
0.71465665
0.71168846
0.71063304
0.71341497
0.70997953
0.713861
0.7142331
0.7113363
0.71053654
0.7122676
0.71742064
0.7148521
0.711318
0.7092935
0.7136291
0.7147025
0.7163149
0.7186723
0.7106409
0.71782625
0.7172018
0.71201575
0.71214426
0.7151779
0.71353674
0.7150841
0.71367455
0.71443826
0.71855325
0.71423095
0.7166515
0.7157512
0.7163994
0.7175927
0.71736133
0.71354157
0.7155106
0.71546286
0.7168606
0.7196554
0.7123201
0.7178321
0.7173832
0.71611595
0.7162484
0.71548647
0.7143851
0.7165684
0.71697116
0.72129697
0.7192748
0.7144888
0.7164164
0.71660733
0.7211488
0.71640235
0.7181675
0.71919423
0.71797806
0.7161499
0.71743315
0.7189182
0.7153573
0.71997166
0.719828
0.72504133
0.7162174
0.7180922
0.7205031
0.71778655
0.71765274
0.72090846
0.71715343
0.7188633
0.72149855
0.7208149
0.7216101
0.71912605
0.7194018
0.71983606
0.7192573
0.7196439
0.7210091
0.71957815
0.721258
0.7198885
0.72125524
0.721552
0.7180193
0.72037053
0.7197672
0.7211271
0.71837926
0.72166955
0.7177818
0.7201387
0.7194916
0.7201745
0.71832216
0.71833724
0.72001445
0.7208956
0.71929854
0.71870583
0.72232074
0.7189104
0.72234404
0.717971
0.7225503
0.71946704
0.71923155
0.7221245
0.72072214
0.721816
0.7236324
0.71957797
0.7178242
0.72158015
0.72077525
0.7221586
0.7275463
0.71988195
0.71783733
0.7217705
0.7212904
0.7230363
0.7215901
0.7240341
0.7228247
0.724047
0.72079295
0.7212081
0.7193524
0.7194005
0.7224682
0.7192465
0.72401667
0.7247307
0.7247839
0.7260398
0.7209827
0.7214163
0.7236669
0.7230623
0.7207099
0.7228881
0.72447824
0.7220483
0.72195256
0.7204518
0.72292143
0.72333866
0.72246474
0.7175941
0.7188131
0.7244956
0.72387713
0.7238174
0.72160697
0.7240992
0.7273347
0.72613835
0.7234786
0.72384155
0.72452813
0.7246389
0.7227087
0.72405964
0.7238253
0.7233003
0.72113603
0.72505504
0.7218499
0.72412306
0.7234158
0.72362137
0.72562224
0.72362924
0.72320473
0.7282837
0.7228746
0.7219242
0.7320483
0.72538203
0.72212845
0.7238261
0.72251785
0.72298366
0.72893065
0.7188482
0.72241324
0.7229815
0.7247044
0.7248766
0.7228907
0.724459
0.72328067
0.7203098
0.72358614
0.7261768
0.7242655
0.7245125
0.7239665
0.7260305
0.72140807
0.72494465
0.7309321
0.7249927
0.7257387
0.72738403
0.7289179
0.72704023
0.725309
0.72763366
0.7279195
0.7271854
0.7270759
0.73163366
0.7265442
0.7274654
0.7318437
0.73419607
0.72704947
0.72811884
0.7284434
0.72925854
0.72987765
0.7318768
0.7347907
0.730665
0.73044026
0.7272931
0.7281197
0.7313313
0.7282576
0.7304813
0.7288127
0.7282567
0.72911775
0.7310057
0.73017645
0.727124
0.72681195
0.72700644
0.7276952
0.73213583
0.7278546
0.728429
0.72791344
0.7282405
0.72722656
0.7267998
0.7265289
0.7311963
0.72818
0.7294169
0.73108274
0.72458565
0.725451
0.7268175
0.72400683
0.7257853
0.72496015
0.7249282
0.7226564
0.7251013
0.7250171
0.7248304
0.7233257
0.7268934
0.72649384
0.7241357
0.7237352
0.7244349
0.72088605
0.7278339
0.7272374
0.7238316
0.72486806
0.72239035
0.7262454
0.72714436
0.7274409
0.72358733
0.71970034
0.7220106
0.7265593
0.72276336
0.7224044
0.7256229
0.72373784
0.7251977
0.7246018
0.7249421
0.7231228
0.72334826
0.7259784
0.72255594
0.7230841
0.72605604
0.72469485
0.7237644
0.7225124
0.72343725
0.7230186
0.72392166
0.7283125
0.7229634
0.7248359
0.72345686
0.71887183
0.7225805
0.7205818
0.72593486
0.7232935
0.7244652
0.7211874
0.7201705
0.72055084
0.7208298
0.7250134
0.7235454
0.7233355
0.71759874
0.72184587
0.7219966
0.7245129
0.7203616
0.7184054
0.72314405
0.7181607
0.71890575
0.71729296
0.7182386
0.72040343
0.71993995
0.718591
0.7174554
0.72016
0.7180998
0.72181624
0.72385013
0.71937376
0.7195719
0.7214683
0.7200791
0.7184231
0.7208794
0.724102
0.7170673
0.7211973
0.7184547
0.71519375
0.71816784
0.7214259
0.7185494
0.7196078
0.7159318
0.71977025
0.7188961
0.7175273
0.71669585
0.7171526
0.7166113
0.7165646
0.71679956
0.7176758
0.7171882
0.71818656
0.71469414
0.7156813
0.7178697
0.7153438
0.7158414
0.71501327
0.716749
0.712924
0.71885955
0.71397287
0.71533924
0.7124111
0.7181189
0.7149341
0.71790814
0.7148782
0.7173995
0.7174108
0.7138188
0.71666974
0.71501523
0.7134706
0.7204618
0.7132537
0.7175118
0.71566
0.717156
0.7174535
0.7161851
0.7155463
0.71570987
0.71331894
0.71745956
0.70931035
0.7138477
0.7185127
0.71196324
0.7132854
0.71528584
0.7122534
0.72407883
0.7186281
0.7109392
0.7152082
0.71030736
0.7143839
0.71309114
0.7135543
0.71313643
0.71413064
0.7211302
0.7156164
0.7162632
0.7119798
0.70844793
0.7143442
0.7096064
0.71164477
0.7122566
0.71464574
0.7095383
0.72037905
0.7134678
0.7147566
0.7137396
0.7156613
0.7139959
0.71272624
0.71259737
0.71211004
0.7133233
0.71056384
0.71209455
0.710463
0.7109456
0.71061057
0.7101206
0.7095281
0.71180683
0.7115332
0.71425265
0.7106925
0.71337104
0.710314
0.7098319
0.7115084
0.70836127
0.71267354
0.70721495
0.7117621
0.7100331
0.706905
0.7069358
0.70530427
0.7119053
0.71165794
0.708321
0.70671463
0.70951253
0.7106481
0.7094553
0.71209544
0.7081875
0.70721304
0.7106468
0.70788634
0.7109106
0.705799
0.70933276
0.7085988
0.7073645
0.7086163
0.7103761
0.71338004
0.70754457
0.7061276
0.70962536
0.71240646
0.71125615
0.71033144
0.70465183
0.70744777
0.71361876
0.7063468
0.70883256
0.7119355
0.71012825
0.7062672
0.712429
0.70776427
0.7116831
0.70818526
0.7099213
0.7124298
0.7101741
0.71016544
0.7051532
0.70767003
0.7056979
0.7067827
0.7084116
0.706933
0.71039504
0.70863694
0.70908564
0.7056103
0.7064942
0.7074698
0.7043834
0.7059884
0.70774204
0.710477
0.7111876
0.7098106
0.70886546
0.70860213
0.7049848
0.7090433
0.70829207
0.70533735
0.7070564
0.7080426
0.7034613
0.6998458
0.7071568
0.7045255
0.70684767
0.7091837
0.7097901
0.7059089
0.70799357
0.70253104
0.70597947
0.7029258
0.7078061
0.70261663
0.70696384
0.7057127
0.70483565
0.7028575
0.7011412
0.7072914
0.7071621
0.7066866
0.7043436
0.7073123
0.7052617
0.69992965
0.70504665
0.7035029
0.7012213
0.70799273
0.705013
0.7040861
0.7067101
0.70409757
0.70536244
0.7039315
0.7060889
0.70670104
0.7028381
0.70126563
0.7026179
0.70385283
0.700322
0.7040493
0.7075285
0.69980246
0.704028
0.7093123
0.7022841
0.70415294
0.70082647
0.7054906
0.70694363
0.70853645
0.7035569
0.7062166
0.70273066
0.7030362
0.70289534
0.7017579
0.7023794
0.7062586
0.70199096
0.7000712
0.70064175
0.7017888
0.7017621
0.70211744
0.7043985
0.7047039
0.70240384
0.70186734
0.7023606
0.7047202
0.7026858
0.7080655
0.7045229
0.704989
0.7018985
0.702463
0.7053571
0.7051498
0.7038951
0.70335746
0.70230377
0.70271945
0.7056181
0.7060089
0.70592254
0.70378923
0.7051724
0.7013787
0.70634156
0.7030921
0.707431
0.70057553
0.70330536
0.70440155
0.70165396
0.7053709
0.69938946
0.7015543
0.70169204
0.7012791
0.70190644
0.7056322
0.7016899
0.70301425
0.70304567
0.69959295
0.7039782
0.70741636
0.7015458
0.6996398
0.7030064
0.6999674
0.70435953
0.6996151
0.7018641
0.69769543
0.7046592
0.7011837
0.7049285
0.70169145
0.7018224
0.6984919
0.69880384
0.70142525
0.704131
0.704986
0.69787896
0.70568484
0.6954532
0.7020736
0.6972044
0.7021352
0.69733065
0.7052504
0.7007996
0.70156217
0.702014
0.70223814
0.7033368
0.6977477
0.702272
0.70049286
0.6992812
0.69841594
0.70341134
0.7009756
0.70316726
0.70170367
0.7019402
0.7043903
0.7032721
0.6997037
0.70508957
0.6996499
0.70013773
0.698554
0.7001142
0.7033871
0.69798297
0.704785
0.7000619
0.69950885
0.70166445
0.700049
0.70479983
0.69965965
0.7018813
0.6985447
0.69856143
0.7009662
0.69834155
0.69959825
0.6979074
0.6977118
0.7004231
0.7020743
0.7014817
0.69967645
0.6988671
0.69718343
0.6964769
0.6973421
0.70040196
0.6998295
0.7002932
0.70005673
0.6977477
0.6947627
0.69332767
0.6992179
0.69809693
0.7040868
0.6993161
0.69805187
0.6975451
0.7062776
0.69682723
0.70186615
0.7015299
0.7014052
0.6974978
0.69455105
0.7020384
0.7017646
0.69722706
0.69988775
0.69993937
0.70153177
0.6982929
0.69433314
0.6970767
0.7002762
0.69408447
0.7043211
0.70075434
0.6996706
0.69362617
0.6944158
0.7008831
0.6996544
0.69821966
0.6989255
0.70007616
0.70177734
0.701151
0.7001174
0.6967932
0.7007559
0.70319957
0.7017131
0.69514567
0.69731295
0.69902843
0.6974377
0.69833547
0.69717175
0.69926006
0.697077
0.69918454
0.7019245
0.69993407
0.6963827
0.69816494
0.6998034
0.6979179
0.69811076
0.6969008
0.69532907
0.6968729
0.6982416
0.70217055
0.7004957
0.69927466
0.7002045
0.696925
0.7043023
0.69692385
0.69661474
0.6945278
0.7021392
0.699939
0.70149654
0.69485825
0.69600785
0.695039
0.6999999
0.7015393
0.700015
0.69974536
0.70443285
0.69856244
0.69870484
0.7015747
0.69590324
0.6987438
0.69538885
0.6983681
0.7007244
0.6979109
0.702959
0.6985107
0.6974592
0.6978243
0.6964085
0.6990895
0.700393
0.70176774
0.6998055
0.70384616
0.7028012
0.69940263
0.69944817
0.6989309
0.6967419
0.699842
0.70155424
0.70094824
0.69901925
0.70193565
0.69849145
0.6977703
0.6981771
0.7010668
0.6999484
0.706258
0.6962833
0.7002007
0.6979343
0.6986038
0.6997524
0.69934076
0.69837236
0.6966698
0.6988451
0.7038402
0.69711334
0.7042647
0.69861907
0.7003916
0.70044976
0.6988699
0.6963279
0.7016742
0.6987138
0.701503
0.7006245
0.7000407
0.69677305
0.69993895
0.70458955
0.7004372
0.7027171
0.70036924
0.69627756
0.6958939
0.69956475
0.6974425
0.7006936
0.70386744
0.7001295
0.69566214
0.6947997
0.70511293
0.7005991
0.70166147
0.6971263
0.6996998
0.697221
0.6969622
0.7015472
0.7005391
0.6945806
0.696749
0.70111936
0.69900876
0.6982508
0.7045588
0.69860744
0.7056385
0.69851196
0.7047026
0.70173335
0.69976354
0.7033533
0.69932926
0.70238715
0.6988253
0.6992099
0.6988213
0.70196134
0.6967955
0.6974771
0.6964314
0.7046044
0.69781214
0.698702
0.7003779
0.70314986
0.6993271
0.7007969
0.69731313
0.70075804
0.7005155
0.6978635
0.69853055
0.69975704
0.70051086
0.7056222
0.69709176
0.7017494
0.7010477
0.7005417
0.6983841
0.69850636
0.70078135
0.7012871
0.70259845
0.7003244
0.6979649
0.70118016
0.69931257
0.7002144
0.7019274
0.69925123
0.6997631
0.69799703
0.6997712
0.69832593
0.6978295
0.70422727
0.70219994
0.70059466
0.6991676
0.6968342
0.69694823
0.69855195
0.702339
0.6981465
0.69799346
0.6997636
0.7017162
0.70124316
0.69792604
0.7026561
0.69606733
0.69676614
0.70080346
0.70004225
0.7010221
0.70258325
0.6987819
0.69953406
0.69933134
0.69791967
0.7030459
0.70063955
0.6978155
0.7017663
0.69907117
0.69864535
0.6980624
0.6994602
0.69828725
0.70014226
0.70261115
0.69650626
0.70427406
0.6988451
0.69686866
0.7027129
0.69738674
0.69988567
0.70315677
0.69759506
0.69812685
0.7042436
0.7030393
0.70074075
0.70056033
0.69822615
0.69581443
0.6997671
0.703092
0.7011021
0.7045157
0.6977503
0.7013051
0.69841576
0.6987484
0.70070285
0.703161
0.6979704
0.6986901
0.70302397
0.69811326
0.6955856
0.69810355
0.6996129
0.69813603
0.7005547
0.6996035
0.6971235
0.6990393
0.70208687
0.6996902
0.7013138
0.7004384
0.69992113
0.6995692
0.7002188
0.6999084
0.70226514
0.6979576
0.696353
0.6987757
0.70264167
0.70121634
0.69807774
0.7000776
0.70054597
0.70056677
0.699405
0.70316124
0.70146745
0.6998709
0.699856
0.69927025
0.70403165
0.7005682
0.7035177
0.69921887
0.7022246
0.6996699
0.7018463
0.69814444
0.7038862
0.7004597
0.70236343
0.6995996
0.7012298
0.69989413
0.7029439
0.7049975
0.7001072
0.6955714
0.7018721
0.6999008
0.70098627
0.70330167
0.70098287
0.70208466
0.70267344
0.7041374
0.70386416
0.6991063
0.69575983
0.7034987
0.6989292
0.6990891
0.69858813
0.7016439
0.7032123
0.6979924
0.70207614
0.7019829
0.70381844
0.70721775
0.70030767
0.7044023
0.70300275
0.70066214
0.7016457
0.69803935
0.69991946
0.6983746
0.7000747
0.70024407
0.7016
0.698344
0.7022402
0.70056736
0.7063007
0.70309895
0.69909805
0.6998225
0.6962431
0.7021941
0.70477426
0.7004477
0.7006738
0.70050097
0.70434004
0.7001623
0.70275265
0.70197314
0.6961831
0.7005604
0.7031153
0.7008886
0.70388573
0.7090766
0.6970118
0.70447755
0.7000963
0.7043401
0.70305973
0.70299
0.7025608
0.70154333
0.7023947
0.6971472
0.699099
0.70120436
0.701941
0.7015746
0.69908905
0.7061206
0.70286494
0.69905347
0.70137256
0.70586276
0.69746447
0.6996986
0.703844
0.69886017
0.70323324
0.7050905
0.70131105
0.6991868
0.70082235
0.6976756
0.70204145
0.70017993
0.69854313
0.70848405
0.70389086
0.7045082
0.69845545
0.70265305
0.70458364
0.70433766
0.69993585
0.703999
0.70373434
0.7021149
0.7039366
0.7017412
0.7031249
0.7064395
0.7048809
0.7002634
0.7077927
0.70245695
0.7013998
0.7044123
0.6990158
0.70217305
0.69947106
0.7002552
0.7085086
0.7012842
0.70091325
0.69911736
0.6992445
0.69728726
0.7051468
0.6998595
0.7040244
0.7020448
0.7032771
0.7058082
0.6988272
0.7023369
0.6990357
0.70225304
0.7056885
0.69799656
0.70279896
0.7087059
0.7008367
0.70005655
0.7093269
0.70893776
0.7061257
0.7010757
0.7040741
0.70372146
0.7055104
0.6967913
0.69848347
0.7033772
0.69951224
0.7070584
0.7063053
0.6992499
0.7027526
0.69923484
0.703816
0.70385724
0.7004356
0.7033177
0.7043409
0.7046712
0.7019584
0.7003185
0.7003421
0.7040006
0.69736814
0.70163256
0.7040799
0.70315456
0.70224524
0.70369923
0.7061364
0.70286906
0.70099115
0.7015773
0.70205045
0.7043828
0.7024927
0.7056212
0.7047618
0.70196414
0.7050386
0.703053
0.701279
0.70637876
0.7009031
0.7014022
0.70035994
0.70172304
0.6983117
0.7041688
0.703914
0.7021988
0.7004966
0.6992189
0.7010266
0.70461303
0.7005882
0.70134306
0.69983494
0.7042562
0.70008737
0.7066244
0.7011293
0.70047265
0.703327
0.69999665
0.7065769
0.704527
0.70194024
0.7038438
0.7048802
0.7062083
0.7026171
0.70858335
0.7026406
0.70322156
0.7022628
0.70465785
0.7058781
0.7035286
0.70309687
0.7066143
0.70152795
0.7023289
0.7012015
0.7041137
0.7029541
0.6999655
0.70044637
0.70415854
0.70775574
0.70349395
0.70481604
0.70579356
0.7025616
0.70145154
0.7019143
0.7058214
0.7038931
0.70457304
0.7010496
0.7014888
0.7026318
0.70336
0.7019915
0.70314133
0.7102315
0.7023661
0.7029683
0.7010182
0.7028325
0.70371795
0.7043232
0.7040087
0.7058246
0.70427626
0.70421475
0.7047067
0.70543015
0.7060864
0.7059786
0.70113826
0.70635813
0.70480764
0.70191884
0.7046364
0.70340824
0.70431554
0.70109534
0.7000599
0.70355785
0.6989238
0.70423037
0.7056963
0.70332515
0.7053896
0.6968773
0.7033993
0.7009469
0.70262426
0.70478994
0.70141524
0.7008488
0.70118785
0.705242
0.702166
0.7027767
0.70214266
0.69941145
0.70339805
0.70364577
0.70278925
0.70627207
0.7023101
0.70385444
0.7005767
0.7020168
0.7026747
0.70287013
0.70065296
0.7022609
0.7023858
0.70349896
0.7018955
0.7061886
0.7037136
0.7029316
0.70245
0.70420504
0.701495
0.70545286
0.70204335
0.699218
0.70509046
0.7002236
0.7021037
0.707768
0.7029237
0.69973886
0.7033324
0.7017406
0.707995
0.700727
0.70164317
0.7029519
0.7031207
0.7000077
0.7040178
0.7024162
0.70377797
0.7009089
0.7034728
0.7015793
0.70375985
0.70398647
0.70117545
0.7022974
0.7021706
0.7032015
0.70401853
0.7053043
0.6998245
0.70621514
0.70115393
0.7006596
0.698318
0.7017372
0.70325744
0.7012362
0.7013017
0.7000023
0.7026815
0.7007624
0.7031636
0.70193243
0.70228803
0.7033595
0.7026895
0.7002645
0.69927955
0.7034827
0.7006462
0.69955206
0.7012006
0.70167875
0.7047104
0.69979715
0.69590205
0.7027007
0.6992367
0.70262843
0.69769406
0.70331264
0.699781
0.7040839
0.69928235
0.70192456
0.7032925
0.70376444
0.7001373
0.6978051
0.70276976
0.6964957
0.6994584
0.6991871
0.7012301
0.7045604
0.7017898
0.6977619
0.70028126
0.69726336
0.7022497
0.69840276
0.69743556
0.699084
0.69904506
0.69787407
0.69874257
0.70107067
0.69753826
0.69889265
0.70117766
0.69868964
0.70094544
0.700693
0.69915515
0.69530195
0.6989372
0.7008483
0.6994506
0.6969196
0.702216
0.7028362
0.698375
0.69940454
0.69570357
0.69608194
0.6954189
0.6986637
0.6947941
0.69926375
0.69693196
0.6977612
0.7001241
0.70007557
0.70139885
0.69813913
0.6954687
0.6962657
0.69642496
0.69781214
0.6969597
0.6964424
0.6968091
0.7031306
0.6973753
0.69740796
0.6988084
0.69716126
0.69763386
0.69790435
0.69671386
0.70192415
0.69812274
0.6957474
0.6959072
0.6983093
0.6954861
0.69708157
0.69309896
0.69516706
0.6994318
0.6962156
0.69366795
0.6914036
0.6947109
0.69455683
0.69243234
0.6978363
0.6919365
0.6968681
0.6948444
0.6918589
0.69559175
0.6990221
0.6999679
0.69395036
0.6943869
0.6955923
0.69697577
0.6958763
0.6935741
0.6956737
0.6936245
0.6992406
0.6986744
0.6977751
0.69229305
0.6917652
0.70277613
0.6955596
0.691743
0.6931509
0.69388855
0.69186735
0.6914619
0.69614375
0.6954836
0.69445133
0.69139594
0.6936675
0.6908508
0.6952484
0.6942436
0.6954272
0.6933342
0.69101065
0.691132
0.6950531
0.6941507
0.6957039
0.6932175
0.6961264
0.6927161
0.6900811
0.69235563
0.6885925
0.689281
0.69047266
0.69105864
0.69352204
0.6936076
0.68887067
0.6913693
0.69171727
0.6905667
0.689413
0.6934782
0.6908085
0.68582755
0.6966296
0.69216377
0.6914253
0.69369584
0.6846472
0.68914706
0.6918832
0.69811475
0.6900581
0.6917679
0.68867064
0.6933144
0.6939724
0.68834
0.6930772
0.6901453
0.686567
0.68976915
0.6928462
0.6938169
0.6910653
0.68729085
0.6901084
0.69349813
0.6897015
0.69076973
0.6899698
0.6864244
0.69489425
0.691269
0.68842334
0.6893479
0.6899041
0.6934307
0.6946452
0.692994
0.69124395
0.6920635
0.68944424
0.6922097
0.68931776
0.6896973
0.69564855
0.69082785
0.69238675
0.6940554
0.69144964
0.69112056
0.68850154
0.68534106
0.6929745
0.6889972
0.69684553
0.6928778
0.6922766
0.6917055
0.69028693
0.69418734
0.69346803
0.69489866
0.6896592
0.6917236
0.6905308
0.6928803
0.6913684
0.692638
0.6921578
0.6911329
0.69436854
0.692918
0.69120497
0.69343424
0.69050604
0.69304633
0.69497883
0.6905861
0.6905952
0.69240934
0.69088805
0.6911616
0.69026184
0.6946587
0.69232076
0.6894092
0.6909275
0.6923296
0.69465387
0.689737
0.69206315
0.6926521
0.69316286
0.6936975
0.6902658
0.6958624
0.6933233
0.6908039
0.692634
0.68995166
0.69364756
0.69236344
0.693968
0.69306076
0.6910223
0.69042796
0.68856883
0.69348997
0.6962043
0.6967023
0.69062334
0.6928439
0.6975657
0.69397676
0.6933395
0.69170326
0.69260645
0.6907413
0.6925474
0.6971193
0.69154024
0.6940503
0.6955263
0.69219685
0.69456834
0.69579583
0.69296074
0.6904657
0.69361573
0.6926138
0.693215
0.69447476
0.6883261
0.6957231
0.69238955
0.6908326
0.69280523
0.69380724
0.6969426
0.6952939
0.6959808
0.697383
0.69478625
0.69351214
0.6893137
0.69072294
0.6976081
0.691347
0.6948762
0.69567406
0.690326
0.69198966
0.6956855
0.6929205
0.69216394
0.6896397
0.6928289
0.69536257
0.6963807
0.69706833
0.6931283
0.69368833
0.694367
0.69223815
0.6953107
0.69505155
0.69180155
0.6897214
0.6927966
0.6934777
0.6946849
0.69380075
0.6918604
0.6937292
0.69141215
0.694704
0.697424
0.693721
0.6961568
0.69475764
0.6947335
0.6944068
0.6902089
0.6938352
0.6952737
0.69521475
0.69553936
0.69400585
0.696439
0.6932127
0.6943778
0.6948756
0.6947884
0.6913349
0.69341713
0.6906879
0.69615716
0.6945093
0.69220066
0.69470936
0.69177574
0.69534254
0.6965451
0.69422275
0.6956849
0.69415224
0.6959442
0.6944923
0.6937908
0.6937812
0.69732434
0.6953075
0.6915456
0.69221133
0.6902795
0.6923304
0.6962343
0.69242364
0.69120526
0.699812
0.69187
0.69146883
0.6923077
0.6987004
0.6909394
0.69454837
0.6958855
0.69773954
0.69233745
0.6951994
0.69575197
0.6959973
0.69435835
0.699961
0.6950893
0.6959074
0.6916692
0.69777554
0.6924107
0.6957309
0.69874895
0.69310415
0.6910445
0.69876623
0.6953248
0.69406086
0.69242907
0.69398445
0.69477636
0.69439554
0.6941819
0.6920159
0.69692117
0.6938244
0.6932758
0.6930606
0.6938124
0.6960754
0.69471776
0.69332737
0.6914545
0.6961685
0.6909403
0.694207
0.69463426
0.69310045
0.6961449
0.69064593
0.69462645
0.6938555
0.69059664
0.6941974
0.7007065
0.6950839
0.69394654
0.69694823
0.69578767
0.6952669
0.69519305
0.69615513
0.69490385
0.6976414
0.6920353
0.6972312
0.6939606
0.6963233
0.6937862
0.6929806
0.69610095
0.6930817
0.6938288
0.6980435
0.6932284
0.6940677
0.69386065
0.693932
0.6961202
0.6966256
0.6955663
0.6932756
0.69949037
0.6936514
0.6946272
0.69274104
0.69352084
0.696006
0.6952608
0.692715
0.6968884
0.70119786
0.69433886
0.6952146
0.6945924
0.6918894
0.69472
0.6916651
0.69602966
0.6919768
0.6953687
0.6927222
0.69909155
0.69642097
0.694324
0.6901838
0.69848937
0.6952985
0.69331056
0.6936786
0.6955309
0.69485956
0.6956269
0.6954422
0.6935236
0.6937793
0.6960762
0.6964973
0.696727
0.69372565
0.6943556
0.6936162
0.6940967
0.6915107
0.69802487
0.697104
0.69280803
0.6974365
0.6914926
0.6935156
0.69747084
0.6990018
0.6928641
0.69608897
0.6933017
0.69414073
0.69696134
0.697057
0.6971744
0.696973
0.696356
0.69766504
0.6963873
0.6968154
0.6925786
0.70328194
0.6966857
0.69371456
0.6971509
0.6938709
0.6953547
0.6962416
0.69732994
0.6962362
0.6932158
0.69324607
0.69521916
0.6933168
0.69975966
0.69678193
0.6942485
0.69943106
0.6969259
0.69662875
0.69877
0.69286084
0.6967206
0.6966675
0.69851047
0.69697493
0.6949536
0.6967306
0.6995855
0.7001526
0.69932187
0.6975407
0.69578344
0.6979397
0.6992362
0.69662744
0.6954859
0.6986267
0.6944961
0.6957812
0.6990713
0.694659
0.69329154
0.69898874
0.692308
0.6961033
0.69609374
0.69621897
0.6979446
0.6992052
0.69526166
0.6976514
0.6983048
0.6988588
0.69572306
0.6968362
0.7001761
0.6969283
0.6935366
0.6954571
0.69789183
0.6956537
0.70114726
0.69624794
0.69765234
0.7026747
0.69661826
0.6934999
0.7014775
0.6963483
0.70333624
0.69866115
0.696566
0.6987293
0.6973036
0.69995385
0.6946805
0.6986374
0.6995099
0.7010849
0.6946327
0.6944076
0.6988034
0.69910234
0.6974811
0.6974073
0.6978335
0.6934191
0.6961652
0.69903487
0.6987647
0.6999897
0.69778705
0.6967358
0.6973444
0.696297
0.6980954
0.69594616
0.69669735
0.69748473
0.6969892
0.70155555
0.6979141
0.6975955
0.7003916
0.6988311
0.70001286
0.69683504
0.69813997
0.6954226
0.69991016
0.6967823
0.7011139
0.6976247
0.6970934
0.6990584
0.69628406
0.6969096
0.6995285
0.6991461
0.6940669
0.6969768
0.6972033
0.6953962
0.698312
0.6977894
0.6969991
0.702842
0.69930476
0.6975861
0.696314
0.6958748
0.69926566
0.6978989
0.70068914
0.6984703
0.69916207
0.69735265
0.70098853
0.69797486
0.7014203
0.69854766
0.6981648
0.6973305
0.6982542
0.700319
0.7006055
0.6979605
0.6944517
0.6990363
0.70282185
0.6953877
0.69573694
0.6970061
0.7012709
0.7000892
0.69978565
0.70112944
0.7023494
0.69863385
0.69948095
0.6998639
0.70049876
0.698276
0.697762
0.70017236
0.697645
0.69681495
0.69825816
0.7009082
0.70081884
0.70082784
0.69827497
0.69892246
0.6982811
0.6994056
0.70257795
0.70014185
0.70272994
0.69968015
0.69866866
0.70440745
0.6972853
0.6967589
0.7008798
0.6993283
0.69959855
0.69826376
0.69910175
0.6999947
0.6948821
0.6961076
0.6966908
0.69815755
0.7006379
0.7009376
0.7007425
0.6993176
0.70335704
0.7035812
0.6997563
0.6954027
0.7025255
0.69579244
0.7020179
0.699121
0.699168
0.6965718
0.6997531
0.69774
0.6991745
0.6995447
0.70119196
0.69703174
0.70403266
0.69680446
0.7020805
0.699339
0.7003994
0.69774866
0.6970947
0.70044476
0.7016258
0.7017827
0.70338106
0.69785887
0.7008013
0.69977725
0.69708335
0.6998976
0.7028537
0.6982977
0.6986493
0.69690937
0.69576025
0.69949955
0.70008916
0.69927484
0.7008976
0.7008553
0.70088124
0.6957591
0.69943506
0.6977896
0.6999565
0.7018097
0.69601613
0.70274204
0.699053
0.700141
0.701227
0.70349497
0.70209354
0.69825345
0.6998495
0.70040286
0.69674176
0.6989688
0.7021599
0.6994908
0.7048932
0.69945884
0.70402557
0.6994398
0.7022928
0.69853544
0.7009824
0.69694954
0.6988572
0.70368046
0.69735765
0.70000434
0.7030156
0.69985753
0.7013062
0.70573056
0.69790506
0.7007893
0.7023234
0.70139587
0.70023274
0.70232886
0.70163584
0.70201916
0.698682
0.70500517
0.6978814
0.7027589
0.7022293
0.70168793
0.70064116
0.70150733
0.6981358
0.7040308
0.6986615
0.7000013
0.7001932
0.7040034
0.6985379
0.70241207
0.70265776
0.7005541
0.7014594
0.70378464
0.70352244
0.69629776
0.70071673
0.70288444
0.7047609
0.7051994
0.70009667
0.7005406
0.6958838
0.699879
0.7016006
0.6999046
0.69893366
0.6992111
0.7001606
0.6995937
0.69910824
0.7013546
0.7047344
0.70030713
0.69913113
0.69997925
0.70004463
0.70268077
0.6990267
0.70217603
0.6995176
0.702447
0.70061237
0.69898367
0.70750487
0.7010071
0.7004881
0.70504826
0.70074964
0.69986075
0.70180434
0.70070153
0.70001376
0.70197713
0.70393187
0.6993876
0.7000038
0.70078146
0.69929427
0.7021084
0.69832766
0.6980726
0.7037786
0.6999939
0.7024257
0.6961522
0.70495665
0.7032435
0.70390564
0.70155
0.70118254
0.6989654
0.69756395
0.69797844
0.700478
0.70184314
0.70033115
0.70042837
0.70266056
0.700029
0.7019813
0.70195776
0.7047365
0.7024234
0.70093304
0.7012561
0.70272434
0.704039
0.701729
0.69722617
0.70096606
0.7011067
0.6999898
0.70006037
0.70022964
0.69893205
0.7016832
0.7045101
0.7009125
0.70030993
0.7046361
0.70229954
0.7019905
0.70243186
0.7048599
0.7002986
0.70197886
0.7012739
0.69973135
0.70156586
0.7012436
0.7032574
0.7016231
0.7019843
0.7026115
0.70173967
0.7041494
0.6996011
0.70217687
0.70430356
0.69834703
0.7032865
0.7032116
0.70085907
0.70115834
0.7037889
0.6999821
0.7040632
0.70392424
0.69927615
0.70028937
0.6993752
0.7011946
0.6985239
0.70176536
0.6979286
0.7016376
0.7003642
0.7023627
0.7001598
0.69993436
0.6978628
0.7012332
0.7009356
0.703266
0.70059377
0.70286036
0.7009163
0.7020098
0.7024534
0.7016243
0.69885164
0.6963365
0.7007049
0.7031302
0.70468915
0.7025406
0.70092803
0.70565957
0.6982196
0.7052504
0.69912034
0.7023123
0.70326746
0.70196676
0.7053439
0.7039736
0.70124835
0.70236665
0.7000183
0.70345
0.7010978
0.7011383
0.6983387
0.70036376
0.7015495
0.69873
0.6990856
0.70081174
0.6992977
0.7006815
0.7043545
0.7013278
0.7049036
0.6993168
0.706918
0.7016173
0.70149726
0.7031924
0.70055467
0.6985801
0.70417386
0.6989168
0.7013552
0.6994179
0.7022586
0.7018105
0.70591736
0.703767
0.69929326
0.69878346
0.7036941
0.70129097
0.7026891
0.7050705
0.70140034
0.70256025
0.70545614
0.70534056
0.70350415
0.70099366
0.7001466
0.7004285
0.70282865
0.6997672
0.70350873
0.705741
0.70673746
0.70173186
0.70346797
0.6996485
0.70648783
0.7017664
0.702245
0.70492816
0.70241845
0.7012719
0.70318925
0.702011
0.70537376
0.7016919
0.7006785
0.7039789
0.7048007
0.7030036
0.7018142
0.7014145
0.70070904
0.7015181
0.7013698
0.7012264
0.70054305
0.7051236
0.70321596
0.70725304
0.70562166
0.7045079
0.7049027
0.7051434
0.7044767
0.7006965
0.7025731
0.7040336
0.70385504
0.7046773
0.7021582
0.7044662
0.705548
0.702359
0.7038407
0.70423126
0.70496607
0.7026874
0.7032621
0.70185614
0.7038786
0.70276165
0.7026381
0.7013029
0.701413
0.7037668
0.7045206
0.70395
0.70334303
0.7033708
0.70438284
0.7045659
0.70596176
0.7029833
0.70366496
0.70406276
0.7026045
0.701708
0.7008561
0.7062782
0.70484716
0.7052505
0.70434433
0.7056496
0.70258355
0.7050907
0.70277864
0.7006841
0.70499
0.70285076
0.7036923
0.70504767
0.7030429
0.70363057
0.70622087
0.70529634
0.70233303
0.7031721
0.70191526
0.7020993
0.7069828
0.70298326
0.7040889
0.70618564
0.7048971
0.70557547
0.7076389
0.7021882
0.7046944
0.7042521
0.70095164
0.70459884
0.7078304
0.70591336
0.7033228
0.7051838
0.70477074
0.7024272
0.70512706
0.7012121
0.7027268
0.70324224
0.70262563
0.7059093
0.7025542
0.70236856
0.70670605
0.70172316
0.7036436
0.7064137
0.70400524
0.7070668
0.7018317
0.705983
0.70456
0.7053058
0.7009172
0.7084665
0.7023181
0.7044178
0.7063169
0.70253223
0.702325
0.7075165
0.7050563
0.7064897
0.7032767
0.704885
0.7041894
0.70263195
0.70230967
0.70386904
0.7024352
0.70388174
0.7050451
0.7041509
0.7057566
0.7035168
0.70755035
0.7061671
0.7015989
0.7064986
0.70453405
0.70472515
0.70702934
0.7042656
0.70589507
0.70397675
0.70148927
0.7037707
0.7052959
0.7053581
0.7032545
0.70466965
0.70632195
0.7067982
0.7043995
0.7077917
0.70478106
0.7027024
0.70909715
0.7041997
0.7017354
0.7047159
0.704944
0.70475054
0.70741934
0.7033451
0.7040321
0.7033108
0.70574886
0.70516956
0.70533305
0.70499414
0.7014467
0.7068801
0.7061513
0.70386434
0.7044881
0.707271
0.70183855
0.7040394
0.70581836
0.7034598
0.7014723
0.70550036
0.704788
0.7020873
0.7020731
0.70169944
0.70540947
0.7042189
0.7008805
0.7024178
0.7067974
0.70537555
0.70171165
0.7042414
0.7028817
0.70193744
0.7103879
0.70364034
0.70155805
0.7032389
0.7087961
0.70845485
0.70208013
0.7031463
0.70362955
0.70652306
0.70680887
0.70485204
0.70326906
0.70704603
0.7034282
0.702024
0.70287865
0.70428663
0.70727533
0.7075356
0.703945
0.70376194
0.70477587
0.7049937
0.7052378
0.70579624
0.70362335
0.7042782
0.70094097
0.70593274
0.7052873
0.7071932
0.7048972
0.700117
0.7045209
0.70404714
0.70225745
0.70263934
0.7044255
0.7086223
0.70208645
0.7050348
0.7085725
0.7039896
0.7046882
0.7088352
0.7051342
0.7076203
0.7061804
0.7038697
0.70308787
0.70379174
0.7040055
0.7016969
0.70767546
0.70541984
0.70495313
0.7060227
0.7065444
0.7072634
0.7010207
0.7052687
0.7046812
0.7044581
0.7026299
0.7053311
0.70454264
0.70098096
0.70305365
0.7036735
0.7062476
0.7022368
0.70430374
0.70547473
0.70318717
0.70845884
0.7027593
0.70713824
0.7023767
0.7076462
0.70311254
0.705317
0.7040457
0.70291567
0.7066561
0.704781
0.7061351
0.7100039
0.7052828
0.70424604
0.7024413
0.7078584
0.70562506
0.70826834
0.70414454
0.7044513
0.7036695
0.7052519
0.707905
0.70547104
0.7081837
0.7023623
0.7008541
0.7023344
0.70705813
0.7032665
0.7037933
0.7038
0.7060914
0.7031351
0.70478487
0.70581216
0.7062704
0.7055215
0.707228
0.7061506
0.70566475
0.70427775
0.70253915
0.70448595
0.70236826
0.70288295
0.70317477
0.70927536
0.71066517
0.70395416
0.70593786
0.7050989
0.70052207
0.7068339
0.7016184
0.7078943
0.7045379
0.7050713
0.70367914
0.7026591
0.70373213
0.70445323
0.7035851
0.7019642
0.7050554
0.7045801
0.7024786
0.70493585
0.7070671
0.7058826
0.7025714
0.7035395
0.705325
0.7067833
0.7037171
0.7098572
0.70574737
0.70513654
0.70273125
0.7055187
0.70752645
0.7036014
0.7077617
0.7073283
0.7037949
0.70546013
0.7068405
0.7034138
0.7036137
0.70691663
0.7032342
0.7032549
0.70491046
0.7063603
0.707413
0.7043354
0.70380765
0.7053512
0.70354664
0.7036684
0.7016721
0.70398
0.70765156
0.7039148
0.7018631
0.7050559
0.70570505
0.7034363
0.70799875
0.7063943
0.7039708
0.7088483
0.7070301
0.7040264
0.70547384
0.7013774
0.7069481
0.70855474
0.70328665
0.7019031
0.70365053
0.707126
0.70621413
0.7047097
0.70425445
0.70447564
0.7078755
0.70594555
0.7089626
0.7080559
0.70268136
0.70375115
0.70277613
0.70332175
0.7049755
0.703995
0.706385
0.7060749
0.7080843
0.705779
0.705865
0.7049483
0.7042517
0.7076831
0.7039509
0.70587766
0.708544
0.705707
0.7048268
0.7011562
0.7053469
0.7092476
0.7080031
0.7072348
0.70540154
0.7065107
0.70468396
0.7040366
0.7057345
0.70390445
0.70327395
0.70865893
0.70488566
0.7033607
0.70730805
0.70626473
0.7051527
0.70720845
0.7084406
0.70309466
0.7052013
0.7041504
0.7033183
0.7046342
0.704039
0.7049544
0.7055479
0.70290595
0.7076572
0.7079501
0.7022227
0.70684034
0.70623493
0.7037694
0.7071522
0.70262235
0.7103556
0.7068824
0.70355475
0.7068827
0.7042542
0.705695
0.70601976
0.7060812
0.7063169
0.7038274
0.7038738
0.70590156
0.7037186
0.705585
0.7040848
0.7048867
0.7069852
0.7073728
0.70231706
0.7062687
0.70502126
0.70472544
0.70563
0.7073314
0.70543766
0.7027024
0.70958054
0.7037241
0.7060615
0.7083842
0.70480233
0.7048344
0.7107976
0.7066881
0.7069743
0.7061329
0.70553046
0.7095668
0.7066859
0.70530105
0.70312166
0.70656896
0.7049365
0.7034518
0.70807135
0.7105986
0.7074463
0.7062209
0.7036792
0.70852363
0.71142787
0.7072437
0.7051978
0.7037151
0.70787305
0.70713055
0.7064627
0.7027218
0.70647585
0.7030635
0.7057304
0.70349616
0.7036683
0.7070696
0.7047516
0.7032989
0.7046507
0.70380765
0.70603913
0.7038469
0.70599383
0.704652
0.7071362
0.7051699
0.7098829
0.7052318
0.7042295
0.7041982
0.7026077
0.70503765
0.70311743
0.7017544
0.7107707
0.7062657
0.7034106
0.7070153
0.70635617
0.7069228
0.70701295
0.70396996
0.70358366
0.70999956
0.7079933
0.7044644
0.70667124
0.7038811
0.70524544
0.7071279
0.7080029
0.7040967
0.7051765
0.70997804
0.70472306
0.70507956
0.7073173
0.70609903
0.7062336
0.7069686
0.70768476
0.7082791
0.7053356
0.70449525
0.70747066
0.7070842
0.7039489
0.7049817
0.7079974
0.70348895
0.7050103
0.7037084
0.70437217
0.7061306
0.70710224
0.70752394
0.70394343
0.7039292
0.70772344
0.7051004
0.7078169
0.7038984
0.7079596
0.7087854
0.70305276
0.7065563
0.7054294
0.7076807
0.70604664
0.7023555
0.7035332
0.70628446
0.7120305
0.7055183
0.70567185
0.703005
0.70731634
0.706011
0.7091196
0.7085381
0.70697653
0.70505047
0.7057001
0.7088613
0.70578706
0.7080827
0.7117044
0.70685023
0.70700115
0.7038911
0.7094759
0.70610636
0.7107904
0.70926607
0.7045008
0.70382553
0.7043999
0.7110406
0.71003336
0.70433176
0.70484847
0.7082342
0.70497435
0.70632297
0.70399284
0.70582837
0.70665425
0.70511
0.7049241
0.7053288
0.70841753
0.70442754
0.7067449
0.70404476
0.7051046
0.7059756
0.7022834
0.70516735
0.70371467
0.705743
0.7077244
0.705692
0.7050748
0.7056608
0.70545924
0.70542943
0.7042106
0.7047056
0.7052895
0.70272774
0.70295364
0.703703
0.707001
0.70690054
0.7075624
0.7065158
0.70495695
0.70494646
0.70822185
0.7084419
0.70488983
0.70653343
0.70411414
0.705561
0.70631075
0.7056551
0.70562977
0.7068768
0.705976
0.7050242
0.70330304
0.70761335
0.705889
0.7054614
0.706782
0.7048901
0.70705485
0.7066026
0.7058222
0.7041509
0.70538855
0.7091967
0.70828503
0.70915085
0.7056062
0.7073929
0.7047911
0.7046616
0.7080759
0.7045736
0.70785326
0.7060049
0.70198673
0.70791775
0.7101282
0.7059465
0.70661443
0.70707184
0.7101041
0.7097043
0.70536715
0.7029994
0.70491207
0.70299387
0.7064167
0.7049678
0.70482033
0.7034932
0.70729476
0.70508903
0.7038293
0.70377654
0.70492995
0.7056353
0.7028682
0.7071496
0.707397
0.70593476
0.7092665
0.7022404
0.7028752
0.70895976
0.7057376
0.70385
0.703553
0.70735043
0.70738363
0.7056538
0.70682275
0.7043228
0.7056105
0.7073524
0.7026232
0.7071667
0.7044451
0.70705855
0.7040801
0.70397687
0.7061681
0.70627934
0.7023256
0.70934874
0.7068023
0.7045589
0.70170426
0.7062483
0.7088548
0.70605356
0.7041909
0.7061546
0.70491093
0.70466197
0.70748883
0.70713836
0.7052821
0.7066313
0.70658755
0.7076606
0.70553434
0.70650613
0.7052419
0.70495987
0.7057552
0.7047449
0.703876
0.7058626
0.70532304
0.7065603
0.7062747
0.70454323
0.7029703
0.7045366
0.7069591
0.70500463
0.7073731
0.70429116
0.7080355
0.7058142
0.70479023
0.7045788
0.70439893
0.706538
0.7065929
0.7011958
0.70785475
0.70542467
0.710805
0.7043586
0.7079267
0.7065769
0.706513
0.7072932
0.7034666
0.70529413
0.7029436
0.7057627
0.70443946
0.7059391
0.7033835
0.70559454
0.70440936
0.704422
0.7036192
0.7075181
0.70290136
0.70567614
0.7021118
0.705331
0.703554
0.7070305
0.7037345
0.70864546
0.7030515
0.70588
0.70310706
0.7055174
0.7048165
0.70695466
0.70396054
0.70695746
0.708412
0.7051782
0.70309526
0.70801926
0.7075533
0.7030922
0.7092203
0.7064129
0.70609075
0.7072556
0.70427996
0.70255625
0.705678
0.7037491
0.7035417
0.7040725
0.7072838
0.7054267
0.7044338
0.7075508
0.7081296
0.7047093
0.70320624
0.7042187
0.70572454
0.70345926
0.7057206
0.70818615
0.70540893
0.7005256
0.7072466
0.70449334
0.7065021
0.70541495
0.7049809
0.70506024
0.7026887
0.70490485
0.7085437
0.7020796
0.70625216
0.70399076
0.7070171
0.7049137
0.70206374
0.70380855
0.7037883
0.70528775
0.7070248
0.70858705
0.70534086
0.70332354
0.7057956
0.7039298
0.70692486
0.7082312
0.70556265
0.7063215
0.7073013
0.7047572
0.7034628
0.70816535
0.7023072
0.70608217
0.702369
0.7019285
0.70249385
0.7041961
0.70368487
0.7066057
0.70638585
0.70518905
0.7055736
0.706556
0.70372325
0.7044142
0.7023047
0.70640546
0.7074978
0.7055551
0.7059053
0.70618975
0.7049782
0.7075995
0.7037851
0.70580876
0.707766
0.70382476
0.7049311
0.70712036
0.7044553
0.70626336
0.70846677
0.7060267
0.70747775
0.7071179
0.70463675
0.70432407
0.7083356
0.7087123
0.70544374
0.706837
0.7070772
0.7067135
0.7068538
0.70496714
0.7066249
0.70541924
0.7093141
0.7071398
0.70494795
0.7071895
0.70495975
0.7033885
0.7080821
0.7064937
0.7064688
0.7046918
0.7018589
0.70590276
0.70906353
0.7043733
0.7041729
0.70639205
0.7057503
0.702892
0.7075216
0.7056634
0.7037585
0.7065498
0.705448
0.7043746
0.7076972
0.70844793
0.70602334
0.70716363
0.70608807
0.7062109
0.70516896
0.70654625
0.7050465
0.71079767
0.7077109
0.7069829
0.70607024
0.7052234
0.7034101
0.7033354
0.70444167
0.70632184
0.7052943
0.70576185
0.70670897
0.7038005
0.703816
0.70435953
0.70489967
0.7058429
0.7039593
0.70252234
0.70693696
0.7064808
0.70741045
0.7021983
0.7042194
0.70724785
0.7080549
0.70568496
0.7062226
0.7061411
0.70522064
0.7080142
0.7036629
0.70308405
0.7033252
0.7059415
0.7041965
0.7046835
0.70554596
0.70575637
0.70336217
0.70302147
0.7066542
0.71089005
0.7063327
0.7052679
0.7019343
0.7055897
0.7034277
0.703882
0.7045175
0.7032083
0.7039736
0.7085417
0.7077258
0.7052057
0.7062905
0.7036052
0.70378304
0.70161146
0.7037295
0.7042984
0.70686454
0.70405775
0.7058162
0.7051681
0.70340174
0.70513475
0.7015908
0.70545655
0.70721257
0.70300245
0.7048588
0.70392823
0.7056403
0.70437944
0.7074974
0.7061159
0.70338583
0.7015671
0.70513916
0.70411825
0.70263594
0.70456165
0.70097023
0.7065361
0.7068093
0.70429665
0.705672
0.70349425
0.70343006
0.7050083
0.7008846
0.7036782
0.7058271
0.7051909
0.7031843
0.70177805
0.7067001
0.7032965
0.7039568
0.70447814
0.7020716
0.70216
0.70111907
0.70321953
0.7028848
0.7044523
0.70158577
0.70155907
0.70504963
0.70307714
0.7018099
0.7047647
0.7005408
0.7025201
0.7040369
0.7046225
0.7020557
0.6995494
0.7027839
0.7027786
0.7004815
0.7007775
0.7058132
0.70233595
0.70212424
0.70448875
0.700397
0.70147645
0.70450777
0.7036912
0.7043449
0.7048372
0.70488447
0.699253
0.70155007
0.70412886
0.70312613
0.7002487
0.701689
0.701071
0.7020209
0.70008147
0.7006324
0.70172083
0.7008324
0.70608354
0.7021442
0.6997029
0.7024418
0.6985447
0.70010954
0.7024609
0.7049658
0.70354694
0.7031394
0.69949454
0.70124704
0.70101297
0.7020582
0.7059727
0.7026245
0.70460516
0.70315284
0.70271254
0.70830184
0.7037961
0.6996373
0.7021422
0.7019839
0.7058903
0.7030554
0.7029252
0.7021525
0.70424074
0.70245844
0.70234823
0.70246136
0.70215887
0.7037937
0.7040944
0.7060427
0.70156544
0.70291597
0.70204043
0.70458394
0.70183635
0.705657
0.705421
0.7048137
0.7018742
0.70763266
0.7060538
0.7022627
0.70882344
0.7040815
0.70095366
0.7050455
0.70336694
0.70240766
0.7074497
0.70120096
0.7020662
0.70436275
0.70185584
0.70168394
0.7042573
0.70257425
0.7023695
0.7049985
0.7037145
0.7054214
0.7039782
0.7074322
0.7035471
0.7047898
0.7057149
0.70433384
0.7039856
0.7029379
0.7048917
0.70335406
0.7050407
0.7031207
0.70436275
0.70469224
0.7037466
0.7033342
0.7019005
0.7016182
0.70636535
0.70302105
0.70888436
0.7051775
0.702928
0.7022995
0.7062489
0.70541483
0.7024057
0.7055138
0.70501584
0.7076494
0.70303255
0.7005086
0.70319414
0.70363504
0.7058778
0.7054362
0.70279753
0.70211303
0.70355844
0.7051507
0.7032778
0.70528793
0.7079282
0.7019274
0.71028453
0.70461965
0.70280915
0.7011927
0.7047291
0.7018765
0.7020052
0.7074919
0.7031473
0.7022111
0.7055783
0.7029972
0.70808077
0.7031986
0.7045378
0.70508105
0.7026693
0.70286065
0.70701325
0.7049577
0.7037678
0.7022796
0.7027704
0.70330495
0.7038046
0.70332855
0.70195174
0.70507354
0.7028606
0.7068146
0.7036234
0.7024353
0.70545655
0.70298755
0.7011443
0.7031685
0.7073575
0.70608187
0.70122707
0.7044641
0.7026323
0.70258945
0.70381755
0.7056145
0.701605
0.705229
0.7034003
0.69976026
0.7009571
0.7024504
0.7018835
0.70215213
0.70524156
0.7054698
0.7063439
0.70246965
0.702267
0.7028151
0.7056157
0.7041153
0.7018871
0.7014653
0.70406896
0.70235485
0.70539325
0.70252997
0.7031884
0.703408
0.70056915
0.7018594
0.7032885
0.7027101
0.70194286
0.70472074
0.7038177
0.7005542
0.7040142
0.7008441
0.7025694
0.7012413
0.7035104
0.7032671
0.7026804
0.7019394
0.70206106
0.7032198
0.704412
0.70296675
0.7041111
0.7013655
0.7029724
0.70291877
0.70365953
0.70409983
0.7024885
0.70210725
0.7037224
0.70324546
0.7013196
0.70525986
0.7019139
0.70583147
0.702282
0.7032972
0.7007628
0.69989425
0.7011199
0.70243025
0.70050824
0.69976634
0.7023561
0.7006008
0.70388174
0.70479095
0.69958705
0.7022554
0.701437
0.69956386
0.7049845
0.7022357
0.70302105
0.7015389
0.70337147
0.70165366
0.69905466
0.7013916
0.69870526
0.7016634
0.6997767
0.69807357
0.70214385
0.7001973
0.7009266
0.70250475
0.69819087
0.7022888
0.6980324
0.6995068
0.70582885
0.702735
0.7012764
0.7018333
0.7029371
0.70000094
0.7025387
0.69983524
0.7051635
0.7026688
0.69978
0.7030002
0.70128834
0.69927984
0.7031578
0.7037874
0.6980768
0.7008035
0.70067054
0.70023626
0.6990477
0.7048997
0.7005643
0.7030135
0.7020552
0.7047283
0.70184916
0.6993569
0.6996841
0.6978353
0.6990846
0.7014597
0.6993401
0.7003636
0.701125
0.7061297
0.70039153
0.70491904
0.6999267
0.6996494
0.7022764
0.7018429
0.699189
0.7032735
0.69605905
0.7017093
0.7029712
0.7000007
0.70010036
0.70162153
0.7008082
0.7023115
0.7004869
0.70208126
0.6993533
0.7007409
0.7003385
0.70180476
0.70124763
0.69959253
0.69899243
0.70060235
0.6987705
0.69857556
0.6996004
0.7029406
0.70359164
0.70320046
0.7007305
0.6996672
0.699574
0.701551
0.6990572
0.7013813
0.69856244
0.697493
0.7041556
0.70226514
0.6992792
0.70159703
0.70213574
0.69868433
0.7002252
0.7007419
0.69895697
0.69819224
0.70020777
0.7037687
0.69949824
0.70163804
0.70001173
0.69689935
0.70130813
0.69629633
0.70162535
0.7012619
0.69987565
0.70023185
0.69795924
0.70027846
0.70108414
0.7007833
0.6981845
0.7019388
0.7005867
0.70259637
0.6984802
0.6992567
0.6998021
0.7002336
0.7027046
0.69926083
0.6993432
0.6981991
0.69743615
0.7000889
0.7021838
0.7020894
0.69750786
0.69934857
0.69859594
0.69748753
0.69605005
0.6979612
0.69972295
0.6990759
0.69875765
0.70144254
0.70093364
0.699683
0.69685674
0.6973356
0.7006668
0.6993343
0.69906044
0.7007864
0.6979241
0.69990164
0.7023829
0.6980712
0.69780695
0.70110357
0.69903547
0.69721425
0.700293
0.6976021
0.6999523
0.7011501
0.700494
0.70044917
0.70020217
0.6995283
0.6982979
0.6982514
0.6988665
0.6968208
0.69990915
0.6994585
0.6956635
0.6967816
0.69917446
0.69846267
0.69892484
0.698001
0.6979473
0.7007502
0.70031965
0.6999008
0.69774014
0.7017602
0.69849247
0.698127
0.6984935
0.6993956
0.70328724
0.699118
0.6996791
0.69788146
0.69848555
0.70059013
0.6993582
0.701179
0.69771975
0.69833964
0.6996439
0.69868976
0.69854194
0.6980208
0.70057446
0.69948244
0.6968469
0.69935054
0.6991501
0.69865465
0.6992155
0.6985488
0.69977236
0.6966942
0.700115
0.69948125
0.6989006
0.7000238
0.697518
0.69891727
0.6979874
0.6967694
0.69705915
0.6977203
0.69938135
0.6952353
0.6985493
0.6967579
0.70044947
0.6994167
0.6965118
0.69573736
0.69847316
0.6995816
0.6972546
0.6984158
0.69883555
0.6969736
0.6975077
0.6982229
0.6988055
0.6971774
0.7000473
0.696829
0.7026033
0.69756603
0.69870234
0.6976107
0.6964942
0.6951543
0.6980586
0.6999881
0.6971507
0.6965809
0.69790435
0.6961847
0.69986457
0.69750065
0.70050734
0.6985975
0.69740593
0.7005188
0.6964294
0.69868803
0.6983016
0.69848937
0.6978216
0.69762117
0.69893473
0.6976853
0.6988489
0.6971317
0.6967951
0.6995352
0.69736034
0.6957515
0.69536144
0.6991967
0.69779205
0.7016104
0.6992089
0.6978928
0.69680995
0.697456
0.696026
0.6986883
0.70287144
0.69599634
0.7016359
0.7000991
0.69879794
0.6983702
0.6962065
0.6994457
0.6953812
0.69891554
0.6990778
