0.74070746
0.63022244
0.6882043
0.72858703
0.7304219
0.74503016
0.7279965
0.7361101
0.73150986
0.7294077
0.73581266
0.74168783
0.7407212
0.7238661
0.72113097
0.73393357
0.73462296
0.73996437
0.72534955
0.72997767
0.7203157
0.7253396
0.7405451
0.73574066
0.7265836
0.72736025
0.7314877
0.7280685
0.7289759
0.731702
0.732821
0.740514
0.7384782
0.73124933
0.73927206
0.7419696
0.73181206
0.7418583
0.73788023
0.7457433
0.744628
0.73869854
0.7345179
0.7360312
0.7442438
0.74494964
0.74520177
0.74193144
0.7498455
0.7561051
0.750731
0.7456185
0.75593585
0.7610205
0.7588383
0.7604545
0.753897
0.75000995
0.7557411
0.7610093
0.75936
0.75768757
0.7681581
0.7606069
0.75619996
0.7645066
0.76289755
0.774665
0.7674327
0.76788694
0.75744104
0.76904094
0.76397556
0.7653054
0.76528716
0.76503855
0.770611
0.7750928
0.77368957
0.76949805
0.77537775
0.7685226
0.77872926
0.774021
0.7751641
0.77923155
0.7754615
0.7753747
0.7813227
0.78494763
0.7825696
0.7838875
0.78656083
0.78023577
0.78557104
0.77871525
0.78341925
0.78322864
0.78699416
0.7876219
0.79298544
0.78929144
0.7901452
0.7943449
0.7945574
0.79932594
0.7992441
0.79985803
0.8080222
0.8008965
0.80348635
0.8046246
0.8104133
0.8115222
0.8055404
0.81202847
0.81195414
0.8170281
0.81419647
0.8153431
0.82047296
0.81486934
0.8176592
0.82012165
0.8190814
0.81752384
0.8169513
0.82349664
0.8227612
0.8228591
0.8208839
0.82150346
0.82198477
0.8258611
0.8185814
0.82737637
0.8229225
0.8207699
0.82369924
0.82440984
0.82795805
0.8214761
0.82883286
0.82439756
0.8272199
0.8288119
0.82582754
0.82531893
0.8312349
0.8289536
0.8289524
0.8318053
0.832856
0.835416
0.8288398
0.8367747
0.83324796
0.83459157
0.8349692
0.8390217
0.84130603
0.8362759
0.83732826
0.8417258
0.84653354
0.8448325
0.8502959
0.8467338
0.8435978
0.8492341
0.85146695
0.8540581
0.8505783
0.85645485
0.8597893
0.8637971
0.86102885
0.86460614
0.86807644
0.87223864
0.8747431
0.87558156
0.8782958
0.8826097
0.8860138
0.8877432
0.8930494
0.894256
0.9004581
0.90398073
0.9077847
0.9112827
0.9144511
0.91853565
0.9238783
0.9285224
0.9330038
0.9337167
0.9400736
0.9417324
0.9441854
0.94392323
0.952264
0.9541672
0.95484936
0.9613392
0.9594008
0.96779984
0.9641512
0.9638226
0.9716518
0.9739744
0.9658507
0.96946365
0.97849745
0.97255725
0.9684315
0.97224
0.9773325
0.98117787
0.9812637
0.97580737
0.97677845
0.98075926
0.9804349
0.97226286
0.97099566
0.97197264
0.97090036
0.98503214
0.9709788
0.9643348
0.97455525
0.9692575
0.97261447
0.9718618
0.97719854
0.9726542
0.96509403
0.96660936
0.96096593
0.95812225
0.9710812
0.9700495
0.9763195
0.972809
0.9712341
0.96033376
0.956739
0.9603695
0.9668283
0.9615135
0.9613621
0.9620599
0.9623363
0.9520195
0.9559448
0.9622989
0.95589143
0.9596687
0.95210415
0.949131
0.95249736
0.9546221
0.95212686
0.956369
0.9426299
0.94628215
0.944013
0.9581011
0.94997424
0.9395828
0.94672555
0.93384844
0.94758105
0.94446844
0.947697
0.941624
0.94075924
0.9213113
0.93024176
0.9330267
0.9357091
0.9342625
0.92555356
0.9347477
0.930867
0.9297917
0.9272753
0.93240035
0.9255613
0.9366679
0.92168087
0.92540723
0.92321324
0.9249656
0.9188883
0.91246164
0.91466665
0.9072164
0.9101961
0.91233605
0.9098069
0.91558284
0.9035451
0.9043358
0.9087071
0.8953752
0.88998777
0.8995627
0.89766294
0.8981457
0.8921108
0.891092
0.8840119
0.88472366
0.8837522
0.89027214
0.88152754
0.8838006
0.88254327
0.8813575
0.87773246
0.87945163
0.87831193
0.87306863
0.871607
0.8722138
0.8689222
0.866071
0.8735705
0.86276597
0.8699124
0.86056376
0.863579
0.86003715
0.8595511
0.85629314
0.85950994
0.85474735
0.8511521
0.8554309
0.8520929
0.8484479
0.8443234
0.84884626
0.8472193
0.83869743
0.8413641
0.83922935
0.8381432
0.8355532
0.8403649
0.8405942
0.83423996
0.8342897
0.83457696
0.8350733
0.8364114
0.8317496
0.82895046
0.8282811
0.8314281
0.8314583
0.82654077
0.8245992
0.82615703
0.8222135
0.8253724
0.82292855
0.82507116
0.8203632
0.81912535
0.8190887
0.8187991
0.81756544
0.8161148
0.8186053
0.8159799
0.8143801
0.8149669
0.8135487
0.8139937
0.81316155
0.8129868
0.8100007
0.8110742
0.8097008
0.81222135
0.80858386
0.80751586
0.8079521
0.8056112
0.8076502
0.8075344
0.8071574
0.8065495
0.8044474
0.80539733
0.8035744
0.8031014
0.80409354
0.80170584
0.80083346
0.80134314
0.80046886
0.8002355
0.80069315
0.8021538
0.798361
0.7976754
0.7979803
0.7977191
0.79693425
0.79645216
0.7969378
0.7969184
0.796103
0.7940637
0.794718
0.7935519
0.79313874
0.79238683
0.7930235
0.79209214
0.7927009
0.79146945
0.7902485
0.7916205
0.78971606
0.7897193
0.78876024
0.7892784
0.7887591
0.7882181
0.78704995
0.787352
0.78700435
0.78676015
0.7848935
0.7866792
0.78533036
0.7846484
0.78372145
0.7846162
0.7837198
0.7835081
0.7826333
0.7827548
0.78179693
0.78231394
0.78208154
0.78139657
0.7804425
0.78056026
0.78106874
0.77949667
0.7790866
0.77881867
0.7784295
0.7782159
0.7789419
0.7775606
0.776923
0.77697915
0.77697
0.77675015
0.7751142
0.7750889
0.7751498
0.774926
0.77433795
0.77385306
0.77381086
0.7735747
0.77359277
0.77291393
0.77247244
0.7721871
0.7715613
0.7715124
0.77074105
0.77130014
0.77045006
0.7701455
0.7704484
0.7694598
0.7689672
0.76814085
0.7692626
0.76865774
0.76755244
0.7672486
0.7670082
0.766275
0.7661188
0.7662537
0.76631004
0.765499
0.76536417
0.7653697
0.7650708
0.7641317
0.76456743
0.7640171
0.7635587
0.76303685
0.7632619
0.7622814
0.7624753
0.76208955
0.76149684
0.76070195
0.7606035
0.76104695
0.7597462
0.7586739
0.7593789
0.75920796
0.75862837
0.7578104
0.75799847
0.7577856
0.75778776
0.75684375
0.7565255
0.75597006
0.755154
0.75411767
0.7539635
0.7538762
0.7530922
0.75281084
0.75222415
0.7527672
0.7524218
0.75142115
0.75149196
0.7513492
0.7503101
0.7504783
0.75000846
0.7499931
0.7481445
0.74893546
0.7480013
0.74836564
0.7467236
0.74645966
0.74666256
0.74573916
0.74535197
0.7443956
0.74522096
0.74430317
0.7430946
0.742908
0.7425191
0.7407948
0.7421059
0.74079865
0.74159175
0.73994565
0.7402774
0.74006885
0.73944414
0.7381654
0.7379221
0.7371869
0.7366767
0.73598707
0.73535615
0.7361223
0.734145
0.7337514
0.7335646
0.7331069
0.73284304
0.73287594
0.7332019
0.7316781
0.73247916
0.7312251
0.7311935
0.7300992
0.72996855
0.7314766
0.729489
0.728992
0.7285219
0.7294008
0.7290939
0.72845495
0.72916114
0.7285401
0.7281105
0.72816736
0.7278445
0.72827464
0.7280559
0.72835714
0.7282302
0.72772044
0.7283515
0.72820807
0.7286136
0.7283213
0.72924787
0.7284889
0.7292165
0.72857904
0.72876096
0.7283288
0.72914124
0.7295822
0.7283511
0.72989213
0.7302404
0.7293002
0.7303769
0.72978354
0.7302855
0.7309587
0.73025596
0.7306003
0.72995055
0.730346
0.7301275
0.73013896
0.7310737
0.73013675
0.73071593
0.7299922
0.7305786
0.73047173
0.72977746
0.73043656
0.7303768
0.7299682
0.7296514
0.73014253
0.7305081
0.72940046
0.72960234
0.72953147
0.7298109
0.72890925
0.72888964
0.72869813
0.72892493
0.7283628
0.7283589
0.7282617
0.72819066
0.72846484
0.7283802
0.72793084
0.72749436
0.7265206
0.7275314
0.72641724
0.7265521
0.7256779
0.72617465
0.7255212
0.7248058
0.7256541
0.724647
0.72403795
0.7244929
0.7236631
0.72340304
0.7230101
0.7229846
0.7226815
0.722527
0.7222245
0.72255546
0.7219118
0.721498
0.7215937
0.72083545
0.7216035
0.7206643
0.720318
0.7202829
0.719597
0.71904594
0.7190018
0.71935254
0.7182338
0.7183455
0.7181088
0.7176816
0.7177637
0.71762234
0.71755004
0.7170766
0.7172435
0.7165032
0.7166464
0.7166953
0.7157342
0.71600145
0.71500635
0.7153414
0.71510303
0.7151584
0.7148301
0.7147854
0.7142336
0.7145434
0.71390074
0.71393275
0.71321034
0.7132469
0.7133259
0.71328896
0.7135644
0.7127366
0.7125892
0.71252435
0.71252584
0.7116754
0.71183115
0.7121205
0.7118494
0.712021
0.7121667
0.7112012
0.7112414
0.711123
0.71125025
0.7105044
0.7108217
0.7111347
0.7106281
0.7104025
0.7107857
0.710134
0.7104891
0.71028507
0.7105117
0.7097636
0.71026576
0.7099846
0.70979834
0.7096542
0.70966345
0.70958924
0.70952815
0.7098636
0.7094167
0.70982426
0.70947886
0.70946956
0.7093088
0.70919394
0.70905817
0.70900637
0.70918417
0.709484
0.70908594
0.7087493
0.70862836
0.7087969
0.7086746
0.7084868
0.7087537
0.70846194
0.7084955
0.70802605
0.70794404
0.70806694
0.70742446
0.70798856
0.7078662
0.7078598
0.70780927
0.70753074
0.70744634
0.7075617
0.70698786
0.7072031
0.707486
0.7068745
0.70651466
0.706766
0.706578
0.7072658
0.70654887
0.7064282
0.70663905
0.7064649
0.7059665
0.7057641
0.70627993
0.70568895
0.70579106
0.705851
0.7054297
0.70519924
0.7057817
0.7053095
0.7048748
0.7050536
0.7049694
0.704817
0.7053741
0.70482564
0.7049342
0.70492
0.70469457
0.70470005
0.7045112
0.7044877
0.70459175
0.70413566
0.7041699
0.7042383
0.70376474
0.7037471
0.70352364
0.7037137
0.70379287
0.7037329
0.7037324
0.703808
0.70355177
0.7035346
0.7034495
0.70380265
0.70324725
0.7032729
0.7035486
0.7032239
0.7033374
0.70281965
0.703135
0.70323116
0.703162
0.7029712
0.7029236
0.7028568
0.7031229
0.7029561
0.7027983
0.7026766
0.70279616
0.7026536
0.7025089
0.70270205
0.70241004
0.7025978
0.7026188
0.7025456
0.7023537
0.7022945
0.7023644
0.7020497
0.70225185
0.7024237
0.70235014
0.70227015
0.70211166
0.7020624
0.7024505
0.7021886
0.7020972
0.7019008
0.7018925
0.7018921
0.70195776
0.70175135
0.70164627
0.7019281
0.7021397
0.7018274
0.7019383
0.7018159
0.70188564
0.7014956
0.7014603
0.7014925
0.70178145
0.70163465
0.7017719
0.7019865
0.7014912
0.70141363
0.7011993
0.701697
0.701524
0.7011098
0.70119137
0.7012054
0.7011188
0.7008998
0.7014775
0.70111907
0.70129776
0.70084894
0.7011238
0.70055753
0.7007115
0.7006817
0.700478
0.7008177
0.70074487
0.7004784
0.70111865
0.7003936
0.700829
0.70038235
0.7006528
0.70027053
0.70043415
0.69996405
0.7003364
0.7004975
0.7001352
0.70017254
0.6999742
0.6997618
0.6998087
0.69980574
0.6996078
0.69986594
0.69978875
0.6995247
0.70000535
0.69972473
0.6995785
0.6994399
0.69959414
0.69914037
0.6992227
0.6992774
0.6988638
0.69915295
0.698734
0.6987697
0.69901466
0.6989816
0.6990706
0.69861454
0.6985997
0.6983706
0.6988393
0.6986534
0.69852465
0.69861877
0.6984186
0.69840956
0.6983527
0.6982972
0.6978655
0.6983273
0.6983614
0.69834346
0.6981635
0.698212
0.6981899
0.6984246
0.69815123
0.69799674
0.6981206
0.6980802
0.6980634
0.6981446
0.69795084
0.6982159
0.6974718
0.69772583
0.6979397
0.6981085
0.6977134
0.69745016
0.69769126
0.69781446
0.69755864
0.6975497
0.6978259
0.6980735
0.69764584
0.6976225
0.6977868
0.69786686
0.6980257
0.697731
0.6980753
0.69768715
0.69782877
0.6980301
0.69804823
0.69788355
0.69794965
0.6978409
0.6980675
0.6976139
0.6978527
0.69796926
0.69819206
0.6978303
0.6980198
0.6980012
0.69787526
0.6979526
0.69784534
0.6981277
0.69785273
0.6978095
0.6978879
0.697935
0.69825286
0.6980293
0.6981824
0.69838035
0.69790256
0.6980478
0.6975978
0.6978816
0.69777805
0.6980429
0.69816184
0.69780654
0.69766414
0.6978611
0.69802105
0.69789463
0.6978887
0.69777507
0.69809484
0.69808555
0.6978831
0.69802576
0.69810224
0.6978762
0.69822943
0.6983781
0.6978573
0.6980467
0.6982094
0.6983301
0.69766617
0.698002
0.69833046
0.698563
0.6983635
0.6983663
0.69839686
0.69824773
0.6982758
0.6986432
0.6985306
0.6986551
0.6985015
0.6986449
0.6985955
0.6986893
0.69860363
0.6984949
0.698544
0.6987602
0.6986188
0.6986039
0.6987342
0.6985463
0.6982754
0.69876546
0.6985899
0.69855833
0.6989505
0.6986492
0.6987978
0.69903624
0.6990211
0.69885176
0.6986121
0.6987814
0.6989798
0.6988379
0.6989175
0.69868636
0.6989025
0.6991032
0.698999
0.69897527
0.69930375
0.69904184
0.69900525
0.69922125
0.6991102
0.69929487
0.6990583
0.69902945
0.699203
0.6991519
0.69905776
0.69887114
0.69911635
0.6990093
0.69916207
0.69920933
0.6992454
0.6993176
0.6993222
0.6993591
0.69929427
0.69955957
0.69940484
0.6993581
0.6995139
0.6991527
0.6994766
0.6995856
0.699614
0.69958526
0.69966197
0.6994498
0.69957423
0.69956416
0.69982994
0.6996557
0.69964397
0.69963497
0.69941443
0.69987464
0.699642
0.69977903
0.69978833
0.69995236
0.6999385
0.6997727
0.70001376
0.69976217
0.6999443
0.6998998
0.6998932
0.699869
0.7002514
0.6999362
0.6999863
0.70008665
0.7001604
0.7001542
0.7002097
0.7000984
0.70032364
0.70014817
0.6998467
0.7001259
0.7002
0.70037264
0.7000875
0.70012444
0.70030624
0.7002256
0.70027286
0.7003933
0.7002741
0.7003202
0.7003658
0.70024186
0.7004232
0.70034426
0.700269
0.7003915
0.70037943
0.7005743
0.7004733
0.7005004
0.70057034
0.70045257
0.70076233
0.70062995
0.70052326
0.7009126
0.7006563
0.70055276
0.7007835
0.70072246
0.70067734
0.70049673
0.7007708
0.7007778
0.70076853
0.7007445
0.70071006
0.7008782
0.7008808
0.7007701
0.7007948
0.700651
0.70074755
0.700889
0.7010778
0.70081395
0.7011045
0.70107764
0.70109975
0.70092696
0.70110995
0.7009506
0.7008762
0.70090216
0.7010789
0.7009075
0.70094126
0.70095205
0.7009742
0.70094985
0.70114136
0.7010458
0.70117813
0.70105815
0.70112276
0.701174
0.7011105
0.7012314
0.7012037
0.7012302
0.7013002
0.70126456
0.70141447
0.70135355
0.7013011
0.7012046
0.7010697
0.7011854
0.7012439
0.70122045
0.701358
0.70116675
0.7013952
0.70130515
0.7011657
0.7010306
0.7012128
0.7011688
0.7012348
0.70128256
0.70130825
0.7013781
0.70136595
0.7013432
0.70157367
0.70148534
0.70149916
0.7016119
0.70138437
0.7015765
0.7015049
0.7014913
0.7014323
0.70157737
0.7016815
0.7014118
0.70146596
0.70138484
0.7015454
0.70152384
0.70140123
0.70164114
0.7014867
0.70148134
0.7015376
0.70173067
0.7015991
0.70170444
0.70162374
0.70157963
0.7016388
0.70169085
0.70162165
0.70148224
0.70144856
0.7013803
0.7014576
0.701562
0.7016217
0.70165974
0.7014334
0.70150334
0.701548
0.7014931
0.70149976
0.7013751
0.70140594
0.7014899
0.7016298
0.7016014
0.7014755
0.70138997
0.70158046
0.701515
0.7015478
0.7017293
0.7016718
0.7017011
0.7016838
0.70162505
0.7017626
0.70178163
0.70167893
0.7018549
0.70195466
0.7018
0.70171124
0.70160884
0.7016959
0.7016056
0.7018203
0.70167494
0.7016917
0.7017253
0.7016068
0.70163465
0.70174617
0.7017738
0.7017972
0.7017134
0.7017309
0.701564
0.701554
0.7015953
0.7016041
0.7016346
0.7016217
0.70162505
0.7016734
0.7015164
0.70142734
0.7015007
0.7016613
0.7017597
0.70173156
0.70167154
0.7018342
0.7019091
0.70177
0.70173246
0.70170826
0.70178396
0.7019667
0.7017875
0.70170987
0.7015654
0.7017309
0.7017705
0.70179313
0.7018746
0.7018774
0.701824
0.7017887
0.701918
0.7019411
0.7019318
0.70177156
0.7019177
0.7019019
0.7018877
0.7019146
0.7018078
0.70178133
0.7020201
0.70185834
0.70172864
0.7020248
0.70193785
0.70200425
0.7021236
0.7019589
0.70183176
0.7020348
0.70182997
0.70197916
0.70206034
0.7021772
0.70210373
0.70222235
0.7019903
0.70220166
0.70204914
0.7020195
0.70203245
0.70213765
0.70201445
0.7022362
0.70214784
0.70199156
0.7020896
0.7021147
0.70215124
0.7019035
0.70200974
0.7021235
0.70213723
0.70214313
0.70212156
0.7021461
0.70219916
0.7019246
0.70217115
0.70204574
0.70213443
0.7021127
0.70195466
0.7019885
0.702102
0.70192754
0.7019595
0.7019071
0.7019279
0.7017676
0.70181304
0.70165044
0.7018746
0.70188826
0.70227045
0.7019661
0.7020085
0.70197827
0.7018851
0.7017667
0.7019515
0.70205003
0.70201474
0.7021028
0.7019895
0.70214605
0.7019691
0.7023195
0.70221126
0.7021876
0.70225877
0.70210546
0.7023124
0.7025302
0.7025895
0.7024357
0.7025443
0.7025998
0.7025249
0.7024874
0.7025621
0.7023995
0.7025686
0.70229644
0.7022008
0.7022413
0.70222676
0.70234066
0.70215654
0.7022592
0.7021346
0.70229346
0.7020853
0.7021988
0.70226026
0.7022046
0.7022017
0.70206946
0.7021717
0.7020889
0.70219934
0.7019929
0.7021561
0.7019094
0.702116
0.7016466
0.7018819
0.7018796
0.70183873
0.70183253
0.7019101
0.70181686
0.70184344
0.701879
0.7018462
0.702032
0.70212317
0.7018463
0.7020507
0.70174867
0.701956
0.7019167
0.70181984
0.7019109
0.70165074
0.7021559
0.70197046
0.70179707
0.70196843
0.7018622
0.7018515
0.7019457
0.7017471
0.7017843
0.7017703
0.7018066
0.70189667
0.7017961
0.70190096
0.70186216
0.7016946
0.7020217
0.7019105
0.7020202
0.70185137
0.70206726
0.7020886
0.70203984
0.7017511
0.7016503
0.70187175
0.70187724
0.7017141
0.7017076
0.701751
0.7017996
0.7015814
0.70161486
0.7017734
0.7017274
0.7019114
0.7018274
0.7019254
0.7019424
0.7018842
0.7020891
0.7018913
0.7019424
0.7018342
0.70200384
0.7020412
0.7019331
0.70158255
0.7016886
0.70143396
0.70141375
0.7013647
0.7016759
0.7014936
0.7017668
0.701815
0.7015839
0.7019094
0.7017724
0.7019137
0.7017518
0.70168936
0.70208126
0.70162857
0.7018714
0.7017259
0.70168096
0.7015187
0.70170665
0.70152354
0.7016722
0.70141774
0.70136714
0.70162493
0.7012827
0.70124453
0.70170677
0.70116866
0.7011632
0.70139426
0.70121735
0.7011085
0.70129365
0.70116466
0.70102924
0.7010143
0.70079786
0.70084655
0.70064944
0.70069206
0.70070153
0.70061535
0.70071584
0.70052224
0.7004778
0.7005421
0.7007934
0.70077276
0.70065475
0.70075846
0.701
0.70086986
0.7011715
0.7008976
0.70111865
0.70100003
0.7007098
0.7007009
0.7008074
0.7005333
0.7006431
0.70056534
0.7005746
0.7006415
0.70060647
0.7005907
0.70085394
0.70080155
0.7008149
0.7006547
0.7007951
0.7007997
0.70067257
0.70076114
0.7009333
0.700514
0.70075893
0.7006809
0.7008759
0.7003971
0.7004545
0.70063955
0.7006838
0.7007876
0.7006201
0.7005349
0.70043606
0.7004699
0.70035243
0.7006338
0.70034426
0.70057344
0.7002581
0.7006235
0.70077276
0.70050806
0.70059
0.7006214
0.70054936
0.70053923
0.7004886
0.7005018
0.70016134
0.7004999
0.7002298
0.70023763
0.70055926
0.700207
0.70020086
0.7000188
0.70011604
0.70029336
0.7004584
0.70005435
0.7001764
0.7003646
0.6998238
0.70009315
0.70015675
0.7000837
0.7002103
0.7001918
0.7002832
0.70038164
0.700172
0.70040995
0.70037293
0.70039666
0.70046264
0.70019275
0.7002183
0.7002237
0.70044094
0.70016557
0.7002983
0.7001256
0.7001592
0.70032036
0.70037436
0.70048887
0.7003487
0.7005156
0.70038635
0.7004516
0.70038784
0.70053816
0.700257
0.7002361
0.70014876
0.7002401
0.70021933
0.7003488
0.70043206
0.7003341
0.7002695
0.7003459
0.700273
0.6999749
0.7003918
0.6999608
0.70009416
0.69997925
0.69979304
0.6999403
0.6999551
0.6998788
0.69964474
0.6995602
0.69958615
0.69942546
0.69919
0.6993632
0.6993603
0.6995078
0.69918394
0.69935465
0.6992404
0.69914937
0.6991534
0.6994025
0.69935846
0.69945866
0.69959205
0.6997215
0.6998229
0.69959605
0.6996922
0.699691
0.69965243
0.6996346
0.69995177
0.6999908
0.69999146
0.69992214
0.69995093
0.6998334
0.6998707
0.69974375
0.6997491
0.6999984
0.7000282
0.70029813
0.6999052
0.69976425
0.70001245
0.69994485
0.70029503
0.6997548
0.6998976
0.6995684
0.6996147
0.6994255
0.699467
0.69956934
0.69938517
0.69929993
0.69917774
0.69915634
0.6992485
0.699409
0.69932127
0.69921845
0.6992909
0.69937706
0.69948286
0.69892794
0.6994104
0.6993829
0.6996502
0.6992524
0.6995695
0.69946605
0.69931656
0.6995278
0.6996098
0.69953996
0.6995635
0.69975907
0.69949543
0.6997647
0.699633
0.69944715
0.6995679
0.69951165
0.6995289
0.69942683
0.69973993
0.6994204
0.6996667
0.6996927
0.6996968
0.6998263
0.69983536
0.6992789
0.69950014
0.6995688
0.69950485
0.69947743
0.6994478
0.6996463
0.69968265
0.69941217
0.699471
0.6995921
0.6995211
0.69942683
0.6993165
0.69910043
0.69911724
0.6991613
0.6991532
0.6988807
0.6989946
0.6988855
0.6990533
0.6990161
0.69926214
0.69902235
0.6989856
0.6989791
0.69888663
0.6986294
0.69869244
0.6986938
0.698722
0.698857
0.69861466
0.6987077
0.69888616
0.6989665
0.6987627
0.6987588
0.6986878
0.698559
0.69877964
0.6986805
0.6986713
0.6987472
0.6985247
0.6984519
0.6987732
0.698477
0.69858795
0.69871753
0.69883496
0.69865865
0.6987739
0.6990223
0.6993038
0.69925535
0.6990865
0.6990332
0.6993444
0.69937944
0.6993229
0.6991724
0.6993612
0.69952184
0.6995158
0.69923323
0.69943136
0.6994901
0.69898015
0.699526
0.69929034
0.6991974
0.69923276
0.6990792
0.6989186
0.69883114
0.69887966
0.6988405
0.69880086
0.6989897
0.69886285
0.6991376
0.6990943
0.69905853
0.6989807
0.6990816
0.6989753
0.699004
0.6991417
0.6986002
0.69870573
0.69872725
0.69871306
0.69894105
0.69876474
0.69860977
0.6984242
0.69857603
0.6983581
0.6986675
0.69875926
0.6981307
0.6982576
0.6983896
0.69830227
0.6985478
0.6983897
0.6984779
0.6987085
0.6985109
0.6984518
0.6984919
0.6984086
0.69811386
0.6979412
0.69820124
0.697958
0.6978688
0.69802946
0.6982875
0.69836783
0.69836086
0.69843376
0.6981926
0.69831294
0.6983888
0.6983204
0.6984865
0.69839066
0.69862336
0.6982175
0.6982539
0.6986155
0.6983456
0.6984651
0.69832534
0.6981503
0.69841367
0.69823164
0.69822943
0.6982131
0.6983686
0.6984285
0.6982026
0.69805586
0.6983645
0.6983625
0.69831896
0.69848883
0.6985587
0.6984984
0.698312
0.6988292
0.69855237
0.6984938
0.6989375
0.69860065
0.698531
0.698373
0.69822836
0.6984777
0.6981842
0.6981527
0.698112
0.6983001
0.69815034
0.6982138
0.6979909
0.6978648
0.69784373
0.6979494
0.6978547
0.6980858
0.69824076
0.6980884
0.6978094
0.69791675
0.69817823
0.69797134
0.69794065
0.6976756
0.69790363
0.6982801
0.6981555
0.6979302
0.69786894
0.6980538
0.69784135
0.69795406
0.69800884
0.697869
0.6979589
0.69788647
0.69776857
0.6979111
0.697856
0.6975714
0.6977652
0.6977895
0.6978978
0.698146
0.6982072
0.69783527
0.6979414
0.6977899
0.6979699
0.6977103
0.6975395
0.69760364
0.69800925
0.6980172
0.6979622
0.69838065
0.6984123
0.6981637
0.6983805
0.6979082
0.6982308
0.6980702
0.6981217
0.69781107
0.69794464
0.6977293
0.6980208
0.69733816
0.69755375
0.6977305
0.6978189
0.6976004
0.6976591
0.697457
0.6977752
0.6974069
0.69738036
0.69745994
0.6973566
0.69741774
0.69725084
0.69728345
0.6978597
0.6974889
0.69736713
0.69736403
0.6972092
0.6972803
0.69724584
0.6970778
0.6972419
0.69728166
0.69710165
0.69716835
0.6972406
0.6971784
0.6969697
0.697205
0.6969103
0.6970528
0.697368
0.6972105
0.6974461
0.6974021
0.697184
0.6971976
0.69687825
0.6973877
0.6971348
0.6971193
0.6971014
0.6971904
0.69721043
0.6973152
0.6971044
0.6971667
0.69722587
0.69739825
0.69730896
0.6972973
0.6973934
0.69731504
0.6971311
0.696853
0.6973251
0.69726634
0.69721997
0.69723594
0.69748735
0.6973664
0.6975274
0.69734263
0.6969482
0.696904
0.697031
0.6973875
0.6973167
0.69724834
0.69755316
0.69708997
0.6971917
0.6971226
0.69741356
0.69711596
0.6972999
0.6971297
0.69712126
0.697103
0.6971537
0.69737434
0.6971965
0.69721013
0.69738436
0.69715285
0.6972542
0.6973239
0.6971209
0.69717634
0.697138
0.69703406
0.69681424
0.6962888
0.6963025
0.6964427
0.69625
0.69635916
0.69654703
0.6966462
0.6964752
0.69639015
0.6964719
0.6963261
0.696707
0.6965081
0.6964934
0.69629717
0.69644743
0.6964488
0.6961117
0.69651717
0.69637376
0.69667876
0.6964428
0.69658613
0.69672376
0.69647133
0.69613403
0.69624346
0.6964401
0.69620323
0.696503
0.6962955
0.6965019
0.6962916
0.69617033
0.69630253
0.69651455
0.696032
0.6963622
0.69645715
0.69656414
0.696697
0.6961716
0.69645196
0.6964882
0.69680023
0.69646287
0.696286
0.6966017
0.6963757
0.69643545
0.6964507
0.6964834
0.6965342
0.69664216
0.6965092
0.6967469
0.69640255
0.696521
0.69652885
0.6969339
0.69665605
0.69681376
0.6966351
0.6965652
0.69637984
0.69661134
0.69639343
0.69619757
0.6964435
0.6961303
0.69622153
0.6962603
0.69647783
0.6964466
0.6961991
0.6961964
0.69619864
0.69609874
0.6961799
0.69587874
0.6957682
0.6960875
0.6959479
0.6957909
0.6957209
0.6962003
0.6959427
0.6957136
0.6959821
0.69615346
0.6957969
0.695836
0.696269
0.6961207
0.69593734
0.6957412
0.695711
0.69578695
0.696146
0.69624966
0.6960333
0.69582677
0.69586897
0.69608194
0.69577724
0.6957364
0.69619566
0.69619435
0.69601345
0.69642305
0.6961138
0.6964638
0.69601583
0.69598275
0.6961659
0.69602966
0.6961787
0.69576234
0.6960354
0.69571227
0.6951265
0.69511205
0.69533914
0.69546056
0.69513875
0.6950564
0.6950444
0.69504756
0.69498885
0.69504946
0.6951943
0.6955274
0.6952814
0.6952446
0.6954768
0.6951266
0.6957741
0.6956602
0.6955709
0.6958946
0.6957973
0.69597477
0.6957211
0.6955851
0.6959506
0.69545484
0.69572186
0.69562584
0.6955158
0.69565123
0.69574565
0.6956267
0.69551253
0.69583863
0.6958988
0.69595796
0.69586504
0.69570273
0.69586515
0.69570684
0.6958065
0.6954726
0.6955836
0.69565773
0.6956695
0.6957602
0.69539654
0.69553673
0.6952278
0.69542706
0.6954864
0.6952791
0.69529104
0.6952078
0.69512326
0.69488835
0.69482344
0.69507945
0.69482815
0.6950127
0.69505155
0.69532394
0.69475657
0.6944993
0.6946643
0.6945193
0.69482696
0.69480395
0.69477534
0.6949298
0.69465226
0.69506675
0.69504184
0.69493
0.6945991
0.69483477
0.6952202
0.69504106
0.69502026
0.6954064
0.69520646
0.6952726
0.69498515
0.69506806
0.6955012
0.6949554
0.6951282
0.6952994
0.6952065
0.6947362
0.6946327
0.6948374
0.69479907
0.69495505
0.694674
0.69473046
0.695028
0.69515884
0.6950089
0.69500303
0.6953055
0.69508326
0.6951431
0.6948051
0.6946143
0.6946518
0.6947601
0.694537
0.69446135
0.6945944
0.6944556
0.69478786
0.6945209
0.69488966
0.6947389
0.69476944
0.69461256
0.6947424
0.69441897
0.6943632
0.69438535
0.69419163
0.6944206
0.6943218
0.6943396
0.6941752
0.6938968
0.6941161
0.6944127
0.69420296
0.69433206
0.69420123
0.6945616
0.6947749
0.6942459
0.69428325
0.6946375
0.6944372
0.6945538
0.69472986
0.6947613
0.6941602
0.69470984
0.69450825
0.69454026
0.6944829
0.69494396
0.69479734
0.6947137
0.6945101
0.6946202
0.6943863
0.6944805
0.69463605
0.6942496
0.6943698
0.6943369
0.6943296
0.6944435
0.69449586
0.6944475
0.6944958
0.69467854
0.6945732
0.6945972
0.69430536
0.6943917
0.6943071
0.6942131
0.69438595
0.6941113
0.694001
0.6941321
0.69406724
0.69430053
0.6941316
0.69391876
0.69431883
0.69416124
0.6944103
0.6945736
0.6942299
0.69428366
0.694416
0.69418097
0.69460434
0.6942798
0.69460064
0.69464135
0.6943655
0.6943328
0.6939361
0.69447273
0.6941576
0.69412225
0.6942069
0.694187
0.69421357
0.69431096
0.69415617
0.69442344
0.6941165
0.6944229
0.6944304
0.6942604
0.69452035
0.69426566
0.694289
0.69457406
0.69450074
0.69444925
0.6943038
0.6944341
0.694289
0.6942992
0.6944494
0.69431585
0.6946188
0.6941236
0.69414866
0.6944402
0.69461226
0.694536
0.69429255
0.6941935
0.6939649
0.6942213
0.6937085
0.69393736
0.69409484
0.6937014
0.6942563
0.6939244
0.69417113
0.6940837
0.69423753
0.6940971
0.69378525
0.69401306
0.69368786
0.693893
0.6937422
0.6937759
0.6935384
0.69370097
0.69397277
0.6935738
0.6940741
0.69383436
0.6938887
0.69347316
0.6937256
0.69376516
0.69393504
0.69391614
0.6940181
0.69382644
0.69392264
0.69424623
0.69398725
0.69390863
0.69426197
0.6942172
0.69425315
0.69420236
0.6941133
0.6940362
0.6941002
0.6939339
0.69378966
0.6938672
0.69429636
0.69393736
0.69416666
0.6939578
0.6940537
0.693928
0.69404554
0.694049
0.69389755
0.69382876
0.6938103
0.69423026
0.69361854
0.693919
0.6938799
0.6938865
0.6937321
0.69382626
0.6939956
0.6935718
0.69365
0.6939168
0.6938625
0.69391835
0.69361514
0.69381726
0.693727
0.6936158
0.6938295
0.6938591
0.693655
0.6936662
0.69385487
0.69371283
0.6937466
0.69362664
0.69368345
0.69355565
0.6936749
0.6936052
0.6939067
0.693409
0.69361436
0.6933732
0.69343096
0.6936035
0.6940787
0.69374794
0.69404674
0.6939114
0.6943266
0.6939691
0.6936243
0.6940844
0.69410264
0.6939477
0.693792
0.69386584
0.6939885
0.6938566
0.69368595
0.69370574
0.6937839
0.69385207
0.6939373
0.69341993
0.69363415
0.69369143
0.6934837
0.6934131
0.6936671
0.6937734
0.6936049
0.69386625
0.69387764
0.693812
0.6942106
0.69426006
0.69397736
0.6942303
0.6939762
0.69384974
0.6938173
0.6936138
0.6933886
0.6937171
0.6936641
0.6935297
0.69369876
0.69374007
0.6934344
0.69374055
0.69381154
0.6933996
0.6938918
0.6934705
0.69359636
0.6936333
0.69374377
0.6934993
0.6935995
0.69372046
0.6939785
0.6939015
0.69375414
0.6932292
0.6937544
0.6936059
0.69385993
0.69380456
0.6937957
0.69395804
0.69366413
0.69363004
0.6936676
0.6936329
0.6934952
0.6934765
0.6937401
0.6938631
0.6937853
0.69411594
0.6936967
0.6939174
0.6937006
0.6937312
0.69365114
0.6936167
0.6935774
0.693496
0.69391686
0.693617
0.6937226
0.69389844
0.6936817
0.6940945
0.69420093
0.6940907
0.69412494
0.69409144
0.6940358
0.69374716
0.6939809
0.6937767
0.6937608
0.6936242
0.69378585
0.6937243
0.69359446
0.69357544
0.69343776
0.69371426
0.6935579
0.69370604
0.69388723
0.6937377
0.69364214
0.6935071
0.6939163
0.69366926
0.6939842
0.6938831
0.69390965
0.6936767
0.6937209
0.69405466
0.6940351
0.6939702
0.6938407
0.6940363
0.6940995
0.6940301
0.69398415
0.69378287
0.69390136
0.69381785
0.6938286
0.6940071
0.6940416
0.69387096
0.69426644
0.69412625
0.6938116
0.69389063
0.69381475
0.69379544
0.6938081
0.6938677
0.69370615
0.6941486
0.6938875
0.6938325
0.6938796
0.6935719
0.69365805
0.6934826
0.6935481
0.6934354
0.6933767
0.693221
0.6935013
0.69344413
0.6934682
0.69345343
0.6933166
0.6936123
0.69345576
0.6935884
0.6935903
0.6933446
0.6936876
0.69332844
0.6933197
0.693433
0.6932843
0.69344574
0.69378865
0.69353074
0.69368213
0.69347805
0.69335806
0.69355845
0.6934088
0.6935688
0.69360274
0.69348735
0.6934409
0.69358623
0.6936736
0.69348687
0.69361997
0.6935574
0.6939133
0.6933734
0.69366884
0.69351375
0.6937569
0.6938305
0.69381726
0.69403476
0.6941139
0.6937527
0.6937304
0.6938914
0.69379026
0.6939976
0.69393617
0.6942873
0.69396454
0.6938613
0.6939839
0.69411254
0.6939368
0.6943242
0.6942004
0.6946274
0.694188
0.69411147
0.693988
0.6941559
0.6940802
0.69379145
0.69404846
0.69390553
0.69409484
0.6939334
0.6937041
0.6937417
0.6940655
0.693963
0.6938984
0.6937008
0.69370025
0.6935391
0.693729
0.6935339
0.69367105
0.69354486
0.6936086
0.6934663
0.6934034
0.6935232
0.6934571
0.69379306
0.6938943
0.6938398
0.69407964
0.6938559
0.69388574
0.69379544
0.6938477
0.6939149
0.69369686
0.69386005
0.6937629
0.69383633
0.6940909
0.694081
0.69378227
0.6940456
0.6939334
0.6938865
0.69423133
0.69436556
0.69403046
0.6941001
0.6939973
0.6940271
0.6941995
0.69412374
0.694271
0.6939831
0.69384074
0.6939632
0.6939614
0.6939194
0.6941385
0.6942221
0.6939065
0.6939485
0.69378203
0.69366
0.69381344
0.69335085
0.6935099
0.69348365
0.69342566
0.6933608
0.69357634
0.69340587
0.69356054
0.6935862
0.693807
0.69356614
0.69356745
0.6937547
0.69357026
0.6940594
0.6937468
0.69384146
0.6941659
0.6937813
0.69412816
0.69383335
0.6939718
0.69407547
0.69412553
0.6940855
0.69415283
0.6941411
0.69401044
0.6938277
0.69387025
0.6940096
0.6939438
0.6939616
0.69422495
0.6941122
0.69392604
0.6938222
0.69397277
0.6943504
0.69406337
0.6940936
0.6940978
0.69415826
0.6940311
0.6940336
0.69425565
0.6940989
0.6940983
0.69422805
0.6937236
0.69379914
0.6938335
0.69409233
0.6942217
0.69418055
0.69430155
0.69420344
0.69432753
0.6943238
0.6946592
0.69454426
0.6943366
0.6943058
0.69443494
0.6943453
0.6944695
0.6945016
0.69448775
0.6943444
0.6943319
0.6941203
0.6941829
0.69420904
0.6945134
0.69441795
0.6941013
0.694601
0.6941161
0.6942585
0.6940403
0.69396996
0.69416887
0.6940272
0.694162
0.69431055
0.69406974
0.69406575
0.69428617
0.6943705
0.69425565
0.6945551
0.69473535
0.6946064
0.69457614
0.69448817
0.69463855
0.6944178
0.69464684
0.69443846
0.6945818
0.69479495
0.69438803
0.6945996
0.6944155
0.6944217
0.694675
0.69451195
0.6944124
0.69432634
0.6945394
0.6944942
0.69484943
0.6944874
0.6945144
0.6946033
0.6948244
0.6947572
0.69478
0.6949515
0.6946982
0.69470054
0.6947211
0.6944251
0.69459987
0.69432044
0.69444937
0.6945287
0.6943364
0.69450223
0.69449544
0.69422644
0.69430083
0.6943966
0.6945043
0.6945274
0.69428855
0.6944335
0.69454134
0.6944624
0.6946829
0.6946317
0.6948289
0.6944216
0.69472975
0.6943673
0.69449824
0.6944272
0.6941481
0.69436973
0.6942674
0.6944434
0.6942555
0.6942666
0.694536
0.6946699
0.6943014
0.6943523
0.6946833
0.69446576
0.6946357
0.6946309
0.6947919
0.69492006
0.6945149
0.6947274
0.69469684
0.69453543
0.6948207
0.6951528
0.69522196
0.69511986
0.69505876
0.6950752
0.6953775
0.6954321
0.69516295
0.6950723
0.6953021
0.6952032
0.69525146
0.6950078
0.69497144
0.6951391
0.69520396
0.6950142
0.694929
0.69473696
0.69464713
0.6945038
0.6944891
0.694919
0.69460917
0.69464713
0.6947351
0.6944712
0.69474924
0.695107
0.69460505
0.6942451
0.69427884
0.6940875
0.6943713
0.69423574
0.69425476
0.6939257
0.6941379
0.6943657
0.6945638
0.69457173
0.6944687
0.69467264
0.69472545
0.6949028
0.69500947
0.6949348
0.6946888
0.69506377
0.69491124
0.6949653
0.6951049
0.69539624
0.6952211
0.69508255
0.69512194
0.69508386
0.69511396
0.6951508
0.69538784
0.69519055
0.6951928
0.6956436
0.6956295
0.6954115
0.6954317
0.69533557
0.69552785
0.69498324
0.69557846
0.6955639
0.6951496
0.6951363
0.69517976
0.6954021
0.69515675
0.6948708
0.6950373
0.6947195
0.6947042
0.69493145
0.69502056
0.6947762
0.6950319
0.69493455
0.6949182
0.6947676
0.694733
0.69466054
0.69462794
0.6947296
0.69448084
0.6944661
0.6947179
0.69475764
0.694876
0.69475716
0.69467634
0.6947183
0.69461834
0.6947416
0.69495344
0.694725
0.6944738
0.6946053
0.6945083
0.6942509
0.6947287
0.6946255
0.6945886
0.69453526
0.69451517
0.69440866
0.6944298
0.6945849
0.69441533
0.69435155
0.69461745
0.6947112
0.6944483
0.6945818
0.69453424
0.69463784
0.6947862
0.6949745
0.6946913
0.69500184
0.694658
0.6947105
0.694751
0.6949477
0.69489217
0.69455034
0.6945452
0.69462955
0.69493854
0.6948907
0.69462717
0.6945102
0.6948344
0.69490683
0.6948175
0.69485396
0.69494325
0.6950062
0.69476676
0.69474536
0.6948357
0.69503874
0.69495213
0.69465536
0.69494814
0.69500506
0.6950288
0.6948878
0.69521
0.6951994
0.6949545
0.6952833
0.69515365
0.69500357
0.6951506
0.69489574
0.6947391
0.6952239
0.6951685
0.695244
0.6950789
0.69522905
0.69522357
0.69534683
0.6953836
0.695482
0.69563806
0.6955857
0.6957607
0.6954306
0.69536954
0.69563615
0.6956465
0.695483
0.69552755
0.69561464
0.69545007
0.69526273
0.69535583
0.6954162
0.6956736
0.69566846
0.69538254
0.695448
0.69537586
0.69531035
0.69553804
0.6957324
0.6953955
0.6956454
0.69533175
0.69512546
0.69548815
0.6953042
0.6954635
0.69555575
0.6955681
0.69551516
0.69580173
0.6957505
0.69591564
0.69561744
0.69590396
0.6959417
0.69587445
0.69611096
0.6962338
0.6962269
0.6963849
0.69651854
0.6964248
0.6963269
0.6966213
0.69649374
0.69656265
0.6966366
0.69653964
0.69650114
0.69650984
0.69699734
0.69636273
0.6967099
0.6965938
0.6966069
0.6963569
0.69652504
0.696439
0.69674474
0.6963291
0.6961471
0.69634116
0.6961767
0.69582903
0.69603425
0.69601905
0.69592595
0.6961656
0.69586563
0.695971
0.6957637
0.6958555
0.69549704
0.6956756
0.6956977
0.695548
0.6955161
0.6955815
0.6958107
0.69555116
0.6960248
0.6957809
0.6959126
0.69547594
0.69585055
0.6958229
0.6957558
0.69605047
0.6960152
0.6961776
0.6963008
0.6960592
0.6961468
0.69625866
0.6960034
0.6963959
0.69625384
0.6963311
0.69623005
0.69636935
0.69620144
0.69691503
0.69661635
0.69657624
0.69637346
0.69647264
0.696728
0.69680953
0.6967609
0.6964306
0.6962795
0.69640297
0.69639057
0.6965262
0.69637465
0.69636357
0.69636136
0.69593984
0.69599855
0.695956
0.6959713
0.69622165
0.6963946
0.69614303
0.6960599
0.69600576
0.6962714
0.695919
0.69612354
0.6958658
0.6961481
0.69633144
0.6963047
0.6962458
0.6961979
0.6964247
0.6961768
0.6961516
0.6967081
0.6965829
0.6968251
0.69657105
0.69650507
0.69699425
0.69663703
0.6968798
0.69671834
0.6968335
0.6966694
0.6968232
0.69706625
0.6966545
0.6967662
0.6965574
0.6966534
0.69636554
0.69619924
0.69623446
0.69645524
0.69684166
0.69683236
0.69662166
0.6962905
0.69621766
0.6964392
0.696237
0.6961835
0.6964325
0.6960641
0.6960682
0.69634706
0.69615984
0.69621557
0.6959888
0.69610184
0.6963613
0.6960619
0.69613147
0.69600743
0.6961519
0.6964375
0.6960542
0.6961978
0.69661856
0.69638366
0.6964459
0.6963728
0.6962241
0.69632715
0.69640315
0.69656223
0.69639826
0.69664663
0.69643635
0.69660676
0.69640714
0.6967015
0.6962195
0.696577
0.6963943
0.69658434
0.69656485
0.69623715
0.6964438
0.69595766
0.69582635
0.6962427
0.6961033
0.6959308
0.6960555
0.6961197
0.6960939
0.6961042
0.6963091
0.6962993
0.6961052
0.6964799
0.6962747
0.6961673
0.6962228
0.6964538
0.69655067
0.6962661
0.69658315
0.6965216
0.6965718
0.69655424
0.69648767
0.6968303
0.69662017
0.69670355
0.6966641
0.6964081
0.6968311
0.6968773
0.69662815
0.6969033
0.6965375
0.6965271
0.6967747
0.6968171
0.6966608
0.6966359
0.69667387
0.69643885
0.696571
0.69604415
0.69606745
0.69583863
0.69594353
0.6962677
0.6960502
0.6959878
0.6963741
0.6961202
0.69626117
0.69628185
0.6959677
0.69606555
0.6962221
0.6966449
0.696576
0.69662106
0.6968363
0.69717777
0.69677037
0.69682986
0.69668275
0.6966814
0.6970102
0.6968246
0.69643766
0.69643575
0.6966678
0.69689137
0.6967929
0.69674695
0.6968687
0.696633
0.69636554
0.6961821
0.69651335
0.69665444
0.6964775
0.69679743
0.69667256
0.69670916
0.69650066
0.6964074
0.69675
0.6961961
0.69677734
0.69667345
0.6965033
0.6968821
0.69670093
0.6965854
0.69669867
0.69669956
0.6964253
0.69654197
0.6969044
0.6966411
0.6969814
0.6972779
0.69678694
0.6968456
0.6968992
0.69678766
0.69648975
0.69683516
0.6968462
0.69662684
0.69705915
0.69672924
0.6965216
0.6965784
0.6962772
0.69659936
0.69635844
0.69639367
0.69657135
0.6964793
0.696574
0.6966908
0.69699675
0.6966517
0.6967159
0.6967553
0.6966387
0.6965359
0.6965036
0.69641995
0.69637483
0.6966817
0.6966624
0.6967304
0.69679797
0.69693995
0.69682515
0.69731843
0.6972325
0.6969069
0.69686747
0.69719106
0.69679594
0.6972401
0.696811
0.6967976
0.69705945
0.69708705
0.69664735
0.6968934
0.696266
0.69680667
0.6969484
0.6971462
0.69733
0.6966495
0.6968713
0.6970756
0.6966978
0.6964456
0.6965555
0.69615805
0.69629
0.6962612
0.69632155
0.69638675
0.6965321
0.6964626
0.69638824
0.6965042
0.6967331
0.69653016
0.6963776
0.6965912
0.69700414
0.6975481
0.6968382
0.6971493
0.6966586
0.6971531
0.697508
0.69701177
0.6972389
0.69650507
0.697094
0.6970598
0.6970783
0.6969886
0.6970564
0.6972109
0.69689626
0.6969427
0.6967909
0.6971956
0.6970357
0.69700474
0.69679505
0.69658583
0.6968312
0.6968509
0.6969714
0.6966574
0.69701433
0.69637024
0.69656456
0.6962744
0.6967143
0.6964438
0.69683254
0.69657266
0.69644195
0.69654155
0.69660723
0.6966046
0.6968077
0.6969855
0.6964963
0.696841
0.69646406
0.69675624
0.6966367
0.69658375
0.69684064
0.6971704
0.6966711
0.69717914
0.6971093
0.6965329
0.6967066
0.6975417
0.6968704
0.6972982
0.697052
0.6972458
0.6970436
0.6971514
0.69718444
0.69702554
0.69631594
0.69678724
0.6963919
0.69710845
0.69668716
0.6969362
0.69640714
0.6963109
0.69662035
0.69637704
0.6963778
0.6962492
0.69607145
0.6963363
0.69656515
0.6964348
0.696356
0.6964421
0.69614834
0.69616556
0.6961519
0.69653475
0.69660896
0.69631344
0.69654757
0.6962568
0.6963566
0.6965646
0.6968417
0.69657975
0.6965858
0.6974666
0.6967244
0.6973683
0.6970627
0.69694704
0.6973014
0.69667
0.6969846
0.69732136
0.69767845
0.69736433
0.6975241
0.69776404
0.6973924
0.6972422
0.6970501
0.6968751
0.6975669
0.69714975
0.6972934
0.69724333
0.69679934
0.69688725
0.6971447
0.6970982
0.69673556
0.6968633
0.69690275
0.6966949
0.69668883
0.6967793
0.69664806
0.69669735
0.6966083
0.6962587
0.6964402
0.6965335
0.69621736
0.6960888
0.69631386
0.69625646
0.6964269
0.69594026
0.69624215
0.69682485
0.6968941
0.6964829
0.69681793
0.6965091
0.6970747
0.69657636
0.6969779
0.697119
0.69668454
0.6967368
0.69696426
0.6970582
0.6970331
0.6969371
0.69716084
0.69748414
0.69725174
0.69732714
0.6971701
0.69730234
0.6976899
0.6972664
0.6971981
0.69715166
0.6972094
0.6967163
0.6966141
0.6971645
0.69706064
0.69693434
0.69739133
0.6975529
0.69735605
0.69735
0.6974129
0.6972368
0.6968646
0.69715494
0.6971494
0.69716626
0.6969339
0.69678706
0.6967643
0.696486
0.69659483
0.69708323
0.696583
0.69731283
0.6974097
0.69687444
0.6977986
0.6972729
0.69697773
0.6972554
0.6970935
0.69753695
0.69677913
0.69705963
0.69691026
0.6968917
0.6972649
0.6976517
0.6970764
0.6967366
0.69698924
0.69726354
0.69715935
0.69727606
0.6968138
0.6970757
0.6968812
0.6974428
0.69716644
0.69728285
0.69769305
0.69725764
0.69687545
0.6970828
0.6972901
0.6972106
0.69698894
0.69740427
0.6975694
0.697464
0.6972374
0.6970962
0.69726485
0.6972868
0.6969466
0.69750756
0.6972087
0.69730484
0.69712496
0.696997
0.69700927
0.697014
0.69767916
0.6975244
0.6973119
0.6972069
0.69771016
0.6970721
0.69719946
0.69703805
0.6966101
0.6965189
0.69718635
0.69680184
0.696714
0.69680285
0.69660985
0.69694453
0.6966192
0.6968731
0.69663066
0.69671017
0.696568
0.6968013
0.69673616
0.69650465
0.6970698
0.69688624
0.6967733
0.69667774
0.6964245
0.69692886
0.69691277
0.6968746
0.6966871
0.6972172
0.6973396
0.69712514
0.69707894
0.696879
0.69735056
0.6974643
0.6970266
0.6971726
0.69751394
0.69758505
0.6970869
0.6974238
0.697507
0.6973279
0.69724816
0.6971647
0.6970299
0.6973558
0.6972901
0.6971803
0.69721526
0.69704485
0.69681793
0.6965544
0.6966956
0.6968423
0.69688886
0.6970406
0.6968192
0.6972996
0.69800156
0.69732016
0.6975389
0.6974338
0.697043
0.6972219
0.69748086
0.69722813
0.6975596
0.69687605
0.69711703
0.69676256
0.6965331
0.69728
0.6971509
0.69678766
0.69723916
0.69770527
0.696988
0.69753474
0.6978285
0.6977605
0.6974119
0.6971914
0.6979104
0.6970644
0.6975439
0.6977296
0.6980419
0.6976776
0.6975792
0.69715506
0.69678426
0.69709545
0.6971669
0.6967134
0.6975305
0.6968919
0.69727206
0.69710034
0.6972712
0.69726485
0.69683313
0.69655806
0.6970058
0.6970416
0.6970468
0.6969695
0.69778275
0.6977709
0.69740313
0.6976356
0.69815046
0.6968308
0.6972952
0.69756985
0.6977092
0.69710076
0.6972429
0.6975926
0.697445
0.6977522
0.69767785
0.6973414
0.69696647
0.6974973
0.6973073
0.69671065
0.6973168
0.6966885
0.69693625
0.6968021
0.6968742
0.69739
0.69736767
0.6972997
0.69726986
0.6979855
0.6979406
0.6974875
0.6981015
0.69755197
0.6975016
0.69760275
0.69770354
0.6975528
0.6969938
0.69730866
0.6970047
0.69698304
0.69765836
0.69709253
0.6978211
0.69707185
0.69743025
0.6973322
0.69744396
0.69836694
0.6976275
0.6976532
0.697517
0.6972782
0.6970574
0.6971367
0.6967759
0.69687015
0.6971365
0.69655514
0.6966282
0.6966263
0.6967137
0.69658
0.6965875
0.6970951
0.6971008
0.69698983
0.69744563
0.6974392
0.6974552
0.6972595
0.6972799
0.6973145
0.6969879
0.69760036
0.69789416
0.69800794
0.6978713
0.6985131
0.69752866
0.6976624
0.6975171
0.6981645
0.69804096
0.6975703
0.69823486
0.6984596
0.69751334
0.69764096
0.6982172
0.6983978
0.69737387
0.6978753
0.69747126
0.6976808
0.6983693
0.69846475
0.69784826
0.6976732
0.6976784
0.6973128
0.6978949
0.6966635
0.6971028
0.6965685
0.69678146
0.6967907
0.6973176
0.69711256
0.6975156
0.6972393
0.69714403
0.69758993
0.69704807
0.69745743
0.69664943
0.69718915
0.6972317
0.69689584
0.6976735
0.6979528
0.6974161
0.6972881
0.69708896
0.6971714
0.6975436
0.6983247
0.6974767
0.6970476
0.69769853
0.6974296
0.69722927
0.6979248
0.69796044
0.69807833
0.6984226
0.6978805
0.6971733
0.6975804
0.69737214
0.6979919
0.6980241
0.6980291
0.69767463
0.69773763
0.6974246
0.69791985
0.69805634
0.69746417
0.6980707
0.69688433
0.69726324
0.69765395
0.6970865
0.6972696
0.6974288
0.6980652
0.69746864
0.6972583
0.6973861
0.69754905
0.6974938
0.6973495
0.69707566
0.697417
0.696809
0.69669867
0.6968986
0.69684285
0.6975055
0.6971809
0.69650567
0.6967699
0.6972406
0.6969283
0.6965656
0.6973221
0.6970935
0.6973386
0.69738156
0.6976536
0.697048
0.6970352
0.69701475
0.69709176
0.6976613
0.69733846
0.697616
0.6974732
0.69704515
0.6970668
0.6969058
0.6971899
0.6974424
0.69703764
0.69711775
0.6977684
0.69709975
0.6973222
0.6974476
0.69748527
0.6976071
0.6970086
0.697208
0.6971127
0.69706815
0.69675714
0.6972053
0.69690156
0.6971428
0.69721866
0.6974819
0.6971199
0.6975357
0.69688123
0.6972771
0.69781995
0.69647104
0.6972839
0.69719857
0.69733214
0.6982109
0.6985679
0.69881743
0.6975379
0.6974325
0.6973965
0.69896585
0.6973281
0.6972597
0.69676363
0.69664085
0.69760746
0.69685405
0.69756943
0.69694316
0.69687104
0.69690204
0.6972646
0.69699067
0.69761807
0.69801694
0.69742936
0.69764715
0.69706976
0.69756407
0.6985502
0.698067
0.69820946
0.6974835
0.6971962
0.6968683
0.69719934
0.6972683
0.69697064
0.69711256
0.69774497
0.69750726
0.69728726
0.69685113
0.69769317
0.69783
0.69863784
0.6972501
0.69768274
0.69729626
0.69763327
0.696823
0.6970312
0.6968903
0.6968934
0.6967336
0.6972853
0.6969559
0.69783896
0.6970134
0.69760984
0.6984888
0.6981741
0.69733953
0.6984298
0.6984075
0.6977495
0.69772714
0.6978796
0.6976446
0.6974874
0.6979455
0.69784945
0.6969883
0.6972709
0.6972296
0.69742584
0.69756675
0.69769096
0.6976707
0.69836134
0.6986715
0.6983463
0.69831944
0.6978191
0.69792014
0.6979845
0.697371
0.69723505
0.6978984
0.6975275
0.6978188
0.69693047
0.697373
0.69688183
0.69750714
0.6977058
0.69800276
0.69764894
0.6975902
0.6978189
0.697769
0.6977377
0.6972193
0.69719064
0.6978654
0.6977792
0.6968934
0.697399
0.6974451
0.69669515
0.6977744
0.69771457
0.6972105
0.6972372
0.6977461
0.6979969
0.69764704
0.6970808
0.69719595
0.6975668
0.698272
0.69746697
0.6977318
0.6972728
0.69728225
0.6967783
0.6972362
0.6967692
0.6969766
0.6974466
0.69674635
0.6976352
0.6975176
0.69752926
0.69739014
0.6974229
0.697025
0.697162
0.6974317
0.6974982
0.6969213
0.69684
0.69694453
0.69745994
0.6975629
0.69742537
0.69682217
0.6979858
0.6978172
0.6972643
0.6970488
0.697231
0.696969
0.6973601
0.69839394
0.69803196
0.6973728
0.6973318
0.6977382
0.69732773
0.69862396
0.6972325
0.6973961
0.69773966
0.69872046
0.6970083
0.6966639
0.6968564
0.697167
0.697152
0.6969603
0.6976145
0.6974132
0.69776833
0.6981085
0.69726485
0.6974596
0.6979369
0.69792
0.6974446
0.69689906
0.69844043
0.6977747
0.696887
0.69755155
0.69911367
0.6974449
0.6979586
0.6975661
0.6985
0.6980338
0.69748
0.69831645
0.6971848
0.6977351
0.69844866
0.6975841
0.6977661
0.69826895
0.6979067
0.69779503
0.6974112
0.6976555
0.6978047
0.6974753
0.697355
0.69699305
0.6969018
0.6970268
0.69697183
0.6973652
0.6967676
0.69736105
0.69638515
0.696743
0.6972756
0.6967983
0.69654834
0.6970831
0.69681066
0.6970943
0.69744253
0.69698733
0.6976011
0.69783056
0.69756734
0.69731474
0.6977442
0.69812405
0.6975945
0.6979389
0.6972857
0.697325
0.69720024
0.6970784
0.69760156
0.697354
0.69744253
0.69696236
0.69713366
0.6975334
0.69662714
0.69674575
0.69659156
0.69771475
0.69652224
0.696828
0.6972771
0.6973435
0.69733524
0.696363
0.69731236
0.69761163
0.6969759
0.6969499
0.6970287
0.69713145
0.6970717
0.69722766
0.6974018
0.6973934
0.6975074
0.69680303
0.6975167
0.6971291
0.697751
0.6974181
0.69732404
0.6972821
0.6972553
0.69629717
0.69681096
0.6970086
0.69696593
0.6966928
0.69706166
0.69667345
0.69682056
0.6975381
0.6972663
0.6978364
0.69718903
0.6974181
0.69776845
0.6967128
0.697234
0.6969136
0.6971171
0.6968566
0.6966967
0.6975211
0.6972285
0.6974759
0.69799477
0.69788855
0.69844836
0.6979658
0.6981454
0.69854593
0.69799584
0.69853115
0.6991064
0.6980278
0.69773436
0.6981357
0.69847685
0.6987775
0.69816875
0.69856805
0.69762236
0.6981378
0.6979208
0.6962749
0.6969954
0.69684863
0.69744515
0.6970471
0.69687575
0.6975693
0.697043
0.6972539
0.69857186
0.69687825
0.6971883
0.69705504
0.69724154
0.6970456
0.69776857
0.6963357
0.697021
0.69717264
0.69711185
0.69635445
0.69675183
0.69689363
0.6962309
0.69638556
0.6971636
0.69630986
0.69698805
0.6965483
0.6971352
0.6966216
0.6971044
0.69745564
0.6972581
0.69717675
0.69896173
0.697371
0.69726574
0.69699067
0.6979675
0.6973522
0.69794005
0.6979092
0.6974085
0.697233
0.6979805
0.6969326
0.6985018
0.69655305
0.69713587
0.6974457
0.69732517
0.69683784
0.69695807
0.6981022
0.6976975
0.6981949
0.69849855
0.69984657
0.6979268
0.6988756
0.69782805
0.69838554
0.6979494
0.69762534
0.69713485
0.6977795
0.6974034
0.69718117
0.6972654
0.6980125
0.6972165
0.6964529
0.69710636
0.69699335
0.6972149
0.6964726
0.69690174
0.69767314
0.69740677
0.6965009
0.6972628
0.69664526
0.6972435
0.6966837
0.6972531
0.69696283
0.69660074
0.6969935
0.6961165
0.69658244
0.69642305
0.6976936
0.69690853
0.6969908
0.6971813
0.6970497
0.6969889
0.6974715
0.6974669
0.6978319
0.69720316
0.6971342
0.6970665
0.69755346
0.69709057
0.6978385
0.6975653
0.6978739
0.6972187
0.6970202
0.6978466
0.6965305
0.69706494
0.6971594
0.6966642
0.69624484
0.6966099
0.6967969
0.6966055
0.6975709
0.6965369
0.6965069
0.6961402
0.6962922
0.69749326
0.69768983
0.69714653
0.69746387
0.6975252
0.6975085
0.69736475
0.69741845
0.69734883
0.6974947
0.69743526
0.6984766
0.6979725
0.6976202
0.6973097
0.69762206
0.69761485
0.69790083
0.69760376
0.6975343
0.6975732
0.69708556
0.6974208
0.69721
0.69746476
0.69659966
0.6965702
0.6972855
0.6969034
0.69649297
0.69690955
0.6971057
0.6970992
0.69664884
0.6972129
0.6966955
0.6968418
0.69652516
0.6963317
0.69625455
0.69698966
0.6960291
0.69604266
0.69687384
0.69615567
0.6966606
0.69644517
0.69555426
0.6972594
0.69651496
0.69603395
0.6957895
0.6959097
0.69594866
0.69689536
0.6964873
0.69648665
0.69755524
0.69637656
0.6966937
0.697388
0.6963381
0.69666314
0.6966078
0.69604945
0.69592446
0.6964237
0.696678
0.6973152
0.6969432
0.6964977
0.69702876
0.69761676
0.69659346
0.69660616
0.69599485
0.69611275
0.6962765
0.69668275
0.69578886
0.6966369
0.69724643
0.6962486
0.69566095
0.69623375
0.69683254
0.69635373
0.697264
0.6970667
0.6971163
0.69683915
0.69749975
0.6975855
0.6978272
0.69716287
0.6968578
0.69682467
0.697652
0.6971321
0.69650507
0.69726235
0.6972881
0.69758815
0.6971433
0.6962073
0.696512
0.6964681
0.69680905
0.6967126
0.6969847
0.69608516
0.6963356
0.69585
0.69617134
0.6967888
0.6975738
0.6970968
0.69721097
0.69779426
0.69717145
0.6974421
0.6962395
0.6962018
0.6964349
0.6968007
0.6967125
0.6970792
0.6969225
0.69677615
0.6968961
0.6965346
0.696593
0.6961675
0.6966698
0.6956746
0.69602567
0.6965428
0.69641954
0.69694215
0.6970782
0.69643885
0.69775605
0.6965821
0.69837046
0.6974479
0.69769365
0.6964374
0.69598895
0.6965324
0.69647545
0.6973031
0.6966817
0.6964346
0.6973354
0.69708943
0.69643635
0.69762623
0.6967586
0.69714874
0.6970596
0.69722295
0.6968457
0.6977313
0.6980796
0.6971684
0.6973545
0.6969437
0.6980409
0.6969324
0.697942
0.69773394
0.696414
0.6964161
0.6957889
0.6961247
0.6960168
0.6967646
0.6956366
0.695561
0.6959971
0.6955454
0.69540834
0.6960513
0.6963777
0.69546366
0.69586277
0.6965623
0.69568753
0.69606256
0.6959745
0.6964818
0.6966217
0.6973752
0.6969653
0.6968455
0.6980009
0.69732565
0.6987273
0.69743025
0.69765
0.6973982
0.69781166
0.69735944
0.6970454
0.6966443
0.69715
0.69780105
0.69688874
0.6971695
0.69691885
0.697251
0.6967779
0.6968821
0.69639635
0.69625026
0.6970048
0.69748116
0.69669473
0.6969773
0.6976383
0.69711345
0.69634145
0.69654596
0.69593054
0.6962517
0.69633883
0.69624466
0.69557595
0.69714737
0.6958714
0.69688433
0.69565475
0.6949451
0.69541925
0.6956493
0.6958359
0.69578516
0.6964107
0.6962781
0.69625854
0.69664633
0.6960653
0.6977784
0.69673723
0.6966996
0.6963966
0.6979245
0.69648045
0.6973857
0.6968902
0.6970702
0.6955704
0.69625545
0.69742376
0.6972626
0.6970903
0.6970456
0.69721305
0.696862
0.6971224
0.69567955
0.69643515
0.69607097
0.6961925
0.69688916
0.69668406
0.6966856
0.6969817
0.69580436
0.69610876
0.6964058
0.6966276
0.6962275
0.69657445
0.69643736
0.69579786
0.6954877
0.69630414
0.6964656
0.6959257
0.69550484
0.69641453
0.69650483
0.69637316
0.69698775
0.6980731
0.6971524
0.6972345
0.69598025
0.6972395
0.69660807
0.69668674
0.6967918
0.69727904
0.6964968
0.6969612
0.69673616
0.6966982
0.69720674
0.6961389
0.69761133
0.6967652
0.69706297
0.69640654
0.69565654
0.6969054
0.6969837
0.69672227
0.6963297
0.6967353
0.6962888
0.69731575
0.6970895
0.697341
0.69757384
0.69633186
0.69681627
0.6973355
0.6965779
0.6973933
0.6970283
0.69693905
0.69541
0.6953428
0.69688153
0.6968656
0.695717
0.6951717
0.6964133
0.69593155
0.6966038
0.69619167
0.69568896
0.6964275
0.69583654
0.6964719
0.69627863
0.69558406
0.69654316
0.69687974
0.6964426
0.6960972
0.6952227
0.6970179
0.6955555
0.6949875
0.696364
0.69616526
0.69607544
0.6962604
0.6958647
0.6952914
0.6963032
0.69676745
0.69668037
0.6970194
0.69662726
0.6968481
0.6961629
0.6964117
0.6961548
0.69753265
0.6963706
0.69666785
0.69752234
0.69617724
0.69626665
0.69591105
0.69603145
0.6960808
0.6962525
0.6970885
0.6967524
0.696669
0.69718546
0.6967521
0.6962555
0.6967085
0.6966281
0.69673234
0.69725645
0.69596684
0.6966214
0.6957826
0.6967054
0.6960797
0.69641227
0.6980269
0.69609016
0.6966262
0.6962203
0.6975983
0.6965469
0.69609505
0.6960965
0.695834
0.69668835
0.69659853
0.6961942
0.6963746
0.6964475
0.69516295
0.69562244
0.6947854
0.6944854
0.6954999
0.6951452
0.6955251
0.6955233
0.6949296
0.6953449
0.6951566
0.69557863
0.69536513
0.69634455
0.6967926
0.69662344
0.69631624
0.6968681
0.69600296
0.69665396
0.69693375
0.69597626
0.69602895
0.69638425
0.6962806
0.69563186
0.6956312
0.6958011
0.69575673
0.6956717
0.6963317
0.6963414
0.6956728
0.69666004
0.6965912
0.6963137
0.69627047
0.6968315
0.6962692
0.69735986
0.69647455
0.69694215
0.6969479
0.6956916
0.6977092
0.69665796
0.6971939
0.6972385
0.6966523
0.6973172
0.6964158
0.6954392
0.6961536
0.6956015
0.6960244
0.6961191
0.69469714
0.69607437
0.6951068
0.69513744
0.69472027
0.6960222
0.69593287
0.6955321
0.6961321
0.6960457
0.6969984
0.6965926
0.6966297
0.695868
0.6962819
0.696529
0.696158
0.69691974
0.69654435
0.6962423
0.69612813
0.6961089
0.6957836
0.69608074
0.6968345
0.6963169
0.6964149
0.69685584
0.6956664
0.69640493
0.69590145
0.6965311
0.6972555
0.6958848
0.69601697
0.69575876
0.696882
0.69665545
0.6964877
0.6966367
0.69684285
0.6964061
0.6971765
0.69720954
0.6961773
0.695865
0.696166
0.6972501
0.696279
0.6972466
0.69639623
0.6964001
0.6959705
0.6964199
0.6957692
0.696173
0.69656414
0.696561
0.69696873
0.69620544
0.69649285
0.6969895
0.6963954
0.69635576
0.6966794
0.6960386
0.69626415
0.6960829
0.69745845
0.69631004
0.69609976
0.69636506
0.696684
0.6972013
0.69636774
0.6970996
0.6963
0.69653445
0.69635725
0.6959742
0.69649696
0.6969988
0.69788814
0.6983244
0.6981546
0.6981735
0.6984665
0.6969857
0.69722414
0.6977288
0.6978917
0.69669974
0.6958477
0.69594294
0.69597536
0.697224
0.69671786
0.69599354
0.6961097
0.6962492
0.69639295
0.69573045
0.69645816
0.69627297
0.69584316
0.6962328
0.69650614
0.69576544
0.6960936
0.6955798
0.69538146
0.6957398
0.69724435
0.6964478
0.69644594
0.69772017
0.69558775
0.6961929
0.6971573
0.6964578
0.69594216
0.6964907
0.6959419
0.69601786
0.6957993
0.6958736
0.69636756
0.6975072
0.69666886
0.69755566
0.6978675
0.697241
0.6982897
0.6976714
0.69829446
0.6980273
0.6968521
0.69824266
0.6970547
0.69653237
0.69598925
0.69687927
0.6969037
0.69726294
0.6970541
0.6964627
0.6964592
0.69590694
0.6963205
0.69539803
0.6949463
0.6951422
0.6951639
0.69511396
0.6947853
0.69556034
0.6951574
0.69566745
0.69600356
0.6950132
0.6958273
0.6953325
0.6967416
0.6958429
0.6957898
0.6959495
0.696406
0.6963537
0.6954493
0.69645935
0.6970226
0.69661516
0.69790816
0.69689476
0.6972591
0.6968004
0.69693756
0.6968849
0.69601864
0.6963858
0.6970155
0.69820035
0.6971454
0.6967903
0.69775057
0.69765896
0.697581
0.6974188
0.6968802
0.698314
0.6971739
0.697798
0.69661623
0.69601935
0.6961766
0.69607973
0.6967071
0.697354
0.6964133
0.6959859
0.6965943
0.69671804
0.69678557
0.6973288
0.6975412
0.6967252
0.6970259
0.6965539
0.6961915
0.69689065
0.69609195
0.69591224
0.69628584
0.69597435
0.6954297
0.6950304
0.6947749
0.69571877
0.6957811
0.6954363
0.6953152
0.6966933
0.69662356
0.69511753
0.6961169
0.6959651
0.69606644
0.69666624
0.69623375
0.69665194
0.69645834
0.69739264
0.6960366
0.6963404
0.6962816
0.6961793
0.6959236
0.6960358
0.69604486
0.6965182
0.6962476
0.6952705
0.6955229
0.6953154
0.69516504
0.69574225
0.6945555
0.69467425
0.69472283
0.695766
0.69501513
0.69456154
0.6951494
0.6952615
0.6942381
0.69450456
0.69561285
0.69535875
0.6955511
0.6962266
0.69579834
0.69644374
0.6965356
0.69529563
0.69698924
0.69683313
0.6959161
0.6963583
0.6963281
0.69662625
0.69643223
0.6963913
0.69678813
0.6964314
0.6963175
0.69602823
0.69694006
0.6960423
0.69570744
0.69579256
0.69780713
0.698071
0.69617957
0.69565004
0.69661456
0.69613695
0.69528586
0.694969
0.6965395
0.6947277
0.6950682
0.69517726
0.69685173
0.69554406
0.695512
0.69726294
0.69620615
0.6973751
0.6966767
0.69741905
0.6970499
0.69700944
0.6964566
0.6968118
0.69595635
0.6964335
0.69555575
0.6963068
0.6966515
0.6961814
0.69733316
0.696347
0.6962681
0.6976892
0.6963416
0.6956324
0.6956337
0.6955326
0.69492567
0.6953718
0.6954118
0.69502133
0.69524753
0.6952134
0.6956649
0.6948196
0.69511193
0.6962883
0.69561213
0.6964654
0.6956921
0.6960915
0.6957259
0.6964017
0.6965327
0.69578195
0.69622403
0.6965131
0.6961377
0.6974371
0.6975948
0.6969341
0.6972388
0.69629955
0.6973008
0.6972252
0.69623727
0.69647706
0.6957192
0.6975932
0.6959575
0.6967797
0.6973038
0.6966275
0.6962883
0.6968264
0.6961471
0.6958356
0.6975953
0.69693005
0.6973148
0.6967606
0.696698
0.6966343
0.6973011
0.6962401
0.69680595
0.6966511
0.697577
0.69633204
0.6966745
0.69673586
0.6962523
0.69634515
0.69548494
0.6948435
0.6946862
0.69585
0.69470465
0.6944794
0.69629097
0.6955865
0.69527835
0.69571775
0.69523
0.69498813
0.6964194
0.6954625
0.69639426
0.6966836
0.6955951
0.69640523
0.69565904
0.69654894
0.69643193
0.6968307
0.69645077
0.69596577
0.69755816
0.69629824
0.69652694
0.6972457
0.6963749
0.69697845
0.6970229
0.69621366
0.69665986
0.69666815
0.6958925
0.6969384
0.696157
0.69693154
0.69613826
0.69730914
0.6953915
0.69624615
0.6966352
0.69721633
0.69640803
0.696657
0.69612974
0.6969703
0.6966507
0.69651616
0.697203
0.6971403
0.69678605
0.6962326
0.69575673
0.6950563
0.6951816
0.6959102
0.6969701
0.69607013
0.69785357
0.6950886
0.69569546
0.6956176
0.6958843
0.6959338
0.6960038
0.69597924
0.69559526
0.6961754
0.69612414
0.69495946
0.6965534
0.6957299
0.695921
0.6962212
0.69722044
0.69624066
0.69718313
0.69731414
0.6977033
0.6969011
0.69700986
0.6961665
0.69725066
0.6967631
0.6973077
0.69615835
0.69575
0.6967644
0.6949315
0.69517547
0.6956856
0.6947929
0.6949574
0.6953358
0.69434655
0.69492483
0.6959742
0.6949642
0.6957162
0.69516414
0.69471085
0.6954567
0.69703406
0.6950171
0.6958555
0.69566107
0.696173
0.6957458
0.6962758
0.69642794
0.6970932
0.69660264
0.6974259
0.69760305
0.6963188
0.69722855
0.69624203
0.6956747
0.69689256
0.6963088
0.6956071
0.69564515
0.6973319
0.6978752
0.69732624
0.6976906
0.69780123
0.69782996
0.6981904
0.69688374
0.6973146
0.69657594
0.6968665
0.6971577
0.6971533
0.696792
0.6961478
0.69690245
0.6967211
0.6993165
0.69790727
0.69727564
0.69700664
0.6976057
0.6978845
0.6967432
0.69645697
0.6965564
0.6965245
0.6970289
0.69700474
0.695569
0.69686747
0.69639915
0.6959705
0.6955752
0.69586426
0.69582635
0.6966102
0.69555837
0.69511205
0.6953193
0.695008
0.69607085
0.6951219
0.69553804
0.6962711
0.6955231
0.69539285
0.697254
0.6969013
0.6962948
0.6954092
0.6954166
0.69540787
0.6962163
0.6961944
0.69598746
0.69730085
0.6972432
0.6968939
0.69628096
0.69646585
0.69633687
0.69668055
0.6963911
0.6957746
0.69608575
0.6955806
0.6963683
0.69563466
0.69579136
0.6956854
0.6962266
0.696156
0.696814
0.6963536
0.6979927
0.69707143
0.69637996
0.6969959
0.6969417
0.69816285
0.6970692
0.6965677
0.69682455
0.6969035
0.69601893
0.6962003
0.6973427
0.69707555
0.6967034
0.6973179
0.6978639
0.6983728
0.6980754
0.6968653
0.69715965
0.697321
0.695962
0.6958921
0.69604814
0.6956953
0.69587654
0.69566107
0.6957961
0.6951124
0.69546556
0.6955782
0.69463384
0.69501185
0.69557434
0.695933
0.6955276
0.69535697
0.69497144
0.6961557
0.6959263
0.69562703
0.69585866
0.6960632
0.6957577
0.6948911
0.6962814
0.69718003
0.69668216
0.6972488
0.6977555
0.697321
0.6971691
0.6978078
0.697113
0.6968544
0.6975201
0.6985007
0.6981365
0.6968296
0.69726735
0.6969734
0.69661045
0.6949207
0.6947565
0.6961601
0.69464123
0.6960114
0.69519925
0.69467884
0.6944712
0.6955385
0.6953022
0.6955181
0.6950653
0.6950364
0.6959678
0.69550216
0.6950271
0.6959739
0.6954994
0.6965213
0.69706905
0.6964075
0.69613755
0.69655806
0.696986
0.6973077
0.69757384
0.69813126
0.6974174
0.6961773
0.69601136
0.69567287
0.6952866
0.6960818
0.69507104
0.69518644
0.69560874
0.697622
0.69560885
0.69606507
0.69539
0.695251
0.6945078
0.6954919
0.6938316
0.695312
0.6955213
0.6957962
0.69511294
0.6965367
0.6963591
0.6963665
0.6963842
0.6967026
0.69641167
0.6960353
0.6957329
0.69617
0.6964907
0.69626856
0.6963938
0.69570184
0.69601196
0.6955456
0.6962434
0.6962166
0.6965871
0.6963161
0.695972
0.6970477
0.6979109
0.6962214
0.69676703
0.69732624
0.6964629
0.69674975
0.6975961
0.6977173
0.69745034
0.69672406
0.69864273
0.69694513
0.6967619
0.6965435
0.6950597
0.6951413
0.695264
0.69519985
0.69614804
0.6961721
0.6967642
0.6958782
0.6956559
0.695461
0.6948714
0.69509387
0.69479054
0.6946839
0.6955059
0.6943728
0.6956479
0.6959265
0.6954837
0.69712836
0.69620866
0.6957294
0.6963396
0.69532025
0.6956816
0.6957098
0.695651
0.6959654
0.6963179
0.69685555
0.69746065
0.6968752
0.69651747
0.69592863
0.69646925
0.6966376
0.6964917
0.69592905
0.69841707
0.6962331
0.6957156
0.6959596
0.69588226
0.69532126
0.6956579
0.6959384
0.6947809
0.6949535
0.6952361
0.6955943
0.69695
0.6970597
0.69677085
0.69764346
0.69765276
0.6984199
0.6990483
0.69853324
0.6973174
0.6969299
0.69786334
0.69698495
0.69683444
0.69782495
0.6965847
0.6969163
0.69630414
0.6950377
0.69604856
0.6956496
0.6941751
0.69610727
0.6963445
0.69646496
0.6966319
0.69688684
0.69590294
0.69560164
0.6967042
0.69599944
0.69578177
0.69662976
0.6956566
0.6957469
0.6964104
0.6960537
0.69588
0.6951322
0.69587404
0.69488513
0.69547725
0.6951712
0.6960861
0.6948962
0.6948467
0.6954352
0.69584846
0.69536155
0.6959704
0.6957719
0.6965202
0.6972293
0.69666964
0.695479
0.6955708
0.69778746
0.69596595
0.695869
0.69596636
0.69677806
0.6963594
0.6966654
0.6965024
0.69612694
0.6965609
0.6974399
0.6970048
0.6959748
0.69671667
0.6970871
0.6964994
0.69593894
0.6959838
0.6967122
0.69663775
0.696709
0.6971442
0.6961144
0.6973063
0.69583166
0.6967873
0.6969452
0.69618934
0.6978738
0.6964336
0.6961444
0.69623333
0.6967244
0.6970475
0.696489
0.6956194
0.69576013
0.6965595
0.694896
0.69496584
0.6953706
0.6951095
0.6953133
0.69521517
0.696027
0.69683766
0.6972219
0.697155
0.6970989
0.6976104
0.6972265
0.6972238
0.6980888
0.696441
0.69699454
0.6961761
0.6983577
0.69599766
0.6966898
0.69545317
0.6962435
0.69618523
0.69702643
0.6968378
0.6963498
0.69640553
0.69672894
0.69633085
0.6969411
0.69770193
0.6967807
0.6963154
0.6961431
0.6959013
0.6951806
0.69578105
0.69675297
0.6952059
0.695213
0.6950335
0.6956077
0.6953502
0.69525415
0.69515574
0.69491
0.69565886
0.69562376
0.69447345
0.69543386
0.69519573
0.69536513
0.6953271
0.69445044
0.6961341
0.6957698
0.6964784
0.6963417
0.695733
0.6953383
0.69584256
0.69787294
0.69617325
0.696423
0.6968438
0.69671726
0.6975346
0.69631666
0.6974914
0.6981167
0.6982263
0.6972906
0.69692826
0.6971615
0.6961169
0.69643205
0.6959643
0.69693625
0.6964049
0.6963586
0.696458
0.6957605
0.6961142
0.6960206
0.6955522
0.69488674
0.6944137
0.69500244
0.69536155
0.69515115
0.69467336
0.6944124
0.6958888
0.6958964
0.6953843
0.69447595
0.6946276
0.69591814
0.6952704
0.695958
0.6956696
0.69609314
0.6954014
0.6957035
0.6951553
0.69595224
0.69566363
0.69618183
0.6963054
0.6960934
0.6960345
0.6961401
0.6964051
0.69585025
0.6962766
0.69547087
0.69573385
0.6963676
0.6953389
0.69552803
0.6963786
0.6959107
0.6967031
0.6958894
0.69765157
0.6969063
0.6954526
0.69636124
0.6969733
0.6967951
0.6956153
0.6967447
0.69662595
0.69584703
0.6978674
0.6980571
0.6969554
0.6955551
0.6969772
0.6966551
0.6966011
0.6961487
0.69674104
0.69716877
0.6964719
0.69700104
0.6962695
0.69673395
0.6973544
0.69742525
0.696684
0.6974718
0.6965268
0.69817334
0.6969978
0.6966003
0.6970258
0.6974196
0.69801813
0.6982713
0.69690883
0.6965581
0.69679725
0.6974098
0.69696915
0.6971389
0.696443
0.6961356
0.6965931
0.69690174
0.69576705
0.69686127
0.69614965
0.69599247
0.69530255
0.6964295
0.696619
0.69508386
0.6953251
0.6967562
0.6969628
0.6974758
0.6951687
0.6954905
0.6952818
0.69541883
0.69516796
0.6951316
0.69486755
0.69595647
0.6954047
0.6967393
0.69548863
0.69602036
0.69618976
0.69526374
0.69548
0.6955373
0.69593805
0.69643575
0.69728684
0.69762313
0.6977377
0.6973293
0.69784534
0.6971703
0.69696796
0.6971174
0.6968319
0.69653326
0.69653034
0.6950626
0.6955374
0.6944494
0.69509995
0.6949157
0.6949187
0.6954096
0.6959294
0.69693464
0.69519985
0.695115
0.69557387
0.6973868
0.69701535
0.69726217
0.6963156
0.6970862
0.6967076
0.69608176
0.69604677
0.6959043
0.6976864
0.69777215
0.6978691
0.6969315
0.6964748
0.69620234
0.69783574
0.6980976
0.6981683
0.69661653
0.6963619
0.69684935
0.69586587
0.6972123
0.6978891
0.69810325
0.6976762
0.69814676
0.6971091
0.6968253
0.69662297
0.6972546
0.6963818
0.69537556
0.69512826
0.6956256
0.6962058
0.69587994
0.69495565
0.69607234
0.6961284
0.69604343
0.69716007
0.6955331
0.69520795
0.6963347
0.69444466
0.6956389
0.6967197
0.6954427
0.69715434
0.6958233
0.69643813
0.6962466
0.6959621
0.69627374
0.6971059
0.6961178
0.6947923
0.69486725
0.6953531
0.6957132
0.69532186
0.6958725
0.69683856
0.6970334
0.69678986
0.69708776
0.6964576
0.69738525
0.6970169
0.69707215
0.6978273
0.6979918
0.6965785
0.69702786
0.696782
0.69662786
0.69756347
0.6971304
0.69728845
0.6971164
0.6972963
0.69714314
0.6975462
0.69562757
0.6949581
0.6973454
0.6964393
0.69612443
0.6960397
0.69669557
0.69535846
0.69557816
0.69577175
0.6962087
0.695807
0.6966561
0.69741786
0.69635403
0.69674
0.69692236
0.69664043
0.69735426
0.6974516
0.69764346
0.6985532
0.6972074
0.6972622
0.69750774
0.69752705
0.6960602
0.69694275
0.69583905
0.69527316
0.6955031
0.6961635
0.6955927
0.6961532
0.6982116
0.6970405
0.69663125
0.6961811
0.69602245
0.6968164
0.6957079
0.69614685
0.6961152
0.69507486
0.69528216
0.69603014
0.6958373
0.69556445
0.69583434
0.69651157
0.6964634
0.69642895
0.69779795
0.6968625
0.6968529
0.6965458
0.6964655
0.69643056
0.69677776
0.6966261
0.69704896
0.6962488
0.6958759
0.6960669
0.6965851
0.69819194
0.69584817
0.69659215
0.6970183
0.6965033
0.69626105
0.695688
0.69657195
0.69734114
0.6969639
0.6974751
0.6980747
0.69785
0.69662523
0.69729614
0.6965992
0.6974586
0.6967969
0.69629544
0.697686
0.6963068
0.6965389
0.69527996
0.6955294
0.69501144
0.6951769
0.6951883
0.69456965
0.69516534
0.69619197
0.69629914
0.6977207
0.6973389
0.6967668
0.6968433
0.69746095
0.69770604
0.6967521
0.69742495
0.69770044
0.69703454
0.6965321
0.6973767
0.69881326
0.69685435
0.69824964
0.69758475
0.6975178
0.69684035
0.69675153
0.6964316
0.6964472
0.6971843
0.69588083
0.69614786
0.69654363
0.6963997
0.6956157
0.69544125
0.69615704
0.69543904
0.69535494
0.69579065
0.6958106
0.69521827
0.6944257
0.6944947
0.6953584
0.69677424
0.69712406
0.6955863
0.6954954
0.6950149
0.6955575
0.69633245
0.6966423
0.6957723
0.6986847
0.6967709
0.6975786
0.6979127
0.6972206
0.6974057
0.6977785
0.6976196
0.6979885
0.6981208
0.69722044
0.69689256
0.6968424
0.69573957
0.6971543
0.69717073
0.69867235
