0.6965871
0.69706213
0.69656724
0.69680285
0.69676465
0.6965182
0.6971276
0.69670624
0.6966485
0.6970112
0.69678104
0.6969893
0.6960814
0.6961824
0.69736826
0.6967321
0.69645137
0.69676715
0.6970052
0.6960303
0.6969562
0.6964235
0.6964552
0.6966571
0.6962196
0.6969261
0.69587654
0.6965213
0.6968978
0.69646883
0.6965074
0.6968834
0.69604504
0.6963366
0.69649154
0.69638246
0.6970196
0.6966296
0.69634366
0.6965021
0.6959406
0.6971199
0.69678974
0.6965089
0.6969994
0.6964777
0.6967578
0.6965614
0.69654673
0.6962326
0.6962687
0.6963548
0.69653803
0.696413
0.6968683
0.6966379
0.69661885
0.6966812
0.6959539
0.6961423
0.695982
0.6961777
0.6967776
0.69651604
0.6966172
0.69620734
0.69639826
0.69621533
0.6966183
0.69604367
0.6959772
0.69661635
0.6961255
0.6960541
0.69640386
0.6969083
0.6960797
0.69668496
0.6962999
0.69595647
0.69647616
0.69654447
0.6963766
0.6966224
0.6963323
0.69608617
0.6966403
0.69642586
0.6959629
0.6962906
0.6964491
0.6966408
0.6960667
0.6968116
0.6955934
0.69582725
0.69643855
0.6966277
0.6963121
0.6961432
0.6970038
0.69658667
0.69645685
0.69654024
0.69591075
0.6966634
0.6956328
0.6963155
0.6961384
0.6965394
0.6960864
0.69615895
0.6965605
0.6965343
0.69678015
0.6964354
0.69564116
0.695647
0.6961818
0.6957431
0.6964683
0.69665354
0.6968344
0.6961506
0.6964986
0.69650507
0.6962892
0.6963244
0.6970465
0.6960266
0.6969025
0.6960432
0.6965146
0.69573736
0.6958584
0.6954293
0.69624794
0.6964061
0.6962821
0.69601613
0.6959725
0.69609874
0.69636106
0.69644517
0.6962033
0.69580764
0.69599
0.6961573
0.6961371
0.69662
0.6959966
0.69629246
0.69596726
0.6957402
0.69590837
0.6961749
0.69588345
0.6962274
0.696236
0.6962108
0.69652164
0.69684523
0.6966527
0.69571304
0.696492
0.6963885
0.69646686
0.69630194
0.69597703
0.69616973
0.6964377
0.69606763
0.69589067
0.6963105
0.69632703
0.69619197
0.6956702
0.69580543
0.69588566
0.6960855
0.69626
0.6963406
0.6960397
0.69600123
0.69635177
0.6962288
0.69615406
0.6958635
0.6958887
0.695819
0.6959254
0.69601995
0.6963723
0.6968935
0.69626296
0.6958928
0.69586104
0.6963232
0.69617987
0.69616914
0.696022
0.69665474
0.6958955
0.6958464
0.69650656
0.695967
0.69613147
0.6958846
0.6961914
0.69598407
0.6958456
0.69660276
0.69590014
0.69640183
0.6957928
0.6961252
0.69587725
0.69553965
0.69576514
0.696587
0.69642246
0.6960483
0.69640636
0.69635427
0.69640166
0.69633836
0.6964762
0.6958157
0.69587594
0.69611377
0.6960157
0.6959978
0.6962424
0.6954605
0.696307
0.69612783
0.696212
0.6954417
0.6960229
0.6958718
0.69606507
0.69670665
0.6962903
0.69596183
0.6964087
0.69612205
0.69628626
0.69599056
0.6960936
0.696082
0.696175
0.69643104
0.6957736
0.6959646
0.69599295
0.6964941
0.69594926
0.6959446
0.6960137
0.69549257
0.69575006
0.69590044
0.696241
0.69549483
0.69620764
0.6964123
0.6956769
0.69586176
0.69618
0.69559413
0.6960323
0.69613206
0.6960316
0.6960902
0.69619733
0.69606644
0.695903
0.69629085
0.6961109
0.6956134
0.6956663
0.6959192
0.6957759
0.69607306
0.6964731
0.6958527
0.69582486
0.6957119
0.69538057
0.6959669
0.6960607
0.6958299
0.69577396
0.69596404
0.6962671
0.6954576
0.69627124
0.6961958
0.69615126
0.69618917
0.6960225
0.6962282
0.69610816
0.6958604
0.6955132
0.6963962
0.69647336
0.6958101
0.69604474
0.6961804
0.69617534
0.695908
0.69549906
0.69603246
0.69607955
0.6958046
0.69584453
0.6960436
0.69591665
0.6954
0.6960062
0.69600755
0.6957686
0.6958598
0.6964346
0.69646055
0.69630283
0.6959771
0.69680357
0.6957684
0.6964085
0.696228
0.6957705
0.69587445
0.6959775
0.69566995
0.69601583
0.6961547
0.695993
0.6963487
0.6959675
0.6963026
0.6964074
0.696034
0.69602346
0.6958976
0.6961377
0.6957824
0.6965305
0.6962519
0.6957183
0.6958012
0.6961393
0.69562453
0.69607276
0.6961243
0.6967465
0.6963001
0.69621414
0.6961169
0.6959812
0.6956728
0.69571793
0.69583213
0.69622874
0.6963031
0.69626284
0.6963461
0.69579303
0.69625777
0.695224
0.69576746
0.69626796
0.6960079
0.6963102
0.6965924
0.6960596
0.69540155
0.6959591
0.696047
0.6957138
0.6961602
0.69620806
0.6957901
0.696461
0.69634867
0.69656754
0.6956611
0.6958129
0.6965178
0.6956968
0.696371
0.6959585
0.69611424
0.69677144
0.6959643
0.69580567
0.6959082
0.69606173
0.69570684
0.6960807
0.69625103
0.69638383
0.69598603
0.6964291
0.6957992
0.69627714
0.69609
0.69625837
0.69553906
0.69647866
0.69571817
0.6958513
0.69561946
0.6959559
0.6960119
0.6957934
0.6966478
0.69566023
0.6963255
0.69613093
0.6956486
0.69589645
0.69574577
0.69582975
0.6956156
0.696088
0.6959394
0.6963044
0.695783
0.6961857
0.6958999
0.69613266
0.6961146
0.6958581
0.69604826
0.69601643
0.69638115
0.6959343
0.6963312
0.6963522
0.69577104
0.6965184
0.69585925
0.6962397
0.6958334
0.6962443
0.69579357
0.6962492
0.6961875
0.6965647
0.6957623
0.6959607
0.6968527
0.6957765
0.69607425
0.6957401
0.6958442
0.69603664
0.6963208
0.69648814
0.696094
0.69571096
0.69616055
0.69583166
0.69595313
0.6958986
0.69646704
0.69626874
0.69611543
0.6959119
0.696472
0.6961859
0.6956112
0.69613737
0.6966201
0.69627666
0.6962707
0.69631666
0.69591254
0.6957895
0.69600374
0.6952693
0.69618756
0.69620657
0.69641596
0.6958449
0.69600374
0.6961691
0.6961712
0.6959533
0.69624466
0.69610804
0.6958539
0.6961899
0.69658893
0.6965168
0.6959284
0.6957087
0.69614273
0.69651467
0.6960105
0.69624275
0.6958305
0.69618547
0.6958678
0.69614935
0.69570446
0.6960145
0.69604284
0.6957907
0.6959443
0.6959248
0.6961924
0.69655
0.6956755
0.6965642
0.6960315
0.6958239
0.69653434
0.69586575
0.6958725
0.69590944
0.6957334
0.69649774
0.695886
0.69639593
0.6964277
0.6964573
0.6959695
0.6960802
0.6965162
0.69600683
0.6965842
0.6959996
0.69610393
0.6965229
0.6958432
0.69550645
0.6965695
0.69631344
0.69607866
0.6960996
0.69639856
0.6965457
0.69606704
0.6961639
0.69655204
0.6960306
0.69624406
0.69598776
0.6958248
0.6965467
0.69612986
0.6961181
0.6964333
0.6961538
0.6957447
0.6961585
0.6956102
0.6967619
0.69566137
0.69619167
0.6961736
0.69639695
0.6968192
0.69648796
0.69629854
0.6959503
0.6964669
0.6963032
0.6962769
0.69705284
0.6954837
0.69622594
0.69544107
0.69623107
0.6962602
0.6962284
0.69629055
0.69650346
0.6960961
0.6963018
0.6960879
0.6959138
0.69625115
0.69623834
0.6959785
0.69635946
0.6962077
0.69614774
0.69582915
0.69564337
0.69656676
0.6960607
0.6964206
0.6958296
0.6961957
0.69621235
0.69636625
0.69634163
0.6957839
0.6957237
0.6965921
0.6964506
0.6961363
0.69640934
0.69633555
0.6962251
0.69638574
0.6961271
0.6961707
0.6958289
0.6961969
0.69538504
0.6970627
0.69588995
0.6962581
0.69605815
0.6968004
0.6962604
0.69643486
0.69581276
0.696293
0.6961098
0.6964786
0.6960583
0.6963762
0.6963296
0.6961579
0.6962994
0.6964819
0.69639736
0.69622576
0.6961865
0.69605875
0.69624454
0.6965904
0.6963141
0.6960446
0.6961447
0.6962792
0.69572085
0.696597
0.6958659
0.6963474
0.6962943
0.6963134
0.6961894
0.6957281
0.6965852
0.69594646
0.69705343
0.6964955
0.6968626
0.6955704
0.6963547
0.6966023
0.69611216
0.6960584
0.69632185
0.6961532
0.6965579
0.6962477
0.6964483
0.69658405
0.6962304
0.6962097
0.6961983
0.6966254
0.69637126
0.69610256
0.6961944
0.6959045
0.696392
0.6958298
0.6964114
0.696336
0.696124
0.6962888
0.69635814
0.69683945
0.69610417
0.69623774
0.6965304
0.6959462
0.69606054
0.6961839
0.6966659
0.6963381
0.69685286
0.696309
0.69676507
0.6961634
0.6964119
0.6959446
0.69657934
0.6960616
0.69627607
0.6966882
0.69616836
0.69614786
0.69659376
0.69599265
0.696055
0.6965244
0.69579434
0.69607973
0.6961486
0.6960765
0.6960366
0.6965186
0.6965069
0.6963375
0.6962654
0.6967644
0.69613737
0.6964585
0.69575685
0.6961432
0.69617194
0.6963212
0.6957357
0.6963106
0.6962935
0.6963932
0.6963203
0.696445
0.69687414
0.69668436
0.6966671
0.69628865
0.6963138
0.69634694
0.69685316
0.6962153
0.6964024
0.6962598
0.6961892
0.6965682
0.69594353
0.69629985
0.69641453
0.6965267
0.6961725
0.69627166
0.6961354
0.69587696
0.6961622
0.6966478
0.6963598
0.69652826
0.6962817
0.69683665
0.6961772
0.6962431
0.6962539
0.69608307
0.6966262
0.69592
0.6964509
0.6965539
0.69673836
0.6964873
0.6967053
0.6960182
0.69619375
0.69637805
0.69659996
0.6966629
0.6964566
0.6969022
0.69665426
0.6965133
0.6963457
0.69642746
0.6965958
0.69688976
0.69652253
0.69631255
0.6969019
0.69613284
0.69628894
0.69595295
0.69606096
0.6960699
0.6962288
0.6969269
0.6966548
0.696633
0.69601
0.6961436
0.6960851
0.6964644
0.697031
0.69618225
0.6965344
0.6961378
0.6964649
0.69631237
0.6964596
0.6964411
0.69604737
0.69649273
0.6963277
0.69704705
0.69649553
0.69663036
0.69660467
0.6967416
0.69620067
0.696045
0.6962553
0.69594
0.696338
0.6968506
0.6964296
0.6961629
0.6960939
0.69645476
0.69686896
0.69636226
0.69642407
0.6962778
0.69697964
0.6962276
0.69610125
0.6961462
0.6964348
0.69636685
0.6967724
0.69671106
0.69647026
0.69641316
0.69689596
0.6960417
0.6963513
0.69640046
0.6961036
0.69619405
0.69633085
0.6968564
0.6962888
0.6965826
0.6966869
0.69624525
0.6973799
0.6964242
0.69615
0.69646645
0.6963083
0.6960742
0.6959992
0.69680125
0.69607645
0.6965259
0.69657165
0.69684255
0.69663286
0.6964209
0.6965631
0.69638443
0.6966961
0.6965199
0.69684297
0.69669795
0.6967836
0.69675136
0.69651
0.6968469
0.696242
0.69681394
0.6964967
0.6962801
0.6963099
0.69675493
0.69624114
0.6968255
0.69644284
0.69664115
0.696603
0.69593716
0.6955304
0.6961627
0.6967002
0.69610286
0.6962655
0.6964496
0.6967942
0.6961945
0.6964635
0.6964951
0.6961022
0.696104
0.6964305
0.6969322
0.69671285
0.6968866
0.6962293
0.6966147
0.69639957
0.6956963
0.6957359
0.6963208
0.6965355
0.6965423
0.6967909
0.69659483
0.69615555
0.6964558
0.6967669
0.696165
0.6963759
0.6961408
0.696088
0.6964558
0.69608736
0.69657636
0.6964381
0.69637793
0.6963518
0.6964035
0.6963416
0.6964938
0.69601667
0.6963169
0.69651586
0.69693613
0.6960991
0.696278
0.6965838
0.6965896
0.69635403
0.6964872
0.69672966
0.6965481
0.6961106
0.6966195
0.6963696
0.6965579
0.6964324
0.6961153
0.6967044
0.69648886
0.69611824
0.69639313
0.69666815
0.6958603
0.69576836
0.6967125
0.69669497
0.6963449
0.69621325
0.6963944
0.69595927
0.6961767
0.6966711
0.6961493
0.69701785
0.696307
0.69639015
0.6966297
0.69688827
0.6964015
0.6963107
0.69654375
0.697385
0.6964844
0.6965757
0.69643396
0.6961684
0.696068
0.69650495
0.69654745
0.6959603
0.69613355
0.69631326
0.6962685
0.69691306
0.6964594
0.6960952
0.6967757
0.69646347
0.696287
0.69662404
0.69662064
0.69605684
0.69673955
0.69613624
0.6964744
0.69646376
0.6966162
0.6964062
0.6960317
0.69642526
0.6962693
0.6962961
0.69655275
0.6967988
0.69644976
0.69656163
0.69643027
0.69606733
0.69700986
0.6960837
0.6972028
0.69672465
0.69616103
0.696655
0.69668067
0.69723874
0.6967358
0.69606
0.6966972
0.69635457
0.6963338
0.69623834
0.69599223
0.6962442
0.695965
0.6962646
0.6966124
0.69639134
0.69636995
0.69635636
0.69675845
0.6965439
0.6966753
0.6965218
0.6965267
0.69618833
0.69624674
0.695853
0.69603103
0.69636923
0.6963628
0.69633335
0.69657105
0.696458
0.69609404
0.69647866
0.69626975
0.69676614
0.69614804
0.69584835
0.6966268
0.69594246
0.6968065
0.6964094
0.6962677
0.69669265
0.69680136
0.69659525
0.6967451
0.6962793
0.69646794
0.6968153
0.6967995
0.69683796
0.6966384
0.69644797
0.6962549
0.6964552
0.6964081
0.69626987
0.69639474
0.69657785
0.6962251
0.6965903
0.69660056
0.6964216
0.69615626
0.6964297
0.69642866
0.696065
0.6966897
0.69610596
0.69659203
0.69635695
0.695765
0.69643575
0.6961074
0.696495
0.6961646
0.6963353
0.69671077
0.69637865
0.6961868
0.6960841
0.6963711
0.6963673
0.6966676
0.69677806
0.6964984
0.696043
0.6963393
0.69651175
0.69633216
0.69709116
0.6963238
0.6962334
0.6964558
0.696409
0.6969066
0.6962031
0.69655585
0.69657546
0.69673973
0.69674706
0.69625676
0.6964747
0.69627076
0.6963172
0.6963315
0.696166
0.69628125
0.6965025
0.6966732
0.69631314
0.69612503
0.69694114
0.69648474
0.6967883
0.6967361
0.69627976
0.6965582
0.6963378
0.6967591
0.696449
0.6967593
0.6962691
0.6962693
0.69636154
0.69654065
0.69649935
0.69701356
0.69643515
0.69615054
0.6965582
0.6963215
0.6965273
0.6964406
0.69600374
0.69635683
0.6968303
0.69620764
0.69616
0.6962194
0.69602823
0.6966009
0.69661516
0.6963227
0.69674224
0.69621754
0.69601506
0.6966355
0.6968066
0.69622886
0.69607115
0.6966539
0.6963795
0.6964087
0.69647294
0.69666857
0.69656825
0.6960758
0.6960914
0.69654906
0.6964844
0.69629973
0.6966433
0.69563437
0.6961875
0.6964828
0.69675434
0.6970555
0.6964882
0.69615805
0.6965134
0.6961157
0.6968542
0.69624895
0.6961592
0.6961729
0.6968805
0.6961427
0.6966367
0.6971114
0.69613093
0.6966771
0.6966578
0.6958788
0.69613254
0.6968457
0.69648623
0.69632846
0.69646275
0.6960429
0.6957472
0.69646573
0.6961834
0.6963322
0.69672585
0.6962028
0.69649523
0.6963944
0.6963718
0.6967772
0.6966921
0.6961126
0.69618744
0.6969373
0.6966745
0.69680226
0.69636464
0.6967259
0.69588983
0.6961144
0.69633365
0.6965372
0.69653773
0.6965109
0.69628716
0.6962572
0.6963393
0.6962073
0.69683504
0.6964731
0.69645214
0.69605505
0.696662
0.69676065
0.6963338
0.69595796
0.6963058
0.696803
0.6965209
0.69672614
0.6962784
0.6968511
0.69616646
0.69598615
0.69626445
0.6960658
0.6964243
0.69658893
0.6962016
0.696867
0.6963908
0.6960705
0.69659615
0.6966038
0.696649
0.6965612
0.69634676
0.69638747
0.69682926
0.6961404
0.69612753
0.6966396
0.6959056
0.6965801
0.6964555
0.69697756
0.6963164
0.69676864
0.6960737
0.6965134
0.6963813
0.69654536
0.6967356
0.6959251
0.6967958
0.6963594
0.6963417
0.6964756
0.6964695
0.6966829
0.6965243
0.69661707
0.6966659
0.6964089
0.6963377
0.6967622
0.6966221
0.69650155
0.69673246
0.6966648
0.69633406
0.6963017
0.6967765
0.69661456
0.69599384
0.69635767
0.69646275
0.69635874
0.69674283
0.69617695
0.69629097
0.6962684
0.6963641
0.6964169
0.6960292
0.6962564
0.69697136
0.69654
0.69633925
0.69663507
0.6968525
0.6962444
0.69631463
0.6962554
0.6963736
0.6964356
0.69620085
0.6963143
0.696581
0.6964299
0.696804
0.69666415
0.6964694
0.69589293
0.6953506
0.696622
0.6965712
0.69663924
0.6962841
0.6958298
0.6962681
0.6962942
0.696597
0.69637346
0.6955115
0.69693834
0.6961753
0.69648695
0.69621927
0.69663405
0.69613105
0.69640315
0.6966945
0.69635326
0.6963229
0.69652724
0.6965553
0.6960961
0.69602823
0.6963539
0.69605035
0.69667673
0.6963176
0.69657975
0.69670683
0.69635093
0.69619447
0.69607127
0.69649696
0.69633436
0.6962985
0.6958734
0.6964875
0.69559944
0.69650024
0.69628835
0.6968039
0.69645673
0.6962118
0.69652045
0.6963241
0.6965664
0.6962971
0.69610983
0.6961315
0.6965206
0.6962083
0.6959383
0.696771
0.6971634
0.6962286
0.6970416
0.69672054
0.69664556
0.6959774
0.69631845
0.696122
0.69646883
0.6963894
0.6968563
0.69659185
0.6961303
0.6965802
0.69639426
0.6960263
0.6959916
0.6958747
0.69652134
0.6963786
0.6969197
0.6968895
0.6962791
0.6962979
0.69658583
0.69645834
0.6964577
0.69597435
0.69646263
0.69635534
0.6964291
0.6961053
0.69647264
0.6958092
0.69647104
0.69632006
0.69699305
0.69614285
0.69656867
0.6962347
0.6963074
0.696307
0.69662553
0.6960838
0.6959048
0.6958429
0.6960456
0.69623077
0.69656694
0.6958167
0.69677514
0.69662595
0.69623315
0.6964462
0.6963718
0.6962515
0.6963071
0.69627017
0.69672304
0.6961059
0.6967524
0.6968947
0.69637835
0.6961479
0.696518
0.69644946
0.6968315
0.69676477
0.6966707
0.6957553
0.69665796
0.6963211
0.6964974
0.69672656
0.69591373
0.6959447
0.6964249
0.6961485
0.69617754
0.69662386
0.69661844
0.6965081
0.6960781
0.6958476
0.69607943
0.69639426
0.69634825
0.69659317
0.6966292
0.6962989
0.69705474
0.6957654
0.6966429
0.69595486
0.6966194
0.6963657
0.6963214
0.6962247
0.6967025
0.6958596
0.69664806
0.6963926
0.69661784
0.6964937
0.6960629
0.6962517
0.6971027
0.6963686
0.6964224
0.6968786
0.6964981
0.6965394
0.69626415
0.6962702
0.69657844
0.69642794
0.6961286
0.6964383
0.6967568
0.6962077
0.6965089
0.69643646
0.6961382
0.69649565
0.696698
0.6960222
0.6964386
0.69617116
0.69626033
0.6962436
0.69635147
0.6964852
0.6970137
0.69626045
0.6961462
0.69646055
0.69609445
0.69606024
0.696249
0.6963881
0.6965653
0.6960452
0.69674015
0.69588804
0.6964147
0.69689626
0.6964585
0.69612604
0.69640225
0.6962844
0.6961142
0.6962287
0.69673747
0.69674623
0.6965238
0.6966794
0.69602984
0.6963765
0.69620925
0.69643766
0.696191
0.69651395
0.6965312
0.69644254
0.69617766
0.69632137
0.6967698
0.6961494
0.69649214
0.6966624
0.6962251
0.696213
0.696665
0.6963778
0.69597495
0.6965803
0.6961039
0.6964168
0.69614124
0.69646424
0.69630516
0.69633585
0.69625
0.6966408
0.6962545
0.69693106
0.69600475
0.69645125
0.69665724
0.69617665
0.6965079
0.6964177
0.69640887
0.696626
0.6962166
0.6964965
0.69666594
0.6963277
0.69657236
0.69635504
0.6961359
0.6966251
0.69649345
0.6965219
0.69687134
0.69653153
0.69599205
0.69644463
0.69644487
0.69668174
0.69602877
0.6965053
0.6967031
0.69633216
0.69633734
0.69641507
0.69626915
0.6965307
0.69639486
0.6969189
0.6968266
0.6965395
0.69651157
0.6961768
0.6964653
0.6956398
0.69628197
0.6960016
0.69675463
0.69688517
0.6964455
0.6964297
0.69631803
0.6964424
0.6962879
0.6967063
0.6961581
0.69654864
0.6963424
0.69621205
0.696858
0.6968427
0.69622743
0.6963544
0.6967041
0.6966154
0.6963973
0.69610864
0.6970089
0.69641435
0.69671285
0.69652474
0.69596124
0.69680685
0.6967702
0.69680226
0.6961624
0.6967904
0.6959464
0.69679254
0.696211
0.6966831
0.69639444
0.6965728
0.6961932
0.6960986
0.6965585
0.6962261
0.69613934
0.6965458
0.69585925
0.6959388
0.69641113
0.6963606
0.69626987
0.69641405
0.6967559
0.6970971
0.6966675
0.6965001
0.69620544
0.69667584
0.69644594
0.6964119
0.6964485
0.6964838
0.6966312
0.69672537
0.69606316
0.6967841
0.6967658
0.6964211
0.6963459
0.6964226
0.69640374
0.69639695
0.69622797
0.6967294
0.69655097
0.69663614
0.69625676
0.69667256
0.6962516
0.6965558
0.69661313
0.6963771
0.6963668
0.69599766
0.6964864
0.6960493
0.6962874
0.69654274
0.6964107
0.6963795
0.69636714
0.69676375
0.696473
0.69684803
0.69639987
0.6965485
0.6964142
0.6967771
0.6963417
0.69623137
0.696527
0.6961792
0.6966168
0.6967372
0.6961424
0.6964546
0.6963216
0.6963894
0.6957567
0.6963682
0.69630134
0.6964058
0.69679576
0.69686013
0.69676584
0.6966865
0.6960851
0.69704294
0.69701964
0.6962252
0.6965754
0.6964877
0.6961823
0.6966167
0.69643575
0.69673777
0.6965242
0.6966523
0.69670296
0.6966882
0.6965324
0.69617325
0.69640964
0.6961952
0.6971292
0.6966284
0.6964526
0.69626915
0.69632596
0.69657725
0.69662
0.6961484
0.6966407
0.6963081
0.6967693
0.696769
0.69655854
0.6960435
0.6968278
0.69645095
0.6959768
0.6965395
0.6968606
0.6961122
0.6966013
0.69689304
0.69650483
0.69620746
0.6964714
0.69643223
0.69663817
0.6964192
0.69658923
0.6964203
0.6970491
0.69659287
0.69625473
0.6960537
0.69656587
0.6961216
0.69635916
0.69694185
0.6965617
0.6970875
0.69636345
0.69667506
0.6965949
0.6970413
0.6962878
0.6967251
0.696984
0.696205
0.6964154
0.6964556
0.6971083
0.69629115
0.6964589
0.6961309
0.69651157
0.6958802
0.69637203
0.6965184
0.6968539
0.69693345
0.696828
0.69637567
0.6965052
0.6973186
0.6964634
0.69632083
0.6969303
0.696828
0.696174
0.6961285
0.69669104
0.69643897
0.69640374
0.6963262
0.6968999
0.696315
0.69639665
0.69658166
0.69663197
0.6963168
0.6965721
0.6965012
0.6965728
0.6969714
0.69670296
0.6964462
0.6969275
0.69694775
0.69639975
0.69684255
0.6963959
0.6967438
0.6967475
0.6967533
0.6961648
0.69692945
0.69609314
0.6966148
0.69694126
0.6967111
0.69689715
0.6970924
0.6966234
0.6961868
0.6969854
0.6969061
0.69668055
0.6965383
0.6965266
0.6969667
0.69673306
0.69659895
0.69690156
0.69700754
0.6970206
0.696737
0.69661593
0.6965752
0.6971794
0.6970061
0.696712
0.6962481
0.6962929
0.6964806
0.6966578
0.6969268
0.6972672
0.6968261
0.69671357
0.6969524
0.69696414
0.69678736
0.6969905
0.69657785
0.69659644
0.69678205
0.6971378
0.69685006
0.6968258
0.6964465
0.69654745
0.6966761
0.69648767
0.69659233
0.69657344
0.69661415
0.6970974
0.6969613
0.696664
0.69661456
0.69674444
0.69696605
0.6967927
0.69636077
0.6965083
0.69707334
0.69634104
0.69686425
0.69664735
0.69714135
0.6966961
0.697266
0.69633704
0.6967764
0.6965053
0.69656134
0.69695824
0.6969071
0.69678205
0.6964386
0.69668883
0.69674957
0.6967546
0.69610417
0.6964307
0.69645286
0.696829
0.6964783
0.69687146
0.69665265
0.6967125
0.6964424
0.69720393
0.697102
0.696482
0.6970951
0.6971817
0.6968634
0.69692916
0.6967797
0.6966968
0.6967139
0.696564
0.6965236
0.69648993
0.6968511
0.6968673
0.6969383
0.6967155
0.6969582
0.6965532
0.6966694
0.6968265
0.6967891
0.69673496
0.6975601
0.6966332
0.6973308
0.69692975
0.6971384
0.6965197
0.69708234
0.6968951
0.6966404
0.69705397
0.69695956
0.69681495
0.6967802
0.69675356
0.6967045
0.69668233
0.6967066
0.69658524
0.69660616
0.69706446
0.6968118
0.6968999
0.6971361
0.6970049
0.6973717
0.6968614
0.6968485
0.6967994
0.696658
0.69693506
0.6971933
0.69687253
0.69666064
0.696783
0.69697803
0.69638085
0.69660467
0.6968412
0.6968444
0.69673187
0.69675446
0.6964869
0.6970115
0.6967567
0.69699085
0.69710493
0.69719046
0.6974452
0.69658405
0.6973005
0.6964417
0.6969694
0.6968793
0.69700074
0.69699305
0.69680184
0.69680685
0.6967742
0.69684935
0.69647866
0.69676054
0.6972155
0.6972474
0.69695157
0.69674754
0.6966748
0.69698405
0.69643533
0.69653434
0.6968462
0.6967683
0.6971829
0.69700646
0.69678277
0.69701743
0.6968594
0.6968083
0.696566
0.6967842
0.6974077
0.6971507
0.6973921
0.696966
0.6969919
0.6970736
0.6968378
0.6966829
0.697061
0.69689363
0.69667447
0.6967244
0.6967972
0.6970652
0.6966576
0.69699395
0.6972219
0.69654435
0.6968007
0.69729286
0.696621
0.6967749
0.69651264
0.69692945
0.6970584
0.6967841
0.69690865
0.69654495
0.6971009
0.69699275
0.6966087
0.69694394
0.69721866
0.6971501
0.6970404
0.6970234
0.6970667
0.6962675
0.697058
0.6969212
0.6972246
0.69650835
0.6972455
0.69692075
0.6968894
0.69721
0.6968461
0.69713444
0.6970416
0.69728506
0.69681484
0.6968058
0.69696975
0.6968069
0.69695675
0.69689375
0.69701314
0.69659853
0.6968199
0.6965839
0.6970358
0.6973881
0.6968179
0.69713116
0.69710827
0.69716877
0.69669634
0.69700164
0.6970008
0.69724923
0.69742674
0.69703436
0.6973401
0.6966993
0.6968446
0.6966248
0.6968414
0.6967493
0.69705695
0.6974012
0.696883
0.6977843
0.6971613
0.6971973
0.69676685
0.6966416
0.6968664
0.6970001
0.69692945
0.69696206
0.6973406
0.6971044
0.69721186
0.696975
0.69635504
0.6971599
0.69660807
0.6968859
0.6970774
0.6974249
0.69719625
0.69734275
0.6970018
0.6971764
0.6969876
0.69717604
0.69728136
0.696789
0.6967332
0.69692284
0.69758105
0.6969221
0.6968538
0.69689226
0.69724023
0.6971406
0.69689065
0.6966357
0.69703615
0.6972866
