1.1865478
1.080384
1.0161467
0.980972
0.9599267
0.95525885
0.95320207
0.9523966
0.951882
0.95194817
0.95130426
0.9502097
0.9497101
0.94958055
0.94743377
0.9466586
0.9462418
0.9454796
0.9445058
0.9442673
0.94277745
0.9415509
0.943625
0.9408963
0.93971044
0.937138
0.93891627
0.9380643
0.9361494
0.937554
0.93583107
0.93590117
0.9334896
0.9327803
0.9327711
0.9318717
0.9314007
0.9292523
0.9303848
0.9276001
0.9277689
0.9267481
0.9250264
0.92595553
0.9250038
0.9258379
0.92324597
0.9237812
0.92121035
0.92227525
0.9211436
0.92069143
0.9206669
0.91968524
0.9172491
0.9178211
0.91782427
0.91565686
0.91451186
0.9146387
0.91338307
0.91240674
0.9122542
0.91251165
0.9116251
0.9106523
0.91023093
0.9092052
0.907998
0.9080089
0.9091564
0.9070332
0.90656865
0.9054699
0.9048994
0.9037094
0.903838
0.90296996
0.9037049
0.9014785
0.90195304
0.9009122
0.8999726
0.8991871
0.898044
0.8972173
0.8982538
0.8962728
0.8967791
0.8959508
0.895302
0.89348364
0.8939017
0.8934015
0.8934083
0.8917925
0.89089364
0.8907834
0.8899746
0.8900796
0.8894511
0.8885793
0.8880592
0.8885995
0.8874572
0.88647854
0.886262
0.8866115
0.8849734
0.8845813
0.88430935
0.88394624
0.8834384
0.8817401
0.8821559
0.8819881
0.8807562
0.880809
0.8802123
0.8789258
0.87872446
0.8773375
0.8770322
0.8768139
0.87622595
0.8746623
0.8748455
0.87361115
0.8747613
0.87379164
0.87258196
0.8720644
0.87146455
0.8716303
0.8712289
0.8696802
0.8694399
0.8692139
0.86863667
0.8679239
0.86746746
0.86666566
0.866425
0.86626214
0.8651839
0.8646992
0.8650565
0.8639441
0.8632095
0.863077
0.86164534
0.86156285
0.86120653
0.86089015
0.8604124
0.8591361
0.8584145
0.8579407
0.85841674
0.8588894
0.8574768
0.8572643
0.85499877
0.85577786
0.8556177
0.8560247
0.855479
0.8537212
0.85419697
0.8528854
0.85188746
0.85203856
0.85167944
0.85199916
0.8508757
0.8488018
0.8505176
0.8496371
0.8494543
0.84783375
0.8478467
0.8473919
0.84826237
0.84655046
0.8461392
0.84599555
0.8461455
0.8459853
0.8445762
0.84383696
0.84300333
0.8422475
0.84215724
0.841958
0.84035975
0.8407871
0.8400208
0.8405143
0.839989
0.8396185
0.8390291
0.83871186
0.837467
0.8381208
0.8360279
0.8367749
0.8354681
0.8359145
0.8353935
0.8344868
0.83401823
0.8343573
0.83436525
0.83430433
0.8330088
0.8332814
0.8323847
0.8314186
0.83071756
0.8311925
0.83063245
0.83021533
0.82998896
0.82835937
0.8286457
0.82795584
0.82761323
0.8272009
0.8270665
0.82693493
0.8263826
0.82612836
0.8250909
0.8249184
0.825092
0.8235462
0.82431865
0.8228355
0.82188064
0.8222153
0.8216548
0.82186174
0.82189155
0.81996745
0.82016295
0.82103324
0.8201347
0.8193338
0.8194152
0.8183219
0.81743467
0.8174726
0.81845856
0.8171324
0.8174677
0.8162765
0.8157935
0.81533915
0.81603557
0.81506276
0.8148109
0.81355876
0.8140006
0.81352663
0.81288147
0.8125904
0.8124094
0.81183153
0.81148356
0.81125474
0.81065524
0.8101433
0.8100328
0.8098475
0.80889654
0.808359
0.80888337
0.8095872
0.80917
0.8056126
0.8076193
0.8065527
0.80646855
0.8064761
0.8057503
0.8053379
0.80536306
0.80577356
0.8034454
0.8032301
0.8038251
0.8033735
0.80269855
0.80283254
0.8034007
0.80314493
0.80321956
0.80190176
0.80074704
0.8015887
0.800811
0.80043566
0.8001559
0.7991563
0.7982575
0.7993123
0.7987975
0.7983931
0.7981262
0.7977342
0.7969814
0.7972632
0.796684
0.7976456
0.79676527
0.794833
0.79587734
0.7946983
0.794898
0.7942753
0.79456854
0.79359466
0.79450786
0.7939389
0.7938681
0.7927647
0.79259855
0.7925553
0.7914822
0.79115987
0.7919072
0.7908437
0.7918271
0.790106
0.79034567
0.79007787
0.79031926
0.7897128
0.7883545
0.78861487
0.78815866
0.78782105
0.7883188
0.7878112
0.7866078
0.7873082
0.78713346
0.78625256
0.78558844
0.78645086
0.7868124
0.78498924
0.78562766
0.785101
0.7850739
0.7833598
0.7840194
0.7840578
0.7839962
0.7834982
0.78326654
0.78255904
0.78324
0.78108
0.7814674
0.7826663
0.7821119
0.78035456
0.7810329
0.7816017
0.7813664
0.7805125
0.7799256
0.77858365
0.7797437
0.77921367
0.7796417
0.77847713
0.7772762
0.77726877
0.7779586
0.77713495
0.77615505
0.7765954
0.77632046
0.775537
0.7761432
0.7772434
0.77527887
0.77588654
0.77493453
0.77448577
0.77477694
0.774348
0.77422136
0.7738147
0.77298045
0.7735178
0.77345645
0.7731522
0.77273446
0.77263683
0.7721958
0.77282953
0.7714875
0.77152354
0.7731917
0.7706099
0.7708023
0.7694264
0.7703366
0.7698817
0.7699755
0.76948917
0.7689109
0.76904696
0.76860493
0.76893264
0.7677689
0.7677231
0.7678353
0.7675547
0.7674915
0.7676046
0.7678799
0.7662091
0.7669796
0.76650625
0.76574516
0.76619864
0.76444596
0.7660378
0.76581764
0.7655544
0.7640311
0.76453954
0.7646832
0.7637664
0.76418906
0.76464826
0.76336974
0.76275206
0.76332235
0.7634921
0.762408
0.7619608
0.7630744
0.7613628
0.7617564
0.76102597
0.76183784
0.7618559
0.7609532
0.76109713
0.76003623
0.75969404
0.76017684
0.7598571
0.75961035
0.75936973
0.75872636
0.7592602
0.7587842
0.75951827
0.7575723
0.7578603
0.758088
0.757426
0.757199
0.75754005
0.7562335
0.7564543
0.7568986
0.75641346
0.75568914
0.75634426
0.7558386
0.7563559
0.7562417
0.7551268
0.7550603
0.7547388
0.7543376
0.75485015
0.7540905
0.7539337
0.75400656
0.75338
0.75390834
0.7535246
0.7538807
0.75420994
0.75290424
0.75348544
0.7527124
0.7530096
0.7526276
0.75273216
0.75134057
0.75089926
0.7519792
0.75115484
0.7515966
0.7516223
0.7508342
0.7498185
0.7500342
0.75095236
0.75007874
0.75038767
0.75027275
0.75043756
0.75024086
0.7490959
0.7489052
0.748566
0.750219
0.74865156
0.74901813
0.7476431
0.7487291
0.74846643
0.74827117
0.74812436
0.7476299
0.7473071
0.74756813
0.7464641
0.746875
0.7469017
0.7463376
0.7462673
0.7462818
0.7466663
0.7468587
0.74521816
0.74630445
0.7459283
0.74524915
0.7452974
0.7453325
0.7449799
0.74476606
0.74490017
0.7439934
0.7437933
0.7446747
0.74353963
0.7437813
0.7429186
0.74356675
0.7435279
0.74303484
0.7431556
0.7425825
0.7424457
0.7427558
0.7425189
0.7419461
0.742535
0.7418147
0.7419227
0.7423354
0.7408256
0.7416716
0.7408302
0.74127406
0.74133945
0.7410627
0.74075276
0.7406588
0.7405704
0.7402533
0.7399907
0.73966545
0.7396597
0.7388394
0.74016625
0.7387776
0.73878545
0.74026805
0.73928815
0.73890287
0.73839146
0.739633
0.7381301
0.73735756
0.73811996
0.7387475
0.73876476
0.73672646
0.737613
0.73745286
0.7380648
0.7378179
0.73692656
0.73746425
0.73761636
0.7366954
0.7360288
0.73638177
0.7368076
0.73717177
0.7360517
0.7362071
0.7364272
0.73647803
0.7361398
0.73574317
0.7355882
0.7354071
0.7350928
0.7354866
0.7356391
0.73426723
0.7349618
0.7352326
0.7345974
0.7342
0.7342865
0.73343104
0.7340208
0.73339957
0.7336715
0.7337261
0.73378545
0.734255
0.7328188
0.7340777
0.7329277
0.73359567
0.73302335
0.732944
0.73316205
0.7324373
0.7322577
0.7325083
0.7321886
0.73250157
0.73143953
0.7322347
0.73252934
0.73201895
0.7321606
0.73094803
0.73193663
0.7311311
0.7309895
0.7306959
0.7315345
0.7308917
0.7312544
0.73125386
0.7307368
0.7307814
0.73097116
0.73074335
0.729904
0.7304027
0.73055774
0.72915167
0.72986585
0.7299905
0.7301444
0.72893775
0.7294018
0.73000205
0.7294434
0.7286725
0.72924435
0.7293765
0.72931117
0.7290127
0.72897047
0.7289822
0.7288004
0.72838664
0.7291985
0.72822815
0.72878
0.7281866
0.72836953
0.72797316
0.72831476
0.7269625
0.7281101
0.727703
0.7272141
0.72753304
0.7267853
0.72660345
0.7268094
0.72699285
0.727607
0.72618556
0.7272372
0.72699106
0.7265665
0.7263751
0.72637534
0.727136
0.72618175
0.7259004
0.7263501
0.72573984
0.7262341
0.72656256
0.72623765
0.72567207
0.72563547
0.7255793
0.7257547
0.72622144
0.7251295
0.72522616
0.72574306
0.72486126
0.7244318
0.7248092
0.724497
0.7250023
0.7247487
0.7255239
0.7248075
0.72454625
0.7255233
0.7243074
0.72503775
0.72435164
0.7248828
0.72415465
0.7247453
0.7240042
0.7242036
0.7246631
0.72342014
0.7230283
0.7238742
0.7230912
0.72304153
0.7235921
0.72377163
0.7234499
0.7234122
0.7241661
0.7231319
0.7228772
0.72273326
0.7221923
0.7233395
0.7218037
0.72254163
0.723108
0.7228056
0.722902
0.7227953
0.72187895
0.7223849
0.72219956
0.7223926
0.7221452
0.72106946
0.72294444
0.7216436
0.72233886
0.7222849
0.7217529
0.7218996
0.7217787
0.721974
0.72196215
0.7214435
0.72154886
0.72188985
0.72091335
0.721647
0.7216895
0.7209566
0.72129273
0.7212786
0.72141
0.7210149
0.72066766
0.72106457
0.7207409
0.7200002
0.7208729
0.7205123
0.72072715
0.72032076
0.71992606
0.7207299
0.7215424
0.7202771
0.71987885
0.7198795
0.7209515
0.7201889
0.7203156
0.7205903
0.72001505
0.7198917
0.719857
0.71992254
0.71931326
0.71993077
0.719415
0.71941274
0.71976906
0.7191139
0.71948534
0.7201612
0.7192496
0.7192549
0.71920556
0.7190387
0.7198399
0.7186902
0.71942973
0.71905184
0.719094
0.7186469
0.7192528
0.7186471
0.71811485
0.71894914
0.7185684
0.7182909
0.71846074
0.7184453
0.7191839
0.718566
0.7187627
0.71893233
0.71792525
0.7182929
0.71848696
0.7181241
0.7190852
0.71802396
0.71850824
0.7188443
0.7182231
0.71815866
0.7175981
0.7185102
0.7174721
0.71809024
0.71779543
0.717757
0.71755993
0.71818584
0.7181055
0.71834975
0.7171922
0.7177992
0.7177933
0.71749324
0.71742696
0.71751684
0.71769214
0.7185009
0.71784854
0.71684575
0.71755487
0.7176767
0.7179504
0.7170821
0.7173613
0.7161347
0.717231
0.71719587
0.7173657
0.7169162
0.71668524
0.7170071
0.71792233
0.7165434
0.7169426
0.71757454
0.716675
0.71652484
0.71604776
0.7173727
0.71697193
0.71730024
0.71638453
0.71635884
0.71638983
0.71629894
0.71625125
0.716133
0.7168191
0.71648765
0.7171434
0.71663433
0.7163498
0.71625465
0.71612376
0.71640646
0.71655416
0.7164288
0.7161001
0.7161818
0.7165844
0.71585256
0.71610755
0.715481
0.7163452
0.7156472
0.7151434
0.7156376
0.7159058
0.71628106
0.7151391
0.715634
0.7161892
0.7162017
0.7155537
0.71490693
0.7153403
0.7159144
0.714987
0.7160699
0.71572274
0.71580607
0.7159933
0.7157518
0.7159956
0.7158704
0.71583384
0.7153927
0.7157736
0.7153318
0.71518
0.7152955
0.71496373
0.7157324
0.7155668
0.7159406
0.71595496
0.7145023
0.714579
0.7156803
0.71500325
0.7151647
0.7148259
0.7153039
0.7147865
0.7159496
0.71476597
0.7142451
0.7149038
0.7146055
0.71493614
0.714368
0.71544
0.71514845
0.7141732
0.7148272
0.7156501
0.7139671
0.71490234
0.71542877
0.7145041
0.71409446
0.71519876
0.7148328
0.7150531
0.7138918
0.7144065
0.7144209
0.71423274
0.7147139
0.71415156
0.713658
0.71439445
0.7142331
0.7142029
0.71447176
0.7148876
0.71428484
0.71443343
0.7143784
0.713944
0.71457505
0.71377325
0.7141391
0.714033
0.7142264
0.71453506
0.7136085
0.71355015
0.7142666
0.7142977
0.71387887
0.71405613
0.7139141
0.7140312
0.7142727
0.7141611
0.71456134
0.714437
0.71439326
0.7139074
0.71449554
0.7135479
0.7146055
0.7136142
0.71409243
0.7142141
0.7142604
0.7141766
0.71432805
0.7137804
0.71395713
0.71404487
0.71361333
0.71349794
0.7140045
0.71440446
0.7132118
0.71383387
0.71433824
0.7134559
0.7135398
0.7123609
0.7141399
0.7134766
0.714029
0.7133177
0.71355563
0.71348333
0.71345156
0.71348107
0.71315306
0.7134552
0.7134792
0.7136404
0.7138753
0.71352273
0.7132449
0.71361077
0.7132424
0.71397936
0.7129209
0.7133093
0.7132521
0.71358573
0.7134553
0.71260613
0.714237
0.7126667
0.71388966
0.7129947
0.71345365
0.71359795
0.7127073
0.713455
0.71315306
0.71319276
0.7124035
0.7129199
0.7132711
0.7128855
0.712708
0.71310407
0.71240395
0.7124637
0.71325845
0.7126554
0.7131529
0.71316844
0.7131167
0.7129019
0.71269536
0.7131027
0.7125065
0.71255964
0.71276534
0.7130699
0.7129717
0.71289676
0.7129399
0.7128917
0.71273035
0.71295804
0.7123965
0.71260643
0.71264124
0.71284795
0.71255726
0.7136334
0.7124234
0.7122661
0.71277916
0.71257544
0.7123259
0.7123294
0.7127433
0.7121557
0.7119706
0.7123373
0.7122833
0.71189344
0.71245176
0.71234715
0.71182805
0.7129785
0.7126557
0.71229315
0.711908
0.71246314
0.7127192
0.71306723
0.7123759
0.7125218
0.7122103
0.7124667
0.7122344
0.7124448
0.7125903
0.7122585
0.71228665
0.71204585
0.7122756
0.71216726
0.7119672
0.71190107
0.7122943
0.7123481
0.71153414
0.71250784
0.71193135
0.71110666
0.71185154
0.71169156
0.7117632
0.7118366
0.71206385
0.7114434
0.71127486
0.7115237
0.71245205
0.7119949
0.7119094
0.71101743
0.7118723
0.71149814
0.71159583
0.7112165
0.7119603
0.7116122
0.7122523
0.71247756
0.7121772
0.7123241
0.71102697
0.71124154
0.7121211
0.7112215
0.71124125
0.7113761
0.71244216
0.7115701
0.71162444
0.7115429
0.71101105
0.7113038
0.7115538
0.7114765
0.71225876
0.7117636
0.71097785
0.711542
0.71157306
0.71127886
0.71169865
0.71095556
0.7105094
0.7117592
0.71188974
0.71106106
0.71109986
0.71212375
0.7118169
0.71095204
0.7108984
0.7118351
0.7114455
0.71114373
0.7101528
0.71095693
0.7109073
0.71105045
0.7112554
0.7110054
0.71090335
0.7112384
0.7107848
0.7113593
0.71097624
0.71044713
0.71176696
0.7112682
0.71143365
0.71110994
0.7106285
0.7105882
0.710743
0.7110071
0.7106967
0.7109375
0.7110115
0.7115738
0.710931
0.7114595
0.7112789
0.7108095
0.7113091
0.71125615
0.71101177
0.7107765
0.71087307
0.7108254
0.7110488
0.71090466
0.71060896
0.71110815
0.71054214
0.711671
0.71057194
0.711055
0.71060896
0.710694
0.71066123
0.71025383
0.7103326
0.70994115
0.7116496
0.7106873
0.7103983
0.7111781
0.71038777
0.71048284
0.7101117
0.7107631
0.710657
0.7102459
0.71025294
0.70971316
0.71045506
0.71042335
0.7100819
0.7098349
0.7098997
0.70973414
0.7109397
0.7094395
0.7102361
0.7102518
0.7102077
0.7100933
0.7109105
0.70981914
0.7103109
0.7099752
0.7095725
0.7098249
0.70949984
0.71041405
0.71061695
0.7103357
0.7095652
0.709637
0.7099458
0.71047324
0.70950204
0.70996743
0.7104087
0.709891
0.710153
0.70956004
0.70950556
0.7095519
0.7099951
0.7096417
0.7092406
0.70969325
0.71037257
0.7106751
0.70987153
0.70996594
0.7104758
0.7098031
0.7101173
0.7102761
0.7094272
0.7097364
0.709258
0.7094824
0.7100589
0.70985126
0.70988655
0.71039486
0.70964205
0.7088619
0.70969313
0.70914507
0.70933783
0.70936
0.70977026
0.7100514
0.7097539
0.70937145
0.7091967
0.71021104
0.7098406
0.7091782
0.7087093
0.7091772
0.70967317
0.70923454
0.7088285
0.70932025
0.708028
0.708678
0.7087819
0.7083541
0.70935196
0.70977545
0.70947516
0.70899147
0.7094709
0.709086
0.70867515
0.7095086
0.7091798
0.7093857
0.7088771
0.7095597
0.7088391
0.70909697
0.7090309
0.70904887
0.7089164
0.7086751
0.7087019
0.70951796
0.7089173
0.7082589
0.7091441
0.7086071
0.7093257
0.70965064
0.7092554
0.70907736
0.70891815
0.7091964
0.7088594
0.7086461
0.70901346
0.7085711
0.70862806
0.7083645
0.70883286
0.70888793
0.7085812
0.7086062
0.70874125
0.70899314
0.70858574
0.7086517
0.70878136
0.70845467
0.70868295
0.70882565
0.70875776
0.7081892
0.7091242
0.7086867
0.70818853
0.7071166
0.7090101
0.7086158
0.70869195
0.7078327
0.7097869
0.70861113
0.70850104
0.7086327
0.7086126
0.7087869
0.70819664
0.7082679
0.70868886
0.7085362
0.70772755
0.70836085
0.7082378
0.70778215
0.7081334
0.70816153
0.7087296
0.7084395
0.7075345
0.7085498
0.7082388
0.7082764
0.70881563
0.70845014
0.7080752
0.70834714
0.7083084
0.7074946
0.7082395
0.70746374
0.7079963
0.70752656
0.70814687
0.7072286
0.7080334
0.70763737
0.7079013
0.70793
0.7083664
0.7076522
0.70762664
0.7076192
0.7081818
0.70847684
0.70756125
0.70805323
0.7075139
0.7078342
0.7077171
0.7079267
0.7080997
0.70757246
0.7077101
0.70775527
0.70796454
0.7078598
0.70784837
0.70763034
0.7070852
0.70778096
0.70753425
0.7073301
0.7083252
0.7077469
0.7076215
0.70793194
0.70730823
0.70792985
0.70700264
0.70778954
0.70772594
0.70747656
0.7074011
0.7079712
0.70749706
0.7074208
0.70803213
0.7073997
0.706711
0.7071182
0.70780504
0.7070081
0.7077903
0.70694965
0.70733434
0.7071018
0.70652544
0.7065902
0.708039
0.707116
0.7070998
0.70696926
0.7081836
0.7071546
0.7070584
0.70775765
0.7077472
0.70646787
0.7075178
0.70646435
0.7071653
0.7071505
0.70796806
0.7069616
0.7067592
0.7068885
0.7075681
0.70653963
0.70679414
0.707051
0.70786554
0.7068414
0.70769674
0.70637393
0.7067799
0.7076095
0.7072399
0.707102
0.706295
0.7072565
0.70613974
0.70711786
0.7067652
0.70709455
0.70713663
0.70641905
0.70708805
0.70723975
0.7066976
0.70677346
0.70677465
0.7064443
0.7065231
0.70701367
0.705898
0.70618397
0.7066671
0.70654947
0.706644
0.7058121
0.7065978
0.7071144
0.7065636
0.707037
0.70687705
0.7065613
0.7065344
0.7064337
0.7060719
0.70729333
0.70641786
0.70591575
0.70647866
0.7066881
0.7060093
0.70652086
0.7061695
0.706763
0.7056232
0.7068771
0.7058447
0.7065307
0.70693535
0.70683336
0.7070948
0.7061395
0.7067322
0.70660913
0.7064285
0.70541894
0.7060078
0.7066288
0.7061493
0.70629996
0.7063822
0.7059948
0.70656145
0.7063352
0.7059556
0.7064078
0.70507044
0.70550805
0.7063079
0.70614994
0.70674497
0.705838
0.7059495
0.7054558
0.7059453
0.7052429
0.7056505
0.7054479
0.7068725
0.7057749
0.70632064
0.70530224
0.706321
0.7060023
0.7058082
0.70574206
0.70597345
0.70683867
0.70610386
0.7061267
0.7056102
0.70611876
0.7059614
0.7063343
0.70585376
0.70667106
0.70588386
0.7054703
0.70622754
0.7056506
0.70634633
0.70527345
0.7055323
0.7057682
0.7053381
0.70581615
0.70554715
0.7058797
0.70554847
0.70504713
0.70556486
0.7051746
0.70546675
0.7048195
0.70596
0.7048899
0.7056006
0.7056632
0.70577455
0.70557034
0.7059424
0.7053422
0.7064361
0.7053437
0.70543915
0.705521
0.7054902
0.7051001
0.7055766
0.7055639
0.70499754
0.70589507
0.70544755
0.70498395
0.70597726
0.70493263
0.7050476
0.705817
0.7061181
0.7057064
0.70466423
0.7046008
0.70552766
0.7050909
0.70532465
0.70555156
0.70524305
0.7050091
0.70528567
0.70544416
0.7054254
0.70517963
0.70494837
0.70598334
0.7051653
0.7047685
0.70426303
0.7047086
0.70521694
0.7052608
0.70513105
0.7045138
0.7052804
0.7055012
0.70556784
0.7058384
0.70511484
0.70559096
0.7044945
0.7048958
0.7051075
0.7051492
0.7053237
0.70534647
0.70495033
0.70447963
0.7049454
0.7041044
0.7039555
0.7049915
0.70520073
0.70545244
0.7045951
0.70444375
0.7051296
0.7046574
0.7050111
0.70482844
0.70533514
0.7048519
0.7048866
0.7053566
0.70486736
0.7051134
0.7042718
0.7048602
0.7049711
0.7050068
0.70510525
0.70510435
0.70462185
0.7042961
0.7043542
0.7046235
0.7047617
0.70484906
0.70435077
0.7048438
0.7046885
0.70460117
0.7046707
0.70428455
0.7045394
0.704841
0.7044689
0.70496655
0.7048679
0.7036563
0.7049514
0.70413876
0.70460904
0.70444757
0.7046057
0.70417273
0.70481795
0.7045706
0.70478714
0.7049665
0.70422894
0.70431405
0.7045877
0.703979
0.7044417
0.70400757
0.703787
0.70418507
0.7041802
0.70425814
0.70402956
0.7042259
0.703967
0.70471364
0.7040344
0.70435756
0.7042018
0.7039287
0.7043837
0.70412254
0.70443267
0.7037626
0.7039685
0.7035492
0.704149
0.7038195
0.7040609
0.70492464
0.7041989
0.7043492
0.70451
0.7035495
0.7032272
0.7042288
0.7044737
0.7043087
0.7039666
0.7039485
0.7035515
0.70390165
0.7038015
0.70394105
0.70370835
0.70409846
0.7036268
0.7043729
0.70330477
0.70440924
0.7033858
0.703777
0.7038822
0.7041156
0.7034357
0.7044627
0.7042837
0.703865
0.7041606
0.7041762
0.70336
0.70397097
0.7033536
0.7037092
0.7037687
0.7033815
0.7033416
0.7035546
0.7033502
0.7038522
0.70399165
0.70443434
0.70303583
0.7034219
0.70387083
0.7040346
0.7039983
0.7031748
0.7040526
0.7038985
0.70362264
0.7034702
0.7030905
0.7037993
0.7039129
0.70400053
0.70282364
0.7032993
0.7036097
0.7034057
0.7042118
0.7034878
0.7034901
0.70368236
0.70372415
0.7038315
0.7034009
0.7033659
0.70422035
0.7037631
0.70310915
0.70360893
0.70298326
0.7037624
0.7035441
0.70315534
0.7032613
0.70336914
0.70361537
0.702697
0.70364714
0.70417804
0.703194
0.70328534
0.7033297
0.70321405
0.70394915
0.7038245
0.7036241
0.70299375
0.70344007
0.7025329
0.7037031
0.70276344
0.70292515
0.702857
0.7032127
0.7027437
0.702927
0.70325106
0.7033527
0.7029058
0.70205444
0.70365566
0.703405
0.7033359
0.70316285
0.70286995
0.70313025
0.7033558
0.70296514
0.7032346
0.70264834
0.70278066
0.70301986
0.70296234
0.7029732
0.7029173
0.70356476
0.7031288
0.70278466
0.70321786
0.70236105
0.7033181
0.7028945
0.70315075
0.7034146
0.7032857
0.7034052
0.70295614
0.70253783
0.70308954
0.7034853
0.7031522
0.70317024
0.7029568
0.7031722
0.7032593
0.702425
0.70305187
0.7027169
0.7027579
0.7031474
0.70260507
0.7032926
0.702228
0.7032671
0.70257735
0.70262986
0.7025428
0.70280325
0.7026339
0.7024291
0.7029067
0.7023966
0.70303935
0.70236856
0.70282507
0.7029582
0.70233536
0.70277166
0.702223
0.7024494
0.7026598
0.7026205
0.7026188
0.70266783
0.70191634
0.70243
0.7022888
0.7027221
0.7026236
0.7026842
0.7025501
0.70228505
0.7024595
0.70268625
0.70200706
0.70202863
0.7026451
0.7028243
0.70223266
0.7017098
0.70222306
0.7028831
0.70300585
0.70289075
0.7027093
0.702415
0.7021106
0.70238847
0.70259684
0.701912
0.702696
0.7020512
0.7024726
0.7028129
0.7018755
0.701797
0.7026535
0.7028961
0.70215493
0.7029745
0.7022052
0.702337
0.70215654
0.7030248
0.70233333
0.70255643
0.70293325
0.70203495
0.7024592
0.7026045
0.70197344
0.70229894
0.702624
0.70081437
0.7020617
0.70230055
0.7021091
0.7024003
0.7017065
0.7027676
0.7017208
0.70222986
0.7015877
0.7019644
0.7023383
0.7024236
0.7020139
0.7021625
0.7018563
0.7019398
0.7021999
0.7020604
0.701778
0.7023692
0.70232844
0.7021412
0.70220834
0.70193154
0.7019494
0.702339
0.7017508
0.701593
0.7016848
0.70254153
0.7020132
0.7018956
0.70191044
0.70229983
0.70205516
0.7020912
0.70126945
0.7015336
0.70192426
0.7018964
0.70229006
0.7022398
0.7012798
0.7021379
0.7024554
0.7021571
0.7015053
0.70212096
0.7016776
0.7013382
0.7019132
0.70179355
0.7020085
0.70246094
0.70174176
0.7022232
0.7016536
0.70153993
0.7012348
0.7015046
0.7018795
0.7013471
0.70110047
0.7015581
0.7013504
0.7020652
0.70175344
0.70077676
0.7021881
0.7012027
0.70207494
0.7015853
0.70140976
0.70210135
0.70152855
0.70124346
0.70218176
0.7016444
0.7020213
0.701239
0.7015424
0.7014051
0.70156306
0.70157504
0.7021459
0.7017223
0.701976
0.7019402
0.7020367
0.7014953
0.7013119
0.7019293
0.7014295
0.7014341
0.700726
0.7010597
0.7014608
0.7014859
0.70164603
0.7011822
0.70154434
0.70087
0.70171577
0.7014396
0.70146835
0.7016355
0.70120114
0.7006128
0.7014025
0.70127535
0.70203185
0.70089865
0.7006665
0.7014157
0.70124453
0.7012566
0.7012012
0.70174587
0.70152545
0.7015948
0.70074165
0.7009214
0.7012436
0.70096433
0.7010654
0.7012976
0.7014187
0.7012565
0.70102113
0.70105445
0.70069104
0.70126736
0.7006342
0.7008167
0.7015616
0.70130384
0.7011552
0.7011504
0.70069265
0.7011325
0.70146114
0.70139635
0.70175374
0.70091945
0.7004237
0.7009488
0.7011378
0.7015348
0.7010668
0.70112914
0.7010403
0.7003316
0.70109826
0.7005482
0.7008115
0.70097464
0.7015151
0.7006183
0.700739
0.7007456
0.7009798
0.700371
0.70098925
0.70085555
0.70094824
0.7007851
0.7002722
0.7012918
0.7007594
0.70104533
0.70127076
0.7006383
0.7008834
0.700644
0.70151454
0.7006993
0.7012299
0.70073855
0.7008172
0.70147306
0.7001522
0.7007569
0.70070374
0.7007451
0.700489
0.70105875
0.70105314
0.70064855
0.7006921
0.70114684
0.70119154
0.70042694
0.70048445
0.7009749
0.7008701
0.70107675
0.7011391
0.70157224
0.7002184
0.70032424
0.70082545
0.7002286
0.7009597
0.70035064
0.7009077
0.7007292
0.70029896
0.7006923
0.70103306
0.70043045
0.70101786
0.7000368
0.7003385
0.7006528
0.70114785
0.7008999
0.70114595
0.7005755
0.700122
0.70051813
0.7001271
0.7009863
0.70029694
0.7003701
0.7001649
0.70017934
0.7010252
0.70074135
0.700466
0.69991505
0.70025265
0.7004109
0.700103
0.70087147
0.70021665
0.6999729
0.7007225
0.70017886
0.7005467
0.6997905
0.70032495
0.69988954
0.7003563
0.7001973
0.6999722
0.70036274
0.7007915
0.6999583
0.7005029
0.7003804
0.69992805
0.7004908
0.69999355
0.7001577
0.6998455
0.70002615
0.70007
0.7008954
0.7003591
0.7005375
0.7000465
0.7004831
0.6999806
0.70021963
0.70023483
0.69932306
0.6999774
0.7000467
0.70021605
0.69975877
0.7006302
0.7009206
0.700053
0.69998777
0.700194
0.7000167
0.69980156
0.700045
0.69933957
0.6999855
0.70024174
0.6996015
0.70051384
0.6998799
0.70010984
0.7000899
0.70001394
0.7000851
0.69997054
0.7002803
0.7000828
0.69941604
0.70029706
0.7001074
0.69998014
0.69949883
0.699537
0.70018977
0.6998607
0.69989413
0.70011383
0.69972783
0.6991386
0.7005041
0.70004153
0.69979286
0.70024985
0.69947094
0.7005631
0.69993514
0.699919
0.6996077
0.699509
0.6998509
0.6997549
0.69978666
0.69974184
0.70005244
0.69931734
0.6999125
0.7001354
0.69920915
0.6990381
0.7003493
0.69967383
0.6997822
0.70099735
0.69987947
0.69953585
0.7002502
0.699476
0.6992943
0.6995341
0.70005196
0.69976485
0.69906694
0.69915694
0.6998093
0.7000346
0.69962823
0.6993974
0.6993047
0.698589
0.69974184
0.69972724
0.6984478
0.69988704
0.69952846
0.6994812
0.69970256
0.69856846
0.69916743
0.699346
0.69974905
0.6997841
0.6993063
0.6993233
0.69970423
0.6993267
0.6993092
0.6994693
0.6998512
0.6992659
0.69932014
0.6995025
0.69977635
0.69926125
0.69991624
0.70005196
0.6995578
0.6997672
0.69852376
0.69870776
0.6992787
0.69899756
0.6997688
0.6991361
0.6991311
0.6994692
0.69901663
0.6992279
0.69995254
0.6995945
0.6995477
0.6991383
0.699688
0.69891447
0.6990904
0.69910765
0.6992343
0.69870126
0.69993544
0.6994105
0.69919527
0.69918025
0.6993923
0.69904786
0.69912183
0.6993222
0.69929564
0.6986515
0.6990663
0.6995724
0.69882864
0.6995914
0.69954807
0.69930995
0.698231
0.69891024
0.6993132
0.69961345
0.6994446
0.69944686
0.6989613
0.69931614
0.6993877
0.69909286
0.6988775
0.6992077
0.6992783
0.69892097
0.6985729
0.69829965
0.6991658
0.69930196
0.69923246
0.69941425
0.6988059
0.6988738
0.69901407
0.69902194
0.699608
0.699088
0.6996044
0.69890034
0.6993338
0.69900244
0.69867975
0.699137
0.69884396
0.6990183
0.69891447
0.6984048
0.69891036
0.6991777
0.69846636
0.6989868
0.69833297
0.69905144
0.69847375
0.6987544
0.6987028
0.6980661
0.6984921
0.69912493
0.6987391
0.6986711
0.6987888
0.6987288
0.69942135
0.6991497
0.69899976
0.69909215
0.6989733
0.6987672
0.6989611
0.6987917
0.6983627
0.6987295
0.69843113
0.6987522
0.69824594
0.69900525
0.6988396
0.6993752
0.698291
0.6986645
0.6990705
0.69817543
0.69943076
0.6987377
0.6984551
0.69897
0.6979744
0.6982793
0.6988642
0.69835997
0.6985047
0.6984518
0.6988286
0.69852173
0.6988759
0.6981969
0.69849706
0.69895774
0.698794
0.69880956
0.69869214
0.69881153
0.69892454
0.69827145
0.6981492
0.6984353
0.6986966
0.69886655
0.69914365
0.69797397
0.6985829
0.6984969
0.69903034
0.6983765
0.6987463
0.6986338
0.6990188
0.69862443
0.69870245
0.6980649
0.69855005
0.6984063
0.69858825
0.6979847
0.69842505
0.6987996
0.69832945
0.6979166
0.698797
0.6986815
0.6984797
0.69809914
0.6983047
0.6981858
0.6983294
0.6979499
0.6981171
0.69820684
0.6978992
0.6977622
0.69854593
0.6988569
0.69815123
0.6990905
0.6986765
0.6988197
0.69828784
0.6975481
0.6982198
0.6976282
0.69822365
0.69804317
0.69778466
0.69811904
0.69821745
0.6981404
0.6977384
0.69803506
0.6978416
0.6980065
0.6979044
0.6987507
0.69813126
0.698476
0.6977255
0.69739133
0.69831085
0.6980042
0.6980604
0.6983832
0.69843644
0.6983759
0.69811994
0.69802797
0.697962
0.6977953
0.69821876
0.6981759
0.6981012
0.6982556
0.6979967
0.6983386
0.6983683
0.69793564
0.69840556
0.69769716
0.6982449
0.6978246
0.6976602
0.69808376
0.6977694
0.69836634
0.6978924
0.69795376
0.69775945
0.6976542
0.69818443
0.69857997
0.6971418
0.698298
0.6985335
0.69779754
0.6977836
0.69750166
0.6975712
0.6981106
0.69786626
0.6983494
0.69772214
0.6979407
0.69795126
0.69783455
0.6979807
0.6980251
0.69820356
0.69800586
0.6981558
0.6983552
0.6984744
0.6978778
0.6985571
0.6972369
0.6977062
0.6976057
0.69747144
0.697437
0.69778866
0.6977051
0.6978675
0.69830406
0.6974457
0.698092
0.6977958
0.6974727
0.6980964
0.6980441
0.6979405
0.69809425
0.6986683
0.6978433
0.69824666
0.69790494
0.6972651
0.69776815
0.69777375
0.6981721
0.6982231
0.6981409
0.69769514
0.69780636
0.6982974
0.6975195
0.6978094
0.6977819
0.69732845
0.6980082
0.6978623
0.69791347
0.69752973
0.69814426
0.69793344
0.697439
0.6979433
0.69731426
0.6975887
0.69778806
0.69777054
0.6973991
0.69747806
0.6981583
0.69746375
0.6972728
0.6981149
0.69763434
0.6974391
0.69805074
0.69698167
0.6978494
0.69713235
0.6977187
0.6977786
0.6969321
0.6971647
0.6978733
0.6970216
0.6975195
0.6981171
0.69725597
0.6976754
0.69774306
0.69747955
0.6969517
0.69711524
0.6985132
0.69717485
0.6974146
0.6979025
0.69720864
0.6971968
0.6976914
0.6970861
0.69715065
0.6980097
0.6976094
0.6969211
0.6979489
0.6980705
0.6982646
0.697171
0.6973336
0.69707346
0.69729155
0.6973509
0.6976409
0.6973233
0.69763064
0.69753855
0.6974258
0.6969628
0.6975285
0.6977134
0.6974458
0.69732445
0.6976161
0.6971528
0.6973601
0.6974865
0.6975846
0.69747347
0.69642276
0.69745404
0.6972296
0.6972667
0.69792825
0.6983309
0.6973818
0.6970708
0.6974745
0.69711316
0.6976923
0.6969825
0.6970124
0.6972874
0.6972193
0.69714975
0.69733864
0.69739336
0.69732744
0.6970108
0.69704455
0.6973649
0.6972658
0.6970519
0.6980225
0.6971037
0.69666785
0.6975309
0.69651634
0.6977254
0.6976778
0.6974554
0.6969533
0.69745034
0.6965918
0.69679224
0.6969925
0.6972249
0.69687617
0.69729143
0.69734263
0.69679576
0.69678587
0.696984
0.69728225
0.69711673
0.6971897
0.69695127
0.69660527
0.6971842
0.697371
0.6973546
0.6975897
0.6977443
0.6973167
0.697289
0.69737154
0.6972472
0.6972349
0.69706637
0.69718504
0.6964989
0.6968778
0.69726807
0.69659615
0.69726366
0.6971312
0.69719404
0.69745624
0.6972411
0.6969571
0.69691515
0.69735193
0.6965111
0.6968433
0.6972415
0.69733214
0.6967316
0.6973157
0.69697523
0.69703406
0.69699246
0.69742215
0.697126
0.6970683
0.6972766
0.69693524
0.69750446
0.6969597
0.696655
0.69650227
0.6969924
0.6968306
0.6975043
0.6968181
0.6965244
0.697179
0.6969124
0.69670147
0.6969188
0.6967319
0.69727916
0.69724053
0.696572
0.69672394
0.69732386
0.6971333
0.697157
0.6962039
0.6968187
0.69721097
0.6968432
0.6961806
0.69696444
0.6967264
0.6969263
0.6972211
0.69713116
0.69695675
0.69641864
0.69707274
0.6966966
0.6971287
0.6964842
0.69722426
0.6965956
0.6967591
0.6967292
0.69675416
0.69658536
0.6971425
0.69682103
0.6969716
0.69729257
0.6968823
0.69691044
0.69650793
0.6968937
0.6974536
0.69636935
0.6966907
0.696725
0.697015
0.6968163
0.6971579
0.6967787
0.6972979
0.6969229
0.6969096
0.69681394
0.6969874
0.6976746
0.696689
0.69636136
0.69707364
0.69662696
0.6962971
0.6964358
0.6969085
0.69671106
0.6969604
0.69666636
0.69706565
0.6968304
0.6966534
0.69673777
0.69684905
0.6968371
0.6968401
0.6964416
0.697055
0.6969622
0.69714004
0.6966872
0.6964824
0.6968238
0.6970019
0.69777906
0.6966883
0.6969507
0.6967009
0.6965068
0.6971075
0.6962304
0.69675946
0.6971548
0.69678366
0.6967209
0.6965475
0.6968253
0.6967828
0.6966577
0.6965493
0.6965389
0.6966901
0.69668466
0.6968999
0.69719934
0.6966011
0.6971684
0.6968285
0.69646347
0.69699097
0.69682556
0.6969928
0.69636345
0.69633824
0.6968474
0.69649976
0.6965709
0.6964043
0.6967042
0.6964323
0.69688034
0.6961376
0.6969098
0.6965181
0.6972687
0.6969376
0.696225
0.6967229
0.6965393
0.6965611
0.6969049
0.69697076
0.6960894
0.6964871
0.69675994
0.6964227
0.69630545
0.6968023
0.6967126
0.696115
0.6961351
0.696351
0.69639575
0.6966767
0.6969538
0.6965452
0.6970701
0.6963232
0.69643694
0.6966974
0.6965874
0.6965847
0.69651407
0.69632673
0.69691336
0.69628173
0.6965313
0.6960675
0.6974157
0.69629335
0.69677323
0.69704807
0.6967282
0.6965114
0.69672275
0.69599926
0.6970475
0.6964806
0.6964833
0.6969793
0.6964933
0.69618887
0.69599915
0.6963679
0.6967688
0.69724303
0.69654036
0.697015
0.6964467
0.6970808
0.6960581
0.6963156
0.6964386
0.6961314
0.69639987
0.697068
0.6961633
0.6967101
0.6970915
0.69638973
0.6963628
0.6964085
0.6968563
0.6963821
0.69607574
0.6966258
0.69651014
0.69623995
0.69663167
0.69647664
0.6964937
0.6962956
0.6972542
0.696836
0.69651914
0.69681
0.6965955
0.69669205
0.6964875
0.69639397
0.69664043
0.6964305
0.6966914
0.69648373
0.6960632
0.69595015
0.6965823
0.69678825
0.6968216
0.6968472
0.6964938
0.6966542
0.6962208
0.6965325
0.6968771
0.69621813
0.6965507
0.6966239
0.69722646
0.696409
0.69692737
0.6968858
0.69633514
0.69686246
0.6969447
0.69641864
0.69619334
0.69655806
0.6965705
0.6965195
0.69618994
0.69628704
0.6961966
0.6963167
0.6963618
0.6968946
0.69577146
0.6970056
0.6957066
0.696086
0.69678146
0.6959319
0.69596094
0.6970628
0.6965375
0.69636554
0.69585216
0.6964248
0.6966393
0.69701064
0.6967492
0.6963078
0.6966463
0.6962635
0.696445
0.696879
0.6962801
0.6966189
0.6964324
0.69668794
0.6964383
0.6965287
0.6962795
0.69608146
0.69630957
0.697142
0.6964862
0.6960635
0.6961997
0.6962195
0.6968649
0.6963276
0.6965019
0.69645095
0.6962657
0.69657296
0.6961566
0.6966613
0.69681466
0.6966586
0.6961488
0.69621176
0.6962613
0.69621354
0.69641906
0.69641197
0.6966029
0.6958844
0.696274
0.69609624
0.6966834
0.6960434
0.6960528
0.6961073
0.6971167
0.6959758
0.6966506
0.6959338
0.6967342
0.6970413
0.6964984
0.6971207
0.6960661
0.6962241
0.69649714
0.6962384
0.6967981
0.6967255
0.6965356
0.6964131
0.6971557
0.6967377
0.696318
0.69604874
0.6961937
0.69654894
0.69613034
0.6961365
0.6966613
0.69669014
0.6966104
0.6963866
0.696569
0.6963836
0.69633186
0.69612885
0.69638085
0.6968944
0.6960459
0.69593793
0.6959712
0.69639355
0.69646823
0.69667804
0.69646436
0.6965225
0.69593877
0.6965113
0.6966879
0.69608665
0.696287
0.69640356
0.6966061
0.6962889
0.6963068
0.6962762
0.696633
0.69681245
0.6964822
0.6965562
0.69620955
0.69683933
0.6961706
0.6965992
0.6963156
0.69637126
0.696391
0.6964676
0.6963145
0.6961701
0.6961106
0.69688785
0.6966517
0.6968601
0.6956024
0.6959062
0.69637185
0.69647485
0.6969539
0.6964383
0.69679624
0.69680613
0.69620603
0.69651914
0.6962622
0.6965121
0.69652206
0.69611555
0.695821
0.69598955
0.696389
0.696404
0.6958801
0.6968813
0.69608486
0.6961337
0.6962186
0.6967376
0.6960269
0.6967883
0.69672364
0.6967517
0.6963383
0.6964906
0.69628656
0.6963395
0.6970432
0.6966245
0.696871
0.69652075
0.6965834
0.69651216
0.6966327
0.696931
0.69627964
0.69623804
0.6963019
0.6963269
0.6968156
0.69616556
0.6963262
0.6962506
0.69621897
0.6961302
0.696508
0.6963723
0.69628197
0.6963004
0.69640297
0.69604796
0.696141
0.69587094
0.69630456
0.69644094
0.6964571
0.6964994
0.69689333
0.69638395
0.6962384
0.6965702
0.69624454
0.69663775
0.69629616
0.6966948
0.6963989
0.6961827
0.6965103
0.69633406
0.69683844
0.69645953
0.6962382
0.69625664
0.69580215
0.6962327
0.696837
0.696941
0.6965242
0.6965123
0.6962242
0.6963509
0.69631475
0.6964822
0.696404
0.6961716
0.6963684
0.696291
0.6968674
0.69627035
0.69661444
0.69631684
0.6962088
0.6961783
0.6957462
0.69586676
0.69621104
0.69668823
0.69617194
0.6965653
0.6968007
0.6966033
0.69643825
0.69693124
0.69606715
0.69659543
0.696461
0.69632417
0.69610196
0.6958372
0.69659626
0.69684553
0.6963834
0.6959982
0.6962356
0.6966265
0.6967235
0.6963701
0.69634646
0.6967437
0.6963388
0.69657284
0.69616383
0.6964419
0.69662845
0.6962536
0.6963085
0.69692755
0.69654727
0.6968777
0.69602674
0.69694465
0.6961716
0.6962091
0.69618016
0.6961975
0.696683
0.69628114
0.6961519
0.6965529
0.6964628
0.6966883
0.696821
0.6965115
0.6963261
0.6966669
0.69696504
0.69661915
0.6961007
0.69668806
0.69703263
0.6964777
0.6963372
0.6963043
0.6962412
0.6957525
0.69634634
0.6961247
0.6968749
0.69651014
0.6958148
0.696409
0.69646144
0.6966757
0.69661766
0.69651484
0.696444
0.6968627
0.69632566
0.69671315
0.6964297
0.69617283
0.69629985
0.6963684
0.6963575
0.6968087
0.69628173
0.6963204
0.69674474
0.69660425
0.69619656
0.696535
0.696136
0.6965538
0.69637316
0.69669145
0.6962532
0.69623286
0.6960048
0.69694006
0.69641906
0.6961627
0.696372
0.69615316
0.6969367
0.6966235
0.6960787
0.6969039
0.6965172
0.6962859
0.6967663
0.6963641
0.6965108
0.69646955
0.69644505
0.69653165
0.6962759
0.69635767
0.69615346
0.6965688
0.69678193
0.69688123
0.6960912
0.69643
0.6964383
0.69642925
0.69655377
0.69650656
0.6962917
0.6966484
0.6960151
0.6967287
0.69662887
0.69647723
0.69668204
0.69654506
0.6967063
0.69639987
0.6958815
0.69667673
0.6964329
0.6962392
0.69651824
0.69659406
0.6963175
0.6969795
0.69594157
0.69655985
0.696225
0.6961934
0.69587773
0.6960252
0.6964008
0.6961166
0.69623166
0.69673914
0.695973
0.69625217
0.6964275
0.6965327
0.697067
0.6962544
0.69640845
0.6967368
0.6972805
0.6966312
0.69673693
0.6961583
0.6962277
0.69638073
0.696496
0.69659376
0.6963333
0.6959634
0.696632
0.6966364
0.6962516
0.69626313
0.6964055
0.69638175
0.69612205
0.69615173
0.69702435
0.6967483
0.6965181
0.69669133
0.6966706
0.69686526
0.69645983
0.69621754
0.6964722
0.696917
0.6964504
0.6964781
0.6968124
0.69657534
0.69634604
0.69668114
0.6964736
0.696206
0.69672686
0.6964465
0.6964984
0.6963049
0.6958066
0.696145
0.69658244
0.6964717
0.6961197
0.6959423
0.69634855
0.69652146
0.6956838
0.6963664
0.69650155
0.696249
0.6962811
0.6962321
0.69626445
0.69704884
0.6963703
0.6970026
0.69673574
0.69643104
0.69621974
0.69689035
0.6964405
0.6964963
0.6961361
0.69649816
0.69602215
0.6965041
0.6965494
0.69624346
0.69653
0.6967134
0.6968936
0.696839
0.6965518
0.69678664
0.6966693
0.6960743
0.6967712
0.69606966
0.69719136
0.696193
0.69686323
0.69704795
0.6964297
0.696797
0.69603133
0.6965559
0.69644755
0.69678897
0.696771
0.69654864
0.696493
0.69656193
0.696593
0.696542
0.6969589
0.69613785
0.69684225
0.6962836
0.6966637
0.6968562
0.69639546
0.69665265
0.69678164
0.69678
0.6964815
0.6960149
0.69672257
0.69628936
0.6968066
0.6965922
0.6962543
0.6962784
0.69664985
0.6965384
0.6959383
0.69675535
0.69654447
0.69618493
0.6968565
0.69667155
0.6961198
0.69631404
0.6964128
0.69630015
0.69644153
0.6966829
0.69703144
0.6964144
0.69676
0.6964499
0.6961252
0.6960561
0.69704944
0.69702506
0.6963229
0.69707054
0.6967262
0.69672835
0.69672984
0.6967962
0.69647956
0.69653326
0.6964055
0.696856
0.6967694
0.6962449
0.696286
0.6968494
0.6964371
0.69608295
0.69626665
0.69663566
0.69662285
0.6966488
0.6963439
0.6964518
0.69679475
0.6962959
0.69638413
0.69630957
0.6965012
0.6966624
0.6966428
0.6965187
0.69674516
0.6965995
0.6968646
0.696133
0.6963375
0.69625443
0.69662875
0.69675267
0.6964965
0.69636065
0.69640183
0.6968976
0.69690794
0.6965193
0.69644535
0.69646466
0.6963826
0.6964565
0.69659173
0.69704163
0.6964409
0.6963733
0.6963334
0.6964079
0.6964507
0.6968725
0.69631284
0.6965244
0.69658715
0.6965194
0.69644076
0.6968166
0.6966491
0.69639033
0.6965612
0.69631827
0.6964409
0.6964957
0.69661057
0.6971323
0.69617444
0.69658756
0.69626963
0.69658655
0.6961859
0.6973947
0.69639397
0.6969448
0.6962189
0.69690293
0.6959431
0.6969543
0.69630736
0.69619447
0.6962649
0.69646657
0.6966528
0.6965277
0.69649595
0.69667447
0.6967721
0.69664913
0.6960752
0.6974139
0.69668204
0.69668543
0.6967867
0.69674057
0.69636863
0.6962988
0.6966211
0.69650555
0.696396
0.6967438
0.6964952
0.69708794
0.69649625
0.6965806
0.69641894
0.69613475
0.69660074
0.6964705
0.6965923
0.69679254
0.6965374
0.6967413
0.69621956
0.69674826
0.6967439
0.6961282
0.6961288
0.69646764
0.6966876
0.6969574
0.69679964
0.6962271
0.69609904
0.6967934
0.69651777
0.6972127
0.6964306
0.6969319
0.6962292
0.6960985
0.6965708
0.69658494
0.6963009
0.69666785
0.6965826
0.6966836
0.6965205
0.6964407
0.69687617
0.69670534
0.6964503
0.6967862
0.6963176
0.6968086
0.696566
0.696788
0.6965368
0.6964119
0.6969025
0.69673806
0.6968219
0.6962334
0.6965952
0.6962786
0.69626516
0.6968092
0.6965995
0.69652385
0.69636524
0.6969666
0.69643193
0.6964637
0.69701344
0.69604075
0.69662255
0.69659185
0.69657046
0.6965415
0.69727635
0.69673437
0.6965637
0.6970137
0.6964311
0.6968915
0.6970708
0.6965382
0.6968282
0.6962185
0.6962728
0.69647425
0.6969768
0.6965536
0.696673
0.69658035
0.6965356
0.6969867
0.6965241
0.6970232
0.6969094
0.69696283
0.69683874
0.69647294
0.6967388
0.6968078
0.69695973
0.6962463
0.6967861
0.69712394
0.69639164
0.6964682
0.6969105
0.69645923
0.6967098
0.6965325
0.6968078
0.69654006
0.69613844
0.69666386
0.6962208
0.6964008
0.6966141
0.69674754
0.6963232
0.6967256
0.6968891
0.6966604
0.6967734
0.69632035
0.69634444
0.6968992
0.6959426
0.69626695
0.6964547
0.6965596
0.69714123
0.69701713
0.6970404
0.69639844
0.6967736
0.69707185
0.69659126
0.6969847
0.6964339
0.6967418
0.6966952
0.69672906
0.6965035
0.69657797
0.6963448
0.696761
0.69661695
0.696906
0.6965607
0.69660455
0.6966014
0.6968894
0.69614047
0.696277
0.696574
0.6965537
0.69673586
0.69652915
0.69606227
0.69598097
0.6967617
0.69671386
0.6962848
0.696777
0.6960885
0.6965863
0.69712096
0.69653946
0.6966542
0.69654274
0.69695485
0.6961202
0.6966135
0.6965089
0.6967508
0.6968135
0.6968665
0.696315
0.69650763
0.6963293
0.6972079
0.69613725
0.6962919
0.6966593
0.69683754
0.69652987
0.69701004
0.69665545
0.6965031
0.69656134
0.69659287
0.6962123
0.6966132
0.6963604
0.696347
0.69670683
0.69656587
0.69680625
0.6967209
0.6967926
0.6966361
0.69676304
0.6965096
0.6968678
0.69688296
0.6964454
0.6965876
0.6961404
0.69656354
0.6963718
0.6965066
0.69670314
0.6967699
0.6963264
0.69698507
0.69685674
0.6971094
0.69655573
0.6967318
0.69611514
0.6960188
0.69703084
0.69656855
0.69653237
0.69643974
0.69665766
0.69663644
0.6964085
0.6969282
0.69659436
0.69617754
0.6971043
0.6966009
0.6967927
0.69667715
0.69647145
0.6961609
0.69747365
0.6962848
0.6962969
0.69680315
0.69679385
0.69645774
0.6962301
0.6964726
0.6969936
0.6967236
0.6964198
0.6966545
0.6966748
0.69654477
0.69701636
0.6967959
0.6967295
0.6967931
0.6964447
0.69661885
0.6965684
0.69688
0.6966885
0.69689393
0.6969225
0.6966195
0.6967968
0.6964889
0.69658977
0.6964804
0.6967893
0.6967102
0.6964575
0.6967165
0.696804
0.69675136
0.696589
0.6972188
0.697071
0.69663876
0.6968757
0.6965941
0.6963725
0.69654125
0.69680804
0.69695103
0.6970094
0.69722193
0.6965788
0.69644684
0.69652355
0.69693255
0.69679385
0.6959695
0.69703144
0.6959335
0.6965921
0.69699335
0.6967851
0.6970566
0.69680893
0.69636184
0.6964272
0.6970497
0.69664395
0.6965392
0.6962321
0.6967489
0.69651437
0.69660777
0.6964808
0.6966126
0.69597656
0.6963323
0.69647247
0.6967827
0.6968782
0.6962992
0.6966306
0.6964228
0.6966421
0.6971453
0.6969246
0.69682026
0.69666034
0.6967135
0.6966433
0.69646853
0.6963717
0.69692713
0.696597
0.6962683
0.696658
0.69642043
0.6969976
0.69685626
0.69604844
0.6965272
0.6964774
0.6972225
0.69698834
0.69739074
0.6960045
0.69667614
0.69654214
0.69691753
0.6965746
0.6963415
0.69603866
0.69667697
0.696853
0.69645476
0.6970371
0.69667804
0.6965336
0.6971299
0.69692975
0.6967613
0.6971815
0.69648314
0.6961543
0.6968566
0.6966939
0.69607115
0.69683015
0.69673115
0.6967129
0.6971046
0.6965237
0.6966713
0.69700176
0.69661474
0.6968708
0.6963865
0.6968119
0.69731313
0.6966166
0.69655925
0.69638795
0.6969383
0.69654095
0.69679815
0.69700116
0.69702095
0.696661
0.69663626
0.69641757
0.69674855
0.69610804
0.6962378
0.6965573
0.69671345
0.6963421
0.69699526
0.6965601
0.6968864
0.69641685
0.6969001
0.69714856
0.6966896
0.6967292
0.6964868
0.6969231
0.69683385
0.69659084
0.69721144
0.69644636
0.69672406
0.6966494
0.6963333
0.69701743
0.69628984
0.6966379
0.6968812
0.6972022
0.69628286
0.6964324
0.69671875
0.6964316
0.69713444
0.69653076
0.6963751
0.69668525
0.6964396
0.69680053
0.69686794
0.6965791
0.6966996
0.6965897
0.6967163
0.6968705
0.69679
0.6961347
0.69662637
0.6969043
0.6964771
0.6966383
0.6968353
0.69678354
0.69652927
0.69629127
0.69675255
0.6963375
0.69662374
0.6969123
0.6967722
0.6961784
0.6971362
0.69665295
0.6969105
0.69659084
0.69707966
0.69689244
0.69647235
0.6962808
0.6963642
0.6971987
0.6964826
0.69690293
0.696496
0.6967289
0.69699943
0.6959427
0.6973506
0.69703275
0.69698745
0.69636285
0.696571
0.69670224
0.6960631
0.6962398
0.69728297
0.69658196
0.69637537
0.6966322
0.6961881
0.6972918
0.69652414
0.6967954
0.69667447
0.69651395
0.696841
0.6964619
0.6965874
0.69659096
0.69670296
0.69682133
0.69666845
0.6964832
0.6965014
0.6970281
0.6964498
0.69646883
0.6962401
0.69666237
0.6970811
0.69707006
0.696781
0.69665354
0.69709903
0.6962218
0.6972068
0.6964713
0.69663185
0.6963088
0.6963108
0.6966867
0.6959173
0.69661146
0.69703096
0.69675505
0.6965453
0.69650346
0.69676024
0.69655424
0.69690245
0.69656587
0.697021
0.69659436
0.6971326
0.69642925
0.6967506
0.6970951
0.69693714
0.69619566
0.6964845
0.69696444
0.69683
0.696558
0.6962463
0.69716644
0.6965873
0.6970875
0.6965644
0.6964297
0.6959965
0.69701976
0.6968798
0.6965316
0.69651335
0.69675815
0.69714
0.6965642
0.69690293
0.6963802
0.6968863
0.69665444
0.6965072
0.6967438
0.69714063
0.6970093
0.69663674
0.69672984
0.69623286
0.6964585
0.69669354
0.6961019
0.69659084
0.6967425
0.6970548
0.696682
0.69649047
0.6966083
0.6965444
0.69693214
0.6962343
0.69676
0.696537
0.6969456
0.69664335
0.69710535
0.696672
0.6966586
0.6961717
0.69646764
0.696685
0.69665104
0.6963634
0.6967762
0.6964795
0.69649106
0.6967491
0.69676334
0.6967437
0.69663006
0.69696194
0.696871
0.69643945
0.6968748
0.6960727
0.6965528
0.69652176
0.69667405
0.69696224
0.6960917
0.6968773
0.6964758
0.696837
0.6964337
0.69661546
0.69690275
0.6964301
0.69643706
0.69677866
0.6965252
0.696648
0.69672364
0.6967657
0.69641817
0.6967638
0.69673306
0.6967234
0.69691133
0.69723064
0.69710416
0.6967225
0.69704115
0.69705313
0.6967704
0.69652414
0.6969988
0.6968504
0.69631845
0.69695395
0.6967226
0.69640434
0.69720113
0.6963728
0.6965394
0.6964048
0.69687885
0.69686764
0.69658285
0.6965871
0.6971048
0.6967184
0.6965944
0.69654375
0.6972475
0.6967786
0.69718057
0.6969347
0.6959679
0.697101
0.69630826
0.69642466
0.69664466
0.69642943
0.69660205
0.6968474
0.69660485
0.6968733
0.69675004
0.69677067
0.69676274
0.69658893
0.6959777
0.6968387
0.6966284
0.69714195
0.69667387
0.69643176
0.6971571
0.69643736
0.69705915
0.6963757
0.69684255
0.6970919
0.6967205
0.6967742
0.6970368
0.6966999
0.6966017
0.6971182
0.695889
0.69654953
0.6969131
0.69618297
0.69681627
0.69630396
0.69673145
0.6970803
0.69670016
0.6969018
0.6962991
0.69633675
0.696827
0.69690394
0.69688165
0.697253
0.69708776
0.6966373
0.6970515
0.696556
0.69669133
0.69647557
0.6969849
0.69621325
0.6968295
0.6965522
0.6967295
0.69681036
0.69732434
0.69668645
0.69662344
0.6963212
0.6967264
0.6969942
0.6967534
0.6964984
0.6964326
0.69694954
0.69727767
0.6971471
0.6968039
0.69703376
0.69676304
0.69685864
0.6964573
0.6968182
0.6963213
0.69647455
0.69670546
0.6961903
0.69671315
0.6969151
0.6968033
0.6966285
0.6969442
0.6968291
0.69674593
0.6969837
0.6966301
0.6965397
0.6967766
0.6969549
0.69624305
0.6962508
0.6967721
0.6967676
0.6969806
0.6965322
0.69668484
0.6967765
0.69649976
0.6968597
0.696829
0.696692
0.69658846
0.69645303
0.6959217
0.6975898
0.6973206
0.69664526
0.69697875
0.6967403
0.6963153
0.696651
0.6968371
0.6968805
0.696336
0.69690084
0.6968694
0.6962171
0.69666564
0.69693846
0.6971928
0.6967107
0.69672173
0.69677114
0.69684803
0.6968157
0.69656354
0.6967294
0.69691336
0.69673175
0.6964302
0.69673824
0.69695383
0.6967849
0.6969327
0.69639444
0.6961427
0.6968581
0.6969054
0.6963614
0.69612765
0.6971886
0.69662803
0.6969179
0.6964901
0.697212
0.69654334
0.69711876
0.6960273
0.69667137
0.69684863
0.69729155
0.69734824
0.6965912
0.6969852
0.69685626
0.6968894
0.69627213
0.6967644
0.69666785
0.69679546
0.69731945
0.6967589
0.69620264
0.69704604
0.6969015
0.69664806
0.6965914
0.69630885
0.69691414
0.69684863
0.69679344
0.6967527
0.69613194
0.69655734
0.69706464
0.69705445
0.69705766
0.69641364
0.6966625
0.6967115
0.69675773
0.69671494
0.6967609
0.6965628
0.696949
0.6965721
0.6966214
0.6969766
0.6969314
0.697266
0.6965808
0.69671786
0.69712716
0.69703305
0.6967321
0.6967782
0.6966844
0.69668514
0.6965954
0.6968931
0.69679105
0.69650537
0.69689256
0.6968131
0.69683594
0.69652146
0.6963282
0.6972097
0.6972563
0.6969904
0.69725573
0.69653165
0.69682837
0.69707197
0.69671994
0.6972225
0.69707394
0.6970382
0.6967646
0.69699186
0.69655055
0.6969487
0.69675225
0.6971407
0.6964174
0.6967667
0.697145
0.6972637
0.6966665
0.69658166
0.69652414
0.6969536
0.6972003
0.69657207
0.69690317
0.6964853
0.69625187
0.69662523
0.6967518
0.69691676
0.69657457
0.6966899
0.69717485
0.69667566
0.6969231
0.69659513
0.69688636
0.696867
0.69654685
0.6965016
0.69654524
0.69665885
0.6971873
0.6970846
0.6971554
0.6971454
0.69686735
0.69687074
0.69635487
0.6968839
0.69689524
0.69667774
0.69719565
0.6972537
0.6968035
0.6964622
0.6966632
0.696743
0.6967636
0.69634867
0.6968223
0.69662374
0.69634295
0.69656825
0.69725937
0.69715106
0.6963692
0.6966083
0.696538
0.69720215
0.696718
0.69660974
0.6967314
0.696703
0.6969456
0.69699174
0.6968338
0.6974336
0.6968859
0.6973049
0.6966623
0.6968045
0.6966648
0.69717616
0.6968412
0.69701654
0.6968151
0.6968413
0.69678414
0.6966869
0.6972174
0.6963253
0.6964803
0.69612163
0.6967554
0.69707376
0.6974104
0.6974439
0.6964984
0.69669265
0.69706076
0.6970001
0.697338
0.6964723
0.69711685
0.697047
0.69676536
0.6970222
0.69684994
0.69690037
0.6966581
0.69695604
0.69715345
0.696645
0.69644415
0.696746
0.69683504
0.6968118
0.6969138
0.69675785
0.69655347
0.6968611
0.69681555
0.69697934
0.696604
0.69690144
0.69687986
0.69702774
0.6969724
0.6963908
0.6970095
0.6965146
0.6971254
0.6966664
0.696965
0.69665736
0.69697195
0.696902
0.69697565
0.69711626
0.6970661
0.6967606
0.69709915
0.6969418
0.6969666
0.69753796
0.69692254
0.69690067
0.697102
0.69680107
0.6964964
0.6964513
0.6970497
0.697161
0.69713265
0.69707286
0.6965919
0.69703794
0.6967039
0.6964766
0.69725096
0.69677573
0.6968447
0.6968243
0.6970351
0.6967506
0.6970198
0.69720036
0.69692546
0.6968331
0.6965406
0.6973964
0.6971068
0.6966604
0.6966589
0.6969366
0.6970627
0.6969199
0.6969592
0.69714344
0.6964305
0.69680864
0.6966234
0.69700277
0.69658357
0.69674367
0.69726384
0.69635123
0.69703233
0.6971022
0.6969867
0.69678617
0.6969921
0.69727296
0.69704896
0.6966222
0.6971714
0.69671464
0.6966751
0.6968678
0.6969587
0.6967615
0.69740295
0.6973124
0.6971221
0.6968206
0.6972851
0.69703627
0.6971251
0.6966885
0.6972769
0.69687754
0.69695866
0.6975023
0.6968808
0.69690543
0.6970062
0.69674695
0.69690585
0.69677407
0.6972622
0.6967705
0.6968976
0.6964113
0.6968764
0.6968733
0.69732183
0.6967715
0.6973966
0.69619006
0.6966369
0.69684196
0.6969968
0.69713414
0.6971219
0.6971921
0.6971304
0.69691944
0.6968544
0.69697046
0.6968965
0.6966642
0.6968052
0.69687396
0.6969295
0.6967918
0.69696623
0.69730395
0.6964172
0.6968627
0.69705546
0.697255
0.69690114
0.6972663
0.6969085
0.69705695
0.69732076
0.6969905
0.69712424
0.6968446
0.69664365
0.6972621
0.6974694
0.69767094
0.6968056
0.6974164
0.69748336
0.69689375
0.69723755
0.6969506
0.69686955
0.6969084
0.69708776
0.6969266
0.69698787
0.69654334
0.6970532
0.6965439
0.69680613
0.69680613
0.69698995
0.69680417
0.6972315
0.69746643
0.69725174
0.6970282
0.696739
0.69704044
0.6974306
0.6966014
0.6962787
0.69651735
0.6973631
0.6976225
0.6973895
0.69698006
0.6971205
0.6967284
0.6968955
0.69718283
0.69718486
0.69664884
0.69651
0.69733024
0.6970984
0.6972737
0.6972572
0.6967658
0.6973419
0.6970492
0.69746256
0.6970853
0.6971684
0.6971895
0.696667
0.6969424
0.69709045
0.6971394
0.6971965
0.69711703
0.6966939
0.6969619
0.69681287
0.6970321
0.69700915
0.6968637
0.6968507
0.6962421
0.6971365
0.69683427
0.697046
0.69717836
0.69714314
0.69684446
0.6968448
0.6972063
0.6972594
0.69690806
0.69678956
0.69700474
0.69704235
0.69706875
0.697224
0.69751966
0.6970841
0.6973319
0.6971837
0.6974182
0.69734544
0.69731253
0.697074
0.69697815
0.6967724
0.6968239
0.6966024
0.6968757
0.6968435
0.69718575
0.6968542
0.6970463
0.6966577
0.69710964
0.69741464
0.6971562
0.6975171
0.69726545
0.6966879
0.6972155
0.69701004
0.69728357
0.69742835
0.69670886
0.6970301
0.69692266
0.6970262
0.6968863
0.6963688
0.69721663
0.6968961
0.6969089
0.6972568
0.6972634
0.697711
0.69701916
0.6971715
0.69675046
0.6972228
0.69725627
0.69714326
0.6969463
0.6970187
0.6969151
0.6972057
0.69673294
0.697151
0.6970751
0.6973694
0.6972391
0.6969411
0.69742465
0.6968881
0.69686407
0.6972188
0.69697833
0.69778603
0.6970868
0.697282
0.69708526
0.69706064
0.6975237
0.69712794
0.69740963
0.6974289
0.6968104
0.69746107
0.6969495
0.6973758
0.69704884
0.69715595
0.69711673
0.69717646
0.69746566
0.69668317
0.6972794
0.69698596
0.69765633
0.69771284
0.69734913
0.6968808
0.69716126
0.69664705
0.6971868
0.6972937
0.6972075
0.6970508
0.69687986
0.6971721
0.69735354
0.6972242
0.697126
0.6974605
0.6971069
0.69678813
0.6975436
0.6971765
0.69710493
0.69723845
0.6973509
0.6972732
0.69746894
0.69701093
0.69700575
0.6971983
0.6970811
0.6974933
0.69730324
0.6975387
0.69742805
0.69748574
0.69719595
0.6972305
0.6971183
0.69685346
0.69784
0.69703144
0.6969535
0.6971996
0.6967435
0.69726235
0.69761264
0.6975334
0.6976634
0.696994
0.69744456
0.6971682
0.6972177
0.6968954
0.69743174
0.6970463
0.69685286
0.6967864
0.6970965
0.6972781
0.6973217
0.69737583
0.6970996
0.69701016
0.6972641
0.69707537
0.6971184
0.69703114
0.69691736
0.6973827
0.6972676
0.6974739
0.696969
0.6972741
0.69783795
0.6974411
0.697458
0.6977338
0.6971381
0.6974975
0.69686043
0.6974239
0.6967398
0.69758356
0.69711936
0.69807893
0.6976889
0.697563
0.69675016
0.6967001
0.6971342
0.6972233
0.69750196
0.69737977
0.69689596
0.6973474
0.697563
0.69704485
0.69714683
0.69714254
0.69713056
0.69711936
0.6978041
0.69669414
0.69719446
0.697584
0.6970382
0.69731003
0.69731975
0.69719756
0.697481
0.6969943
0.6975682
0.6977175
0.69695616
0.6977305
0.6972881
0.6969173
0.6971697
0.69793785
0.69739693
0.6970515
0.69711494
0.6971785
0.69705313
0.69676507
0.6975894
0.6969467
0.6968635
0.6971108
0.6970474
0.6975437
0.69759136
0.697124
0.69678295
0.6971993
0.6974594
0.69747305
0.6970849
0.6974402
0.6969208
0.6973957
0.6977895
0.6969927
0.6972081
0.6972696
0.69748574
0.6971942
0.69727117
0.6975095
0.6970137
0.6968898
0.6974609
0.69759715
0.69687337
0.6972473
0.69688207
0.6975543
0.69730663
0.6975502
0.69750184
0.6971153
0.6972699
0.69784147
0.69726133
0.6971729
0.6970757
0.69719285
0.6971744
0.69709855
0.696636
0.69727945
0.6973014
0.69742537
0.6971002
0.697622
0.69732493
0.6976753
0.69732934
0.69692403
0.69741094
0.6969874
0.69759756
0.69737124
0.697187
0.69688433
0.6969772
0.6974266
0.6975933
0.69735783
0.6974847
0.6971732
0.6973762
0.69772166
0.6971037
0.6974974
0.6968166
0.69694436
0.69741845
0.6972723
0.6974594
0.6977716
0.6972782
0.6976524
0.6969836
0.69740266
0.69722027
0.69683504
0.6972148
0.69743556
0.69745845
0.6974556
0.6974411
0.69708705
0.69715863
0.69758534
0.6974298
0.69798994
0.6974163
0.6977821
0.69710904
0.6971782
0.6971201
0.69685614
0.6973194
0.6971709
0.6968913
0.6968823
0.69742453
0.69740885
0.696579
0.69744825
0.69722825
0.6971194
0.69769
0.696994
0.6974246
0.6976234
0.697076
0.697084
0.6973972
0.69786227
0.69697493
0.69748116
0.6972699
0.6970928
0.69722587
0.69709605
0.6971476
0.6972324
0.6976213
0.6975716
0.69715387
0.69725335
0.69751215
0.6980462
0.6972827
0.6971447
0.6970224
0.69719726
0.69719446
0.6971628
0.6971746
0.6973608
0.6971684
0.6973639
0.69736356
0.69711906
0.6977914
0.6979683
0.69749695
0.697206
0.69724
0.69731283
0.697341
0.6971816
0.6976125
0.6973066
0.6970311
0.69690853
0.6968728
0.69764954
0.6976521
0.6973837
0.69751376
0.6973403
0.6970919
0.69705003
0.6974823
0.6979229
0.6971171
0.69762826
0.6970175
0.697303
0.6971212
0.69731534
0.6973246
0.69697183
0.6975389
0.6972448
0.6973219
0.6978244
0.6966911
0.6973737
0.69706935
0.69731855
0.69749224
0.6969603
0.6973909
0.69767374
0.69748336
0.6971412
0.6974738
0.6974957
0.6974835
0.6974744
0.6969313
0.69736034
0.6973294
0.6970193
0.6975853
0.6975967
0.697634
0.69738126
0.6972402
0.6975067
0.6971103
0.6973889
0.6969815
0.6972882
0.6973032
0.697329
0.69756186
0.6972105
0.6972955
0.69759095
0.6971461
0.6975834
0.69743556
0.69728136
0.69730043
0.6978771
0.69730586
0.6975224
0.6972856
0.69712543
0.69719225
0.69728976
0.6978715
0.6977617
0.6974745
0.6976341
0.6977629
0.6971825
0.6975716
0.6978243
0.6972023
0.6975299
0.6970141
0.6969692
0.6972791
0.6970943
0.6969427
0.69749224
0.6975109
0.697358
0.69729733
0.69776773
0.6979563
0.6970957
0.69753486
0.69757646
0.6973644
0.6974899
0.69759756
0.6973002
0.6970358
0.69734424
0.69728726
0.6974192
0.6972626
0.6973772
0.6972391
0.6972186
0.6972909
0.6971095
0.697203
0.6976977
0.6978361
0.6973153
0.69730955
0.6975249
0.69736695
0.69704413
0.6967591
0.69740045
0.69693375
0.6972411
0.69784296
0.697477
0.6977349
0.6975117
0.6977302
0.69715387
0.69726044
0.6967876
0.69676095
0.6973395
0.6969449
0.6972599
0.69767445
0.6976588
0.6971754
0.6971599
0.6972661
0.697901
0.6973028
0.6974409
0.6973583
0.69710594
0.6972077
0.69751537
0.6972364
0.6975717
0.69715893
0.6968323
0.696975
0.6973055
0.69711924
0.69712067
0.6970946
0.69736797
0.69759876
0.69701684
0.697606
0.6969924
0.6971917
0.6972688
0.6970274
0.6974951
0.69686276
0.69728976
0.6971957
0.6976284
0.69708836
0.6973958
0.6973607
0.6975455
0.6971465
0.6973416
0.6974082
0.69745016
0.6974295
0.6974415
0.6977304
0.69735116
0.6971692
0.69734997
0.6969395
0.69725114
0.6970739
0.6974802
0.6976339
0.6972377
0.6973779
0.69691676
0.6965275
0.69770634
0.69701445
0.6979762
0.6976423
0.69739723
0.6975859
0.6972149
0.6969945
0.6974018
0.6971139
0.6971302
0.6969313
0.6972092
0.69683534
0.69713193
0.69747144
0.69706804
0.69777375
0.6972955
0.69773096
0.69755405
0.69741386
0.6971353
0.6975746
0.6970631
0.6972848
0.6970351
0.6974229
0.6969854
0.6974308
0.69734263
0.69723326
0.6970817
0.6968353
0.69676256
0.6972705
0.6973378
0.69755787
0.69736844
0.6968856
0.6970746
0.6974482
0.6972522
0.6970742
0.6975349
0.6972261
0.69740355
0.69748396
0.69710374
0.6975585
0.69722164
0.6972645
0.69741267
0.6973768
0.6970814
0.6969312
0.69758457
0.69739854
0.6972765
0.6977998
0.69710493
0.6968816
0.69732636
0.69728893
0.69698614
0.6973532
0.6968986
0.69743425
0.6973979
0.6970833
0.6971009
0.6972639
0.6972609
0.69745624
0.69695497
0.69687754
0.6971943
0.6966686
0.69692636
0.69763136
0.69711626
0.6973939
0.69746274
0.6973326
0.6973222
0.697803
0.69758415
0.6972967
0.6976582
0.697424
0.6967893
0.69777495
0.69726485
0.6974434
0.6969652
0.6967341
0.6976554
0.696914
0.6973311
0.6973603
0.69754165
0.69690484
0.6972396
0.6972107
0.69713956
0.69737756
0.6976023
0.6976503
0.6974798
0.6973571
0.69707483
0.6975473
0.69746226
0.69722533
0.696953
0.6975119
0.6972033
0.69751436
0.69739974
0.69706744
0.69739103
0.6973406
0.697212
0.69745606
0.69787925
0.69670045
0.6972562
0.6971014
0.69761866
0.69719124
0.69688857
0.6975664
0.69774014
0.6969684
0.6970954
0.69747716
0.69740725
0.69745153
0.69672316
0.6978988
0.69688994
0.6968407
0.69716156
0.69715995
0.6971954
0.6972425
0.69698447
0.6974266
0.6972971
0.6969468
0.6972845
0.6973915
0.69690764
0.6977758
0.6973503
0.6971669
0.69725686
0.69684875
0.69733757
0.6970788
0.69711256
0.697363
0.69699264
0.6971493
0.6972381
0.69710875
0.6972648
0.69722414
0.6973102
0.6973467
0.69702613
0.6970115
0.6971501
0.696951
0.69711745
0.6972978
0.69724524
0.69714004
0.69718397
0.69725865
0.6969374
0.69733703
0.6972623
0.6972887
0.6968774
0.697336
0.69732463
0.6974105
0.6974444
0.69771326
0.69716007
0.69650644
0.69715536
0.69737285
0.6969288
0.696638
0.6974998
0.6974793
0.6978402
0.69743127
0.696988
0.6967446
0.69693
0.6970299
0.696831
0.69697815
0.6970115
0.6972849
0.6975624
0.6972687
0.6972476
0.697071
0.69702005
0.6968975
0.69745135
0.69671273
0.6978398
0.697708
0.6971957
0.6973892
0.6968741
0.6972494
0.697118
0.696932
0.69733715
0.69754356
0.6974496
0.6973373
0.6969576
0.6973313
0.697048
0.69674367
0.6972483
0.6972074
0.69697815
0.69724935
0.69721186
0.69719607
0.6970399
0.6968511
0.69732875
0.69730043
0.6971345
0.69679993
0.69670945
0.69695246
0.6970234
0.6965545
0.6971873
0.69741195
0.69706637
0.69673485
0.697019
0.69674456
0.69725764
0.6969633
0.6973668
0.6966935
0.6972134
0.69739383
0.6970039
0.69709194
0.697643
0.69699466
0.6975457
0.69731617
0.69749784
0.69690084
0.69707614
0.6972929
0.6970409
0.69717145
0.69712526
0.6971328
0.6972317
0.6972891
0.6972308
0.6971114
0.6968994
0.6971971
0.69683415
0.69744545
0.6969261
0.6968735
0.69737595
0.6970115
0.69737643
0.69717807
0.69690245
0.6968687
0.69717115
0.6971485
0.69722944
0.69677687
0.6972125
0.69717616
0.69699365
0.69721025
0.69673586
0.6972476
0.69720554
0.6971759
0.69709736
0.6972572
0.6974434
0.6972884
0.69689924
0.6968799
0.697116
0.6968456
0.6971544
0.69701004
0.6969196
0.69718856
0.69683796
0.6971858
0.697092
0.6969248
0.6969167
0.69744897
0.696637
0.6973071
0.69705534
0.6972354
0.6971568
0.6970211
0.6969858
0.697275
0.69691515
0.69696474
0.6975112
0.6971969
0.69692904
0.69693434
0.6971237
0.6965805
0.6967902
0.6975465
0.6968541
0.69778633
0.6975289
0.6965569
0.69729495
0.6972918
0.6972092
0.69670796
0.6964686
0.69667196
0.6973657
0.6973346
0.69700605
0.6966924
0.6966597
0.69676715
0.6972037
0.6971946
0.6964908
0.6975081
0.69716275
0.6974437
0.69689775
0.6973713
0.69701165
0.69676894
0.6972871
0.6966794
0.6970266
0.6969177
0.6971531
0.6965301
0.69708985
0.69703746
0.69704896
0.6970482
0.6972925
0.6970624
0.6965248
0.69696885
0.6978972
0.6971058
0.696857
0.69695073
0.6970343
0.69708014
0.6975114
0.697324
0.6968434
0.6970457
0.6972011
0.6972079
0.6970595
0.6967779
0.6969195
0.69670534
0.6971336
0.6963849
0.6967028
0.6967862
0.69684744
0.69698054
0.6972034
0.69741833
0.6966918
0.697306
0.6971414
0.69741714
0.6970633
0.6970396
0.6971365
0.6971542
0.69673014
0.6973256
0.6971523
0.6968643
0.6973229
0.6971511
0.6971029
0.6970095
0.6968755
0.6973074
0.6971505
0.6964621
0.6972711
0.6966061
0.6964981
0.69696254
0.6973247
0.69725466
0.6972794
0.6968513
0.69748664
0.6964932
0.6968579
0.6972094
0.6966958
0.69728136
0.69692457
0.6970792
0.6966038
0.69691557
0.69683504
0.6971934
0.69743603
0.69668293
0.6963849
0.69724387
0.69653994
0.6968252
0.6968104
0.6970687
0.6967893
0.696937
0.6968117
0.69699234
0.6969543
0.6973193
0.69741774
0.6970199
0.6968456
0.6970928
0.69710445
0.6970879
0.6970329
0.69730335
0.6969462
0.6967964
0.69704837
0.69648594
0.69697297
0.69684654
0.6969617
0.69689834
0.69703764
0.6971447
0.6973671
0.69711804
0.69662684
0.6968538
0.6969914
0.69676703
0.6969039
0.697153
0.6969125
0.6976101
0.69722253
0.6968085
0.6968462
0.69701195
0.6970256
0.6974325
0.6972168
0.69734013
0.6969308
0.69685733
0.696828
0.6973245
0.69687593
0.6967719
0.6975192
0.696392
0.6968925
0.6973826
0.6965902
0.69681823
0.69643706
0.6968704
0.6973106
0.69694394
0.6971995
0.6962988
0.6967457
0.6972988
0.6968627
0.6971069
0.69718903
0.6968768
0.6972203
0.69698507
0.6966895
0.6970334
0.6969972
0.69689196
0.6965992
0.6968757
0.6965446
0.6968374
0.69729275
0.6968673
0.6965683
0.6972651
0.69710153
0.69669896
0.69704986
0.6969408
0.6968905
0.69702905
0.6965092
0.69672537
0.6966409
0.6967427
0.6969423
0.6972565
0.69730043
0.6969326
0.69675064
0.696714
0.6968446
0.69639647
0.6972327
0.6966429
0.6965429
0.69654804
0.69669837
0.69651526
0.6966804
0.6970028
0.6969806
0.69680154
0.6966566
0.69715595
0.6968444
0.69722825
0.69687486
0.6970903
0.696465
0.6968993
0.6968074
0.69666165
0.69661474
0.69701254
0.69722444
0.6971178
0.69695884
0.6969231
0.69729185
0.6973511
0.6972375
0.69664145
0.69711256
0.69711703
0.6969359
0.69629246
0.69697046
0.6968846
0.69633174
0.6965057
0.6972615
0.69663286
0.69649035
0.69681597
0.69661164
0.6970119
0.6966589
0.69665974
0.6968104
0.69666505
0.69733024
0.69700956
0.697089
0.6965824
0.69678015
0.697006
0.6963188
0.697048
0.6968685
0.69650835
0.69643277
0.696462
0.69652104
0.6968002
0.6967772
0.6963158
0.69672555
0.696967
0.6964134
0.69709796
0.6964453
0.69708246
0.69754934
0.6969511
0.6965964
0.69655657
0.6977229
0.6969104
0.6967993
0.6963823
0.69642395
0.69714856
0.6961294
0.6963725
0.6968315
0.69689757
0.69703466
0.6967094
0.69670427
0.6967162
0.6967638
0.69679284
0.6969191
0.6962963
0.69719464
0.6967721
0.6965436
0.69630504
0.6973134
0.6970285
0.6966974
0.6964523
0.6968167
0.6967518
0.6967162
0.69638765
0.69639766
0.69691426
0.69694215
0.69613636
0.6966352
0.6970259
0.6966716
0.6969665
0.69647396
0.69646925
0.697449
0.696758
0.6967945
0.6965363
0.6966621
0.6962857
0.69698185
0.69737315
0.69657826
0.696623
0.69672024
0.69686097
0.69664705
0.6965378
0.6966494
0.69677067
0.6965842
0.69661635
0.6964984
0.696695
0.6962757
0.69627
0.696715
0.69671816
0.69719625
0.6963929
0.6967759
0.6963779
0.69636786
0.6969595
0.69696695
0.6965684
0.69698316
0.6958721
0.696642
0.69671917
0.69651407
0.6968808
0.69634
0.6965853
0.6962835
0.69655424
0.696468
0.6964507
0.69695544
0.6963307
0.69679195
0.6972184
0.6968544
0.6967039
0.6966529
0.6966474
0.69695914
0.6967251
0.6964753
0.69638205
0.6965706
0.6968414
0.6966157
0.69680214
0.6965535
0.69699705
0.69670033
0.69681555
0.696855
0.69620144
0.696781
0.6961915
0.69674623
0.6967907
0.69675463
0.6969028
0.69674647
0.69681597
0.69685674
0.6966259
0.69695973
0.6964385
0.6963651
0.6968061
0.69643104
0.69631016
0.6963834
0.69650275
0.6969619
0.69685185
0.69685394
0.6967061
0.6968608
0.6964243
0.69669193
0.6966831
0.6962628
0.69676006
0.6963812
0.69636166
0.6964837
0.69647294
0.6967784
0.69642985
0.6961293
0.6959293
0.6966012
0.6963131
0.6961829
0.6968074
0.6964346
0.6968192
0.6967036
0.6964611
0.696697
0.6968273
0.69625545
0.6967168
0.6967857
0.6966368
0.69659835
0.69649
0.6965856
0.6961156
0.69669724
0.6967163
0.6966748
0.6961398
0.69692594
0.69655675
0.69686455
0.6966599
0.6960905
0.69685704
0.69662905
0.6967487
0.6964509
0.69697475
0.6964548
0.69704586
0.69657403
0.6971657
0.6957871
0.69683063
0.6964
0.6962908
0.6963503
0.6970281
0.69641054
0.6960662
0.6963183
0.6965391
0.6963656
0.69614583
0.696735
0.6965219
0.69636714
0.6966045
0.69685805
0.6965101
0.6964275
0.6968264
0.696131
0.69672424
0.6969479
0.696614
0.69620705
0.69661814
0.6959388
0.6968567
0.6968472
0.6972416
0.6970566
0.69647473
0.696657
0.6968529
0.6964256
0.6961017
0.69684345
0.6963953
0.69671804
0.6964831
0.6962042
0.69649255
0.69654995
0.696338
0.69685215
0.6963127
0.696347
0.6965838
0.6966631
0.6963746
0.69695014
0.69638395
0.6963984
0.6965404
0.69680613
0.6964192
0.6963887
0.69659024
0.69657546
0.6960354
0.69653094
0.6964155
0.6961815
0.69633657
0.69656503
0.69661427
0.6965515
0.69682646
0.6964589
0.6962616
0.69629335
0.696373
0.69607013
0.69623446
0.696119
0.69656307
0.6961948
0.69676113
0.6968719
0.6964176
0.6961615
0.69634724
0.6964803
0.69644946
0.6962994
0.6965045
0.6965496
0.69647473
0.6962167
0.6966524
0.6965718
0.6960254
0.6969079
0.6966441
0.6967172
0.69612676
0.6964962
0.6964914
0.6970479
0.695863
0.6967823
0.696526
0.6962453
0.6960275
0.69667345
0.6964827
0.69611406
0.6964343
0.6962164
0.69659007
0.6963379
0.6962594
0.6963919
0.6965757
0.6961943
0.69623625
0.6963604
0.696407
0.69677496
0.69665587
0.69622785
0.69626784
0.696651
0.69618523
0.696637
0.6958356
0.69653463
0.69615275
0.6966001
0.69612366
0.696209
0.6960101
0.69624835
0.69617844
0.69618434
0.6963222
0.69696707
0.696315
0.695724
0.696543
0.6965076
0.6958207
0.6961426
0.6968033
0.695986
0.6965721
0.6962591
0.6959877
0.69681907
0.69630873
0.69611007
0.6959805
0.69624364
0.69637823
0.6959588
0.6959772
0.69620186
0.6962086
0.69630283
0.6963976
0.6963223
0.6964997
0.6964504
0.6967025
0.6958436
0.6965432
0.6963061
0.6968052
0.69654995
0.6961873
0.69653285
0.6963356
0.69614965
0.6960678
0.6963375
0.69619256
0.6958577
0.69596
0.6965998
0.69660234
0.69600207
0.696179
0.69616926
0.6964145
0.69611883
0.6966379
0.69652754
0.6962917
0.69619834
0.69629085
0.6962374
0.69645023
0.6961823
0.6963236
0.69589204
0.69585645
0.6964323
0.6968115
0.69683975
0.6965244
0.69654894
0.69628954
0.69627935
0.6966481
0.6960783
0.69654447
0.6962967
0.6961086
0.6965505
0.69636136
0.6964132
0.6958666
0.6964185
0.6963194
0.69663143
0.6963057
0.6962722
0.696275
0.6959049
0.6960831
0.6965067
0.69611293
0.69625944
0.69639474
0.6963005
0.69572634
0.69610906
0.696194
0.69633216
0.6963411
0.6965492
0.69656897
0.69664484
0.69677913
0.69677764
0.6963803
0.69599897
0.6961325
0.69673586
0.6959816
0.6962597
0.69634396
0.6962974
0.6964557
0.69656855
0.6962614
0.6960233
0.69676465
0.6960765
0.6962616
0.69632155
0.6963296
0.6964237
0.6963226
0.69620425
0.6965693
0.6963915
0.6962714
0.69644994
0.6958273
0.69610703
0.6962246
0.69595754
0.6961573
0.696048
0.6960105
0.6963763
0.69640213
0.6960474
0.6963852
0.6964872
0.69605666
0.69573987
0.6964905
0.6962163
0.69656044
0.69620407
0.69618547
0.6961109
0.69638604
0.69646853
0.69618326
0.69641465
0.6960135
0.6959862
0.6964224
0.69617915
0.6959121
0.6961458
0.6965094
0.6958842
0.6956551
0.6961885
0.69661325
0.69662756
0.69669074
0.6962973
0.6969819
0.69585496
0.69641465
0.69612855
0.69610053
0.69616663
0.69589484
0.6960214
0.6966673
0.6958762
0.6960354
0.6958594
0.6960646
0.6961218
0.6961076
0.6961502
0.6964532
0.6956254
0.6963369
0.6966364
0.69598037
0.6960889
0.6965479
0.6963051
0.6960372
0.69582856
0.6960721
0.6965992
0.6959592
0.6961392
0.69573754
0.6960009
0.6961786
0.69600767
0.69623995
0.6961673
0.6961911
0.69595075
0.6965906
0.6959663
0.6960305
0.6959824
0.6961965
0.6963045
0.6957835
0.696034
0.695504
0.6963562
0.69650286
0.6964602
0.6962096
0.69620436
0.69630194
0.6963045
0.69605863
0.6955352
0.696534
0.6963082
0.695921
0.69581175
0.6963642
0.6960529
0.6962336
0.6965353
0.69632035
0.69610626
0.69553566
0.69630766
0.6958587
0.6962801
0.69607466
0.6963392
0.69639564
0.6959047
0.6960628
0.6962481
0.6960703
0.696379
0.69606763
0.696339
0.6960768
0.6964017
0.6964394
0.69615567
0.69599587
0.69615054
0.6962731
0.69585013
0.695995
0.69643545
0.6962758
0.69583964
0.696305
0.69621176
0.696143
0.69627315
0.6958524
0.69621015
0.69611126
0.69617206
0.6963919
0.69566816
0.6963995
0.69657147
0.69596696
0.69628274
0.6958161
0.69602954
0.69583434
0.6959759
0.69551444
0.696366
0.69619834
0.69592494
0.69636726
0.6956458
0.6962211
0.6957539
0.6960597
0.69604814
0.695863
0.69602895
0.69617295
0.6966506
0.6961486
0.69639456
0.6959641
0.6965604
0.6959624
0.69633
0.69599557
0.6960276
0.69622344
0.69600534
0.69611937
0.6958152
0.6957091
0.6964176
0.695953
0.6954947
0.6961644
0.6958593
0.696123
0.6959545
0.69605875
0.6966063
0.69585866
0.6955875
0.6964021
0.6961171
0.6963026
0.6960728
0.69589424
0.6959993
