0.7329131
0.72906363
0.711243
0.715953
0.6963803
0.6942049
0.6902683
0.69329226
0.6937041
0.6973708
0.69218826
0.691777
0.6964509
0.69685423
0.69069713
0.6938304
0.6908293
0.69833547
0.6905075
0.6960332
0.69296765
0.6943842
0.69577116
0.69617414
0.69411564
0.6955117
0.6947879
0.6941606
0.69816536
0.6970415
0.6979356
0.69321686
0.6915568
0.69598556
0.6977249
0.6987692
0.69609755
0.69781953
0.6960825
0.69681776
0.69773775
0.6954861
0.6928156
0.70077467
0.7003108
0.69412714
0.6981968
0.69700104
0.7006009
0.7029992
0.697892
0.6915349
0.6968859
0.69908327
0.69759715
0.69514054
0.6967066
0.6978561
0.7003138
0.693638
0.70056933
0.69741195
0.69783145
0.6993548
0.7004599
0.70188063
0.69729084
0.7002673
0.6978898
0.6941436
0.69825494
0.69582033
0.69593984
0.69514066
0.69960666
0.6966719
0.69963264
0.6954169
0.6967019
0.7003169
0.7029367
0.69882643
0.6984133
0.6952633
0.6952891
0.69548523
0.6983221
0.6998542
0.6964218
0.69784826
0.6962895
0.70405084
0.6992236
0.6974438
0.7061398
0.69837075
0.6985719
0.69940966
0.7010233
0.69666076
0.6988141
0.6998205
0.6988354
0.69936126
0.7023543
0.7024165
0.703176
0.70171404
0.7010632
0.69700384
0.6960016
0.69956475
0.69907844
0.69632035
0.70221823
0.6981367
0.6972131
0.7018455
0.69864506
0.7006109
0.69869137
0.7039678
0.69903475
0.70060843
0.70413226
0.6982592
0.69571847
0.6995167
0.69990647
0.6965305
0.6992956
0.7000838
0.7002872
0.6994748
0.7021117
0.6972659
0.7061861
0.696109
0.7033681
0.70188195
0.69733083
0.70186937
0.6982971
0.70486397
0.7006147
0.70233166
0.7043782
0.7021361
0.70179904
0.70029277
0.7022238
0.69663703
0.69746625
0.703334
0.6991786
0.7048902
0.7033806
0.7002717
0.7028129
0.69815904
0.7025482
0.7026579
0.702563
0.7047338
0.6991146
0.6971668
0.7007661
0.7044548
0.7010674
0.7031267
0.6957863
0.69706154
0.69768417
0.70131016
0.70394087
0.70243126
0.7021267
0.7031011
0.7032832
0.69808626
0.70015794
0.70105374
0.70506656
0.70191616
0.70109105
0.69974077
0.6980878
0.7016052
0.70168513
0.69876885
0.70222116
0.7022998
0.70210195
0.7003563
0.7024932
0.70117
0.70085
0.70174104
0.70235175
0.70036393
0.69822264
0.69947445
0.70700514
0.7018091
0.6982699
0.7009439
0.7025346
0.7025508
0.7005152
0.7036384
0.70056945
0.6989363
0.70201826
0.70062613
0.70380265
0.70029277
0.70129806
0.6968514
0.69969195
0.69884074
0.70050097
0.69939595
0.7061155
0.70507425
0.7054591
0.7041338
0.7013844
0.701543
0.7038595
0.7008619
0.7047574
0.7032393
0.70241815
0.70236915
0.6983303
0.7054654
0.7020797
0.7036205
0.7013639
0.7001401
0.6980069
0.69839984
0.7004406
0.69886637
0.6999216
0.6982646
0.7071931
0.70330364
0.7005229
0.6986517
0.7022604
0.7073311
0.69847566
0.69835013
0.70248747
0.70207775
0.7012466
0.7017604
0.7002775
0.69984484
0.700113
0.7041237
0.6989691
0.70040727
0.702337
0.70226145
0.7015268
0.69863826
0.7022303
0.7003175
0.7009443
0.7054945
0.70143914
0.7006036
0.7062995
0.6983554
0.6981195
0.6966508
0.7022691
0.7072103
0.7034087
0.7019014
0.70116246
0.6993858
0.6969139
0.7042432
0.7023771
0.7006659
0.7007936
0.7010154
0.70015
0.70758075
0.6986892
0.70276195
0.69881016
0.70100355
0.69954216
0.70013785
0.70253706
0.6969901
0.7003744
0.7002732
0.70248145
0.7062246
0.69905585
0.7031329
0.70286673
0.6977062
0.7012544
0.70286924
0.7025542
0.7023094
0.69728863
0.7006094
0.7011221
0.7030106
0.7002482
0.69716376
0.70172924
0.7002656
0.70154804
0.7009607
0.70177406
0.69862187
0.702956
0.69805664
0.7005216
0.7031304
0.7002457
0.6961735
0.705572
0.7018903
0.7038575
0.69714683
0.6967379
0.70045966
0.69740534
0.6998616
0.70222044
0.703028
0.70116425
0.69774437
0.7014267
0.70088166
0.6974137
0.70039004
0.7019461
0.7028305
0.7039611
0.7028812
0.7018139
0.6997078
0.6989172
0.7020804
0.6967244
0.6999511
0.70372134
0.7060569
0.69750285
0.6987077
0.7056354
0.7000181
0.6992785
0.69938326
0.6980218
0.6980646
0.70134336
0.6959382
0.7009718
0.7058056
0.7031932
0.69952506
0.7007552
0.7049612
0.6993953
0.7059029
0.7041524
0.698792
0.69921756
0.7029055
0.7004635
0.6993771
0.7008915
0.6996185
0.69936055
0.69851255
0.70186967
0.6993254
0.6990209
0.69745064
0.70008826
0.7017297
0.70202196
0.7006511
0.70055956
0.70683575
0.70221096
0.7019182
0.69847596
0.70208424
0.6984266
0.7039506
0.7010754
0.7003703
0.6968624
0.70013726
0.7026594
0.70336455
0.699245
0.70008296
0.6979448
0.70155454
0.70019275
0.7049925
0.70125824
0.69412816
0.6988495
0.7039545
0.69873023
0.70287526
0.7007499
0.70350045
0.7029973
0.6994116
0.69893837
0.6979768
0.70107824
0.7037721
0.6996378
0.70291597
0.7013953
0.704761
0.7032801
0.7012092
0.69729656
0.6978285
0.6989553
0.7013332
0.6997905
0.69886154
0.70137244
0.70232946
0.7020792
0.69871914
0.7080238
0.6998102
0.70000017
0.70575124
0.6977278
0.69931775
0.7023922
0.6991658
0.69729227
0.70037955
0.7020961
0.6979187
0.69698733
0.70163125
0.7045628
0.697659
0.6996093
0.7030883
0.6986609
0.6990221
0.70112467
0.6994678
0.70088136
0.7018587
0.6996274
0.7074274
0.6985918
0.6985311
0.69974375
0.7012019
0.6962174
0.70299405
0.6994013
0.7003176
0.7012469
0.70005536
0.70456535
0.70239156
0.69932806
0.6997349
0.70251864
0.7065933
0.70081764
0.6979182
0.7007295
0.69909877
0.6976545
0.704117
0.69936424
0.69811827
0.6994923
0.70150644
0.70384675
0.7038999
0.6983002
0.70297766
0.70010763
0.70337504
0.6972393
0.70285785
0.7011088
0.6970093
0.69865304
0.6976246
0.705226
0.70022416
0.7004764
0.70302373
0.70435953
0.6991412
0.7020908
0.70932084
0.7024334
0.70096314
0.70447844
0.69900304
0.70198774
0.6984838
0.7019939
0.70166147
0.7013239
0.702825
0.70210564
0.7027376
0.700172
0.70055985
0.7039604
0.6963201
0.69922763
0.7037258
0.6995966
0.7029514
0.69714606
0.69759035
0.70168984
0.6967792
0.70205367
0.6991007
0.7013832
0.70004994
0.69757783
0.7020399
0.703841
0.70460916
0.7012172
0.70441574
0.6998659
0.70342296
0.70455265
0.70422244
0.7019178
0.6994878
0.6981085
0.7065873
0.70326954
0.7038514
0.69844836
0.7000145
0.6997701
0.7016036
0.6965107
0.7004554
0.70001066
0.6988866
0.7002793
0.7028869
0.7036115
0.7005741
0.69935656
0.7018616
0.69855785
0.70050865
0.70021015
0.705922
0.7008835
0.6983782
0.6987532
0.70015544
0.7013062
0.7081883
0.7003158
0.7042152
0.7036255
0.70211107
0.6997153
0.6975119
0.69872475
0.70294946
0.70253134
0.7021632
0.7027024
0.6990429
0.7010169
0.7016946
0.70433724
0.7012769
0.70018625
0.70207417
0.69760275
0.70372844
0.7019622
0.6995674
0.7015429
0.70126325
0.70128345
0.70058787
0.7007454
0.7043072
0.70052606
0.69951344
0.70111555
0.7015585
0.7029533
0.70372915
0.7046384
0.70136523
0.6996618
0.701574
0.69825476
0.70209944
0.69884413
0.70535445
0.699571
0.70120484
0.69976926
0.7080084
0.7024731
0.70475847
0.7030921
0.7025286
0.6995452
0.70005625
0.700712
0.70349866
0.7019804
0.70239365
0.70753527
0.7015075
0.7003052
0.70090365
0.70096934
0.7021285
0.7047819
0.70264256
0.7037037
0.6997533
0.70289385
0.7009813
0.704712
0.7026711
0.69757843
0.69971114
0.70217776
0.70286846
0.69888896
0.7006877
0.7012068
0.6977708
0.7022437
0.6984416
0.7010297
0.7012064
0.70584506
0.6975929
0.6991742
0.6990147
0.7054213
0.7012709
0.7043179
0.700483
0.70184195
0.707215
0.70344335
0.70460063
0.70221883
0.702399
0.6984094
0.7009988
0.70266193
0.69973975
0.7071445
0.7033608
0.6998062
0.7038278
0.7011277
0.7019248
0.70360476
0.7005616
0.7000236
0.70157176
0.70081395
0.70411795
0.7044945
0.70106584
0.70209086
0.70479625
0.69886446
0.7021596
0.70200396
0.70236796
0.70029116
0.7032333
0.70284235
0.70265406
0.7046717
0.69700354
0.7018948
0.7021095
0.6972333
0.7045121
0.7024638
0.70267373
0.70175564
0.70448357
0.7047471
0.70180243
0.70097816
0.69877875
0.7083831
0.6993492
0.69762576
0.70372903
0.7012021
0.69830436
0.7022635
0.70096236
0.70360494
0.7017089
0.7024265
0.7035872
0.7033585
0.6993473
0.69731826
0.7006233
0.699499
0.70035446
0.7027909
0.7030371
0.7000382
0.7003541
0.7053197
0.7035946
0.70084715
0.7023978
0.70199883
0.7034027
0.7045553
0.7035957
0.70041424
0.7006879
0.7014792
0.6997912
0.70033497
0.7030473
0.70019865
0.7052684
0.70113915
0.7030129
0.7007259
0.7040138
0.70261526
0.7034738
0.70218515
0.7025135
0.6978635
0.70074445
0.70370257
0.70038146
0.7014737
0.7039266
0.70092434
0.70088404
0.7038951
0.70236707
0.6986657
0.7046714
0.7001465
0.7051936
0.6996766
0.70511657
0.70442635
0.6980995
0.7028607
0.70331794
0.70531046
0.70088637
0.6978792
0.70256144
0.7020052
0.7039497
0.70064926
0.70279676
0.70048106
0.7000434
0.7054157
0.70710117
0.70272166
0.70073396
0.7027921
0.69819206
0.7015147
0.702278
0.70207524
0.70503014
0.69921774
0.6977323
0.70319206
0.70596564
0.6969161
0.7012989
0.7033075
0.6971384
0.7002399
0.7022194
0.7042876
0.70102143
0.702088
0.7010643
0.7032545
0.70371133
0.69928145
0.69899887
0.70547885
0.701777
0.70358896
0.69987214
0.7028916
0.70503014
0.7050341
0.7013553
0.70541716
0.70048356
0.7062327
0.70261174
0.698715
0.70206803
0.70388323
0.70376086
0.70143527
0.6980996
0.69804883
0.6977273
0.70289147
0.7052128
0.7071252
0.70241773
0.7045031
0.7006499
0.7024216
0.70199454
0.69892716
0.7024796
0.7036102
0.7033926
0.70044917
0.6984673
0.7021863
0.70284814
0.70343465
0.7018347
0.7046542
0.7014429
0.69885373
0.69707996
0.7017721
0.70354193
0.70026976
0.70138854
0.7009603
0.70394784
0.7023311
0.7042474
0.70388013
0.7027916
0.70247126
0.7044529
0.70036286
0.7022705
0.70347947
0.7016206
0.70180684
0.69998395
0.70472884
0.70440084
0.6988669
0.7010323
0.70757616
0.7041355
0.70142883
0.7049383
0.70124835
0.6967014
0.7013637
0.6998772
0.7049756
0.70184046
0.70076174
0.7034807
0.70583993
0.7002676
0.7024989
0.70385754
0.70923555
0.70179784
0.70086795
0.70277166
0.7030338
0.6994432
0.7027132
0.69801664
0.7029364
0.70223063
0.699149
0.7041271
0.6997875
0.70280397
0.7005743
0.7054899
0.7015603
0.70456856
0.69829893
0.70005596
0.7040935
0.7012011
0.70484376
0.69628924
0.7043434
0.70159835
0.70135707
0.70183
0.70263845
0.7036061
0.69908774
0.70091194
0.7042969
0.7027131
0.6989025
0.70806426
0.7044215
0.7001205
0.7057688
0.7030063
0.70133036
0.7039857
0.7030782
0.701461
0.70179886
0.70126617
0.7048786
0.69736236
0.69952506
0.7029468
0.7036938
0.7026141
0.7058368
0.7031897
0.69945985
0.70028013
0.70580465
0.70354825
0.70560306
0.70353824
0.699206
0.70737725
0.7002049
0.7026192
0.70333743
0.6988514
0.70348233
0.7006702
0.705222
0.7015849
0.7014637
0.700042
0.70243216
0.70375234
0.70943815
0.70268255
0.7029558
0.6972776
0.7023136
0.7012314
0.70000535
0.6999447
0.7002892
0.7028411
0.7001551
0.70245284
0.7013688
0.7015029
0.6938795
0.69940114
0.701741
0.70105565
0.6992417
0.69955695
0.70423037
0.701276
0.70407945
0.6990949
0.7009037
0.69759774
0.7015681
0.70415795
0.70469916
0.70389223
0.702523
0.6989363
0.7026356
0.7069745
0.7019834
0.70129156
0.70256853
0.7062791
0.7014612
0.70133525
0.70556766
0.7016541
0.7090788
0.70236784
0.69643664
0.70343983
0.7044075
0.69963634
0.7020409
0.70113885
0.7041958
0.7022305
0.70174325
0.7014637
0.7037141
0.7037537
0.70240957
0.69944495
0.7019999
0.7007468
0.7002132
0.7003729
0.7048325
0.7037069
0.7081368
0.69838125
0.7009531
0.7028308
0.70216376
0.6985075
0.70692044
0.7026654
0.69837266
0.70085096
0.7062272
0.70472187
0.70232314
0.70803916
0.69778675
0.701362
0.70214444
0.703751
0.6979601
0.70379084
0.70388776
0.7002374
0.7012193
0.7014362
0.7069089
0.70203304
0.7018091
0.70196277
0.70305544
0.7023747
0.70422864
0.70053726
0.7015131
0.70551103
0.7046667
0.70023817
0.70157295
0.70057917
0.70656943
0.70147425
0.7050436
0.70182455
0.7007756
0.6990123
0.70097864
0.70196164
0.7010734
0.70253754
0.7005317
0.70140254
0.7024252
0.7019686
0.69934195
0.7038374
0.7026484
0.7052096
0.70054686
0.70037866
0.70463175
0.6992717
0.7008118
0.7033156
0.70357984
0.70322037
0.7028076
0.70664644
0.70044285
0.6994149
0.6973499
0.70327336
0.70208603
0.6982133
0.7056387
0.7040751
0.70404637
0.6991293
0.70529723
0.7011484
0.7009761
0.7009387
0.70278627
0.7023971
0.70069116
0.69976276
0.7042386
0.703517
0.70011103
0.7033721
0.70247424
0.70183563
0.70250523
0.701441
0.69937533
0.70266134
0.7011428
0.7076482
0.70307136
0.7045443
0.7068225
0.7052102
0.7028041
0.70123744
0.7034542
0.7020795
0.7054833
0.7020547
0.70057285
0.7041645
0.7016368
0.6972061
0.7021682
0.7064608
0.70807153
0.70428735
0.7048931
0.7039585
0.6986449
0.70259744
0.6995669
0.70128804
0.70440805
0.7010277
0.6998029
0.702305
0.70340335
0.69465953
0.70307684
0.7007092
0.70518565
0.70120347
0.7014219
0.6990923
0.69969106
0.6994157
0.7044951
0.70400316
0.70038944
0.7049462
0.70132375
0.70569515
0.7009429
0.70806056
0.7025236
0.70207465
0.7011914
0.70303434
0.70633584
0.7023867
0.69879204
0.70371103
0.7024906
0.704447
0.70341617
0.69992626
0.7026914
0.7009131
0.7009865
0.70669067
0.70099974
0.7043602
0.6985256
0.7030565
0.69913816
0.7032642
0.70250344
0.7018779
0.7008703
0.70011365
0.70742524
0.7019556
0.70241946
0.70531476
0.70177335
0.7039479
0.70320845
0.7050649
0.7016034
0.706189
0.7026128
0.70122135
0.70689523
0.7039051
0.70425165
0.70310575
0.70416886
0.70474964
0.7009278
0.7003777
0.7006424
0.7058585
0.70276445
0.7032803
0.702305
0.70026064
0.6989949
0.7018593
0.703787
0.70130104
0.70102537
0.6984193
0.7039585
0.70610356
0.7016621
0.7033763
0.7013872
0.69829977
0.7039057
0.7047677
0.70274806
0.7029926
0.69894075
0.7044404
0.70347244
0.7014839
0.70609933
0.70245475
0.7033907
0.7053409
0.704082
0.70307064
0.70203346
0.7071992
0.701772
0.70167786
0.7021494
0.70228624
0.7046872
0.7049195
0.7005687
0.7091811
0.7035629
0.70552534
0.70724314
0.7012847
0.70230293
0.7077941
0.7045954
0.70372564
0.7014473
0.7011559
0.7057502
0.70064306
0.7068203
0.7034494
0.7079139
0.70100325
0.7045232
0.70686483
0.70560694
0.7009966
0.70115906
0.7023891
0.70474017
0.702881
0.7005628
0.7012558
0.7050111
0.71116257
0.7074033
0.7016794
0.70320284
0.7066478
0.7041915
0.7029951
0.7062394
0.7017369
0.70585155
0.7031471
0.7053675
0.7043365
0.7035875
0.70348203
0.7019421
0.7083821
0.7058531
0.7062154
0.7022145
0.702451
0.7008818
0.7021599
0.7039814
0.70599633
0.7032043
0.7058571
0.70456916
0.6993855
0.70225716
0.70556563
0.71211576
0.70469975
0.69974196
0.70504516
0.704447
0.7038851
0.70391774
0.7052338
0.7037422
0.7045544
0.70097744
0.7020335
0.70594865
0.7063916
0.70583177
0.7084704
0.7065402
0.70349544
0.7043128
0.703419
0.70402867
0.70384747
0.70396364
0.7015011
0.70215946
0.70528054
0.7052559
0.7018679
0.7014852
0.7055988
0.7014617
0.70124596
0.70524573
0.70303273
0.70812434
0.7033167
0.7031267
0.704583
0.7024583
0.707839
0.703944
0.6976413
0.70432013
0.7036214
0.71078205
0.7008602
0.70708895
0.7023908
0.7078236
0.7069056
0.70503396
0.6995929
0.70551825
0.7015454
0.7071949
0.700544
0.7023797
0.7013478
0.70703906
0.7024788
0.70285225
0.7060568
0.70436305
0.7017516
0.70501
0.70427984
0.7089343
0.7071203
0.70306003
0.70344913
0.7028135
0.7038053
0.70224166
0.70306575
0.7068457
0.7072914
0.7035119
0.7123099
0.701909
0.70211756
0.699873
0.70737183
0.70707476
0.70149326
0.7016844
0.70225346
0.7048747
0.70344824
0.70286715
0.7072842
0.70589554
0.7058058
0.7035453
0.7024753
0.7037142
0.7060165
0.70112115
0.7014742
0.7056934
0.70316046
0.7036297
0.7017991
0.7039804
0.7069994
0.7053342
0.70792234
0.702058
0.70503026
0.7052774
0.70453584
0.7059746
0.70186895
0.70184577
0.705216
0.7056184
0.7070966
0.70133346
0.70121497
0.7019748
0.70337194
0.70331305
0.7035286
0.70284885
0.70427084
0.7041569
0.70134884
0.70467377
0.7034004
0.70677
0.7059054
0.70424825
0.70659655
0.7073706
0.70912856
0.7030777
0.70539415
0.7041173
0.7032149
0.7099461
0.7063716
0.7079462
0.70291024
0.7040455
0.70561945
0.7041256
0.7088515
0.7060912
0.7040213
0.7085169
0.7040531
0.7040763
0.70275897
0.7062588
0.7021627
0.705518
0.7081398
0.7062222
0.7059725
0.70390344
0.7043063
0.70058477
0.70640945
0.70954317
0.703959
0.706103
0.7061531
0.6993689
0.7038519
0.70413953
0.7035544
0.7047634
0.7065738
0.7083275
0.7052296
0.70415485
0.7055912
0.70579845
0.7073004
0.7067229
0.7005142
0.7066998
0.7059321
0.70211035
0.7051844
0.70317405
0.704063
0.70240325
0.7046094
0.7012045
0.7041402
0.70712644
0.7038829
0.7023441
0.70247424
0.70463157
0.704705
0.70621306
0.70391077
0.707212
0.70628184
0.70692855
0.70316285
0.70315266
0.70506
0.70848066
0.7062308
0.7031046
0.7033788
0.70477086
0.7062047
0.7043069
0.7041668
0.7061539
0.70629066
0.7017744
0.70418215
0.70491564
0.70356256
0.7036637
0.7040966
0.70317274
0.70421124
0.7062605
0.7104186
0.70701325
0.7049893
0.7081624
0.7034831
0.70717335
0.7026782
0.7064207
0.7045347
0.7062468
0.70885193
0.70965075
0.7066492
0.7062176
0.7043185
0.707058
0.70587856
0.7052739
0.70573145
0.70496374
0.70476395
0.7030362
0.70439786
0.70550126
0.7057753
0.702587
0.70193976
0.7041174
0.7062954
0.70548266
0.7064101
0.708686
0.71073616
0.7054511
0.7009691
0.7050083
0.7038301
0.7029575
0.70500314
0.70590717
0.70646554
0.7033628
0.7061586
0.7067972
0.70668286
0.70366555
0.70517653
0.70805794
0.7086534
0.7103388
0.70484567
0.7051216
0.70522696
0.704686
0.7068071
0.70608336
0.70335007
0.7083339
0.70474327
0.7110078
0.7059055
0.70784616
0.7059293
0.7109513
0.70569915
0.7070572
0.7037593
0.7052494
0.7046309
0.70467657
0.7082982
0.7061717
0.70581746
0.70359886
0.7074408
0.7070269
0.70798796
0.7038239
0.70569015
0.709926
0.706526
0.70788455
0.70585275
0.7039372
0.7083234
0.70345503
0.71123034
0.70586437
0.70228595
0.7040761
0.703123
0.7067298
0.7020357
0.7048777
0.70656556
0.70596147
0.70318925
0.70683914
0.705073
0.7028658
0.7069136
0.70435506
0.70712954
0.7064704
0.70427275
0.7063486
0.70616645
0.70720977
0.7056081
0.70424694
0.7045355
0.7068741
0.70903665
0.70606863
0.7107682
0.70305485
0.7044458
0.7090509
0.7069783
0.70770913
0.7090041
0.70721877
0.70248175
0.70405346
0.7070911
0.7095788
0.7044994
0.7066939
0.7100221
0.7093762
0.7114515
0.7047353
0.70808995
0.7077606
0.7064915
0.7080744
0.70632696
0.7071205
0.7041252
0.70517206
0.709089
0.7094357
0.70460737
0.7077467
0.70711356
0.7075219
0.70888114
0.71097267
0.7065832
0.7033903
0.7063575
0.7094553
0.7054113
0.70931226
0.70286727
0.7082289
0.7068255
0.70643437
0.7074711
0.70464325
0.7073042
0.7057571
0.7059468
0.7035799
0.7083856
0.7074476
0.71200466
0.7082777
0.7041679
0.7083943
0.70915705
0.70619607
0.70428926
0.7060177
0.7063597
0.7068451
0.705972
0.7069459
0.70583516
0.70353895
0.7068361
0.70158654
0.70360035
0.70798206
0.70653266
0.70714074
0.7047731
0.70305103
0.7066467
0.7069749
0.704295
0.7082818
0.70394933
0.7050552
0.71067125
0.701139
0.7090487
0.70432097
0.70129263
0.7064756
0.70442915
0.70755243
0.7078701
0.7063684
0.70658445
0.7062802
0.70547247
0.7064347
0.70650893
0.7066761
0.7081829
0.70811987
0.7094013
0.7068849
0.7108131
0.71032417
0.7075079
0.70880353
0.7036023
0.7100112
0.7073208
0.70545334
0.71097994
0.70352215
0.70627797
0.7045517
0.70782214
0.7079018
0.7053749
0.7099201
0.70800745
0.7074745
0.7057004
0.7079062
0.7072352
0.70490474
0.7061213
0.7095328
0.7095665
0.7051629
0.7080452
0.70642155
0.7082219
0.7118465
0.70671177
0.7072733
0.70457983
0.70638484
0.70570064
0.7058506
0.70754105
0.70573616
0.70367426
0.7106398
0.7069289
0.7055741
0.70646447
0.71127933
0.70337456
0.70664775
0.7032304
0.7090233
0.7066147
0.70888144
0.70587945
0.7044235
0.7063504
0.70779616
0.7092276
0.7094388
0.7040309
0.71092826
0.71038145
0.70556426
0.7091837
0.71310115
0.7079435
0.70785874
0.7076859
0.706182
0.70794153
0.7082697
0.7104106
0.7088596
0.7077613
0.7097627
0.7058745
0.7075756
0.7065077
0.70360464
0.70401925
0.7080245
0.70753986
0.70675427
0.7056119
0.7058814
0.70188016
0.70886546
0.7022954
0.7073967
0.70559895
0.7060879
0.709952
0.708721
0.70903915
0.7078872
0.70587504
0.70824915
0.70709753
0.7046897
0.70692843
0.70635515
0.7086958
0.7053918
0.70778686
0.70829046
0.7088233
0.70319766
0.70386744
0.70657986
0.7099223
0.7052973
0.7068666
0.7047633
0.7059747
0.702177
0.7065823
0.71162283
0.7083128
0.70843893
0.7050488
0.7089902
0.70336807
0.7061963
0.7065294
0.7055669
0.70914286
0.7057922
0.71025217
0.70772314
0.70227194
0.7065748
0.7067051
0.7057229
0.70719016
0.70605993
0.7069444
0.70931476
0.7052436
0.7078644
0.70508945
0.70735174
0.7060824
0.70573527
0.7084299
0.704777
0.7102824
0.70911324
0.7054072
0.7079015
0.70700884
0.70539814
0.7057097
0.7066121
0.7069258
0.70769334
0.7057789
0.7069791
0.7096412
0.70504916
0.70841676
0.7046968
0.7090331
0.7051882
0.7071906
0.7068458
0.712077
0.704107
0.70677245
0.7090351
0.7062508
0.70585614
0.7065865
0.70365196
0.71013045
0.70877206
0.7070516
0.70418704
0.7073069
0.7063291
0.70924616
0.70783377
0.7057615
0.7079137
0.7080997
0.7029222
0.7061682
0.71230114
0.70778555
0.7052544
0.7063099
0.7126406
0.7072854
0.70689905
0.70390886
0.70340437
0.7035258
0.7108526
0.70214695
0.7053806
0.70512736
0.7048266
0.707747
0.70295024
0.7052933
0.7082954
0.7077788
0.7107051
0.70652044
0.7038369
0.70830667
0.70056677
0.70579755
0.70917994
0.7093425
0.7089986
0.71123487
0.71030706
0.7086545
0.70435596
0.70429647
0.7134614
0.70565015
0.7038757
0.7054304
0.7043845
0.707811
0.7034564
0.7030976
0.7041379
0.70145404
0.71111536
0.7019445
0.7050146
0.7070281
0.7038067
0.70546323
0.7063167
0.70599973
0.70584506
0.7052323
0.7073984
0.70575285
0.70706886
0.7053181
0.7056477
0.7066121
0.7082408
0.70826584
0.7063699
0.702028
0.704434
0.7061285
0.7069756
0.7073628
0.7051212
0.70754224
0.705299
0.7059253
0.70582217
0.70957386
0.70094144
0.7123365
0.7059907
0.70780677
0.70203
0.7037499
0.7108983
0.7072826
0.7064741
0.7072231
0.70637757
0.7040251
0.7061623
0.70765394
0.70482206
0.7062019
0.7027185
0.7055561
0.70596886
0.70672476
0.70630026
0.7065253
0.7066748
0.71247095
0.7047935
0.708346
0.70516855
0.70298386
0.70793825
0.70590156
0.7087085
0.7072517
0.70749825
0.7062887
0.7042456
0.7030255
0.7038757
0.7122021
0.7097011
0.7070398
0.7079188
0.70865357
0.71117467
0.7071004
0.70580745
0.7073655
0.7058515
0.70934415
0.7057158
0.7047691
0.7071948
0.7070173
0.71035594
0.7043907
0.70539665
0.7098261
0.706456
0.7073716
0.7020039
0.7054827
0.70644903
0.7073424
0.70801765
0.71096283
0.7027281
0.7071555
0.706215
0.70924515
0.7065533
0.7058782
0.70680946
0.7046068
0.70404196
0.7067114
0.7071469
0.7088146
0.7058872
0.70681465
0.70536387
0.7059022
0.70880693
0.7054022
0.70448214
0.7058068
0.70556724
0.70852774
0.70651644
0.70596844
0.7088476
0.7063259
0.70804197
0.7057872
0.70475787
0.7055149
0.7062498
0.70243335
0.70927954
0.7063533
0.7023572
0.7029974
0.7055839
0.706539
0.7058595
0.7045444
0.7079932
0.7036331
0.7026452
0.70572203
0.7062056
0.70619535
0.70603704
0.7063131
0.705779
0.70937705
0.70541674
0.7080434
0.7051118
0.71154135
0.70671195
0.70501554
0.7060095
0.7071378
0.7059101
0.7059578
0.70307034
0.7072674
0.70819706
0.7065845
0.70657295
0.70681673
0.70565724
0.7046449
0.7038084
0.70604587
0.7034524
0.70464873
0.7052613
0.70738375
0.70544946
0.7048934
0.7065895
0.70778257
0.70759517
0.70747626
0.70165706
0.7027823
0.70634985
0.7038512
0.70380884
0.7064754
0.7056892
0.7076799
0.7042875
0.705638
0.7071937
0.7104945
0.7085888
0.7080408
0.70647115
0.70190525
0.7056321
0.7093897
0.70628315
0.7080322
0.7040082
0.7053465
0.70577145
0.7042522
0.70301807
0.70500743
0.70580804
0.7035187
0.70284754
0.7073024
0.70336574
0.7020873
0.7065885
0.7088561
0.711047
0.7059738
0.7119443
0.70614606
0.70771116
0.7050576
0.70946485
0.70665264
0.70696616
0.70715326
0.70594245
0.7064969
0.7068806
0.70577824
0.7076195
0.7103671
0.7074174
0.7046353
0.7055519
0.7070362
0.7041224
0.7043445
0.71038294
0.70538795
0.70409346
0.70560706
0.7070358
0.7062147
0.70605755
0.7060781
0.7076913
0.70942754
0.7067276
0.70675904
0.70812404
0.70644766
0.7056765
0.7112488
0.70556396
0.7071455
0.70326936
0.7050347
0.7063492
0.7074648
0.70708865
0.7080614
0.7079918
0.7047797
0.7089344
0.7055036
0.70445377
0.7071492
0.70770454
0.7060447
0.7090401
0.7102306
0.70510536
0.7075389
0.709203
0.70614433
0.7064278
0.70349073
0.7140341
0.7054803
0.7103281
0.708382
0.7069446
0.7050292
0.70673007
0.7047635
0.7028656
0.7067898
0.7039526
0.7099533
0.7061413
0.70422703
0.7059133
0.70945156
0.70894164
0.7070575
0.70319414
0.70448226
0.7080654
0.7085881
0.706567
0.70573497
0.708286
0.7039007
0.70415986
0.7041744
0.705359
0.70525837
0.7078438
0.7036519
0.7045761
0.70775306
0.70544034
0.70559406
0.7077854
0.70677656
0.70785713
0.70640373
0.7093072
0.7052925
0.70457256
0.70841753
0.70542943
0.7026681
0.70364445
0.7037085
0.70720947
0.7084924
0.7079075
0.70753837
0.7082744
0.70901275
0.70658636
0.71158093
0.70771694
0.7112196
0.7112466
0.70599574
0.70904803
0.70994055
0.7103569
0.7050291
0.7082836
0.7020199
0.708982
0.70522225
0.7040611
0.71140945
0.70760655
0.70833856
0.7081915
0.70969254
0.70728
0.70867133
0.7062174
0.7057461
0.7058305
0.71012324
0.7101172
0.7108495
0.7049332
0.70816964
0.7066501
0.7061595
0.7053993
0.70412785
0.7084607
0.70455146
0.7081587
0.7075037
0.7081202
0.70833313
0.7061488
0.708725
0.7029561
0.70700765
0.71471673
0.7094763
0.70580035
0.7083357
0.7060612
0.7080258
0.70836145
0.70610535
0.7092367
0.70844567
0.71011186
0.70758003
0.70932573
0.71031594
0.7045439
0.70463467
0.7079282
0.70775616
0.7052241
0.7029222
0.704945
0.70677334
0.7086259
0.71086216
0.7051155
0.7072535
0.70527774
0.71078
0.70309144
0.7083213
0.70625097
0.7063492
0.7045056
0.7104082
0.7062792
0.70355314
0.70558035
0.70314574
0.70586014
0.7067146
0.7024974
0.7039549
0.7069619
0.7089847
0.710418
0.7075392
0.7057913
0.7104041
0.7037794
0.7068112
0.70826757
0.7086569
0.70185673
0.70509243
0.7073163
0.71297616
0.7058314
0.70580596
0.7055831
0.7058628
0.7068141
0.70377564
0.7053314
0.70362073
0.70416296
0.7099598
0.7084438
0.70567465
0.7039425
0.7077419
0.7034332
0.71035177
0.70551735
0.7018944
0.70440227
0.6999709
0.70498526
0.70502263
0.7037595
0.7058226
0.7049405
0.7037849
0.7060055
0.7038893
0.702189
0.7045809
0.7056834
0.7043579
0.70462435
0.7060895
0.70421153
0.7069644
0.7041822
0.7085105
0.7022237
0.7049847
0.7046621
0.7023189
0.71067274
0.70479333
0.7055525
0.7037867
0.7032716
0.7044757
0.7020211
0.7058899
0.709351
0.7065846
0.70641375
0.7054476
0.70804465
0.7075716
0.7080723
0.70658547
0.70265025
0.7036712
0.7067765
0.7084066
0.70887357
0.70342934
0.70263505
0.7053353
0.70366037
0.7050842
0.7042168
0.7064603
0.70924044
0.7030826
0.7035867
0.7056744
0.7051931
0.7024898
0.70450443
0.7044088
0.70271564
0.703173
0.7043169
0.70543146
0.7082696
0.70360965
0.7040161
0.70658034
0.7036328
0.70766336
0.7045767
0.7012191
0.70711195
0.7036438
0.70488846
0.7028636
0.70245886
0.7022468
0.7035286
0.7058677
0.70364904
0.7064109
0.7007063
0.7030848
0.7038216
0.7034294
0.7014808
0.70161104
0.70400554
0.703614
0.7044691
0.70331156
0.7056835
0.7010381
0.7025466
0.70133233
0.70719355
0.70479834
0.7045745
0.702555
0.70316064
0.70352393
0.7026829
0.70679325
0.7048525
0.70541006
0.7042499
0.702065
0.7036241
0.7027033
0.7008278
0.7061149
0.7042709
0.7065015
0.7054054
0.7020118
0.7058774
0.70334744
0.70429176
0.706013
0.7053523
0.7026699
0.70339495
0.7053122
0.70438737
0.7056819
0.70665187
0.7065733
0.70619506
0.7054423
0.70412976
0.7074831
0.7061952
0.70281714
0.70649487
0.7061648
0.7060963
0.7033673
0.7034413
0.70154285
0.70252323
0.7051681
0.7085107
0.7067303
0.7067326
0.70306504
0.70369655
0.7008897
0.7050911
0.7018436
0.7025973
0.6992936
0.7061857
0.7030241
0.7026396
0.70695186
0.70486945
0.7024749
0.70292574
0.7067246
0.7035068
0.70558995
0.70427173
0.7048122
0.7050438
0.70648503
0.7129484
0.7064225
0.7053264
0.7043198
0.7087581
0.7029352
0.7052811
0.7014784
0.7066636
0.7053663
0.7023301
0.70150375
0.7056097
0.705489
0.7033504
0.7073524
0.70267415
0.7043897
0.7024414
0.7046738
0.7066702
0.7071149
0.7031315
0.7055669
0.7008518
0.7029033
0.70392644
0.70610845
0.7014733
0.70420057
0.7057148
0.7055715
0.70369375
0.70349646
0.704943
0.7071574
0.7080993
0.70278484
0.701185
0.7048382
0.7018115
0.7017827
0.7054089
0.70404476
0.70331305
0.7015043
0.7002034
0.703312
0.7046567
0.70326185
0.7067512
0.70458627
0.7031824
0.7047127
0.7071237
0.70387226
0.7073227
0.7006796
0.70440173
0.70698184
0.70416236
0.70414597
0.7063136
0.70199203
0.70526934
0.7070342
0.7052538
0.7026512
0.70621824
0.7023857
0.7036615
0.7039361
0.70625067
0.70585626
0.7042891
0.7071744
0.7039483
0.70229256
0.70023364
0.70481193
0.7017941
0.702601
0.7096993
0.7063651
0.708282
0.70728326
0.7049294
0.7015147
0.7057846
0.702619
0.7034994
0.7084092
0.7029968
0.7042702
0.7052788
0.70147616
0.70294195
0.7022881
0.7066155
0.7042906
0.705658
0.70135975
0.70004636
0.70224357
0.7032429
0.701176
0.7061854
0.70192766
0.6987597
0.7071728
0.70461726
0.7008368
0.6998544
0.7049393
0.70574147
0.703114
0.7078646
0.70755994
0.70351565
0.7042645
0.7063033
0.70394725
0.7051537
0.7030305
0.7063065
0.70587504
0.70590967
0.70686805
0.70339835
0.7030731
0.7086695
0.7018409
0.7051389
0.7039952
0.70643127
0.7070799
0.70997864
0.7090558
0.7063086
0.70816845
0.7060325
0.7060459
0.70207036
0.70338696
0.70760655
0.70490634
0.7005625
0.7081311
0.7075493
0.7059757
0.7083705
0.7059311
0.7027177
0.7040937
0.70562094
0.70440894
0.703778
0.70153785
0.70164067
0.7070272
0.70314455
0.7021563
0.7065212
0.7058361
0.70155966
0.69773275
0.70001805
0.69957644
0.70419145
0.70446336
0.7031045
0.701617
0.7034993
0.7027525
0.70386714
0.7040369
0.7060181
0.70223856
0.7030015
0.7066329
0.7049275
0.70285106
0.7045324
0.70644426
0.7009184
0.7048747
0.70700896
0.7017411
0.70251614
0.70404214
0.70844793
0.7040002
0.703
0.7056261
0.705624
0.7007777
0.70391434
0.70387983
0.70785284
0.7060455
0.7088456
0.7041623
0.70852655
0.70374805
0.7015609
0.7028828
0.70460385
0.70257634
0.70548105
0.7052242
0.706229
0.7043493
0.69874644
0.7005012
0.70040447
0.7023323
0.7024496
0.7026909
0.70810205
0.70126325
0.69861746
0.70376027
0.70075536
0.70578116
0.7009813
0.7059995
0.700642
0.7006084
0.70472914
0.7054049
0.70527154
0.7007153
0.7025898
0.70095235
0.70380867
0.7033857
0.7069269
0.70077395
0.7027106
0.70206213
0.7016568
0.70388395
0.70542324
0.70762587
0.7044558
0.70656765
0.7024432
0.7015934
0.70389336
0.70429564
0.7021535
0.707682
0.70469236
0.7023139
0.70542735
0.705028
0.7018992
0.70244735
0.7052635
0.7057926
0.7028134
0.70323503
0.71163493
0.7020966
0.70031565
0.7044072
0.70800436
0.7062541
0.7033188
0.69803154
0.7009816
0.7037052
0.7049482
0.70693654
0.70089895
0.7012225
0.6997654
0.70525175
0.7005827
0.7008082
0.70301574
0.7023805
0.7064252
0.70283765
0.70228404
0.7006322
0.7040312
0.7004179
0.7046501
0.70537317
0.70339733
0.7030888
0.7059748
0.70536464
0.7093911
0.702326
0.7024572
0.7032955
0.70248884
0.7067852
0.70502853
0.70269936
0.7076331
0.7074831
0.70334065
0.7012274
0.69980955
0.70260924
0.70505387
0.70331717
0.702517
0.70243645
0.7015647
0.7025622
0.7023338
0.70290935
0.7023518
0.70252144
0.7033339
0.7009879
0.69998723
0.70520496
0.7011613
0.70130205
0.7040658
0.7068839
0.6993538
0.70419776
0.70428365
0.7007168
0.7023997
0.70287275
0.7044488
0.70518905
0.7011478
0.7053499
0.7012335
0.7026057
0.701834
0.70765084
0.7050501
0.7025749
0.70196724
0.7028057
0.7034766
0.70474654
0.7068787
0.7037466
0.7025944
0.7045205
0.7030487
0.7033631
0.7087371
0.7060119
0.7011848
0.6999645
0.70501
0.70515054
0.7047681
0.7062173
0.7030919
0.7040919
0.70326185
0.7020379
0.7030557
0.7026347
0.70829153
0.70464736
0.7006691
0.70288676
0.699954
0.70344007
0.7013117
0.70219374
0.7017137
0.701123
0.7034219
0.7030056
0.7012517
0.70139104
0.7042663
0.70247155
0.70684457
0.69976515
0.70288396
0.7042275
0.70196944
0.7040941
0.7057852
0.7027233
0.70195657
0.70129335
0.69945544
0.7017452
0.70363075
0.70207995
0.70476013
0.7030105
0.7065676
0.7042286
0.70259786
0.70495826
0.7046192
0.70270514
0.7064657
0.7050551
0.70618415
0.70096755
0.70147806
0.70687217
0.7019646
0.703408
0.70134646
0.7020933
0.70429796
0.7036436
0.7052773
0.7047464
0.7028631
0.70589787
0.69777364
0.7016406
0.7011599
0.70177555
0.7012872
0.7059905
0.7034836
0.70600337
0.70435506
0.7011377
0.70277214
0.70030594
0.69865894
0.701585
0.70261633
0.7009867
0.70821744
0.7017429
0.7049626
0.70521384
0.70638543
0.7063898
0.701069
0.7031739
0.709186
0.70113295
0.701272
0.70490384
0.7059944
0.70158845
0.7016883
0.7019341
0.69894034
0.704886
0.7031522
0.70264375
0.7023551
0.7032775
0.7091248
0.69938165
0.7049972
0.70089716
0.70120007
0.6989544
0.70279235
0.7047168
0.6994135
0.701946
0.6991334
0.7054436
0.70048267
0.7023029
0.70305836
0.7042834
0.70628524
0.6992983
0.7030726
0.70433474
0.7028772
0.6999455
0.70321006
0.7045805
0.7075141
0.7054229
0.70065325
0.7007082
0.7068509
0.70165193
0.7063253
0.7023874
0.70154846
0.70107853
0.7014704
0.7042542
0.70548934
0.7024697
0.7015786
0.6986534
0.7009769
0.6997749
0.7034559
0.7035715
0.7030144
0.70339924
0.7021664
0.70092505
0.69807506
0.7005558
0.69804466
0.70067775
0.6997598
0.70493406
0.6995305
0.70160425
0.7003535
0.69729346
0.7044673
0.70402193
0.7003188
0.70051974
0.70377856
0.7037654
0.7068703
0.7013475
0.70493793
0.7021966
0.7044225
0.70174545
0.70084065
0.7056358
0.70122117
0.7044834
0.6986239
0.70353365
0.7041087
0.70352215
0.7020687
0.7003188
0.70003796
0.70005625
0.7010047
0.70348954
0.7020693
0.7022304
0.70256495
0.7020642
0.7027049
0.7086115
0.7000057
0.7052604
0.7014392
0.7027433
0.7024176
0.7008084
0.70167345
0.70021206
0.69992256
0.7049969
0.7011736
0.70417726
0.7033008
0.70041347
0.6985821
0.7021953
0.70236623
0.69909215
0.6997714
0.70544904
0.7046502
0.7030119
0.7048767
0.7017783
0.7037379
0.6977226
0.70176774
0.7011873
0.7008427
0.7031503
0.7024235
0.7006345
0.6979144
0.7015051
0.7044459
0.7040788
0.7031177
0.70346475
0.70028305
0.70595133
0.70607805
0.70313257
0.70242846
0.69932604
0.6988438
0.70122755
0.70138246
0.70098597
0.7002445
0.7033074
0.70313764
0.7003937
0.70488924
0.7002184
0.70377153
0.69916695
0.7059032
0.70102435
0.70214355
0.70213366
0.70630866
0.7018787
0.70011413
0.7021
0.7002855
0.6980599
0.7027128
0.70137703
0.70606935
0.7065464
0.70379376
0.69900185
0.70206106
0.7008355
0.70156544
0.700843
0.703443
0.6986406
0.70085627
0.704417
0.70463777
0.70230067
0.7043279
0.7014342
0.70102155
0.6993601
0.698343
0.7014822
0.70336515
0.7001331
0.7011145
0.7029484
0.7062444
0.7039762
0.6993251
0.7046917
0.69995
0.7016194
0.6993119
0.7003646
0.7019466
0.70316136
0.6961288
0.70247215
0.7000978
0.6984044
0.7005906
0.7037972
0.70244205
0.70390695
0.7027297
0.6991846
0.70069844
0.6960401
0.7002832
0.700221
0.70288247
0.70023704
0.7010988
0.6997657
0.7063096
0.70399827
0.7020295
0.7004903
0.7042044
0.6998938
0.7027821
0.7042664
0.7009585
0.70337456
0.7009501
0.7001417
0.6988622
0.7000851
0.7047193
0.7056219
0.70360565
0.70179576
0.6994673
0.6990798
0.7006024
0.70247865
0.7039304
0.70334905
0.70146585
0.7036123
0.69799405
0.70396763
0.7040979
0.7019853
0.7033963
0.70084476
0.70477146
0.70109093
0.70193607
0.6998983
0.7014567
0.6996396
0.6975464
0.69983256
0.7028634
0.6971173
0.7027008
0.699851
0.6982684
0.70059824
0.69961965
0.7026316
0.7023679
0.70004463
0.70456254
0.70085317
0.70220673
0.7031902
0.7044712
0.7027151
0.705498
0.7031026
0.703223
0.70412534
0.703226
0.7035681
0.702362
0.7005609
0.70391184
0.7026179
0.70435065
0.70020306
0.7006491
0.7032897
0.70153916
0.70040774
0.701758
0.6989216
0.70201254
0.7024223
0.6995619
0.70401603
0.702825
0.70348483
0.69989794
0.69934386
0.70190316
0.7048543
0.6999634
0.6995365
0.70039535
0.7011561
0.69980204
0.7064727
0.6999209
0.7007244
0.7018833
0.70329815
0.7010387
0.6989158
0.7025661
0.70074135
0.7030218
0.702878
0.70113564
0.69567126
0.7002174
0.7019008
0.6991585
0.7005766
0.70384365
0.7018018
0.6991617
0.6994759
0.69910276
0.7019578
0.7055555
0.703408
0.7019361
0.70627195
0.70098466
0.70033145
0.6988373
0.69941884
0.7046051
0.7037076
0.6994942
0.704597
0.7019069
0.6976261
0.6970852
0.7017563
0.70178235
0.70117146
0.70222586
0.6983434
0.6994387
0.7052196
0.70324975
0.702876
0.6993995
0.70201796
0.7028476
0.7026036
0.70090467
0.6985615
0.69958276
0.6984932
0.69935364
0.69803
0.7017442
0.7003203
0.70225185
0.70074123
0.7016028
0.69771147
0.700735
0.7016883
0.70033044
0.7024498
0.7070809
0.70244515
0.69797754
0.7041454
0.70530844
0.7013545
0.7034411
0.70284307
0.7016768
0.70430106
0.7028911
0.7014626
0.69952804
0.69940966
0.69913304
0.7032147
0.70158625
0.70020205
0.70051825
0.7038493
0.7042768
0.70477366
0.702209
0.6991889
0.70132565
0.70286155
0.7003296
0.703382
0.70268416
0.7054677
0.6994436
0.7006872
0.7068796
0.70308083
0.6992601
0.698916
0.704995
0.70173144
0.7048303
0.7031064
0.7055862
0.70199114
0.70156306
0.7038796
0.70132756
0.7050082
0.70166206
0.6987119
0.70346117
0.702298
0.70768434
0.7036142
0.70280147
0.70080745
0.70224935
0.7028391
0.6989508
0.70188636
0.6968067
0.6993356
0.6969282
0.704665
0.7052557
0.70534074
0.6976158
0.70217025
0.70090646
0.70019925
0.7004506
0.7041272
0.6974513
0.70232767
0.70262736
0.70247936
0.701322
0.703909
0.70012605
0.70117307
0.70068717
0.7016919
0.6979651
0.7025272
0.70148623
0.6991152
0.6994154
0.69933057
0.70202273
0.70108205
0.7006777
0.7028697
0.70049787
0.69983417
0.7033258
0.703135
0.70122576
0.7027354
0.69974214
0.70200807
0.7005069
0.700576
0.7006604
0.6996999
0.70105594
0.7054061
0.7007664
0.7011284
0.69916695
0.70292413
0.7031507
0.6955276
0.6957218
0.7004314
0.6998253
0.700336
0.70499516
0.7011288
0.70281655
0.70220023
0.70068836
0.7013213
0.69717354
0.70389867
0.7018348
0.70013124
