0.69685775
0.6961567
0.6966569
0.6961078
0.69643956
0.69646466
0.6965238
0.69614017
0.6964887
0.69699466
0.69580036
0.6969576
0.6965236
0.6961574
0.6965385
0.6959684
0.6965307
0.6971787
0.6966529
0.6962219
0.69655156
0.6960755
0.6958072
0.6968574
0.6961683
0.6965041
0.6963797
0.69634104
0.696503
0.6959852
0.6964682
0.6963766
0.6964529
0.6967346
0.69674844
0.6967685
0.69634897
0.69592196
0.6965947
0.69631463
0.69645
0.6967759
0.6963541
0.6961889
0.6963811
0.69616663
0.6960157
0.6963995
0.69608194
0.6964258
0.6964652
0.69615686
0.6962249
0.6961104
0.6958068
0.696176
0.69673514
0.6964736
0.69681805
0.69580036
0.69643956
0.6963882
0.69660586
0.6961202
0.69579774
0.6961379
0.6964324
0.6965266
0.6957803
0.6959802
0.6959948
0.6968255
0.69655406
0.6961277
0.69653946
0.6953069
0.6961605
0.6968398
0.6961157
0.69648784
0.69629145
0.6963001
0.69594747
0.69599867
0.6969151
0.6961693
0.6960899
0.69656426
0.6962355
0.6963633
0.69614357
0.6956474
0.69626826
0.6963417
0.6959446
0.6965545
0.6960597
0.69650275
0.6964207
0.6955964
0.6960299
0.6962813
0.69595516
0.6957799
0.6967793
0.6961313
0.6967705
0.695913
0.6963017
0.69591826
0.69654113
0.69610286
0.69571215
0.6961037
0.6961512
0.69643027
0.6959793
0.6957178
0.6962943
0.69609725
0.695857
0.6957612
0.69614553
0.6962337
0.69606334
0.69592625
0.6955725
0.6961936
0.6959433
0.69622344
0.69652444
0.6960638
0.69620913
0.69630325
0.6966643
0.6963359
0.69606453
0.69590217
0.69616604
0.695787
0.69651544
0.69600296
0.69617224
0.69611937
0.6964504
0.69599074
0.6961839
0.6961395
0.6962647
0.6964274
0.69620115
0.6960263
0.696455
0.696078
0.6959877
0.6955962
0.69633776
0.695449
0.6965435
0.69601077
0.69613755
0.6966966
0.6959281
0.69617397
0.6965351
0.6959646
0.6959122
0.6964661
0.69617575
0.69581425
0.69644034
0.69623125
0.6958695
0.6963261
0.6966312
0.6961144
0.6961054
0.69618225
0.69595414
0.6962553
0.69591385
0.69601125
0.69603467
0.6960363
0.69594
0.6962307
0.69650257
0.6958605
0.69594425
0.6966372
0.6962495
0.69572264
0.6959424
0.6964582
0.69623727
0.696052
0.69566566
0.69650745
0.6955914
0.6963834
0.69617957
0.6959619
0.6962037
0.69632035
0.6962214
0.6961629
0.69633204
0.69607544
0.69593704
0.6960645
0.6959362
0.69582015
0.69645256
0.69631207
0.69626075
0.69546485
0.69629896
0.6962209
0.6961503
0.69614583
0.6961988
0.6958971
0.6959801
0.696252
0.69578284
0.6963919
0.6959879
0.6961875
0.6957255
0.6966075
0.6961422
0.69563276
0.6965556
0.6961091
0.6965012
0.6960781
0.6959696
0.6958077
0.69580084
0.69621044
0.69543284
0.6961487
0.6956102
0.6964905
0.69641453
0.69630206
0.69628674
0.69605845
0.6960825
0.695804
0.696415
0.6966093
0.6964661
0.6962994
0.69619924
0.69554186
0.6963396
0.6960972
0.6958677
0.6956756
0.6958565
0.69652957
0.6961576
0.6962229
0.69597685
0.6958567
0.69565654
0.69580704
0.69576275
0.6961856
0.6957407
0.6955836
0.6960109
0.6955013
0.6958185
0.6961611
0.69645965
0.6961811
0.6956645
0.6965813
0.69614077
0.69641787
0.69643843
0.6959893
0.69579846
0.6959964
0.69557554
0.6959989
0.6962484
0.69584996
0.69562995
0.6959172
0.6952574
0.6956655
0.69641143
0.6962863
0.69628394
0.6959284
0.6957557
0.69618416
0.6963002
0.69606495
0.6957362
0.6959125
0.695772
0.696163
0.6960991
0.6960311
0.6959748
0.695775
0.6959026
0.6957472
0.69621474
0.6962677
0.6959775
0.6956808
0.69603455
0.6963398
0.69559515
0.6964896
0.69614756
0.6963683
0.69580644
0.69647795
0.6960058
0.69622123
0.6963806
0.6960222
0.696168
0.695744
0.69607955
0.6962976
0.6963144
0.6961039
0.6955694
0.6961385
0.69602317
0.6962732
0.6961119
0.69602156
0.69635016
0.6963646
0.696174
0.6957846
0.6959314
0.6956544
0.6959867
0.6963299
0.6967804
0.69603544
0.69621503
0.6960339
0.69593704
0.6960733
0.6960594
0.6961521
0.69555765
0.6963191
0.69599855
0.69623905
0.69660306
0.69663733
0.69575614
0.69566023
0.69598097
0.69620687
0.6964434
0.69648623
0.6963034
0.6956276
0.695559
0.6961663
0.69559973
0.69564044
0.69545746
0.69623387
0.69617635
0.69596547
0.6962854
0.6959228
0.69593143
0.6966933
0.6961007
0.6960935
0.6966861
0.6957174
0.6956116
0.6958607
0.69584197
0.6958439
0.6957361
0.69564265
0.6955404
0.6959974
0.69651175
0.6958429
0.69644445
0.6963447
0.6958982
0.69581
0.6963746
0.6962436
0.69548273
0.6960728
0.69555
0.6961758
0.6962816
0.6958303
0.6960019
0.6959682
0.696406
0.6962926
0.69633806
0.6963367
0.6960764
0.6961199
0.6956122
0.69654125
0.69599795
0.69606215
0.6957277
0.6959672
0.6962281
0.69593114
0.696029
0.69578475
0.696623
0.69660634
0.69660133
0.6962587
0.6963347
0.69627476
0.6962954
0.69626117
0.6959864
0.6962091
0.6964345
0.6961507
0.6958145
0.69614094
0.69658387
0.69536287
0.6959506
0.6957199
0.69612396
0.696278
0.6959168
0.69598883
0.6959224
0.69551635
0.6965725
0.6958103
0.6963063
0.69654703
0.6962385
0.6960001
0.6964402
0.6959245
0.6962107
0.69598883
0.69650507
0.69590515
0.6961853
0.69579357
0.6963958
0.6963227
0.69627106
0.6961809
0.69622797
0.69622266
0.69597095
0.69574755
0.6960721
0.6958006
0.6965024
0.696019
0.6960577
0.695903
0.6964155
0.69640726
0.69625115
0.6966946
0.6965397
0.69601965
0.6958677
0.69614583
0.69648886
0.6962498
0.6960619
0.6960993
0.69579744
0.6966802
0.69639647
0.6966388
0.6958115
0.69659156
0.69650674
0.6962683
0.696117
0.69640744
0.69628644
0.69621104
0.6962226
0.69590265
0.6965656
0.6960003
0.6960835
0.6963543
0.69621724
0.696443
0.6963722
0.6965573
0.69629407
0.6963529
0.69698274
0.6971075
0.69625103
0.696036
0.6965983
0.6963728
0.69644225
0.6961891
0.6961122
0.6962387
0.6964579
0.696231
0.6959993
0.6964005
0.6962883
0.69688356
0.69577605
0.6963109
0.6962365
0.6963509
0.696065
0.69572145
0.69618565
0.6959831
0.6968859
0.69672173
0.696568
0.6961225
0.6959266
0.6960721
0.69660854
0.69634944
0.6965314
0.69624597
0.6963547
0.695781
0.6961761
0.6958985
0.6954168
0.696795
0.6963237
0.69633013
0.6965091
0.69621015
0.69685566
0.6967721
0.69641626
0.69625497
0.69649756
0.6963102
0.69590205
0.69568586
0.69682986
0.6959831
0.69604063
0.6961672
0.6963493
0.6961836
0.69628495
0.6962605
0.6967201
0.69600755
0.6965105
0.6960028
0.6959283
0.69592375
0.6963923
0.6959942
0.6961667
0.6963143
0.6959873
0.6965716
0.69625443
0.6964529
0.6958585
0.69636637
0.69648665
0.6960669
0.69563925
0.69679147
0.6961467
0.6964963
0.69620633
0.6964386
0.69662875
0.69640726
0.69654447
0.69653326
0.6962705
0.69643784
0.69610554
0.6963104
0.6964059
0.696292
0.6962531
0.6958573
0.6962417
0.6968624
0.69623923
0.69651544
0.6961932
0.69629765
0.69591206
0.69619036
0.6964397
0.6964024
0.69585943
0.69560915
0.6955447
0.6965222
0.6959864
0.6965653
0.69612664
0.6962059
0.6964623
0.6964814
0.6967824
0.69632256
0.6965451
0.6962473
0.696855
0.6969386
0.69635266
0.69628024
0.69573915
0.6961897
0.6964672
0.6963835
0.6959367
0.6964735
0.6958702
0.69615537
0.69644505
0.69609785
0.69653916
0.69573754
0.69637865
0.69651276
0.6966214
0.696328
0.6961845
0.69626325
0.6967886
0.69582313
0.69578314
0.69615006
0.6961931
0.6967241
0.6961586
0.69624263
0.69654316
0.6967018
0.6966179
0.6964191
0.69621664
0.69638366
0.6963307
0.6959612
0.6968518
0.69626665
0.69685537
0.6957259
0.69564754
0.69651985
0.6965174
0.6966578
0.6959243
0.6961314
0.69638
0.6968295
0.6962546
0.69642854
0.6967469
0.6965768
0.6967054
0.6962716
0.6965284
0.69665575
0.69713575
0.696078
0.6959392
0.6964433
0.69641244
0.69697404
0.69686544
0.69552153
0.69630516
0.6964386
0.6958963
0.696477
0.6960443
0.69641656
0.6967647
0.69664174
0.6962107
0.6966244
0.6967168
0.69612724
0.6967197
0.69665146
0.69635576
0.6960754
0.69648033
0.69684076
0.69668746
0.6964246
0.6965157
0.696309
0.695855
0.69674146
0.6961439
0.6969763
0.69673437
0.6965442
0.69626063
0.6962914
0.696013
0.6962211
0.69612265
0.6959246
0.6962888
0.6963628
0.6963909
0.69623744
0.6965575
0.69686776
0.6958027
0.69688064
0.6965702
0.69629896
0.69702226
0.69665575
0.6964242
0.69585603
0.6961839
0.6962995
0.6959752
0.6963226
0.6963651
0.69604796
0.69640946
0.69643825
0.6962942
0.6959221
0.696171
0.69640416
0.6960552
0.69671094
0.6965361
0.6963505
0.69658166
0.6965954
0.69641924
0.6967368
0.6957965
0.6961296
0.697172
0.6967667
0.6961425
0.6963996
0.6960093
0.6969008
0.6965163
0.69656783
0.6963706
0.69664323
0.6963074
0.69644624
0.69667697
0.69648343
0.6963121
0.69673705
0.69641006
0.69651824
0.69680154
0.69672155
0.69598734
0.6966278
0.69671416
0.69688094
0.6957774
0.6965557
0.6970105
0.69622177
0.69685507
0.69674623
0.6961426
0.69632006
0.69655067
0.6964008
0.69622403
0.6967616
0.69662416
0.6965618
0.6966551
0.6961786
0.69632185
0.6960083
0.6965392
0.69652253
0.69647604
0.69650084
0.6963557
0.69643325
0.69619
0.6964695
0.69668645
0.6968865
0.69647205
0.6967168
0.696428
0.6964897
0.69662875
0.6961549
0.69650614
0.6963787
0.6962349
0.6963849
0.69615763
0.69662523
0.69612014
0.6957857
0.6959211
0.6964471
0.6964486
0.696589
0.69629747
0.6967207
0.69637567
0.6964059
0.6962162
0.69638926
0.69676286
0.6968253
0.6962715
0.6966621
0.69648296
0.6967495
0.6964217
0.6963423
0.69593036
0.6963147
0.69633955
0.6964471
0.6968604
0.6962963
0.69673556
0.69670385
0.6959151
0.6972387
0.6961727
0.69624585
0.69675404
0.6963773
0.6964891
0.69645387
0.6960462
0.6962293
0.6964377
0.6962134
0.6964473
0.6970398
0.69692063
0.69612193
0.69622934
0.69631743
0.6965063
0.6966725
0.69641906
0.69646484
0.6966627
0.69638586
0.69624645
0.6965916
0.69654495
0.6960018
0.696623
0.69678426
0.6967783
0.6963304
0.6965313
0.69669104
0.6967982
0.69629693
0.69604415
0.6959711
0.6959992
0.69638246
0.69664574
0.6964335
0.6964501
0.6965223
0.69657415
0.69655955
0.696454
0.69669646
0.6961894
0.6959254
0.6965055
0.69670457
0.6968525
0.69665086
0.6966614
0.6967122
0.6964104
0.69638586
0.69650066
0.69600105
0.696555
0.69645256
0.6964627
0.69638944
0.69683313
0.69630796
0.6962261
0.69664305
0.69607574
0.69667464
0.6968585
0.6969778
0.69686526
0.6963214
0.69637674
0.6968611
0.69622755
0.6964066
0.6964289
0.6962412
0.69667536
0.6969281
0.6962656
0.6968307
0.69660157
0.6965161
0.69626474
0.6966764
0.6965559
0.6962246
0.6962715
0.6966105
0.6963064
0.6966137
0.6967657
0.69651973
0.69640046
0.6960346
0.6965601
0.69627047
0.6966658
0.696559
0.6963049
0.6960284
0.6963089
0.69670534
0.69623995
0.6960648
0.69644815
0.69607526
0.6965063
0.6968408
0.6967875
0.6960003
0.69649106
0.696514
0.6964668
0.69620675
0.69642115
0.6965235
0.6967409
0.696528
0.6968761
0.6966025
0.69644624
0.6963502
0.69617295
0.6965819
0.6962521
0.6959796
0.69690543
0.6961042
0.6966612
0.6960955
0.6966556
0.69636935
0.6966725
0.69648284
0.6963747
0.6963545
0.696591
0.6966244
0.69627357
0.6965956
0.6962965
0.69653344
0.69621223
0.6964545
0.69616836
0.69650054
0.69607204
0.6968188
0.6963969
0.6955462
0.6964101
0.69661695
0.6966119
0.69652206
0.6968841
0.6966671
0.6967172
0.6967391
0.69693476
0.69667995
0.6964245
0.69649464
0.69691485
0.6959725
0.6961385
0.69653803
0.6961713
0.696546
0.69651926
0.6965963
0.6963079
0.69624597
0.6969364
0.69620436
0.6960671
0.69665956
0.6959866
0.6966441
0.6964026
0.6969172
0.69686496
0.6965527
0.69668823
0.697042
0.6962493
0.6961857
0.69641775
0.6967268
0.6962022
0.6961194
0.6962149
0.6962555
0.6962669
0.6964101
0.69729817
0.69675386
0.6965244
0.696275
0.69662744
0.69643146
0.6967315
0.69622695
0.6958214
0.696245
0.6968513
0.6962244
0.6966877
0.6965352
0.6966695
0.6968321
0.6962336
0.69633156
0.6960362
0.6962595
0.69622684
0.6967924
0.69600475
0.69650286
0.6966759
0.6959429
0.69632024
0.6961421
0.6965975
0.6968391
0.69588363
0.696731
0.6968156
0.69667745
0.6960961
0.69672084
0.69618505
0.69666845
0.6961497
0.6967126
0.6962724
0.6967491
0.6968006
0.6960667
0.6962018
0.69633627
0.6968349
0.6967473
0.6963646
0.6964092
0.6964014
0.6965489
0.69630384
0.69624025
0.6966771
0.69589883
0.69620544
0.69657266
0.69621027
0.69648
0.6964604
0.6964862
0.6971195
0.69668317
0.6964289
0.69655865
0.6966332
0.69658303
0.69667155
0.69719225
0.6967606
0.69654495
0.6963013
0.6966652
0.6960856
0.6965381
0.69655573
0.6962902
0.69643116
0.6959595
0.6961208
0.69648355
0.69627047
0.69637346
0.6955559
0.69617903
0.6965049
0.69623286
0.6965301
0.69622153
0.6965
0.69628507
0.69651943
0.69679075
0.6965097
0.6966238
0.69648564
0.69672865
0.6965187
0.6964148
0.6961358
0.6965511
0.6958019
0.69654536
0.6961264
0.69661695
0.69675004
0.6961315
0.6964405
0.69676924
0.6959591
0.6961933
0.69687605
0.69606864
0.69656265
0.6965416
0.6965865
0.69628114
0.6965823
0.69661343
0.6969963
0.6963341
0.6963501
0.6969485
0.69659585
0.6969296
0.6962126
0.69643927
0.6962029
0.6958395
0.69613004
0.6969418
0.6962969
0.6957621
0.69638836
0.696535
0.69643945
0.6965583
0.69633865
0.6962937
0.6960335
0.69587624
0.6964665
0.6962932
0.69655055
0.6966084
0.69613135
0.6961274
0.6961894
0.6966141
0.6956652
0.6964156
0.69671595
0.696371
0.6962726
0.696352
0.6965437
0.6964061
0.6960912
0.696322
0.69619995
0.6966068
0.6966557
0.6962792
0.69661754
0.6968302
0.6964106
0.69654346
0.69582444
0.6961996
0.69668466
0.6966272
0.6961288
0.69602907
0.69637746
0.6962767
0.6962321
0.69632363
0.6966652
0.69635254
0.69617945
0.6966308
0.6962254
0.69632506
0.6966787
0.69637567
0.6962187
0.6963777
0.69598955
0.69618154
0.69646037
0.6964524
0.69651926
0.6962063
0.69648284
0.69665223
0.6958363
0.696301
0.6966986
0.6966245
0.6966691
0.69641685
0.69647384
0.6962559
0.69668835
0.69640434
0.6968917
0.69681185
0.69636136
0.6964754
0.6959514
0.6964709
0.6962969
0.69642764
0.69656646
0.6957806
0.69652694
0.6967164
0.6960056
0.69616145
0.69652635
0.6965731
0.696743
0.6965765
0.69614553
0.69649285
0.69632834
0.6968147
0.6963245
0.6960118
0.6966032
0.6967314
0.6963549
0.69655627
0.6962511
0.6964723
0.6964151
0.6964221
0.69617146
0.69623584
0.69612277
0.6964905
0.69631493
0.6969498
0.69662935
0.6964314
0.6963052
0.69629025
0.6962059
0.6967001
0.69645745
0.6958341
0.6963254
0.69612116
0.69622135
0.69626623
0.6960965
0.69602084
0.6970074
0.69664824
0.69609284
0.69619143
0.69630474
0.6961602
0.69673723
0.6964025
0.6960665
0.6969492
0.6963432
0.6966544
0.6962737
0.69678646
0.6964706
0.69664043
0.6964751
0.69606763
0.6962568
0.6964135
0.69643664
0.6965496
0.6967085
0.6966951
0.6969103
0.69685155
0.69572353
0.6962965
0.6959708
0.69640523
0.69644797
0.6966185
0.6959392
0.69624937
0.6966028
0.69621426
0.6960195
0.6959404
0.69625586
0.6965966
0.6968222
0.6963317
0.696436
0.6963721
0.69607973
0.69651186
0.6964159
0.69600236
0.6963029
0.69644755
0.6967967
0.696273
0.6964178
0.6958389
0.6963506
0.69662875
0.6964094
0.69633025
0.69614303
0.6958632
0.69649035
0.6961831
0.6965042
0.69658184
0.6960168
0.6961373
0.6963949
0.6965568
0.69635236
0.6961057
0.69645333
0.6968606
0.69656265
0.69632673
0.6962194
0.6960158
0.69643366
0.6964276
0.69638497
0.69627935
0.6960762
0.6960892
0.6963722
0.696257
0.69635934
0.6960873
0.6964318
0.69685227
0.6966546
0.6959899
0.6962083
0.6965292
0.6965952
0.6964112
0.6966123
0.6964143
0.6965986
0.6960737
0.6961791
0.69656104
0.69595265
0.6966831
0.6963916
0.69596756
0.6965887
0.6966318
0.6963742
0.6962482
0.69634926
0.69637126
0.69645756
0.6964103
0.69648373
0.6964182
0.69641024
0.6957872
0.6963566
0.6962678
0.69642943
0.6971767
0.6963082
0.69615364
0.69604343
0.69653964
0.69627154
0.69610417
0.6964589
0.6965895
0.6964174
0.6964425
0.69606316
0.6964305
0.69609183
0.69604564
0.69592625
0.6962522
0.69648635
0.6962491
0.6966912
0.6964832
0.6961563
0.69641596
0.6966259
0.6965651
0.6962964
0.69673645
0.69612235
0.69641405
0.69638276
0.6968437
0.6964169
0.6962347
0.69614714
0.6961589
0.696241
0.6961506
0.69642794
0.69606704
0.6968172
0.6964298
0.6967753
0.6965874
0.69613737
0.6971114
0.6965562
0.69648945
0.69605815
0.6959232
0.69636285
0.6962764
0.69655305
0.69594926
0.69638956
0.69675463
0.6962476
0.69641984
0.6966658
0.696284
0.6967292
0.6967681
0.6964024
0.69627047
0.69681144
0.69674695
0.69664675
0.69616926
0.696526
0.6969631
0.6968169
0.6960839
0.6960729
0.6965763
0.69630384
0.6966731
0.6966324
0.69608945
0.6966926
0.6964082
0.69607526
0.69663286
0.69596213
0.6967339
0.69608706
0.6964041
0.69651765
0.69624704
0.6962552
0.6963022
0.6962029
0.696546
0.6963598
0.6965286
0.69643635
0.6965581
0.6961482
0.696167
0.69652194
0.69631207
0.6965913
0.69586134
0.69645107
0.6966123
0.69646096
0.69613504
0.6967826
0.69679904
0.6964782
0.6960463
0.6962978
0.69650316
0.69657487
0.6963915
0.69664747
0.69640523
0.6964204
0.6963721
0.69622624
0.6961267
0.69600564
0.69665194
0.6961476
0.6970803
0.6961924
0.6961343
0.69635004
0.69649494
0.6964884
0.69625294
0.6963614
0.69656533
0.69635284
0.6968761
0.69609183
0.6964691
0.69619566
0.6964193
0.6965451
0.69680285
0.69629824
0.69664085
0.69623107
0.6963231
0.6962047
0.696999
0.6966656
0.6962059
0.69635725
0.6962988
0.69648516
0.696541
0.69628036
0.69662493
0.6963221
0.69592905
0.69673574
0.69668037
0.69647205
0.6965617
0.69650626
0.6964638
0.69622374
0.6965057
0.6964207
0.6965852
0.6965901
0.6962207
0.6960625
0.6964698
0.6964267
0.6967171
0.6964952
0.69702893
0.69608134
0.6969857
0.6965915
0.6962973
0.6965654
0.69692534
0.69634694
0.69659436
0.6963501
0.6968945
0.69703823
0.6960493
0.69631857
0.6964304
0.69601554
0.69656265
0.69709575
0.6966645
0.6963111
0.69657534
0.69674474
0.6958788
0.6963651
0.69639444
0.6966567
0.697021
0.696623
0.69677585
0.69627917
0.69659585
0.69638264
0.696552
0.6961918
0.6963356
0.6962058
0.6967964
0.6962455
0.6968846
0.6965099
0.6965187
0.69704497
0.6967448
0.6962431
0.6967583
0.696167
0.69585234
0.6962265
0.69698244
0.6963828
0.6964205
0.6966358
0.6961343
0.6964825
0.69623345
0.69648784
0.6968068
0.69678676
0.696597
0.69606847
0.69626904
0.69637305
0.6962661
0.6964479
0.6968428
0.6968042
0.6966539
0.6967915
0.6963208
0.69610465
0.69700533
0.69674593
0.69596976
0.69670117
0.6964917
0.69674677
0.69651055
0.6965349
0.6965091
0.6960184
0.6961105
0.6967187
0.69654703
0.69639647
0.69631934
0.69698346
0.6965892
0.6968608
0.6965863
0.69665134
0.69664
0.6965468
0.696838
0.6960292
0.69696724
0.6965144
0.6961101
0.69629574
0.69672686
0.69629663
0.69643295
0.6972045
0.6964021
0.6967816
0.6963041
0.6967335
0.696701
0.69657755
0.69671685
0.696663
0.6969556
0.69612485
0.6967184
0.6968556
0.6962519
0.69610083
0.6963974
0.6972037
0.69700533
0.6967894
0.696527
0.6961797
0.6966375
0.6972214
0.69675505
0.69687146
0.69636655
0.6964477
0.6965356
0.6967556
0.6964647
0.6970936
0.6967015
0.69643885
0.69623464
0.6966462
0.6968075
0.6971225
0.69648534
0.6962479
0.6964848
0.6966163
0.6967645
0.69697976
0.6972416
0.69648564
0.69627446
0.69612914
0.69685787
0.6967184
0.69658154
0.6965095
0.69682175
0.6964819
0.6968481
0.69662744
0.69642496
0.6963997
0.69698447
0.6966087
0.6966322
0.6963504
0.6967053
0.6967649
0.69685894
0.69697934
0.69644004
0.69687945
0.6962802
0.69665825
0.69682604
0.696588
0.6966214
0.6965401
0.6969311
0.6966891
0.6971402
0.6965359
0.6967519
0.69644815
0.69651306
0.69662726
0.6971401
0.69670284
0.6970082
0.69684935
0.696684
0.69661885
0.6964447
0.6966338
0.6964615
0.69653624
0.6970558
0.69731194
0.69655025
0.6970145
0.696592
0.6965749
0.69681215
0.6967773
0.69664454
0.69639075
0.69658476
0.69681525
0.6967284
0.6967341
0.6962943
0.6969875
0.69645256
0.69655436
0.6964975
0.69662607
0.6969603
0.6965351
0.69696474
0.69667876
0.69678587
0.69643915
0.69699824
0.69666755
0.69654924
0.69710517
0.6964436
0.69678336
0.6969452
0.696705
0.69682217
0.69655824
0.6963519
0.69712305
0.69673216
0.6969054
0.69628626
0.6964293
0.6964648
0.6965367
0.69707227
0.69687986
0.6965718
0.69681233
0.69688964
0.6966311
0.6966924
0.6964795
0.6967376
0.6967963
0.6967749
0.69703656
0.69710666
0.6968712
0.6968592
0.6971252
0.696426
0.6969018
0.6964259
0.6962931
0.6967145
0.69679606
0.6965195
0.6972207
0.6970328
0.69659907
0.69654477
0.69680077
0.6967718
0.6968554
0.696782
0.6961492
0.6972837
0.6965596
0.69676995
0.69712
0.6964349
0.6969844
0.6965557
0.69656855
0.69689286
0.6966422
0.69655436
0.6966246
0.6972611
0.6971739
0.6964133
0.696279
0.696712
0.69647497
0.69652796
0.6974115
0.6968546
0.6969309
0.6965205
0.69676095
0.69705695
0.69694215
0.6965337
0.69691247
0.6964738
0.6971882
0.6967192
0.69671607
0.69683474
0.6965021
0.69678766
0.6968989
0.69715685
0.6967415
0.69697344
0.6971405
0.69709986
0.696785
0.6969612
0.69649804
0.69670475
0.69659877
0.69685566
0.6971286
0.69657
0.697077
0.6968671
0.6973218
0.69662136
0.69685024
0.6971533
0.6966378
0.6970903
0.69651973
0.696899
0.6967072
0.69693255
0.69696313
0.6968707
0.69659865
0.6967171
0.6971821
0.69664145
0.6970194
0.69714946
0.6968242
0.6968783
0.6971434
0.6966287
0.6965102
0.6968972
0.6968528
0.6967843
0.6967831
0.6964876
0.6968837
0.6968272
0.69748896
0.6968939
0.6969427
0.69695055
0.6966799
0.69669473
0.69721794
0.69721556
0.6969875
0.6969037
0.69679487
0.6969991
0.6968284
0.69679457
0.69698673
0.69742155
0.69729984
0.69709975
0.696774
0.6972832
0.6968503
0.69693947
0.69641423
0.6975584
0.69700396
0.6968453
0.697054
0.6968381
0.69680244
0.6968872
0.69677526
0.6972471
0.69685316
0.6974544
0.697517
0.6967218
0.6967097
0.6973054
0.69716436
0.6970156
0.6969957
0.6966753
0.69731563
0.6966436
0.6966651
0.6966205
0.6965804
0.69740266
0.6972515
0.6969537
0.69679785
0.69723856
0.69723654
0.6967721
0.6964154
0.6969392
0.69730043
0.69654024
0.6972061
0.69664454
0.69697744
0.6968616
0.696998
0.69716847
0.6970298
0.6969769
0.69733816
0.6968668
0.6969884
0.6969587
0.6971925
0.6972793
0.6970226
0.69738895
0.6968308
0.6972322
0.69688934
0.6967676
0.6969565
0.6969236
0.6965924
0.69666123
0.69701105
0.69631
0.6969586
0.6965945
0.696415
0.69677
0.69668263
0.6968015
0.6974366
0.6971314
0.6968512
0.6969276
0.69662684
0.6972624
0.6970554
0.697577
0.69712746
0.6966971
0.69698495
0.69694036
0.6970686
0.6968916
0.6966729
0.6970368
0.6968259
0.69724226
0.6971151
0.6970518
0.6971601
0.6967025
0.6970671
0.6971867
0.69682866
0.6965471
0.69720244
0.69734716
0.69702893
0.6966203
0.69710475
0.6973137
0.6970549
0.6969361
0.697104
0.6971771
0.6965941
0.69669354
0.6970383
0.6972762
0.69718075
0.6964744
0.69671834
0.6967222
0.69736046
0.69701344
0.69639003
0.69731265
0.6967523
0.69693774
0.697295
0.6966599
0.6968761
0.6970551
0.697425
0.6967695
0.6970656
0.69701505
0.6968502
0.6968886
0.6974027
0.69729906
0.6973391
0.6973235
0.69643503
0.6969785
0.69657975
0.6971092
0.69736785
0.69679147
0.6973532
0.6974104
0.6972982
0.6968818
0.6967974
0.69687766
0.6969676
0.69737047
0.69743377
0.6969915
0.6966854
0.69731784
0.697007
0.6975151
0.69777095
0.69719243
0.69689405
0.6970267
0.69685674
0.6970645
0.697238
0.6971276
0.6971138
0.6968694
0.6970372
0.6967038
0.69709903
0.69724256
0.69692975
0.69702
0.6972839
0.6965652
0.69726104
0.69703823
0.6974615
0.69738245
0.696957
0.6967778
0.6971497
0.69703513
0.69723225
0.6968984
0.6972515
0.6971877
0.69680935
0.69668716
0.6969823
0.6968099
0.6971844
0.6969202
0.6969709
0.6973093
0.6971932
0.6968856
0.69706106
0.6968873
0.69680107
0.6966722
0.6970893
0.6970988
0.6973581
0.69744116
0.6972175
0.6973868
0.69704175
0.69707245
0.69753987
0.69704586
0.6978378
0.69675624
0.69735146
0.6971834
0.6973262
0.69728297
0.69733983
0.69680804
0.69738483
0.6964856
0.69695914
0.6971221
0.6971601
0.69625586
0.6969347
0.69730455
0.697736
0.696852
0.69714695
0.6971631
0.697348
0.6972586
0.69741136
0.697181
0.6967896
0.6972277
0.69661516
0.6966445
0.6969259
0.69719267
0.697483
0.69693285
0.6972073
0.697095
0.69701463
0.6977865
0.69731534
0.6969299
0.6970255
0.6973691
0.6970294
0.6967874
0.69692814
0.6968841
0.69719696
0.6977941
0.6971122
0.6973177
0.6965867
0.6972324
0.69712317
0.6966923
0.6968713
0.69685155
0.6972128
0.6971005
0.69686586
0.69710755
0.69714975
0.6972464
0.69658434
0.6975073
0.697069
0.69685954
0.6970894
0.69706565
0.6967033
0.69728756
0.69689566
0.69639665
0.6967095
0.6973494
0.6976356
0.69729584
0.6972897
0.6970494
0.697209
0.69679505
0.69755495
0.6972027
0.69709635
0.6973482
0.6973089
0.69744897
0.69757867
0.6965394
0.69670403
0.6973076
0.69688797
0.69724035
0.69708115
0.69754934
0.6973443
0.6972317
0.6968766
0.69684184
0.69683117
0.69704896
0.6971299
0.69701844
0.6969878
0.69702446
0.6972487
0.6974909
0.6972302
0.6969834
0.6971125
0.69722307
0.697015
0.6969555
0.69706327
0.6970966
0.6976471
0.696871
0.6966805
0.6970354
0.6972807
0.6967293
0.6967379
0.6975036
0.6973141
0.69714814
0.69682837
0.69690776
0.69705886
0.69678813
0.69696426
0.69738066
0.69711655
0.69749236
0.6971686
0.6969755
0.6972858
0.6969215
0.6971175
0.6972842
0.6972772
0.6976004
0.6975409
0.69721055
0.69674605
0.69708735
0.6969898
0.69697315
0.6974322
0.69703186
0.6972339
0.697265
0.6967896
0.6969093
0.6967534
0.6968875
0.69709444
0.697048
0.6969097
0.6977254
0.6964913
0.69685465
0.6972327
0.69708663
0.69697934
0.69671625
0.6970864
0.6969647
0.6975719
0.6972633
0.6970329
0.6975125
0.6973011
0.69703597
0.6968158
0.69752735
0.6971631
0.6975155
0.69656795
0.697256
0.6970614
0.69737893
0.6965153
0.6970052
0.69695455
0.6973142
0.697116
0.69713086
0.697041
0.69758594
0.6971603
0.69697857
0.6966676
0.6970923
0.69700533
0.6966472
0.6968517
0.69690233
0.69740003
0.69737417
0.69690996
0.69718266
0.69716585
0.69760466
0.6972321
0.69719714
0.69683665
0.6970737
0.69748
0.6969001
0.697523
0.6968899
0.6972411
0.6972475
0.69737804
0.6973701
0.69689447
0.6975692
0.6971225
0.6967479
0.69715273
0.6972291
0.69705725
0.69660735
0.69730973
0.69691896
0.6969868
0.69686157
0.6972093
0.69669634
0.6968102
0.6972622
0.6973172
0.6968146
0.6968434
0.6970129
0.69728893
0.6970032
0.69667584
0.6975627
0.6973317
0.69752103
0.69670707
0.6969202
0.69660264
0.6974246
0.69662505
0.69693637
0.69713575
0.6972162
0.6973858
0.6973609
0.69704
0.6968586
0.69703686
0.69668084
0.6969454
0.6971174
0.6969597
0.6973199
0.6973142
0.69655466
0.69711
0.6972791
0.69729245
0.6971496
0.69683886
0.69694495
0.6968539
0.69675076
0.6971962
0.6970245
0.6971407
0.696897
0.6970464
0.69764316
0.6969455
0.6974888
0.697421
0.69713783
0.6967332
0.6967592
0.69691795
0.6965072
0.6968921
0.6967533
0.69749427
0.6974963
0.6973668
0.6969843
0.6973296
0.69740444
0.6968085
0.6968309
0.6970694
0.69705915
0.69730973
0.6967867
0.6972949
0.69694215
0.6970994
0.69710684
0.6972316
0.6972949
0.69611275
0.6967218
0.6972783
0.69717264
0.697024
0.69703615
0.6971006
0.69714063
0.6971024
0.6968029
0.6967922
0.69704205
0.69717556
0.6971183
0.69708824
0.6972656
0.6970668
0.6973965
0.6970113
0.696807
0.69679385
0.6970087
0.6968401
0.6974594
0.6971737
0.69665784
0.69692796
0.69673014
0.6967883
0.6969311
0.69694215
0.69700503
0.69714296
0.69702154
0.69727635
0.696789
0.6966885
0.696713
0.69724935
0.69692886
0.69709724
0.6968406
0.69711715
0.6967154
0.69708014
0.69743663
0.69729173
0.69668055
0.6964917
0.69699025
0.6965364
0.6974353
0.69680494
0.6969736
0.6967824
0.69728166
0.69711185
0.6967962
0.69719774
0.69710493
0.69721574
0.69708985
0.6964765
0.6968541
0.69681054
0.69714254
0.69678134
0.69710016
0.6970401
0.6965079
0.696916
0.6971102
0.69692856
0.6966325
0.6973826
0.6970882
0.6970259
0.6967493
0.69667894
0.6967776
0.6972011
0.6969291
0.69719744
0.6965228
0.69718003
0.6969952
0.6971672
0.69690627
0.6967878
0.69706637
0.69657594
0.6972278
0.6975401
0.69707924
0.696645
0.69704205
0.6968871
0.69691074
0.6968895
0.6970994
0.6968481
0.6970417
0.69697076
0.6969008
0.69645435
0.6970755
0.6970237
0.6972828
0.6970274
0.6969219
0.6962491
0.6972003
0.6971369
0.6971278
0.6967478
0.6971462
0.69734305
0.6967292
0.6968969
0.69686264
0.6971718
0.69748586
0.6969619
0.6969892
0.69709253
0.69687176
0.6967072
0.69704074
0.6967489
0.69717544
0.69707537
0.6967528
0.6972089
0.6971453
0.6969377
0.6966115
0.6965643
0.6962877
0.6968913
0.69739133
0.69704175
0.6965508
0.69675225
0.6967178
0.6968018
0.6976225
0.697164
0.696507
0.6965993
0.69683707
0.69767165
0.69707835
0.6967527
0.6973887
0.69673955
0.69647014
0.6966383
0.6967347
0.6971915
0.69708633
0.69658107
0.6970156
0.6968714
0.69695604
0.6972372
0.69627273
0.69665855
0.69693244
0.6967109
0.69696623
0.6967433
0.696739
0.6970301
0.69688827
0.696775
0.6966389
0.69642246
0.69672215
0.6965288
0.69704825
0.6969154
0.69718796
0.6968373
0.697352
0.697124
0.69702876
0.6964663
0.696524
0.69694525
0.6969244
0.6972194
0.6971291
0.6975611
0.6966284
0.69683135
0.697159
0.6970107
0.69657636
0.6964288
0.6972785
0.6968562
0.69676447
0.6969339
0.6968059
0.69661456
0.6964663
0.6968633
0.6970558
0.69713366
0.69685954
0.6971628
0.69683677
0.6973053
0.69661283
0.6968953
0.6960796
0.6971199
0.6969601
0.6973202
0.69642925
0.6964753
0.6969446
0.6968568
0.6969759
0.69640076
0.6967094
0.69695693
0.69706196
0.69677466
0.6969479
0.6962521
0.69688207
0.6968139
0.6973186
0.69669074
0.69690436
0.6963637
0.69675213
0.6971796
0.696869
0.6965063
0.6967702
0.69704336
0.6966808
0.6967885
0.69670653
0.69682467
0.69680804
0.6976164
0.6966546
0.6967491
0.6970925
0.6966777
0.6968275
0.6969121
0.69703573
0.6965505
0.69756776
0.6966004
0.69713485
0.6970933
0.69655275
0.6969739
0.69667596
0.696913
0.6967633
0.6967567
0.69694763
0.6971548
0.6968762
0.6968691
0.696933
0.69661224
0.6967396
0.69704044
0.6969236
0.6970544
0.6968179
0.6968387
0.6968522
0.697002
0.6967586
0.6968646
0.69694924
0.69660366
0.69625634
0.6968146
0.6965623
0.69647413
0.6972874
0.6968433
0.6967797
0.6969249
0.69681644
0.69713074
0.69650185
0.69661474
0.6970627
0.69715005
0.6968914
0.69642407
0.69640267
0.6966278
0.6969347
0.6967122
0.696541
0.6968609
0.6968074
0.69646066
0.6967308
0.69683355
0.6966886
0.696515
0.69672817
0.69635034
0.69690657
0.6964558
0.69686204
0.6968814
0.69673526
0.6969994
0.6968032
0.6965701
0.696809
0.69661134
0.69679004
0.6968563
0.6967972
0.69745576
0.69698775
0.6975278
0.696528
0.6965224
0.69696873
0.69697905
0.6968573
0.69599026
0.69654095
0.69639325
0.69700766
0.6972748
0.69719976
0.6969016
0.6962976
0.6973959
0.696575
0.6967222
0.6968033
0.69689643
0.6964624
0.6968481
0.6968719
0.6970307
0.6965091
0.6965165
0.6966278
0.69698447
0.6967358
0.6968129
0.69654137
0.69649494
0.6972305
0.69658166
0.69670844
0.6966664
0.69634074
0.6966857
0.69673556
0.6962565
0.6967339
0.69688153
0.6968498
0.69679743
0.6968051
0.6970004
0.6963884
0.6966993
0.69621295
0.6967477
0.69654447
0.6965758
0.6969001
0.6967533
0.69674313
0.6966695
0.69680953
0.696677
0.6966643
0.6965168
0.69670004
0.6965068
0.6967945
0.6965609
0.69694126
0.69622165
0.69659823
0.6960985
0.6964507
0.6965898
0.6960377
0.69683474
0.69702053
0.6961697
0.69647616
0.6969605
0.69701314
0.6968925
0.69625103
0.6965429
0.69611835
0.696471
0.69628143
0.6969606
0.69677347
0.6965302
0.696768
0.6966945
0.69692916
0.6969121
0.69686043
0.6965344
0.6970099
0.69662064
0.69710624
0.6966736
0.6967756
0.69623065
0.69662935
0.6967149
0.69648117
0.6964527
0.6969536
0.6963093
0.6965821
0.6965234
0.6967261
0.69633436
0.6961633
0.6967692
0.69685495
0.69672704
0.6972317
0.6963138
0.6961474
0.6967186
0.69687426
0.697065
0.69662815
0.69661885
0.6968443
0.6968863
0.696878
0.6968448
0.69648975
0.6961965
0.69667894
0.69627017
0.6967732
0.69648844
0.69707465
0.6966396
0.69698006
0.69615865
0.6967507
0.69646174
0.6969711
0.696843
0.69636047
0.6964308
0.69675046
0.69645345
0.6967035
0.69633526
0.69622946
0.6967003
0.69633245
0.6960632
0.69668204
0.69710463
0.69639134
0.69664305
0.69648314
0.6966006
0.6963953
0.6964758
0.69613
0.6967035
0.69674206
0.6964722
0.69680023
0.6968076
0.6960533
0.69659567
0.69648856
0.6966406
0.69653904
0.69685113
0.69647425
0.6965571
0.6963384
0.69663996
0.6963464
0.6967811
0.6961783
0.6967475
0.6966495
0.6963577
0.697093
0.6962638
0.6968833
0.6962878
0.69668365
0.6966756
0.69651747
0.6960416
0.6962151
0.69616634
0.6964613
0.6971478
0.6964172
0.69668835
0.6964345
0.69621897
0.6962283
0.6964907
0.6962475
0.6970824
0.6966413
0.69677013
0.69624186
0.69677573
0.6967421
0.6967264
0.69667387
0.69645995
0.6965826
0.69684774
0.6965211
0.6965707
0.6964214
0.69620025
0.6963502
0.6964994
0.6964183
0.69603145
0.69667226
0.69672066
0.6965367
0.69622755
0.696477
0.69638175
0.6966017
0.69658625
0.69651234
0.69611907
0.69609326
0.69647235
0.6965145
0.6964439
0.6966081
0.6961226
0.6961667
0.6966385
0.69688666
0.6964081
0.69668543
0.6966272
0.69683516
0.6966514
0.6965516
0.69663125
0.69619554
0.69660455
0.69604504
0.69637924
0.69574344
0.69677985
0.69664663
0.69678485
0.6966539
0.69643974
0.6964621
0.69654983
0.69615924
0.6962699
0.69649714
0.69674665
0.69654864
0.69633484
0.69602424
0.69659084
0.6964234
0.6963423
0.696753
0.6959944
0.6964847
0.6961836
0.69688493
0.69724995
0.6963962
0.69626296
0.6962797
0.6961508
0.69582295
0.6963615
0.6965459
0.6969779
0.69653934
0.69628376
0.69653416
0.69665974
0.6961487
0.6969567
0.6965936
0.69703686
0.6963673
0.6962898
0.6960969
0.69641906
0.69670993
0.6965785
0.6964155
0.69671077
0.69600326
0.69644594
0.6964552
0.6964503
0.6966359
0.6958991
0.69680196
0.6967374
0.69695336
0.6967127
0.6959457
0.69648117
0.6964299
0.69650996
0.6963405
0.6967807
0.6964955
0.69631547
0.69660896
0.69635755
0.69648904
0.6962861
0.6963413
0.69617647
0.69647473
0.6964472
0.6961633
0.6960679
0.69673854
0.69691485
0.69631606
0.69641584
0.6964097
0.69629747
0.6961818
0.6960678
0.6961487
0.6960686
0.6961884
0.6957168
0.6964028
0.69613403
0.6965569
0.6960594
0.6965436
0.6965786
0.6960121
0.6963054
0.69651556
0.6969204
0.6967694
0.696236
0.69635123
0.6972076
0.6968439
0.6962047
0.69610214
0.69673157
0.6958512
0.69666046
0.69617355
0.69648546
0.6959213
0.69590247
0.69571894
0.6970124
0.69634485
0.6963893
0.69606453
0.6959602
0.69642115
0.69649434
0.69609904
0.69637793
0.69680977
0.6963711
0.69644904
0.6961402
0.6956881
0.6957776
0.6964695
0.69620305
0.69615775
0.6963785
0.6967277
0.69640464
0.69628143
0.6961313
0.696159
0.6964644
0.69667494
0.69638103
0.6962242
0.69655156
0.69640094
0.69649553
0.69646376
0.6964566
0.6961295
0.6960006
0.6964757
0.6967638
0.69623077
0.69595474
0.6962672
0.6965509
0.6957157
0.6961175
0.69615674
0.6960047
0.6965909
0.69643044
0.6962409
0.69618756
0.6962037
0.6962907
0.6964951
0.69643766
0.69630766
0.6961999
0.6961727
0.696285
0.69688797
0.6963027
0.6966564
0.69622356
0.6957703
0.69660956
0.69610673
0.6968817
0.6965659
0.696066
0.6963221
0.6956251
0.6961221
0.6961513
0.696261
0.6959815
0.696139
0.6961787
0.6962107
0.69616836
0.696154
0.69588226
0.6962081
0.69644135
0.6964302
0.6963613
0.6963908
0.69649136
0.69652605
0.69614446
0.69666153
0.69639313
0.6959949
0.696163
0.69612294
0.69653827
0.6964971
0.6960506
0.69607913
0.69555
0.6961941
0.6956579
0.6966265
0.69642097
0.69608575
0.6963052
0.6961546
0.69628644
0.69685364
0.6963951
0.6965108
0.6962327
0.69660896
0.69618106
0.69618815
0.69620657
0.69596946
0.6961147
0.69588095
0.6963347
0.69601786
0.6963277
0.696025
0.696335
0.69609964
0.6961357
0.6963085
0.6960664
0.6960379
0.6955554
0.6963204
0.6966043
0.69601583
0.6962329
0.69636595
0.6968067
0.6959469
0.6963378
0.6961884
0.6961387
0.696717
0.6959281
0.69618857
0.6961551
0.69647264
0.6961149
0.6958722
0.6967433
0.6961292
0.69641143
0.6965308
0.69605994
0.6958453
0.69616926
0.696908
0.6956138
0.6962018
0.69633496
0.69631493
0.69622713
0.6961679
0.6965139
0.69689
0.69578904
0.6961429
0.6960195
0.69650775
0.6965366
0.6959841
0.69563836
0.69643307
0.6967534
0.6965725
0.6961429
0.6958384
0.69595146
0.69615316
0.6960767
0.6961116
0.69623274
0.6961248
0.6966703
0.69626814
0.6960781
0.6965137
0.696133
0.696138
0.696189
0.6964382
0.6963149
0.69638157
0.6963571
0.6960886
0.69646335
0.69624954
0.69629145
0.6958521
0.69625473
0.69559526
0.6961169
0.6964377
0.69616395
0.69643533
0.6962142
0.6960209
0.6961811
0.6958535
0.69625705
0.69639516
0.69593155
0.6963261
0.6959755
0.6961187
0.6959575
0.69607204
0.6959636
0.69598967
0.69592404
0.6962173
0.6959603
0.6961614
0.69555616
0.6960896
0.6961459
0.696381
0.6966774
0.69625
0.6963024
0.6959588
0.6962437
0.6958078
0.6960521
0.6959335
0.69612837
0.69641954
0.6961525
0.6959456
0.6964374
0.69652957
0.69636136
0.69632745
0.69649583
0.69583946
0.6961347
0.69610006
0.69638205
0.69615316
0.6957318
0.6961851
0.6961071
0.69647646
0.696314
0.6960861
0.695526
0.69625914
0.6961822
0.6962719
0.69648325
0.69565684
0.695984
0.6957895
0.6961485
0.6960223
0.6962412
0.69622976
0.6964032
0.69578063
0.6960177
0.6963541
0.6961967
0.6960976
0.69575626
0.69651574
0.6959315
0.6960314
0.6963875
0.69646597
0.69625497
0.6958503
0.6961837
0.6962974
0.69655746
0.6958823
0.6961865
0.69580764
0.6957635
0.6960813
0.6959611
0.6961843
0.6965931
0.6959627
0.69609755
0.69563866
0.69619745
0.6962107
0.6961757
0.696047
0.6964469
0.69621444
0.6961677
0.6961779
0.69626296
0.6959304
0.69633466
0.6965007
0.6963693
0.69597834
0.6966099
0.69593
0.6955007
0.6958412
0.6959303
0.6961402
0.69636345
0.6962401
0.6954561
0.6958817
0.6961867
0.6959494
0.69618493
0.69598204
0.6960311
0.6959879
0.69613194
0.6960237
0.69601285
0.6957089
0.6962126
0.6958756
0.6959402
0.6964946
0.69588476
0.69635034
0.696046
0.6957479
0.69606906
0.69616836
0.6957428
0.6963163
0.6962914
0.69587255
0.69590193
0.696298
0.69575673
0.69598186
0.695762
0.6967356
0.695942
0.6961964
0.6959846
0.69560564
0.69560236
0.69595087
0.6959063
0.69603777
0.69593775
0.69582605
0.6960744
0.696336
0.69556487
0.69682735
0.6957722
0.69610023
0.69585305
0.6956995
0.6962374
0.69643795
0.69565916
0.69599646
0.6959462
0.69611156
0.69597197
0.69585145
0.69615114
0.6960665
0.69592685
0.6962125
0.69597787
0.6970641
0.69574594
0.69634515
0.69585073
0.6958005
0.69614583
0.69564134
0.6956432
0.6959944
0.69581974
0.6957527
0.6960409
0.6963426
0.6962157
0.69641286
0.6963475
0.6958946
0.6959113
0.69604796
0.6958748
0.69608516
0.6961031
0.69617456
0.695806
0.69583464
0.69621545
0.6965579
0.6953206
0.69616544
0.69574255
0.69608635
0.6957904
0.6956993
0.6962124
0.69586706
0.69604987
0.696295
0.695819
0.6958869
0.69577783
0.6961214
0.69563574
0.6959268
0.6962183
0.69597167
0.6960605
0.695689
0.6962444
0.6959129
0.6957936
0.6962587
0.6961609
0.6958509
0.69633883
0.6958378
0.6962447
0.69572145
0.69555813
0.69576705
0.6961087
0.696239
0.6958262
0.6959462
0.6961855
0.69653493
0.6953165
0.696162
0.6960536
0.6958204
0.69648767
0.69606006
0.69612527
0.6962706
0.696108
0.69612753
0.69564104
0.6956442
0.69599426
0.6960762
0.6959697
0.69647557
0.6957321
0.69615024
0.696153
0.6958757
0.6962987
0.69596577
0.6962102
0.6957224
0.696275
0.696427
0.69596297
0.6958351
0.6961271
0.69584864
0.6962145
0.69608504
0.69539315
0.6958897
0.6958949
0.69580317
0.6961545
0.69600856
0.6963066
0.69597673
0.6961124
0.6958692
0.69608414
0.6958645
0.69628066
0.6959311
0.6959787
0.69558805
0.69616354
0.69612384
0.696026
0.69595224
0.6958257
0.6954651
0.6958226
0.6957447
0.6963402
0.6955951
0.6959925
0.6953609
0.6961627
0.6958296
0.69596034
0.6963011
0.6956609
0.6961334
0.69594806
0.6961115
0.6959835
0.69619703
0.69566715
0.6960186
0.69599074
0.69557244
0.6963878
0.6961039
0.6962767
0.69593817
0.69607365
0.69619733
0.696386
0.6963971
0.6960091
0.69585496
0.69579494
0.6962589
0.69582653
0.6956415
0.6952686
0.6959675
0.69587564
0.6959046
0.69600505
0.69619673
0.69615203
0.69600385
0.6959999
0.69589615
0.6960535
0.6959084
0.69610894
0.695751
0.6956126
0.69573945
0.69575703
0.696157
0.6958196
0.69594884
0.6957949
0.69540954
0.69597065
0.6960133
0.6959427
0.6955319
0.6954672
0.6960042
0.6961893
0.696253
0.6956816
0.69588804
0.6962792
0.695669
0.6955809
0.6960124
0.6958022
0.6959104
0.6961389
0.69570684
0.696259
0.6959526
0.69604903
0.69562477
0.6960716
0.6956001
0.6960402
0.6961065
0.69555265
0.6963172
0.69547665
0.69616497
0.69611883
0.6960807
0.69575655
0.69624597
0.6961716
0.6959259
0.69590294
0.6955587
0.69603753
0.69583124
0.6960302
0.6957928
0.6957103
0.69570863
0.6961155
0.6963513
0.69600165
0.6956629
0.69616187
0.69621325
0.69573987
0.6961939
0.69564104
0.6957152
0.6959214
0.69576705
0.6958678
0.6959802
0.69591534
0.6957127
0.69601333
0.69539964
0.6961128
0.69650537
0.6959381
0.6961841
0.6958855
0.69646037
0.6959538
0.6960009
0.6956754
0.6962168
0.6960836
0.69624263
0.69604826
0.6959891
0.6957445
0.6956191
0.6958168
0.69581777
0.69602203
0.6963174
0.6957134
0.6959518
0.69598246
0.69569504
0.69585234
0.69588715
0.69587964
0.6958846
0.6962631
0.69581836
0.695807
0.6963007
0.6962848
0.6956411
0.6958196
0.69631696
0.69607437
0.69597626
0.6956601
0.6957614
0.6959339
0.69625294
0.69583815
0.69639045
0.6961033
0.6957229
0.69606453
0.695792
0.69566613
0.69575864
0.6957687
0.69576955
0.6955247
0.69588804
0.6955726
0.6958053
0.6960441
0.69591504
0.69610274
0.6960056
0.6957797
0.6963709
0.6956477
0.69587183
0.69578
0.6958983
0.6958254
0.69613034
0.6956646
0.6957857
0.6957925
0.6957792
0.69576645
0.6962493
0.69611824
0.69582325
0.69596213
0.69614613
0.69539756
0.69631064
0.6958433
0.6958494
0.69596326
0.69585943
0.69586194
0.69574046
0.695827
0.6962042
0.69573057
0.6956861
0.69593096
0.6958456
0.69597006
0.6956115
0.69587076
0.6959917
0.6966573
0.6962596
0.6962492
0.6957777
0.695648
0.6955321
0.6957147
0.6955692
0.695565
0.69603616
0.69588727
0.69595516
0.69597065
0.6958989
0.69608134
0.6959918
0.6958551
0.6956444
0.69562393
0.6959914
0.69606143
0.69600654
0.69615185
0.69623375
0.69613093
0.6957883
0.6960147
0.6961558
0.6958101
0.69612896
0.69593513
0.6957922
0.6958711
0.69583553
0.6960051
0.69580203
0.6960261
0.6958178
0.6959879
0.6955695
0.69610626
0.69577813
0.6962797
0.69551694
0.69565344
0.69625455
0.69612324
0.69570374
0.6959313
0.6963394
0.69590455
0.6959939
0.695985
0.6960177
0.6961993
0.69621104
0.69587725
0.6958986
0.69617206
0.696182
0.69608086
0.6957482
0.6958737
0.6956717
0.6958464
0.6955173
0.69597226
0.6953146
0.6959031
0.6959376
0.6962469
0.6963684
0.69598025
0.69604796
0.6960231
0.6960682
0.69636965
0.6956708
0.69560224
0.6956047
0.6964198
0.69588757
0.69565284
0.69574314
0.696002
0.6961781
0.69620055
0.69562113
0.6963094
0.69610864
0.69562817
0.69605887
0.6960191
0.6959851
0.6956117
0.69599557
0.6957722
0.69600797
0.69585705
0.69578934
0.6957282
0.6957527
0.69586205
0.69585305
0.6958763
0.69609416
0.6962327
0.69568413
0.695694
0.6958351
0.69591475
0.69591033
0.69548386
0.69593763
0.69560635
0.6961472
0.69586784
0.6959362
0.69603944
0.695882
0.6962584
0.69586515
0.6959469
0.6957971
0.6957819
0.695629
0.69602644
0.6958213
0.69552404
0.6961766
0.69598883
0.69598675
0.6958073
0.6961373
0.69602346
0.6959584
0.69587785
0.69588137
0.69633216
0.69618195
0.6960354
0.6959155
0.6957729
0.6959707
0.69591564
0.6960266
0.69566077
0.69583464
0.695758
0.695848
0.69613504
0.69632816
0.6960187
0.69571614
0.6958336
0.69568604
0.69609404
0.6961028
0.6959489
0.6959295
0.6961292
0.69610393
0.69596493
0.69572973
0.69575477
0.69595706
0.69560367
0.69578475
0.69605124
0.6956248
0.69547707
0.6958701
0.6958286
0.6959752
0.6961155
0.695928
0.6957412
0.69672626
0.69592625
0.69613355
0.6957703
0.69567174
0.69570035
0.6964155
0.6958966
0.69568586
0.6961322
0.69539106
0.6963064
0.6960831
0.69594324
0.69607085
0.6954624
0.6955986
0.6961572
0.69592386
0.69578594
0.6958741
0.6963463
0.6958279
0.69574815
0.69569325
0.696013
0.6960253
0.695787
