0.69872713
0.6980328
0.6982327
0.69755
0.6977542
0.6977942
0.6978264
0.69787246
0.69783545
0.69825286
0.69818753
0.6981448
0.6970491
0.6982033
0.69731826
0.6976911
0.69755363
0.69819784
0.69781774
0.6977638
0.6974068
0.6975687
0.69751906
0.697772
0.6976137
0.6974455
0.69791704
0.69730616
0.69771343
0.6979628
0.6980507
0.6970705
0.6978973
0.69744307
0.69752574
0.697274
0.6980753
0.69783604
0.6974905
0.6974137
0.6980079
0.69691104
0.6975688
0.6974021
0.6971876
0.69795114
0.69693786
0.6977286
0.6977048
0.6971157
0.6972378
0.69686425
0.6975908
0.697455
0.69753885
0.69725305
0.6975163
0.69767076
0.69718325
0.69771105
0.69770235
0.69760644
0.69811225
0.69727105
0.6978306
0.69708467
0.6970132
0.6977811
0.6972076
0.6975944
0.6981146
0.69751894
0.6970981
0.697436
0.6971232
0.69740415
0.6975538
0.69710714
0.697721
0.6973758
0.6975316
0.6972602
0.6975409
0.6975927
0.6978777
0.69717926
0.6977375
0.69710857
0.69745064
0.69744647
0.69710255
0.6974266
0.69736207
0.69700694
0.6972311
0.6977396
0.6973938
0.6970935
0.6970699
0.6976202
0.69772834
0.6970989
0.6975996
0.69699216
0.69730365
0.69682926
0.6964244
0.6974172
0.69716847
0.6976962
0.6977024
0.69745463
0.6974416
0.6972706
0.69746006
0.69727075
0.6970771
0.6969673
0.696495
0.6975718
0.697219
0.69749
0.6966875
0.697965
0.69687116
0.69689983
0.69662124
0.69691694
0.69709826
0.69699425
0.69721854
0.69720125
0.6967791
0.69764745
0.69630194
0.69632995
0.6965258
0.697453
0.6967361
0.6970811
0.69739646
0.69746965
0.696534
0.69757295
0.6968859
0.69722635
0.6972213
0.6972745
0.6969058
0.6974059
0.6971987
0.69776154
0.6966878
0.69685185
0.69690865
0.6971345
0.6966713
0.69716936
0.696888
0.6974664
0.6964395
0.6966325
0.6967799
0.69634724
0.69740826
0.69695973
0.6971935
0.69726044
0.69655496
0.69720876
0.6970976
0.696839
0.69638634
0.69717485
0.69672567
0.6971343
0.6965717
0.6969337
0.6969457
0.69687307
0.69677925
0.6970234
0.697271
0.69716346
0.6970296
0.6971175
0.69654304
0.69648886
0.69651616
0.6963382
0.6967063
0.6967462
0.69670916
0.6970526
0.69699687
0.6963108
0.696461
0.6967581
0.6974504
0.6965511
0.69713867
0.69633293
0.69654673
0.69686335
0.69622463
0.6967838
0.69645613
0.69635814
0.6970387
0.6969565
0.6966741
0.69660103
0.6968455
0.69671273
0.6965613
0.6967932
0.69650507
0.69671696
0.69743526
0.69670373
0.6968406
0.6965791
0.6966989
0.6968662
0.69685555
0.697011
0.69693804
0.6960979
0.6969131
0.6960964
0.69710255
0.6968773
0.6962945
0.69688797
0.6964927
0.69652325
0.6964749
0.69675696
0.6966689
0.69712573
0.6962978
0.6969439
0.6971908
0.6958415
0.6968271
0.6963719
0.69637406
0.69631875
0.6966077
0.6963728
0.6972996
0.696474
0.69638604
0.69600534
0.69641465
0.6966482
0.69622135
0.6972885
0.69656175
0.696575
0.6968797
0.6968451
0.6962781
0.69641775
0.69688267
0.6969599
0.6965363
0.69669515
0.69623876
0.6966229
0.6966914
0.6966262
0.6958874
0.69689566
0.69665605
0.69645995
0.69617766
0.6968871
0.6965123
0.6964341
0.6960686
0.69613785
0.69710624
0.6958721
0.6965277
0.6964358
0.6967723
0.6967839
0.6967016
0.69632417
0.6967135
0.6963819
0.6965559
0.6969304
0.69644207
0.69670576
0.696624
0.69595927
0.6967406
0.6964168
0.69607246
0.6964186
0.6964983
0.6960399
0.6968665
0.6959937
0.6960094
0.6960063
0.6969503
0.6964205
0.6965849
0.6964242
0.6965503
0.6964326
0.6969295
0.6963245
0.6960919
0.6963711
0.69646674
0.69671804
0.6957523
0.6961925
0.6966322
0.6965041
0.6963194
0.6965965
0.69604725
0.69637406
0.6968571
0.6965007
0.6964913
0.69660366
0.6967223
0.6964256
0.6963752
0.6965566
0.6962746
0.69598955
0.69655657
0.6958345
0.69607043
0.696318
0.69632125
0.6963458
0.6968054
0.6960656
0.6960813
0.696572
0.6964021
0.69638234
0.6961141
0.6959972
0.6963684
0.6964775
0.6963925
0.69583654
0.6961452
0.6963103
0.695852
0.69690514
0.69610125
0.69595015
0.69668657
0.6964424
0.6959564
0.6961774
0.696672
0.6963393
0.69641525
0.69600224
0.69596624
0.69564784
0.6961329
0.6960545
0.69609016
0.6961465
0.69624716
0.6958346
0.6962183
0.69619477
0.69641256
0.6964545
0.6964597
0.6965184
0.6967973
0.69619906
0.69621044
0.69583714
0.69671774
0.69622856
0.69543415
0.69607526
0.6957703
0.69670886
0.69596654
0.6964942
0.696403
0.6967289
0.6962897
0.69546586
0.696266
0.69621086
0.69582605
0.69642746
0.6959521
0.6961349
0.69654834
0.6967004
0.6961157
0.6963585
0.69545776
0.6960863
0.69634646
0.6961445
0.69580835
0.69606394
0.6962833
0.6959664
0.69661325
0.69636846
0.6963827
0.6956312
0.6957097
0.69614553
0.69616395
0.6959871
0.6958852
0.69600296
0.695959
0.6958479
0.69617766
0.69623345
0.69641757
0.6959903
0.6956822
0.69622546
0.69620967
0.69606715
0.69635564
0.6961688
0.69529444
0.69625866
0.69632226
0.6961802
0.69616836
0.6960863
0.6962916
0.69586176
0.69616777
0.69585466
0.696169
0.6965215
0.69605273
0.69605416
0.69622934
0.69597083
0.69603914
0.6962977
0.69608617
0.69587374
0.69621485
0.6964981
0.6961798
0.69557416
0.69613993
0.6965431
0.69533324
0.69587576
0.6959822
0.6957262
0.69533706
0.69610536
0.69638294
0.69590455
0.6962124
0.69600916
0.69681704
0.6956897
0.69566077
0.6954913
0.69561476
0.6962469
0.69596004
0.69590104
0.6958561
0.6962466
0.6958751
0.6957719
0.6955228
0.6965193
0.696353
0.69628793
0.69557995
0.6958182
0.69587475
0.6963401
0.6961638
0.69601804
0.6957986
0.696337
0.69581
0.696056
0.69602984
0.6962855
0.695995
0.69621015
0.696068
0.69579643
0.69637656
0.69583935
0.6958537
0.6958941
0.69567055
0.6965588
0.69615835
0.69563407
0.69576883
0.6960119
0.6959078
0.6966012
0.69594425
0.6956097
0.6960065
0.6958775
0.69592786
0.6958496
0.6961881
0.6957535
0.69611645
0.69660616
0.69582516
0.6961811
0.69610506
0.6964951
0.69544655
0.6959727
0.69563264
0.6955366
0.69639593
0.6957889
0.69578683
0.69584227
0.6962809
0.6962204
0.6962063
0.6960943
0.69588226
0.6959805
0.6955331
0.69586056
0.6958321
0.6959004
0.6955276
0.69599205
0.69591546
0.6958372
0.6963285
0.6959102
0.6957354
0.69646347
0.6955055
0.6962734
0.6961501
0.696434
0.6958545
0.69563216
0.69581014
0.6967619
0.6959297
0.69612914
0.6964865
0.6962247
0.6962442
0.69599843
0.69602984
0.6961872
0.69612795
0.6960323
0.6959402
0.6955552
0.69612193
0.6958861
0.6957552
0.6958342
0.69587946
0.69588274
0.6957649
0.69628066
0.69618696
0.6963214
0.6960721
0.69572127
0.6957503
0.69612014
0.6956942
0.6959762
0.6955975
0.6953573
0.6960522
0.6959119
0.6964047
0.6958978
0.695748
0.6960388
0.69573784
0.69587564
0.6959022
0.69544536
0.6962772
0.6963338
0.69626874
0.69638777
0.6958738
0.6964018
0.69583625
0.6954671
0.696403
0.6961907
0.6960928
0.6961693
0.6961969
0.69566673
0.69584733
0.6962289
0.6961049
0.6955501
0.69590425
0.6961106
0.6960446
0.695985
0.6956464
0.6956309
0.69606924
0.695793
0.69626623
0.69562536
0.695332
0.6964055
0.6961202
0.6960058
0.69577444
0.6964316
0.695574
0.6962154
0.6958724
0.69563586
0.6963246
0.6961845
0.6961072
0.69594383
0.696127
0.695565
0.695857
0.6963499
0.69552547
0.69645643
0.6958708
0.6961939
0.69586545
0.6961374
0.6957105
0.69576764
0.6957009
0.69571096
0.6958383
0.69592065
0.695653
0.69604087
0.69586736
0.69636524
0.6961366
0.6960469
0.6960063
0.69582826
0.6957298
0.6957492
0.69579333
0.6955919
0.69624406
0.6959568
0.6962294
0.6962433
0.69596076
0.69613194
0.69601995
0.6960493
0.69600725
0.69574517
0.69594103
0.6960301
0.69568866
0.69607687
0.6958963
0.6960241
0.695547
0.69589865
0.6964763
0.6961155
0.6962519
0.6957221
0.6961503
0.69583213
0.6953276
0.69562745
0.6959759
0.69627804
0.6962056
0.6956436
0.6958556
0.6959007
0.69611996
0.6962734
0.69610995
0.6960762
0.69639266
0.69614047
0.6958251
0.696485
0.69607687
0.69598204
0.6958304
0.696486
0.69582826
0.695834
0.6966361
0.69624037
0.6961927
0.69555134
0.69657606
0.6956925
0.6958403
0.69576705
0.6955245
0.6957581
0.69607604
0.6962409
0.69583887
0.6958871
0.6963601
0.69584316
0.6962015
0.696534
0.6959519
0.6962921
0.69591856
0.6961502
0.69612056
0.6961319
0.6959349
0.69628555
0.6964446
0.6958356
0.69579643
0.6960271
0.6959951
0.69609946
0.6958557
0.6960028
0.6961585
0.6956344
0.69589406
0.6964648
0.6955743
0.6962924
0.6960597
0.6962208
0.69584996
0.6961689
0.69583553
0.69640654
0.6962857
0.6959228
0.69644415
0.6958449
0.6962714
0.6964567
0.6955052
0.6957191
0.6961921
0.6958318
0.696105
0.6963372
0.69593155
0.696455
0.6962116
0.695669
0.6962107
0.6962796
0.6958807
0.69616395
0.69580215
0.69655305
0.6955712
0.69603205
0.69599175
0.6955572
0.6962805
0.6963088
0.69627565
0.6957445
0.6965073
0.6960946
0.6958199
0.69669384
0.696125
0.6954522
0.69612026
0.69562864
0.6961928
0.696295
0.6958723
0.69587845
0.6960117
0.69630903
0.6961608
0.6956718
0.6960846
0.69654447
0.6957763
0.69669825
0.69628924
0.695608
0.6967039
0.6963635
0.69604
0.6953484
0.6954939
0.69636554
0.696239
0.69591856
0.69574773
0.6958502
0.69654137
0.6959777
0.6959955
0.6960223
0.69641334
0.6960705
0.6964224
0.6961072
0.69599485
0.69636935
0.69625676
0.6961737
0.6953776
0.69665605
0.69651675
0.69627875
0.6956335
0.695869
0.6963988
0.69640213
0.6962811
0.69619304
0.6960464
0.69564253
0.6957073
0.695813
0.69624317
0.6961933
0.696411
0.69585264
0.69618034
0.69627374
0.69615716
0.6964598
0.6967782
0.69600755
0.6959589
0.69592524
0.69600827
0.6966993
0.69572616
0.696525
0.6959011
0.6960295
0.69596636
0.69615674
0.69582385
0.6959873
0.69606096
0.6961443
0.6961961
0.69617623
0.6959572
0.69635344
0.69603616
0.69563675
0.696429
0.69618326
0.6967011
0.6961024
0.69592637
0.6954548
0.6967825
0.6961634
0.6960458
0.6966615
0.6964039
0.69606197
0.69582164
0.69681036
0.6959104
0.69564867
0.6962326
0.696059
0.6963275
0.6960483
0.69717646
0.69636256
0.69601554
0.69596225
0.69618547
0.69548213
0.69639206
0.69614893
0.696243
0.6959713
0.69535595
0.6963744
0.69597024
0.6954426
0.696098
0.69558483
0.69581085
0.6962271
0.69645894
0.6969058
0.695946
0.6960804
0.6962564
0.69670904
0.6965678
0.69612306
0.69670445
0.696113
0.69652987
0.6960595
0.69602984
0.69628763
0.69609815
0.6959393
0.69606787
0.6957898
0.69643325
0.69640976
0.69607735
0.6963315
0.69620013
0.69639343
0.69635874
0.695957
0.69674283
0.6961851
0.69589007
0.6965614
0.6962294
0.6961502
0.69606715
0.6961597
0.6958146
0.69597435
0.69607306
0.6958885
0.6958995
0.6963744
0.69688773
0.69582033
0.69646186
0.6966556
0.69594014
0.6960657
0.696544
0.69618183
0.69638485
0.6965364
0.69641435
0.69617915
0.6962902
0.69635665
0.6963746
0.69618666
0.69648474
0.69599473
0.6961261
0.6960079
0.6961412
0.6962534
0.6961985
0.6957198
0.69600624
0.6956456
0.6956459
0.69658613
0.6965152
0.6968074
0.69598407
0.69611317
0.69655377
0.6963029
0.6960097
0.69658434
0.69623137
0.6964326
0.69664985
0.6964313
0.6963181
0.69639975
0.6962297
0.6960661
0.6957293
0.69663155
0.6958809
0.6965854
0.69650084
0.69611883
0.6964928
0.6959328
0.69676137
0.6962946
0.6962405
0.6968425
0.6956915
0.6961323
0.6958481
0.697008
0.69602007
0.69669473
0.6962359
0.6961236
0.6965119
0.6967896
0.6966354
0.69667345
0.6963585
0.6964307
0.69594926
0.6964681
0.6958786
0.6957269
0.69645023
0.6964043
0.6960428
0.69635695
0.6960913
0.6966482
0.6964156
0.696585
0.69601023
0.69656557
0.6962086
0.6962944
0.6966046
0.6960519
0.69641966
0.695834
0.6968189
0.69618344
0.6962669
0.69615275
0.6960878
0.6965804
0.69613963
0.6969424
0.6965747
0.6962488
0.6959014
0.6956914
0.6963418
0.696045
0.6956473
0.6963749
0.69609
0.69614464
0.6959854
0.6958927
0.696231
0.69605833
0.69703
0.6964163
0.69673777
0.6966904
0.6958537
0.6966582
0.696301
0.6962229
0.6960759
0.6966795
0.6961694
0.6965436
0.6962411
0.6962731
0.6963941
0.69629484
0.696028
0.6961512
0.6967749
0.6965285
0.6961034
0.69670355
0.6965385
0.695774
0.69594634
0.6967601
0.6959521
0.69612265
0.6963662
0.696344
0.6962476
0.6964286
0.69625205
0.6963193
0.6964755
0.69615203
0.69661677
0.6960556
0.6960649
0.6958191
0.69642806
0.6961729
0.6963234
0.6957861
0.69651794
0.69646376
0.6964251
0.6961697
0.69642496
0.69634426
0.6964328
0.6962277
0.69643676
0.6961791
0.6966614
0.69673604
0.6963629
0.6965962
0.69633394
0.69660383
0.69620377
0.69624203
0.6960981
0.6961366
0.6960616
0.6962643
0.69615
0.69586927
0.69655406
0.6960348
0.69595003
0.69673586
0.69591767
0.69622266
0.69589853
0.69647574
0.69660634
0.6959173
0.6962791
0.6962568
0.69664675
0.6964233
0.6961342
0.6958897
0.69601077
0.69614196
0.6955288
0.6963023
0.69592816
0.6963458
0.69696635
0.69658816
0.6960662
0.6961191
0.6961144
0.6968661
0.69682044
0.6961953
0.69674784
0.6963993
0.69626606
0.69628245
0.6962597
0.69633436
0.6966192
0.6964642
0.69619495
0.69603497
0.6960825
0.69640815
0.69661784
0.6966147
0.6958213
0.69568205
0.69644594
0.6965594
0.69657737
0.6962947
0.69636357
0.6964472
0.69684225
0.6961342
0.69596875
0.6962045
0.696272
0.6969483
0.6961939
0.6961463
0.69623893
0.69591004
0.6969349
0.69634265
0.6966295
0.696061
0.6964618
0.69600135
0.69602174
0.69629526
0.6969285
0.6964057
0.6958754
0.6960424
0.6965864
0.6962026
0.6959948
0.69663
0.6963654
0.6962551
0.69639033
0.6964354
0.6964185
0.69606704
0.69635797
0.6967738
0.6963995
0.6966951
0.6962927
0.69602066
0.6962361
0.6960488
0.6964271
0.69612193
0.6965055
0.6962118
0.696209
0.69639397
0.6957105
0.6962573
0.69648
0.69653374
0.69596934
0.6961571
0.6960857
0.6963293
0.69591874
0.6960145
0.69673705
0.6964778
0.6966619
0.69647145
0.6959623
0.6969082
0.69645286
0.69618934
0.6965759
0.696529
0.69668263
0.6962034
0.69622344
0.6969297
0.69675684
0.69656974
0.6960165
0.6963484
0.6965706
0.69626516
0.6957272
0.6966196
0.69668627
0.6964496
0.6960674
0.69671416
0.69594014
0.69620895
0.69623303
0.69638014
0.69591284
0.69638216
0.69646406
0.6964302
0.69597363
0.6962029
0.6966455
0.69697
0.6962697
0.69631356
0.6963605
0.6964832
0.6966224
0.6959841
0.6967916
0.69620436
0.6961519
0.69620466
0.69669145
0.6961694
0.6964842
0.6966227
0.6965411
0.6962335
0.6961202
0.696311
0.6963698
0.6961622
0.69647056
0.6967082
0.69589436
0.6965734
0.6961265
0.6962778
0.6965815
0.6960479
0.69673866
0.69606745
0.6963857
0.69591963
0.6962367
0.6965295
0.6968416
0.6960968
0.6962032
0.6964033
0.69625336
0.69630575
0.6965721
0.69590884
0.69639957
0.69564766
0.6967009
0.69668204
0.6958537
0.69656914
0.696809
0.6968974
0.6966582
0.69637847
0.6959011
0.6963039
0.6958855
0.6960409
0.6966624
0.6961982
0.69605744
0.69604677
0.69620025
0.6966112
0.6962204
0.69645995
0.6967495
0.69536877
0.69612217
0.6964396
0.69649935
0.69650996
0.69629186
0.6964161
0.6960359
0.69607717
0.6963809
0.6965033
0.6960338
0.6963089
0.69678646
0.69615793
0.69610786
0.69724554
0.69678575
0.6964904
0.69598943
0.6961745
0.696335
0.6959081
0.69693774
0.6962991
0.69615114
0.6966978
0.6967842
0.6967451
0.69685745
0.6968706
0.69591385
0.69625545
0.69631463
0.6961463
0.696622
0.6962441
0.69605243
0.6962596
0.69609207
0.6959469
0.6966788
0.69634426
0.6960492
0.69606614
0.6960887
0.69657624
0.6965926
0.69693226
0.69577885
0.69665354
0.69639266
0.69630444
0.6964502
0.6964554
0.6964306
0.6966308
0.69585
0.69629097
0.6965284
0.69639087
0.69674945
0.69661814
0.696673
0.6964205
0.69653505
0.6959201
0.6963654
0.6961769
0.69626683
0.69650704
0.69659865
0.6965366
0.69637126
0.6966527
0.6964179
0.6962236
0.6963471
0.69669104
0.6963632
0.6958334
0.69633526
0.6960217
0.6963889
0.69629526
0.6963361
0.69613576
0.6963296
0.6963503
0.6960186
0.6966587
0.6965946
0.6964807
0.69652766
0.6961994
0.6965737
0.69620657
0.6961098
0.6959307
0.69628435
0.69668436
0.69637674
0.6959974
0.69620335
0.6964083
0.6960025
0.6966319
0.69587135
0.6963334
0.6966933
0.6962063
0.6964104
0.6963995
0.69649357
0.696375
0.6961611
0.6962718
0.6962836
0.69597304
0.69627506
0.69580317
0.6961187
0.69635785
0.6966522
0.6962058
0.69619805
0.6961373
0.6959585
0.6963831
0.6960879
0.69671696
0.6960766
0.6964643
0.69657034
0.6961491
0.6961667
0.69616574
0.696342
0.696628
0.6962912
0.6961278
0.69649315
0.6961315
0.69609827
0.6962661
0.69633704
0.6965318
0.69647616
0.69649374
0.6961432
0.6962469
0.6961401
0.6961736
0.69595575
0.6961745
0.6957775
0.69651175
0.6960284
0.6966478
0.6961453
0.69650763
0.6957619
0.69625974
0.69625264
0.69646865
0.6961356
0.6966731
0.69649935
0.6961348
0.69676954
0.6963992
0.69644624
0.6964462
0.69616765
0.6966051
0.6962623
0.6963449
0.6963334
0.6963752
0.6965022
0.69626445
0.6958986
0.69607115
0.6961885
0.6964403
0.6964453
0.6958191
0.69673663
0.6965182
0.6966383
0.69649935
0.69633895
0.69596565
0.6961597
0.69633806
0.6964527
0.6961368
0.6965438
0.69644254
0.69648486
0.6957662
0.6966487
0.69646364
0.6960913
0.69605654
0.6964412
0.69650185
0.6966264
0.6960409
0.6962761
0.6966368
0.69578576
0.69611514
0.6960834
0.69615555
0.69665617
0.69637656
0.6960416
0.69634247
0.6964482
0.695963
0.6960159
0.6960497
0.6963329
0.69639546
0.6966909
0.6962835
0.6967762
0.6962688
0.6961897
0.6960926
0.6962673
0.69609207
0.6966051
0.6959752
0.6967553
0.6957363
0.6967764
0.6959257
0.69603956
0.6964183
0.69644564
0.6965933
0.6966665
0.69639945
0.6961773
0.69660044
0.696374
0.6962684
0.69605297
0.6962426
0.69635516
0.6963331
0.696483
0.6959787
0.69628
0.6958713
0.69655424
0.69608533
0.6960537
0.6961012
0.6967387
0.69652945
0.69670993
0.696179
0.69627917
0.6961317
0.69648176
0.6958915
0.6963333
0.6957037
0.6963606
0.6964613
0.6960575
0.69654876
0.69659513
0.6963582
0.69653434
0.69670475
0.69632006
0.6961271
0.69623184
0.6969277
0.6967104
0.6965307
0.69652647
0.696485
0.6963075
0.6961385
0.69650126
0.6963765
0.6963908
0.6964321
0.69641244
0.6961294
0.6966737
0.69617206
0.69678175
0.69642353
0.69617313
0.69626343
0.6962975
0.6963806
0.69678247
0.69651586
0.6964488
0.6960044
0.69653994
0.6967215
0.6959739
0.69622743
0.6965293
0.6965338
0.69671
0.69638747
0.69657445
0.6957094
0.6962368
0.6964679
0.6964545
0.69601125
0.6962368
0.6965131
0.69571
0.6960511
0.6962542
0.6961461
0.69620955
0.69629276
0.6967305
0.69663095
0.69639355
0.6966579
0.69623363
0.69617385
0.6960338
0.6966482
0.69619894
0.6960438
0.6965489
0.69625956
0.69535935
0.69607794
0.6963954
0.6960931
0.69622374
0.6962223
0.6962668
0.6962183
0.6963827
0.6967414
0.69616205
0.6964241
0.696654
0.6964405
0.69633645
0.6961587
0.6959216
0.6961977
0.6964268
0.69647455
0.69647175
0.6963579
0.696326
0.69658166
0.69635755
0.6961555
0.69628173
0.6960339
0.6960502
0.6959945
0.69632155
0.69602215
0.69652957
0.696645
0.69672275
0.69672406
0.69672936
0.696294
0.6962975
0.6962161
0.69672954
0.69698536
0.69653535
0.6967921
0.69617206
0.69635653
0.6961577
0.69639605
0.6962976
0.6965309
0.6961726
0.69680613
0.6960898
0.6963512
0.69656825
0.6959021
0.69655406
0.69622666
0.6964924
0.6962848
0.6967494
0.6958679
0.6960661
0.69637805
0.6959345
0.69645387
0.6963918
0.6965826
0.6964297
0.69634765
0.6964639
0.6967199
0.6959999
0.6966854
0.69628495
0.6963128
0.6962249
0.6966488
0.69646144
0.6961751
0.69675124
0.69663966
0.69646376
0.696447
0.69619966
0.69626784
0.6965416
0.69644105
0.6960291
0.69618165
0.6969898
0.6967702
0.6969018
0.69702846
0.6968557
0.6967317
0.69620365
0.6966924
0.69618315
0.69591945
0.696109
0.69646645
0.69665074
0.6965332
0.6959653
0.6964202
0.69652337
0.69652987
0.69592416
0.6957042
0.6963469
0.696475
0.6957784
0.69611293
0.6963904
0.69621104
0.6962301
0.69636285
0.69623864
0.6964584
0.69668275
0.6959614
0.6962608
0.6964578
0.6963728
0.6965103
0.69682956
0.69602823
0.69668216
0.69684637
0.6958639
0.6964358
0.69581467
0.69631875
0.6963897
0.6963828
0.69636965
0.6959846
0.6966049
0.69604987
0.69619083
0.6964738
0.6959214
0.69673145
0.6966414
0.69646686
0.6966319
0.6964988
0.69684345
0.6965475
0.6964265
0.69638234
0.6968862
0.6966274
0.6960359
0.69639814
0.69624835
0.69619966
0.69637805
0.6962253
0.6960517
0.69663084
0.69599
0.69647074
0.69646126
0.6968472
0.69618726
0.6960612
0.69661826
0.6960953
0.69597375
0.6964364
0.69654447
0.6964097
0.696723
0.69636804
0.69645375
0.69653517
0.6964031
0.6964287
0.69595927
0.6965831
0.6963849
0.6962398
0.6963554
0.69603074
0.6960308
0.69604754
0.696125
0.6962075
0.6965017
0.69657886
0.69665796
0.69630575
0.6966717
0.6962574
0.6966468
0.6964572
0.6960487
0.6966225
0.6960573
0.69684947
0.6967826
0.6970153
0.6963781
0.6964038
0.69691545
0.6967532
0.6966816
0.69649017
0.6966291
0.6961347
0.69635385
0.6966878
0.6968343
0.69681907
0.6964606
0.69652563
0.6958898
0.6963513
0.6964024
0.6969365
0.6964477
0.69673556
0.69641113
0.69659394
0.6966858
0.69631124
0.6962429
0.69642496
0.6961335
0.6968148
0.6966958
0.69647807
0.69667745
0.6965589
0.6966891
0.6962252
0.6962467
0.6967207
0.69623804
0.6961098
0.6961321
0.69669014
0.6964263
0.69667083
0.6963375
0.6960651
0.6963449
0.69655985
0.6967864
0.6966032
0.6959439
0.6965782
0.6964336
0.6967948
0.69686586
0.6962273
0.69614536
0.6962352
0.69691736
0.6962135
0.6964128
0.6964554
0.69683826
0.69633514
0.6965928
0.69645053
0.69628143
0.6961667
0.6960511
0.69672155
0.696606
0.69636655
0.6966818
0.69650185
0.69599783
0.69668907
0.6963259
0.6966428
0.696711
0.69621855
0.6963138
0.69692945
0.69644374
0.6970595
0.69697803
0.696446
0.69650835
0.6968152
0.6964846
0.6961698
0.6968538
0.69650936
0.6964375
0.69623303
0.6965292
0.6967742
0.6961016
0.6964324
0.69673806
0.6968939
0.6958159
0.69648296
0.6965363
0.69659233
0.69558746
0.69645405
0.6968801
0.6964523
0.69636095
0.6964738
0.6966888
0.69694847
0.6963313
0.696742
0.6968211
0.69642544
0.6962355
0.6967512
0.6967193
0.69638556
0.69675463
0.6967187
0.6964838
0.6967688
0.6963828
0.6966071
0.6961937
0.6966897
0.69636184
0.6963271
0.69663036
0.69654435
0.6964021
0.69660795
0.69649845
0.6965999
0.69666815
0.69664127
0.6962687
0.6965814
0.6964198
0.69615453
0.69652754
0.6967577
0.69652385
0.6962586
0.696726
0.69621676
0.696378
0.6968948
0.69659656
0.69654596
0.6964117
0.6968232
0.696699
0.6964933
0.69650155
0.6967584
0.69657767
0.6969741
0.6968801
0.6965279
0.69666594
0.69629997
0.6970158
0.69630927
0.69708824
0.6967086
0.69670177
0.69669914
0.69641954
0.69661725
0.6966506
0.6964594
0.6965522
0.6965234
0.6965608
0.69665414
0.69610804
0.6970931
0.6966013
0.69654554
0.6973586
0.69653815
0.69665617
0.696664
0.6967762
0.6965899
0.6967079
0.69685024
0.69637
0.69640553
0.6962538
0.6959964
0.69677037
0.6969289
0.69703054
0.696604
0.69697535
0.6971959
0.6965635
0.6971323
0.6962003
0.6968104
0.69681215
0.69673353
0.69680446
0.69631445
0.6971043
0.69700754
0.69623315
0.6962597
0.6967616
0.69651663
0.69664806
0.69669455
0.69654906
0.69666785
0.69667476
0.69641805
0.69651914
0.696741
0.69662356
0.6967873
0.69660014
0.6971358
0.69600374
0.6967511
0.6969342
0.6972614
0.6966192
0.6963995
0.69668007
0.69636124
0.6965391
0.69670874
0.6968552
0.69690514
0.696244
0.6966619
0.69678086
0.696691
0.6963075
0.6962332
0.69689405
0.6970497
0.697046
0.69690734
0.69649565
0.6970059
0.6968692
0.6968187
0.6970127
0.69685763
0.6966664
0.6966096
0.6963558
0.69676656
0.696945
0.6971509
0.6965047
0.6965262
0.6965358
0.6974848
0.69683903
0.6966993
0.6968106
0.6969207
0.69718075
0.696623
0.6962879
0.6967816
0.69742996
0.6965048
0.6970017
0.69655466
0.6969894
0.6967025
0.6968718
0.6968573
0.6966549
0.69692534
0.69667166
0.6974133
0.69699025
0.69727015
0.6968364
0.696431
0.6968699
0.6966748
0.69677585
0.6963653
0.697
0.69700384
0.69666135
0.6965458
0.69678926
0.6969826
0.6968491
0.6968868
0.69671285
0.6969512
0.6966643
0.69718796
0.69658154
0.69693226
0.6966975
0.6967617
0.69719046
0.69656134
0.696459
0.69680864
0.69674516
0.696529
0.6971656
0.697177
0.69650537
0.6964614
0.6965715
0.6969461
0.69706285
0.6968363
0.6968731
0.6964151
0.69713736
0.6967176
0.6972981
0.6968138
0.6968081
0.6966421
0.69734454
0.69675004
0.6969452
0.6968534
0.697015
0.69676685
0.69666946
0.69699705
0.69674635
0.69670147
0.6969417
0.6966294
0.6973894
0.69708645
0.69700366
0.6967328
0.6970034
0.69677645
0.6968247
0.69717646
0.69679815
0.6971345
0.6964642
0.69706094
0.6970444
0.69726086
0.6967649
0.69648683
0.69687366
0.69701403
0.6969171
0.696889
0.6966161
0.69730365
0.69719625
0.69687176
0.6970993
0.6964745
0.69674283
0.69719154
0.6970127
0.69662714
0.6967078
0.6965503
0.6965136
0.69691205
0.6971687
0.6970819
0.69686544
0.6969782
0.69663614
0.69702536
0.697508
0.697001
0.6968626
0.6969241
0.69666404
0.697026
0.69679254
0.6966787
0.69665337
0.6968891
0.69752854
0.6964058
0.6970802
0.6969329
0.6966248
0.6967131
0.6969057
0.6972371
0.6970137
0.6963782
0.6969947
0.69666153
0.6967421
0.6965087
0.69708943
0.69710225
0.6972135
0.6968841
0.69761884
0.6972336
0.69739485
0.6967772
0.69719917
0.69719046
0.69700813
0.6966231
0.69675654
0.6970178
0.6969005
0.696893
0.696678
0.6966017
0.69641674
0.69679976
0.697539
0.6972146
0.6972832
0.69700867
0.6970132
0.69699174
0.69739425
0.69672424
0.69709665
0.697236
0.6966605
0.696602
0.69782376
0.69655526
0.69769937
0.69687486
0.6971349
0.6965645
0.6970688
0.6972374
0.6968563
0.69715935
0.69682395
0.69694495
0.69701463
0.69666433
0.69708204
0.6969707
0.6972096
0.6968592
0.69733167
0.6970711
0.69704753
0.697042
0.696759
0.69747174
0.6968395
0.69725084
0.6971874
0.69748396
0.69731027
0.6973959
0.6969173
0.6967681
0.69694674
0.69726413
0.6968611
0.69690156
0.69714296
0.6973834
0.6972958
0.6969485
0.6966495
0.6967825
0.6969164
0.69737107
0.6969034
0.69696164
0.6968067
0.697084
0.69742984
0.69743437
0.6972102
0.69650793
0.69718665
0.69719344
0.69730973
0.69712025
0.6966443
0.6969212
0.69685555
0.6967996
0.69664526
0.6969866
0.6973299
0.69686604
0.6969721
0.69737726
0.6966672
0.697636
0.6973179
0.69680315
0.6969411
0.6970551
0.6973293
0.6969666
0.69734216
0.6968338
0.69711936
0.6973434
0.69710374
0.69744855
0.6969931
0.69723785
0.69713813
0.69740075
0.69753355
0.69729406
0.6972375
0.6977793
0.69708467
0.69711757
0.6970135
0.69694597
0.697713
0.69706535
0.6967616
0.69724923
0.69752276
0.6972097
0.6966438
0.69718623
0.69705534
0.69726163
0.6970247
0.69668597
0.6971281
0.69765073
0.69712716
0.6969169
0.69700813
0.69695234
0.6970442
0.69704705
0.69709986
0.69718814
0.6970441
0.69704914
0.69756746
0.69736147
0.69699305
0.6975097
0.6967594
0.6974159
0.69702196
0.69657624
0.6969232
0.69675416
0.69756943
0.69742596
0.6968359
0.69691145
0.69689584
0.6975284
0.6973691
0.69672114
0.6971334
0.697019
0.697369
0.697094
0.6969863
0.69746196
0.69720155
0.6969237
0.6973498
0.6974297
0.69667757
0.6971178
0.6976247
0.69750106
0.6972251
0.69735855
0.69705784
0.69689196
0.6971058
0.6969908
0.69729125
0.6971883
0.6975253
0.69690174
0.6973441
0.69762117
0.69725084
0.6966986
0.6978638
0.6975821
0.6969906
0.69717306
0.6972834
0.6976638
0.69696176
0.6969749
0.69705945
0.6977481
0.69733554
0.6972256
0.6967516
0.6967409
0.6972157
0.69712424
0.6970054
0.69711834
0.6976748
0.6969935
0.6971362
0.6968156
0.6973161
0.6972537
0.69698495
0.69767815
0.6972841
0.6974864
0.69739974
0.69757855
0.69762987
0.6969771
0.69706005
0.6971067
0.69688606
0.69698495
0.69711345
0.6976922
0.69670963
0.6970396
0.697083
0.69703245
0.69689417
0.697053
0.69726396
0.69691354
0.697227
0.69737655
0.6973509
0.6974939
0.6971944
0.6977413
0.69712335
0.6971988
0.6966636
0.69700384
0.697193
0.69755125
0.69683313
0.6975305
0.69722825
0.69681036
0.6968585
0.69731456
0.6971845
0.69723165
0.6971147
0.6970344
0.6974101
0.6974306
0.6974763
0.6976793
0.6966119
0.69682574
0.69725466
0.6974567
0.6974805
0.69750816
0.69754094
0.6965454
0.6970242
0.6975374
0.6970113
0.6976905
0.69763005
0.6971939
0.6971767
0.69687
0.69701284
0.6972156
0.6971983
0.69753724
0.6971776
0.6972303
0.697071
0.69777244
0.6969338
0.6971911
0.6972893
0.6974345
0.69732654
0.6979231
0.6972668
0.69716597
0.6971084
0.69712245
0.69696474
0.69696534
0.69717425
0.6971194
0.6974368
0.69737405
0.6975665
0.6968229
0.69743943
0.6974168
0.69737524
0.6970635
0.69736665
0.69739515
0.6976878
0.69720346
0.6973572
0.69710016
0.6975169
0.6968007
0.69670653
0.6975367
0.6970153
0.69728273
0.6969358
0.6975052
0.6971202
0.6968837
0.69689304
0.6973515
0.69726557
0.69708246
0.6974387
0.69736326
0.6972551
0.697118
0.6974558
0.69702256
0.69735026
0.69740283
0.6968463
0.69710046
0.6973864
0.697474
0.697956
0.69754773
0.6970936
0.69712967
0.697416
0.6971619
0.6969785
0.69690084
0.6971592
0.69795203
0.69721705
0.6974001
0.69722825
0.6972094
0.6975005
0.69738066
0.69760656
0.69712466
0.6972091
0.6971582
0.69703907
0.6968438
0.69702333
0.6971487
0.69707185
0.6974019
0.69734114
0.6970035
0.69743997
0.69767356
0.697345
0.6976883
0.6971915
0.6970114
0.6970032
0.697457
0.69698036
0.69734335
0.6974696
0.6969654
0.6976798
0.6976763
0.6971514
0.69690484
0.69726485
0.6969977
0.69727427
0.6975046
0.6971961
0.6968657
0.69738096
0.69734293
0.69727784
0.6971991
0.6972308
0.6973233
0.6974647
0.697287
0.69720876
0.6976197
0.6977951
0.6978272
0.69720125
0.6972772
0.69743824
0.69697446
0.6971558
0.6968147
0.69753885
0.697374
0.6977062
0.69684714
0.69745445
0.6970905
0.69766647
0.6974634
0.6972143
0.6974773
0.69763744
0.6972078
0.6975379
0.69693434
0.6971298
0.69759643
0.6976173
0.69747084
0.6972255
0.6974746
0.69737595
0.6972286
0.69699025
0.6974366
0.69716704
0.6969434
0.69722813
0.69690084
0.69740003
0.6976507
0.6973276
0.697355
0.696925
0.6972607
0.6975117
0.6971663
0.69666874
0.6975569
0.69717836
0.69715756
0.6972045
0.6971196
0.6967458
0.69739866
0.69758284
0.69720393
0.6968431
0.6977299
0.69688135
0.6978139
0.69728523
0.6973478
0.6977854
0.6973247
0.69717455
0.69656503
0.6971984
0.697556
0.6973154
0.69760436
0.6970548
0.6973958
0.69737583
0.6970973
0.6975715
0.6974198
0.6975991
0.6977014
0.6972772
0.697385
0.69749904
0.6972295
0.6970005
0.69707346
0.6973632
0.696818
0.6972651
0.69685453
0.69710207
0.697774
0.6969252
0.6967799
0.6973049
0.69758457
0.6973314
0.69723624
0.69727015
0.6969365
0.6976206
0.6970378
0.6971179
0.6975621
0.69729954
0.69717133
0.69739044
0.6976523
0.69725984
0.6973827
0.6973
0.69717467
0.6970314
0.69753486
0.69734186
0.6973427
0.6974241
0.69752294
0.69712245
0.6975065
0.6969511
0.6976157
0.6969902
0.6971914
0.6968754
0.6976321
0.6974352
0.69760454
0.69753015
0.69714886
0.69738066
0.6972303
0.69727725
0.6967282
0.6972412
0.6975315
0.69705945
0.6975512
0.69733953
0.69706327
0.69742656
0.6971721
0.6969335
0.69664884
0.69720954
0.69703966
0.6974388
0.6974784
0.69705373
0.69754297
0.6970604
0.6976182
0.6970706
0.69755924
0.6971326
0.6968711
0.69694716
0.69758624
0.69665146
0.6972664
0.697232
0.69745153
0.6967691
0.6970033
0.6969387
0.69720066
0.69693923
0.69706285
0.6969695
0.69731295
0.6973799
0.69695204
0.6969666
0.6974505
0.69708526
0.69749856
0.6971211
0.6972413
0.697467
0.69691324
0.6969501
0.6970693
0.6972967
0.6969253
0.69706583
0.6970187
0.6972675
0.69734704
0.697285
0.69699484
0.6972873
0.697186
0.6979973
0.6971243
0.6967223
0.697232
0.697508
0.697859
0.6975382
0.6970282
0.69692135
0.69708073
0.6973355
0.6968519
0.69711393
0.6973837
0.69676346
0.6972874
0.6973939
0.69698274
0.69731194
0.69694173
0.6971738
0.69731027
0.69743174
0.69740826
0.697505
0.69719553
0.69746375
0.697089
0.69764024
0.69692373
0.697464
0.69763434
0.69747144
0.6973408
0.6973028
0.6972776
0.6972882
0.69734025
0.6971503
0.69735456
0.6972413
0.6977892
0.6966382
0.6972235
0.69739985
0.6970544
0.6972504
0.69723773
0.6967941
0.6968613
0.69703835
0.6969611
0.69723934
0.69728297
0.69672173
0.6968798
0.6976037
0.6971698
0.6971707
0.6970595
0.69726723
0.69708997
0.6971545
0.6973379
0.69720185
0.69720435
0.69722354
0.6971515
0.6969461
0.6972045
0.69744974
0.6971431
0.6972862
0.6967219
0.69714385
0.6968778
0.6972326
0.6971124
0.6970149
0.6968825
0.6970214
0.6973587
0.6973562
0.69762826
0.69717807
0.69707805
0.6971956
0.6972116
0.6971772
0.69702804
0.6969176
0.69693726
0.6977479
0.6969298
0.6967615
0.69749963
0.696722
0.6971472
0.69697374
0.69733346
0.69743544
0.6968259
0.6968984
0.6966211
0.6976891
0.6972159
0.69757473
0.6966504
0.69731677
0.69741106
0.6969724
0.69726354
0.6969641
0.69693965
0.6969935
0.69748116
0.6970617
0.6971424
0.69750166
0.6971863
0.69689673
0.6978958
0.6967807
0.69723433
0.69710404
0.6967096
0.6970804
0.697116
0.6969723
0.69713056
0.6975307
0.6969294
0.6970614
0.69714147
0.69728935
0.6977231
0.69681257
0.69740987
0.69691586
0.696948
0.6970207
0.6971418
0.6971525
0.6971994
0.696818
0.6967667
0.69773245
0.69709486
0.69725484
0.6972518
0.69740516
0.6974275
0.6969165
0.69674855
0.69702494
0.6970144
0.6969678
0.69694525
0.69698286
0.69708186
0.6974329
0.69751924
0.6973091
0.69733256
0.6974591
0.6974455
0.6968749
0.6970858
0.6972918
0.6974259
0.6967127
0.6969482
0.69694245
0.69685394
0.6971164
0.69735885
0.6974101
0.69725615
0.6970928
0.69673115
0.6971113
0.696907
0.6972128
0.6970007
0.6971096
0.6970606
0.6966761
0.6968048
0.6966233
0.6968462
0.69690657
0.69687027
0.69722193
0.6971567
0.6966368
0.69740754
0.6970023
0.69689333
0.69718516
0.69713783
0.6975574
0.6972977
0.69720966
0.69687915
0.6971803
0.69733375
0.69739324
0.69710374
0.6968993
0.69727504
0.6970471
0.69686246
0.6972113
0.6972633
0.6971186
0.69701904
0.69711393
0.69733125
0.69729286
0.69681597
0.696713
0.6965897
0.6973482
0.69677645
0.69738865
0.6970226
0.6971302
0.6972383
0.69701844
0.6972603
0.69684815
0.69667643
0.697347
0.6966135
0.6974844
0.69719803
0.69762677
0.6966925
0.6973004
0.69643086
0.6968816
0.6970277
0.6968292
0.6969447
0.69723845
0.69697076
0.69760984
0.6970825
0.6968065
0.6966064
0.6971848
0.69715196
0.6970131
0.69716775
0.6970099
0.6968958
0.69695884
0.69695044
0.6972258
0.69711316
0.69760823
0.697068
0.6969563
0.6971307
0.6972532
0.6970232
0.69708514
0.6973349
0.6967523
0.6971462
0.69681567
0.6968666
0.69750726
0.6970496
0.6969729
0.69667095
0.6970112
0.69709295
0.6968582
0.69662076
0.69693136
0.69683915
0.6970793
0.69646484
0.6968347
0.6969412
0.6970972
0.69686353
0.6970115
0.69716996
0.69680595
0.697093
0.6973535
0.69677526
0.6967529
0.69733095
0.69709975
0.6970459
0.6970989
0.697457
0.6967168
0.6973116
0.69736433
0.6968287
0.6969227
0.6967815
0.696956
0.6969358
0.697007
0.6970665
0.6967156
0.69747335
0.69711226
0.6968153
0.69714534
0.6970714
0.697131
0.6967957
0.69667625
0.6970865
0.69711816
0.69704944
0.6969415
0.6974755
0.696989
0.6967097
0.69689
0.6968645
0.6966758
0.6968864
0.6965606
0.6970478
0.69662267
0.6969093
0.6971488
0.69743556
0.69661975
0.6970544
0.6969313
0.6968736
0.6966545
0.69738275
0.6969249
0.6970323
0.6967004
0.69663316
0.6966526
0.6968508
0.69724226
0.6966794
0.697121
0.6969479
0.696936
0.69683427
0.6975823
0.6966331
0.6966491
0.6973509
0.6968754
0.69659406
0.6968182
0.6967419
0.69704175
0.6966465
0.69698954
0.6970418
0.69694173
0.69704276
0.696893
0.6971008
0.69712293
0.6965954
0.6971157
0.696948
0.6968437
0.6970976
0.696581
0.69703573
0.697454
0.69682777
0.69698304
0.69671804
0.6968875
0.6973313
0.696585
0.6969967
0.69641507
0.6968227
0.6967366
0.69671774
0.6969823
0.696991
0.69698066
0.6970932
0.69653475
0.69696426
0.6969243
0.69708776
0.69673735
0.6974914
0.6964425
0.6969443
0.6967434
0.6970401
0.6967644
0.69686055
0.6969368
0.69686943
0.69715995
0.6971466
0.6970853
0.6966121
0.6971326
0.69683576
0.69667643
0.6968332
0.6969676
0.6970846
0.696781
0.6968376
0.6967025
0.69725376
0.69615656
0.69656295
0.6973262
0.69653
0.6970113
0.6971391
0.69678926
0.69723153
0.69645566
0.6966102
0.69708794
0.696919
0.6970761
0.69674623
0.6967502
0.6970117
0.6968701
0.6969273
0.69658655
0.69676495
0.6968046
0.6967342
0.69705266
0.69647956
0.6969334
0.6969054
0.696457
0.6967974
0.6967154
0.6968485
0.6966795
0.6973578
0.6968119
0.69688725
0.69659126
0.6968932
0.697031
0.6971218
0.69733846
0.69715047
0.6971677
0.69705445
0.69699025
0.6967579
0.6965364
0.6966891
0.6966932
0.69712824
0.6965764
0.6969968
0.6969465
0.6968138
0.696551
0.6966392
0.6965496
0.696754
0.6967992
0.6966393
0.69671386
0.6964495
0.69699407
0.6967817
0.6966571
0.6970569
0.69674915
0.6966121
0.6972393
0.696806
0.69663197
0.69655347
0.696858
0.69638807
0.6964554
0.696772
0.6970397
0.69655246
0.6970696
0.6971873
0.6967711
0.696602
0.6966319
0.6969306
0.69666594
0.696376
0.69696295
0.69659466
0.6970397
0.69675744
0.69717073
0.6964821
0.6965751
0.6963188
0.6970504
0.697046
0.6975722
0.6967441
0.69683343
0.6961842
0.6963784
0.69571024
0.6965496
0.6967365
0.6970619
0.69669074
0.6963865
0.69651175
0.69680244
0.6967643
0.696607
0.69677496
0.6966394
0.69707483
0.69682896
0.697014
0.69666255
0.6964752
0.69664615
0.6967745
0.69705534
0.6967486
0.696553
0.6965119
0.6968651
0.6966806
0.69723403
0.6966293
0.69731563
0.697057
0.69648725
0.6967852
0.69700867
0.69682074
0.697004
0.69680494
0.69659686
0.69647735
0.69695723
0.696651
0.6968481
0.6971446
0.69681513
0.6966304
0.6964265
0.69668514
0.6967667
0.69672793
0.6965658
0.69706595
0.6964255
0.6966254
0.6969115
0.696945
0.6966265
0.6962315
0.6962243
0.6961144
0.6967227
0.69682485
0.6965096
0.69692373
0.6965731
0.6966275
0.69713855
0.69672537
0.6965852
0.69655246
0.69656736
0.6966112
0.6961142
0.6963172
0.6968439
0.69692004
0.69705683
0.6965355
0.6969701
0.69714445
0.69626886
0.6964557
0.6966595
0.69728214
0.69662267
0.6967563
0.6964983
0.69638747
0.6966192
0.6963197
0.6966491
0.6965385
0.6964156
0.6963295
0.6965683
0.69631815
0.69673866
0.69639474
0.69687814
0.69677556
0.6962746
0.6965698
0.6967866
0.6967567
0.69685763
0.69701415
0.69630426
0.6967437
0.69662356
0.69672203
0.6965667
0.6966199
0.6967718
0.6967894
0.69634503
0.6967409
0.6971039
0.6968366
0.69678587
0.6962368
0.6968875
0.6968382
0.6966764
0.6965653
0.6964997
0.6966136
0.696419
0.6966563
0.6962051
0.6964816
0.69665974
0.6965724
0.69691837
0.69683343
0.6968666
0.6964981
0.69649297
0.69639874
0.696883
0.6964151
0.69652563
0.69609207
0.69622505
0.6965496
0.6963079
0.6968559
0.696511
0.69662267
0.6965374
0.6963636
0.6965142
0.6968363
0.6967399
0.69639033
0.69688636
0.6963532
0.6965718
0.69656396
0.6962555
0.6965986
0.6966036
0.69650483
0.69657785
0.69679123
0.6966914
0.69640005
0.6967866
0.6966833
0.6961169
0.69700813
0.6967087
0.6967704
0.69659853
0.69665104
0.6967448
0.6967735
0.6964493
0.6964381
0.69639415
0.6963752
0.69624406
0.69706386
0.6966174
0.69647133
0.69647855
0.69674003
0.6962904
0.69632864
0.6965984
0.69656825
0.69658715
0.6966625
0.6963078
0.6967043
0.69660497
0.69675046
0.6960375
0.6960156
0.6962479
0.6965059
0.6965577
0.6964301
0.69626415
0.6964876
0.6961221
0.6963837
0.69654214
0.696624
0.6967139
0.6964966
0.6968433
0.69650304
0.6972012
0.69665086
0.69647926
0.6960801
0.69615597
0.6962065
0.696567
0.6966693
0.69617814
0.6966342
0.69667923
0.6964832
0.69661915
0.6963775
0.69652176
0.6967033
0.6970082
0.6967237
0.6964168
0.6970175
0.6959524
0.6967581
0.69659686
0.6966654
0.6964653
0.6965675
0.69649756
0.6969671
0.6970983
0.69629186
0.6964097
0.69661576
0.6961251
0.69654197
0.696674
0.6966478
0.69656754
0.69645303
0.69629955
0.696821
0.6965728
0.6966879
0.6966068
0.69654745
0.69605607
0.69653994
0.6962413
0.696353
0.69667983
0.69631606
0.6961157
0.6967993
0.6964631
0.6961669
0.6967395
0.6963159
0.69659394
0.6967902
0.69649166
0.6962998
0.6964078
0.6964282
0.69652236
0.69629335
0.69702417
0.69636846
0.696779
0.6962019
0.6965515
0.69669896
0.6964529
0.6963086
0.69636685
0.6969642
0.6962283
0.6964447
0.69610393
0.69621885
0.6961201
0.69665587
0.69668967
0.69689924
0.69620204
0.6961448
0.6964965
0.6963013
0.69615674
0.69632024
