0.82865256
0.9527168
0.8747318
0.8645692
0.87626106
0.8806098
0.88137555
0.88217527
0.88185614
0.882011
0.8827631
0.88245314
0.8829167
0.88345456
0.8837634
0.88418216
0.8838712
0.8842925
0.88404727
0.8852476
0.8840885
0.8845506
0.8855051
0.88513404
0.88531476
0.88531977
0.88482267
0.8850215
0.8856332
0.88539004
0.88492554
0.88415414
0.88554394
0.8848375
0.88396364
0.8851179
0.8843666
0.88349533
0.8847372
0.8845491
0.8826791
0.88145113
0.88284063
0.88337415
0.88141173
0.88319385
0.8808666
0.8808447
0.88090146
0.8804004
0.88087624
0.88031244
0.88031507
0.87798
0.8791146
0.8775723
0.8769437
0.87724423
0.8758385
0.8738547
0.8736008
0.87514085
0.87379247
0.8705694
0.87089276
0.871545
0.8709995
0.86875457
0.8702277
0.86959344
0.8664326
0.8636858
0.86517596
0.86411756
0.8651754
0.86149305
0.8610017
0.8634456
0.8591574
0.85970384
0.85907155
0.85736585
0.8565056
0.8555929
0.8556164
0.85497236
0.8530087
0.8527821
0.85131437
0.8508089
0.84915465
0.85084665
0.84827703
0.8412363
0.84428173
0.8408725
0.8401153
0.8364921
0.8383078
0.83468807
0.8376225
0.8310643
0.8335255
0.82463336
0.8280965
0.82392144
0.8252211
0.8235659
0.82316434
0.8238247
0.81694746
0.8151047
0.8118611
0.8144564
0.80841887
0.8095003
0.8092807
0.80470365
0.8052497
0.8014356
0.7987352
0.79784834
0.79319453
0.7897149
0.7959607
0.7856116
0.79073644
0.7851795
0.77805406
0.7779436
0.7760683
0.77961683
0.7682097
0.772593
0.7624256
0.7648657
0.76805073
0.75488144
0.7554794
0.7652915
0.7513776
0.747466
0.7458423
0.7495304
0.74885285
0.73828995
0.732285
0.7355099
0.7374422
0.7178416
0.7362496
0.7157646
0.7204538
0.7250744
0.7159746
0.70617586
0.71121716
0.7094977
0.69721556
0.6934259
0.70403963
0.68919945
0.6881134
0.6840321
0.6684412
0.68439525
0.6773607
0.6745371
0.67633986
0.67360693
0.6682019
0.6595456
0.6601694
0.661589
0.6542894
0.65720403
0.6590623
0.65351754
0.64527243
0.64768714
0.6491978
0.6516035
0.6480897
0.6519005
0.6479428
0.65073353
0.65638334
0.6501109
0.652743
0.6543761
0.65226406
0.6517918
0.6603286
0.6639237
0.6550785
0.65338606
0.6537879
0.6539425
0.6520567
0.65610635
0.6519434
0.65415424
0.6579566
0.65865296
0.6531651
0.6582326
0.6549293
0.6558035
0.65856284
0.66048664
0.6553276
0.6587553
0.6578175
0.6559615
0.6578749
0.6587038
0.65988666
0.66348225
0.6607046
0.6576635
0.6632568
0.6624771
0.6628884
0.6600591
0.66273767
0.6643986
0.66499585
0.66475177
0.6679515
0.6644377
0.664293
0.6657089
0.6668
0.6662248
0.66370815
0.6648531
0.666002
0.6677956
0.6694599
0.6676568
0.6706605
0.66822374
0.6681048
0.66854185
0.6700106
0.6709859
0.6718878
0.6743918
0.676177
0.67278343
0.6726985
0.674805
0.67115957
0.67684835
0.6779777
0.67755306
0.67217076
0.6686339
0.6774631
0.67943674
0.6773797
0.68299
0.6787258
0.6732833
0.6772647
0.6794022
0.6858703
0.67606723
0.6815649
0.68377125
0.6823592
0.6836824
0.6844478
0.68436545
0.6780134
0.6847227
0.67805487
0.6812964
0.67771405
0.68434966
0.6885813
0.67937523
0.6827746
0.6897448
0.68477875
0.6834921
0.6839019
0.68739176
0.688049
0.6862312
0.68717945
0.6845046
0.68935716
0.6901867
0.6909449
0.68810415
0.6888224
0.6870431
0.692069
0.68694
0.6877945
0.69678396
0.69316185
0.69083005
0.6895213
0.69693756
0.68950826
0.69061923
0.6950856
0.69213045
0.69473046
0.69164133
0.69398594
0.693669
0.69226557
0.6985684
0.6959036
0.6941173
0.69487846
0.6961357
0.6940717
0.69236404
0.70302504
0.6929444
0.69620275
0.69896364
0.6981581
0.69411993
0.69599825
0.6967298
0.6983004
0.6988968
0.6962573
0.6971035
0.69785327
0.6993162
0.69817144
0.69466573
0.7068741
0.7011456
0.6977557
0.69918
0.69882065
0.70063347
0.6998373
0.7008288
0.70104593
0.70406306
0.700796
0.69994736
0.69886523
0.706285
0.7087256
0.71069384
0.70181406
0.6994307
0.7078726
0.70254064
0.7003929
0.7015385
0.70350665
0.70661324
0.70066965
0.7017303
0.7074607
0.7071714
0.71103054
0.70817864
0.70240617
0.70926267
0.70501506
0.7057908
0.70811355
0.70922244
0.70826906
0.71450824
0.70954376
0.70802474
0.70898265
0.7071808
0.70255095
0.713504
0.7092222
0.7153103
0.7105296
0.7124857
0.7091715
0.70701563
0.70893335
0.71218127
0.7138546
0.70722497
0.7116393
0.71060485
0.70925474
0.7102507
0.7075554
0.70674837
0.7090843
0.7166166
0.711407
0.7121727
0.71462935
0.7112479
0.7146473
0.7130853
0.7143319
0.7118919
0.7100777
0.71815443
0.7164205
0.7145488
0.7110279
0.71356505
0.71779776
0.71380895
0.71702236
0.7195232
0.71393985
0.7160002
0.71692467
0.7190428
0.71608734
0.71577525
0.7188038
0.7162585
0.71595436
0.71627736
0.722908
0.71457434
0.7212682
0.72040254
0.7159772
0.71982354
0.7238626
0.71690446
0.7199725
0.716969
0.7223848
0.72336
0.7225731
0.72234976
0.71747863
0.7250755
0.7179243
0.7263739
0.71961933
0.7197361
0.72034377
0.7229054
0.72402525
0.71941936
0.72027373
0.7172649
0.72574395
0.7178503
0.7218661
0.71979094
0.72315556
0.725513
0.7220721
0.72313166
0.7259037
0.7236225
0.7218507
0.723728
0.72192556
0.72720265
0.7200904
0.71936387
0.72074956
0.7253124
0.71598446
0.7265602
0.7231355
0.722182
0.7230024
0.73210055
0.7204575
0.71871245
0.72283614
0.7216289
0.7266072
0.72325253
0.7228236
0.72261834
0.7222815
0.72623986
0.72354656
0.7227633
0.718928
0.7157223
0.7165919
0.7214106
0.7153357
0.71878785
0.72401166
0.7206046
0.71886206
0.7215752
0.7197577
0.7217432
0.7184235
0.72291505
0.71869093
0.7181639
0.72168815
0.72370416
0.7204216
0.7200834
0.7175838
0.72053134
0.71850514
0.71984756
0.7191825
0.71974957
0.7155756
0.71802694
0.72339326
0.7149648
0.7169515
0.7233093
0.71523875
0.7140268
0.71809816
0.7171354
0.71918136
0.7162531
0.71586114
0.7185868
0.71504986
0.717074
0.7161934
0.72043234
0.7150598
0.7163343
0.718701
0.71672034
0.71610165
0.7185405
0.71605
0.7201677
0.7141141
0.7171083
0.71690327
0.7171958
0.71484834
0.7165215
0.71619415
0.7169655
0.71809465
0.7174052
0.71662664
0.71147144
0.71017265
0.71909285
0.7190291
0.7138335
0.7172041
0.7131658
0.7117411
0.7154021
0.70906925
0.7199733
0.72095275
0.7148974
0.7145338
0.71884775
0.7181549
0.7104408
0.71257114
0.7145922
0.7131121
0.71557003
0.7169332
0.7121024
0.7144013
0.71541065
0.7127128
0.7135466
0.7098937
0.7119305
0.7149197
0.7150906
0.7162197
0.71101743
0.7147956
0.7111338
0.71217155
0.71760887
0.7132442
0.70874166
0.71164274
0.7156224
0.7137129
0.7125767
0.7152878
0.718754
0.710263
0.71382576
0.7124239
0.7196854
0.7168107
0.71566314
0.71546113
0.7145461
0.71205276
0.71031266
0.7073483
0.7124505
0.7145486
0.7114053
0.7087671
0.7123923
0.7103437
0.7112075
0.71143645
0.7123827
0.7155386
0.7105196
0.71352565
0.71179336
0.7095592
0.7113306
0.7119607
0.7132533
0.7117781
0.7103815
0.7108121
0.71096975
0.7129954
0.7177295
0.71097267
0.71396005
0.71118426
0.7100756
0.71334296
0.71384346
0.7129038
0.7151818
0.70800287
0.7109814
0.71346706
0.7113258
0.7140899
0.7119482
0.7144254
0.7132926
0.71468955
0.71708226
0.7099471
0.712696
0.7105037
0.7156871
0.71322864
0.71087843
0.71185446
0.7084157
0.711912
0.71666
0.71064126
0.71054506
0.7102534
0.7133398
0.71268404
0.7069797
0.7112201
0.7071426
0.71188825
0.71257526
0.7097125
0.7119906
0.71133906
0.71177286
0.7103106
0.71115386
0.71449864
0.71269035
0.71168226
0.71039635
0.712344
0.7098505
0.7110564
0.7105994
0.71186715
0.71370363
0.71245116
0.7142906
0.71180797
0.71335834
0.7171042
0.7131559
0.7140692
0.711639
0.7109148
0.7089561
0.7165325
0.712103
0.7099663
0.7121894
0.7135854
0.71633005
0.7144466
0.7091715
0.7113801
0.71448463
0.7122816
0.71186364
0.712213
0.7168899
0.7159524
0.7141069
0.7142833
0.7108207
0.71098757
0.71197325
0.7128535
0.71238375
0.70767826
0.71154267
0.71414477
0.70820284
0.70986825
0.70845324
0.7136676
0.71004754
0.71205664
0.71198654
0.7138111
0.7076301
0.71471995
0.7128436
0.70907104
0.712023
0.7112786
0.7120578
0.7118192
0.7098481
0.70792866
0.7107603
0.7103613
0.71113133
0.7115706
0.7119721
0.7142108
0.7115512
0.71254295
0.71459067
0.7129674
0.7113809
0.7221382
0.71023357
0.71496063
0.715692
0.70930684
0.71421456
0.7076259
0.708616
0.7104218
0.71179926
0.71064675
0.71353173
0.7119704
0.7133371
0.71127874
0.71136683
0.71315944
0.71304655
0.71452177
0.71136916
0.71180993
0.71369404
0.7106951
0.7146265
0.711211
0.7143443
0.71475077
0.72075814
0.7104051
0.7104527
0.7189738
0.7185824
0.7163254
0.71447015
0.71075094
0.71374065
0.71565586
0.7170681
0.7129283
0.7126848
0.71915376
0.71676165
0.71819645
0.7119107
0.7137982
0.7137206
0.712237
0.7171491
0.71319145
0.7136035
0.71054536
0.7172742
0.71346796
0.7089577
0.71848065
0.7151676
0.7082107
0.71615
0.7132837
0.71381074
0.71397865
0.7157779
0.7105806
0.71416557
0.71096843
0.7109312
0.71451855
0.70975703
0.7125405
0.7153799
0.7113834
0.72024816
0.7087115
0.71122086
0.7131432
0.7148485
0.71492845
0.7137451
0.7139055
0.7109436
0.7082794
0.71329
0.71347064
0.7161085
0.7121122
0.7077134
0.7104708
0.7187811
0.71312326
0.7099197
0.7111676
0.71839494
0.7150206
0.71419364
0.71023464
0.71339047
0.71014243
0.7141986
0.709799
0.7114764
0.713997
0.71558774
0.7104349
0.71565485
0.7137152
0.71774846
0.7120795
0.71006745
0.7126727
0.7172026
0.7150076
0.7099928
0.717236
0.71687996
0.70906067
0.7094906
0.71196604
0.7121935
0.71152717
0.71212703
0.7135029
0.71174145
0.7147601
0.7099351
0.71178037
0.7107981
0.7122601
0.7128752
0.71455497
0.7124955
0.7141078
0.7093907
0.71081424
0.71027625
0.7130825
0.71182126
0.70987767
0.71206385
0.7157314
0.7154048
0.7129763
0.7151042
0.71367073
0.7183515
0.7125536
0.7116322
0.71215755
0.71684545
0.7089064
0.71198636
0.7138394
0.7087729
0.711574
0.7119549
0.70737886
0.71121305
0.7122013
0.7116073
0.7089239
0.70714027
0.71083325
0.71228075
0.7094902
0.7164753
0.71289283
0.710409
0.71876246
0.717541
0.7142312
0.71025366
0.7143416
0.7158706
0.7163202
0.71172684
0.71249926
0.7138459
0.70940036
0.7126181
0.7127474
0.7122667
0.70886916
0.70888853
0.71343845
0.70877725
0.71380436
0.7141328
0.7109664
0.7131038
0.7110527
0.71360487
0.71468145
0.7123542
0.7166829
0.7120385
0.7128187
0.70799994
0.71055394
0.70993656
0.7086878
0.7120531
0.71172917
0.7106773
0.70891225
0.71505004
0.7114083
0.7107073
0.711282
0.7092614
0.709965
0.7091035
0.71429807
0.7086913
0.7137716
0.7147072
0.7088179
0.710665
0.71313405
0.70828587
0.71011657
0.7083246
0.7103842
0.70896953
0.7118467
0.7120306
0.71919775
0.708961
0.7088047
0.7121324
0.709449
0.71331614
0.7135852
0.709742
0.7136331
0.70981145
0.71205103
0.71071863
0.7123229
0.7167473
0.7100158
0.71327764
0.71350133
0.7096362
0.7088309
0.71417195
0.71159154
0.70916045
0.7121425
0.71329623
0.7129328
0.711769
0.7154797
0.7100665
0.71306086
0.70913184
0.7130251
0.7129344
0.7093522
0.710945
0.7075943
0.70899785
0.71330535
0.70987636
0.7108187
0.7126025
0.7092784
0.707561
0.7125875
0.70989436
0.71224916
0.71124727
0.7109504
0.7080242
0.70735073
0.70592636
0.70890313
0.7058508
0.71006113
0.7122727
0.707362
0.71196556
0.71087164
0.7087583
0.70976365
0.7123838
0.707516
0.70850825
0.71121806
0.70866376
0.7125602
0.7096119
0.70735574
0.70794314
0.7099339
0.70734805
0.7126413
0.7097201
0.7176956
0.7103384
0.71252966
0.70768416
0.7098953
0.70975417
0.7108348
0.7067043
0.7110982
0.71248734
0.7082721
0.7081493
0.70471174
0.7113499
0.71297085
0.7102447
0.7085648
0.7071868
0.70790875
0.709831
0.7086724
0.7188731
0.7046583
0.7084639
0.7043001
0.70626086
0.7157788
0.70635074
0.7095638
0.705441
0.7086699
0.7072266
0.7084007
0.7144951
0.7105945
0.70884466
0.7087639
0.70833576
0.70840937
0.70819753
0.70290107
0.7081599
0.71086675
0.7069214
0.70763767
0.70571864
0.7069768
0.7099747
0.7054149
0.7076869
0.7082222
0.7086199
0.70400095
0.7100595
0.7081993
0.7032644
0.7121256
0.70937526
0.70705986
0.7066284
0.70934093
0.7064762
0.7054396
0.708103
0.70503294
0.70521355
0.70733136
0.7057166
0.7052623
0.70777017
0.70971936
0.7067657
0.70568997
0.70755225
0.71142435
0.7053889
0.7051204
0.70715916
0.7054556
0.7068575
0.7023801
0.70369184
0.70371276
0.70663756
0.71001923
0.70515174
0.7052991
0.71114945
0.7084192
0.70816976
0.7046523
0.70537233
0.70893353
0.7040698
0.7022172
0.7018198
0.70711535
0.705427
0.70216244
0.7028486
0.70162565
0.7043478
0.7049209
0.70094466
0.7067912
0.7037248
0.7034366
0.7018774
0.7085213
0.70593435
0.70458764
0.70508224
0.6996917
0.7046704
0.7086893
0.7028195
0.70492774
0.70448667
0.70009345
0.7047834
0.7076702
0.7077961
0.70810586
0.7043355
0.7017441
0.70544696
0.70027995
0.7035493
0.7011187
0.7041968
0.7018427
0.70526403
0.70857733
0.70122355
0.7040248
0.7042084
0.70105785
0.70396566
0.70758873
0.69991064
0.70392656
0.7032989
0.7038934
0.7018634
0.7078874
0.7065236
0.7041614
0.70102733
0.7005925
0.70116717
0.7016387
0.70090026
0.69858676
0.70391244
0.7051851
0.70092124
0.69485545
0.70077616
0.7041653
0.70362145
0.6982662
0.7008456
0.70143545
0.69749784
0.7067628
0.70729244
0.7053036
0.7064798
0.70464754
0.6974372
0.70185953
0.7007588
0.70319974
0.70579666
0.7042298
0.6998221
0.7011904
0.698403
0.70253736
0.6993566
0.7008964
0.6954127
0.70118934
0.7035271
0.70794755
0.6958966
0.70035875
0.69760144
0.6979823
0.7016579
0.6976767
0.70035505
0.70424813
0.6987407
0.70427626
0.70222086
0.6992667
0.7013252
0.6976339
0.7028575
0.7016553
0.6987998
0.7019866
0.6987528
0.70277494
0.7087283
0.703085
0.6988842
0.7011768
0.70745784
0.7024328
0.69685715
0.69606334
0.70185596
0.70686275
0.69552296
0.69746083
0.7004208
0.6982134
0.6978488
0.7022282
0.7025858
0.69578785
0.7035932
0.6932637
0.69988275
0.69606894
0.6974936
0.7026581
0.69553065
0.6972746
0.69333065
0.69400126
0.70013815
0.70435745
0.6989799
0.69771385
0.6957076
0.70266515
0.69848806
0.6995702
0.69738036
0.7023255
0.6978679
0.6974848
0.69805574
0.6960573
0.6983733
0.7002259
0.6987536
0.70067835
0.69765437
0.7012461
0.6938215
0.70042896
0.69544244
0.6950685
0.69447875
0.70130765
0.6996185
0.6940567
0.69804597
0.70138973
0.6993102
0.6961541
0.6951131
0.69466084
0.695841
0.69404393
0.6968803
0.6947044
0.69417113
0.69514775
0.69795
0.7015748
0.6991833
0.69595647
0.69486886
0.6967698
0.69771004
0.6946926
0.69176304
0.698407
0.6957799
0.6982401
0.6988353
0.69596213
0.6992712
0.6991106
0.70019346
0.69737417
0.7007564
0.6955372
0.70083445
0.69766897
0.6927681
0.6970443
0.6943051
0.69753975
0.691911
0.6994552
0.7007208
0.70045453
0.6947338
0.6913698
0.6939735
0.6940799
0.69784784
0.6993706
0.6946684
0.69579047
0.6986341
0.6986922
0.6949968
0.693845
0.69518447
0.6957392
0.7003153
0.69257075
0.6926533
0.6952428
0.6958101
0.6934975
0.6952041
0.69848365
0.6981295
0.6948191
0.6963598
0.6952133
0.6933925
0.6931189
0.6921602
0.69373304
0.69591373
0.69251984
0.700383
0.69573253
0.6901358
0.693501
0.69181126
0.6947092
0.69359946
0.6939271
0.6987342
0.69795245
0.69215345
0.6958608
0.69412726
0.6972626
0.69199485
0.6951348
0.6955245
0.69669574
0.6930683
0.6947214
0.69539815
0.6964519
0.69232637
0.6962918
0.6990234
0.69733137
0.69195336
0.6941163
0.6867968
0.6948099
0.69185233
0.6926487
0.69802076
0.69288516
0.6891624
0.69420075
0.69280785
0.69660753
0.69477504
0.6966736
0.69158953
0.69856566
0.69672054
0.6940517
0.69165325
0.69334966
0.69887275
0.6933753
0.6965886
0.6921996
0.6956162
0.69486946
0.69175863
0.6926047
0.69228846
0.7014127
0.6928529
0.6940394
0.69354296
0.69339865
0.6915777
0.69090724
0.68841505
0.6927911
0.6929279
0.7019849
0.69198173
0.69031143
0.6911373
0.68972653
0.6941754
0.6931493
0.6945033
0.69527334
0.6910979
0.69197834
0.695335
0.6921064
0.69305724
0.6933261
0.6887297
0.69326466
0.6925113
0.6924641
0.6916992
0.6885014
0.68894106
0.68967885
0.6917578
0.69096124
0.6915766
0.69149595
0.689388
0.69452786
0.6890979
0.6893919
0.6902977
0.68841964
0.6898281
0.6921827
0.6898172
0.6893385
0.68946654
0.6895642
0.6978688
0.6906772
0.6868374
0.6894539
0.68938315
0.6878457
0.6898545
0.6897502
0.68899244
0.6892382
0.6918576
0.6901782
0.69400525
0.6879096
0.69094944
0.6919825
0.69353735
0.68927467
0.6868529
0.6932046
0.69018877
0.6891746
0.6899229
0.6890182
0.6896787
0.6905594
0.69475347
0.6848093
0.69088095
0.6886198
0.6874997
0.6889832
0.6883223
0.6910993
0.69124585
0.68915266
0.69018894
0.68843347
0.6893566
0.6878344
0.69358015
0.687494
0.6851843
0.68993855
0.6910864
0.69253665
0.6960801
0.6915005
0.68528146
0.68932456
0.6880043
0.69293684
0.695868
0.6932538
0.69103056
0.68814164
0.6924235
0.6879815
0.6874209
0.6856687
0.6962295
0.69172025
0.69655716
0.6866133
0.6915208
0.69539165
0.69119555
0.68693584
0.69076514
0.69399834
0.69165725
0.68755823
0.6916189
0.6888798
0.6908462
0.6896185
0.68866634
0.6899517
0.6926596
0.6922005
0.690907
0.6917955
0.69175524
0.6893702
0.6961153
0.6859846
0.68749106
0.689598
0.6951144
0.69223005
0.69521254
0.693692
0.6909511
0.68919265
0.6891027
0.69427013
0.69209826
0.6891424
0.68811387
0.6926206
0.6889307
0.6910812
0.69024354
0.69292605
0.6941641
0.68734163
0.68922096
0.6888795
0.6864071
0.6892737
0.6938974
0.6912144
0.68679464
0.69079286
0.69141024
0.6914806
0.68650675
0.6914687
0.693233
0.6902741
0.6872371
0.6889542
0.6904686
0.69110537
0.6876331
0.6901451
0.68822116
0.6898225
0.6887864
0.6882516
0.68563294
0.6914586
0.691879
0.6866368
0.6883859
0.6905732
0.6906909
0.6895108
0.68772864
0.6876686
0.68620646
0.6903302
0.6846975
0.685374
0.6919055
0.6946371
0.6932974
0.69147134
0.6882116
0.69272345
0.6883252
0.6909086
0.6869823
0.68948
0.68622035
0.6907899
0.6887712
0.6886619
0.69070333
0.6885459
0.68967324
0.686364
0.6866267
0.6909006
0.6933875
0.6901359
0.68897647
0.68676406
0.6900775
0.6926596
0.6885207
0.68644583
0.6898702
0.6892283
0.69005764
0.69133306
0.68555117
0.687015
0.68608546
0.69144255
0.69180125
0.6905136
0.69072413
0.69187874
0.6900271
0.6903493
0.68803453
0.68949276
0.6892101
0.6893903
0.68929243
0.68740076
0.6886637
0.6901282
0.6898397
0.69343317
0.6877491
0.68791753
0.6893562
0.69504213
0.6882523
0.6891155
0.6914581
0.6920047
0.6895127
0.6915575
0.6882008
0.69385886
0.69043463
0.68777007
0.69179004
0.6881563
0.6915304
0.68946075
0.6894229
0.69066364
0.68786985
0.6938912
0.6891629
0.6886897
0.6916431
0.68984216
0.689507
0.6898705
0.6925289
0.68737286
0.69261837
0.69014126
0.68879765
0.6863076
0.6877844
0.69230366
0.6900321
0.6893135
0.68605494
0.68586206
0.6874922
0.6906457
0.68791646
0.69031954
0.6851802
0.6906137
0.69078887
0.6897482
0.6921238
0.68930876
0.693463
0.6881071
0.69071925
0.6889334
0.69116265
0.69377977
0.6918829
0.6924268
0.6950157
0.6873753
0.6958839
0.68923396
0.6889318
0.6947627
0.6923054
0.68891484
0.6930971
0.6916511
0.68853456
0.6896683
0.6899944
0.6884126
0.6929285
0.6857325
0.69200593
0.6939062
0.6893027
0.69623137
0.6908369
0.69563717
0.68509746
0.68840516
0.6940424
0.69608206
0.6917733
0.6950306
0.69467306
0.68924063
0.68949986
0.68709755
0.6895372
0.6905459
0.6911915
0.685594
0.68762094
0.6893959
0.6921943
0.68911874
0.68685323
0.69480467
0.6889933
0.6857461
0.68864614
0.69023186
0.6904579
0.68934023
0.6956671
0.69312936
0.6903105
0.690637
0.68684167
0.68895495
0.6891163
0.6856446
0.68823254
0.68966234
0.6863838
0.6880334
0.68894476
0.68906635
0.69283473
0.6880916
0.68938243
0.69319296
0.69318724
0.6925549
0.69035536
0.69392043
0.68861824
0.69077325
0.68824816
0.6948285
0.68777186
0.6909359
0.6928189
0.6909865
0.68748426
0.69430614
0.68916726
0.68692654
0.68925816
0.69017607
0.6927657
0.6905778
0.69401664
0.6933996
0.69160223
0.6918931
0.69170666
0.68974036
0.69015086
0.68857217
0.6931413
0.6969926
0.6886248
0.6932428
0.692669
0.69092315
0.69170475
0.7008452
0.69267225
0.6887431
0.6861828
0.6877546
0.6911979
0.69051915
0.6898466
0.6915873
0.69262224
0.6904208
0.68837625
0.6888404
0.6919033
0.6870152
0.69373083
0.69586056
0.6894581
0.690636
0.6899193
0.6981856
0.68918747
0.68946296
0.6900137
0.69725704
0.69081795
0.6905235
0.69528705
0.69139063
0.6942105
0.68696576
0.69370997
0.69162554
0.6873372
0.6933306
0.68795395
0.6941505
0.69194055
0.6919273
0.6911817
0.69153136
0.6899832
0.6885981
0.6902665
0.68954265
0.69161654
0.6891117
0.6955196
0.6951907
0.6904056
0.69218373
0.69195205
0.6917135
0.6889494
0.69432837
0.6908603
0.69972783
0.68799114
0.69190615
0.6956236
0.6924114
0.69356424
0.6944254
0.69074845
0.68933624
0.69300234
0.69149035
0.69144076
0.69274515
0.6934824
0.69437283
0.6915651
0.6896759
0.6933784
0.69189036
0.6941015
0.68959695
0.69036293
0.69080406
0.69298154
0.6891851
0.6918738
0.68865985
0.6895971
0.69718665
0.69075197
0.6918425
0.6935994
0.6898802
0.6898329
0.68914396
0.690118
0.69056886
0.6922851
0.691425
0.6952767
0.6930751
0.69465053
0.6901136
0.69222814
0.6920195
0.6909216
0.69149476
0.69210863
0.69185525
0.69300157
0.6971057
0.69424707
0.694777
0.69235116
0.691072
0.6891763
0.68861634
0.6919631
0.6922004
0.6967656
0.69258094
0.68843573
0.68848914
0.6964321
0.69020915
0.69078684
0.6897432
0.6959064
0.68892026
0.6899664
0.68994963
0.6933964
0.69494283
0.6920431
0.6927953
0.6924773
0.69379956
0.69641644
0.6923547
0.69021153
0.6927307
0.6913893
0.69092673
0.6959048
0.6914845
0.6915367
0.69753397
0.6905024
0.6937683
0.6925804
0.6935951
0.6914948
0.69392407
0.6896308
0.69077975
0.6932089
0.69328874
0.69248897
0.69149554
0.6956261
0.6909856
0.692535
0.6930334
0.6910221
0.69380426
0.6893404
0.69080263
0.6956531
0.69434804
0.6895628
0.6927024
0.6953327
0.69197065
0.69239175
0.6913759
0.6933148
0.6940952
0.69123757
0.69360065
0.6918623
0.69435096
0.69744897
0.69293964
0.6934945
0.6914722
0.6915331
0.6915038
0.6937143
0.6909397
0.6942141
0.69344234
0.6902518
0.6914842
0.6901322
0.6915965
0.69041425
0.692094
0.6943228
0.6927066
0.69585633
0.6957516
0.68976814
0.6930197
0.69190747
0.69561255
0.6938652
0.6930869
0.6909877
0.68981916
0.6947997
0.69208443
0.6928252
0.6891116
0.6906678
0.6934054
0.6954977
0.6918434
0.6945042
0.6927396
0.6941212
0.6897286
0.69209665
0.69210225
0.6933929
0.6919856
0.69674814
0.690429
0.68911374
0.6908201
0.69231284
0.69683945
0.6924146
0.6889664
0.6955643
0.6896257
0.6945987
0.6924554
0.69356745
0.6986643
0.689198
0.6942572
0.6962282
0.697274
0.69111025
0.6934562
0.6923068
0.69859314
0.6900048
0.69386977
0.6943819
0.70034647
0.69289255
0.6939797
0.6958271
0.6947601
0.69178545
0.69743276
0.69569653
0.6915104
0.69515496
0.6932517
0.69133794
0.6921377
0.6949493
0.6918787
0.6969066
0.6958166
0.6967121
0.69160396
0.6939048
0.69117475
0.6925228
0.69481945
0.68994915
0.69387686
0.6922382
0.6942093
0.69311994
0.6914539
0.6910674
0.6944435
0.6961932
0.6947517
0.6916706
0.68996286
0.6940726
0.69372344
0.69501066
0.6947597
0.69466287
0.6908644
0.6903963
0.6974165
0.69568175
0.6936509
0.6910828
0.69415313
0.6950259
0.69533885
0.6942439
0.6940178
0.69106334
0.69408983
0.6910284
0.68949723
0.6932495
0.69192576
0.6924129
0.69241655
0.6939589
0.69142395
0.6933241
0.69685304
0.6948418
0.69687015
0.69437677
0.6906511
0.6963902
0.69591504
0.6918495
0.69314206
0.6924307
0.69489175
0.69433945
0.69297767
0.69482374
0.6971806
0.6990018
0.6899604
0.6943362
0.6956873
0.6892115
0.7003401
0.69315165
0.6930315
0.69756144
0.69271475
0.6920622
0.68999785
0.69459534
0.69195193
0.69179523
0.69413227
0.6929892
0.69919467
0.6935687
0.69277954
0.69523287
0.692093
0.69228286
0.69312745
0.69453543
0.6942626
0.6914951
0.69093347
0.69487685
0.6918959
0.69298726
0.691175
0.69631547
0.6955816
0.7027331
0.6960478
0.69570684
0.6917
0.6956864
0.69400805
0.68901306
0.6936965
0.69180995
0.6932306
0.69502807
0.69426423
0.69247234
0.6937688
0.69347006
0.6994997
0.6962403
0.6939969
0.698122
0.6949997
0.6918985
0.6935704
0.69385177
0.69307566
0.6934613
0.6935523
0.69635266
0.6945836
0.6914075
0.69342643
0.6943285
0.69610643
0.6919096
0.6948292
0.6935402
0.6971144
0.69332975
0.6931292
0.6925963
0.6943161
0.69138867
0.6934255
0.6916052
0.6928388
0.6946848
0.69801843
0.6948759
0.7018978
0.69194543
0.6937863
0.6948588
0.7041316
0.69442344
0.69269574
0.69317704
0.6934451
0.69330126
0.69392127
0.6929097
0.69388527
0.6945206
0.6961501
0.69061786
0.69614625
0.6938729
0.6900144
0.69526243
0.69463277
0.698689
0.6958018
0.69342685
0.6935868
0.6916065
0.6949536
0.6955804
0.69462854
0.6960719
0.6959971
0.69547933
0.6968127
0.6933082
0.69656545
0.6941253
0.69365627
0.69340557
0.695663
0.69228137
0.69423497
0.6974311
0.6953244
0.69744277
0.69239104
0.69593376
0.6921297
0.6937716
0.69637424
0.69520515
0.69762826
0.6939773
0.69299513
0.6957566
0.69797945
0.69365454
0.6947632
0.69406366
0.698653
0.69145113
0.6941872
0.6975108
0.6943935
0.69495726
0.6932993
0.6947844
0.69537884
0.69872594
0.69436234
0.69429475
0.69241637
0.6947238
0.6959769
0.6937189
0.69165665
0.6970305
0.6960571
0.69572306
0.6949053
0.6931418
0.6974891
0.697154
0.69706124
0.69374204
0.70012957
0.6981927
0.69283986
0.692564
0.69706106
0.6936498
0.6961057
0.6958994
0.69652027
0.69580597
0.69370884
0.6918127
0.69812816
0.69373494
0.69491106
0.69756114
0.6916631
0.6952957
0.6983729
0.69765687
0.6941345
0.69253814
0.6974182
0.6943506
0.6905441
0.69592685
0.69586575
0.6970894
0.69641745
0.6938927
0.69570225
0.697718
0.6971701
0.69366425
0.69694924
0.6966852
0.69440544
0.69982624
0.6969159
0.6973225
0.69547445
0.6936309
0.6963251
0.69772404
0.6990556
0.69851327
0.693803
0.69436413
0.69384915
0.6978701
0.6906109
0.6944179
0.69573694
0.69646937
0.69486094
0.6963262
0.69889873
0.6927942
0.69578797
0.6982021
0.69817466
0.6958262
0.6998847
0.6930886
0.6988403
0.6938586
0.69332033
0.69328105
0.6955627
0.6943725
0.6967874
0.69414693
0.6949319
0.6954334
0.70004225
0.69602567
0.6932575
0.69703734
0.6957622
0.69266605
0.69765645
0.69558614
0.6912034
0.69768167
0.6970708
0.69564456
0.69514203
0.69461393
0.7001029
0.69582593
0.6941821
0.69797575
0.7013792
0.69858277
0.69380605
0.69556636
0.69630164
0.69894296
0.6975027
0.69700795
0.69663996
0.69963366
0.69567376
0.69321555
0.6934616
0.69573367
0.6968599
0.696166
0.69826967
0.69273746
0.69751656
0.69552755
0.6968953
0.69987506
0.6992142
0.6944048
0.6940906
0.70012665
0.69848955
0.69547457
0.69448006
0.6995509
0.700688
0.69828266
0.69674176
0.69689125
0.6985898
0.6992093
0.6967694
0.69721204
0.6945079
0.69709855
0.697274
0.6959394
0.70241815
0.6984346
0.69343984
0.6995382
0.69328004
0.69436044
0.69584924
0.6938304
0.7007084
0.69521624
0.693107
0.6985269
0.6992774
0.6955007
0.69767565
0.69503784
0.6956431
0.7005567
0.6972308
0.69833225
0.6983093
0.6953674
0.6932744
0.6951496
0.6974327
0.69659406
0.69981045
0.69463336
0.6968271
0.6938541
0.69593763
0.69819736
0.69708306
0.69916004
0.69376904
0.697091
0.69714403
0.69304734
0.6960782
0.6984878
0.6977566
0.7001564
0.6988965
0.69614244
0.69750416
0.6994454
0.697315
0.6946017
0.69891137
0.699958
0.69782335
0.69675535
0.69595915
0.69661295
0.6936628
0.6993114
0.6942945
0.7002777
0.6967724
0.6944202
0.6985659
0.69810057
0.6997902
0.69711655
0.694647
0.695618
0.69763356
0.6934142
0.6955724
0.6977658
0.6953439
0.6985332
0.69566536
0.6958073
0.697487
0.6957066
0.69498813
0.6983805
0.6988638
0.6960646
0.6957819
0.69733906
0.6978974
0.69930923
0.6965508
0.69226116
0.69750434
0.6992839
0.69512564
0.7009418
0.6994071
0.6952931
0.69375145
0.69495094
0.6945984
0.6937751
0.696986
0.6978072
0.69877094
0.6969909
0.697152
0.69637007
0.6979302
0.70162445
0.6978424
0.69744796
0.6943202
0.69896245
0.6942884
0.69520557
0.69604856
0.6952476
0.695913
0.6979372
0.69938606
0.70011497
0.70056975
0.69576925
0.6974862
0.6940201
0.69607806
0.6980281
0.6959055
0.6962661
0.693247
0.6970973
0.69729435
0.69572073
0.69888955
0.69767344
0.69950473
0.70067877
0.69847727
0.6973603
0.6978893
0.69998884
0.69565195
0.6953868
0.69241875
0.6919259
0.69640607
0.69839066
0.69645286
0.69969296
0.6984155
0.69443387
0.6986844
0.6970035
0.6956703
0.69649446
0.6976303
0.69470274
0.69884056
0.69694436
0.695803
0.69683594
0.69390994
0.69626397
0.70041704
0.69450307
0.69554555
0.69820786
0.69175416
0.7024323
0.6954705
0.69844687
0.6949911
0.6967241
0.6972812
0.6930881
0.6980186
0.69824773
0.6984527
0.6952739
0.6975993
0.6995696
0.699328
0.70160437
0.6963059
0.6938965
0.69613814
0.6978374
0.6961169
0.6997183
0.69523185
0.69376236
0.69721675
0.6969546
0.7004473
0.69468784
0.6987397
0.69948655
0.7023365
0.695323
0.6986271
0.6939508
0.6972192
0.6978275
0.69518775
0.6949886
0.69676536
0.70190406
0.6968126
0.6924634
0.69536144
0.69694954
0.6925046
0.6975169
0.69733965
0.69795114
0.69737047
0.6963337
0.6974899
0.69690084
0.69751984
0.69603175
0.6993022
0.69502276
0.6976142
0.6967859
0.7011195
0.6973055
0.69567865
0.7029424
0.6949446
0.69615877
0.6959763
0.7001134
0.69617575
0.6945907
0.6966741
0.7033553
0.69882184
0.69976866
0.6976162
0.69729745
0.7012005
0.6986096
0.6945859
0.69542295
0.6955257
0.69466734
0.6945718
0.6954575
0.6973551
0.69589406
0.6985008
0.6987567
0.6949321
0.6981603
0.6928722
0.6986014
0.69881964
0.6989997
0.6961379
0.69678545
0.6937423
0.697639
0.69820017
0.699677
0.6948923
0.69568694
0.6946262
0.69567734
0.6947449
0.6967972
0.70213735
0.69799984
0.69550014
0.6942375
0.6951815
0.6955216
0.69929564
0.6925146
0.6955025
0.6960777
0.694061
0.6987481
0.69516236
0.6972904
0.6986012
0.70301926
0.69618815
0.69629854
0.6968261
0.70029855
0.70004207
0.69763154
0.69095635
0.699418
0.69472486
0.6957923
0.6933071
0.69742006
0.6930753
0.69724435
0.69710124
0.6979525
0.7006189
0.6967547
0.6956076
0.69618803
0.69717467
0.69353265
0.69703174
0.7003131
0.6932097
0.7009333
0.69714516
0.69588137
0.69680685
0.69512695
0.6948705
0.6969013
0.6965634
0.69924563
0.694487
0.6948441
0.695372
0.6944332
0.6957829
0.69767547
0.6982773
0.69466287
0.69689167
0.69785833
0.6962835
0.69541126
0.69617414
0.69644266
0.699049
0.6977067
0.69773346
0.69935477
0.69878936
0.70041734
0.6954786
0.7014326
0.6980746
0.69790906
0.69774085
0.70296836
0.6987961
0.69939744
0.69542336
0.69562477
0.6960826
0.6953142
0.6983385
0.6960098
0.69423217
0.694509
0.6956459
0.69374007
0.69682044
0.6974996
0.6956308
0.6999307
0.69422
0.6986957
0.6977793
0.7018111
0.69706243
0.69555706
0.6982995
0.69695634
0.6960368
0.69661915
0.6975481
0.6963173
0.6939951
0.6969176
0.69364125
0.6969034
0.6968568
0.69476867
0.6980605
0.6961023
0.70020634
0.6954226
0.7021964
0.6961705
0.6931912
0.6965733
0.69338393
0.69631773
0.6966438
0.6965222
0.6950093
0.69486016
0.69494796
0.69968635
0.69709545
0.69795674
0.6942677
0.69809955
0.6981816
0.6947864
0.6977711
0.6971164
0.6963268
0.69936174
0.6968037
0.69841594
0.7035696
0.70006245
0.6947058
0.6964337
0.6976423
0.69684577
0.69821453
0.6950985
0.695975
0.69459665
0.7022977
0.694617
0.6967663
0.7004484
0.6997845
0.7001587
0.6912777
0.6941214
0.6995974
0.6968139
0.70157385
0.695827
0.69597584
0.69550854
0.699066
0.69407964
0.69690603
0.69947594
0.697871
0.6956517
0.69563526
0.6972685
0.6963777
0.69534034
0.6959328
0.6953766
0.6986974
0.6972379
0.6933441
0.69484127
0.7001222
0.6999638
0.696172
0.69508
0.6979175
0.6959781
0.6938714
0.69625473
0.69728965
0.69602233
0.69787776
0.69743437
0.69733906
0.6989596
0.69968873
0.6988344
0.6958066
0.6954294
0.69426745
0.702301
0.6983107
0.6944323
0.6939029
0.7006999
0.6936854
0.6940105
0.6958537
0.6975728
0.69682765
0.6983
0.6966877
0.69823307
0.698443
0.7018622
0.69983
0.69510126
0.69576705
0.69423085
0.6972729
0.6961877
0.6987976
0.69654024
0.69664353
0.6963077
0.69435465
0.6971507
0.6940698
0.6976838
0.6983514
0.6958748
0.7001975
0.6996735
0.69709
0.6976637
0.6990454
0.6973113
0.6963032
0.69994205
0.6977552
0.69648343
0.6969589
0.6959416
0.6983536
0.6950846
0.6956372
0.6963062
0.69597054
0.70025593
0.70012647
0.6962088
0.6997126
0.69526285
0.6968109
0.70008844
0.69814473
0.7016848
0.6966701
0.6960333
0.6954691
0.6971973
0.6962698
0.69228846
0.69559443
0.6973171
0.69464076
0.6979382
0.694375
0.6978997
0.6924532
0.6946332
0.69757634
0.7023328
0.69584006
0.6990439
0.69734836
0.6933982
0.6964765
0.69737893
0.7013238
0.696748
0.69329923
0.699286
0.6997395
0.6954496
0.6981786
0.6925066
0.696124
0.69550276
0.6950914
0.69558376
0.6988106
0.6959248
0.6998935
0.69714415
0.6967455
0.69858
0.6968168
0.70024943
0.6964777
0.6969292
0.7017405
0.6990726
0.6993896
0.6963913
0.6963442
0.6933624
0.6982733
0.69454193
0.69675905
0.69796604
0.69681066
0.6968031
0.70026165
0.69678223
0.6968108
0.69757575
0.69612604
0.69973814
0.69658923
0.6954881
0.6990673
0.6968483
0.69698185
0.6956743
0.70030576
0.70043427
0.69587123
0.6955673
0.6942636
0.69689673
0.69693637
0.6938652
0.69629145
0.69514114
0.6967598
0.6969159
0.69449896
0.6985077
0.6981571
0.69707847
0.69766694
0.69447315
0.6994242
0.6958158
0.6950771
0.70264864
0.69741327
0.6994112
0.6947811
0.6960412
0.69848496
0.6961097
0.696617
0.69751567
0.6942814
0.6968093
0.6949187
0.6924134
0.69825834
0.6969812
0.6950354
0.6967031
0.6971484
0.698966
0.69471747
0.6999149
0.69619536
0.6968325
0.69712794
0.6956477
0.69844836
0.69617754
0.69707966
0.69604534
0.69703376
0.69505656
0.6945074
0.69683087
0.6989601
0.69745404
0.6993153
0.69665927
0.698019
0.6985034
0.69580775
0.6988474
0.69478655
0.6961712
0.696652
0.69975835
0.69996566
0.70137626
0.6931049
0.69931436
0.69770706
0.6960068
0.6973375
0.695569
0.6979884
0.69801456
0.6984207
0.6948179
0.6949148
0.6976175
0.6969828
0.69562453
0.69784594
0.6975614
0.6981855
0.6986401
0.69848466
0.7017395
0.69792235
0.69812083
0.6954682
0.69922805
0.69778293
0.69745123
0.6989914
0.6968515
0.6983164
0.69989157
0.6964049
0.6959998
0.6988918
0.69897985
0.695004
0.6956345
0.6973233
0.69668984
0.6966259
0.6967832
0.6958858
0.69631344
0.70054275
0.6979078
0.6961827
0.6962883
0.6977461
0.7005293
0.69509906
0.6970458
0.6977512
0.699091
0.69623965
0.69775814
0.6980857
0.6955636
0.6985684
0.69826406
0.6999799
0.70017296
0.6969383
0.6953335
0.6998241
0.69858396
0.6965455
0.6965887
0.69450134
0.6981482
0.69722605
0.70046663
0.6955528
0.69663054
0.69696474
0.69481826
0.6949367
0.6960225
0.6942827
0.69762003
0.6975074
0.6979541
0.6973165
0.6973386
0.6960346
0.69836795
0.69701594
0.6971383
0.6969612
0.69465905
0.696479
0.69601953
0.698574
0.7003066
0.69478047
0.6975705
0.6987839
0.6966712
0.6971281
0.6960609
0.6986459
0.69809705
0.6945974
0.70110154
0.70005196
0.6970594
0.6973773
0.6957915
0.69948184
0.69810504
0.6995499
0.69675887
0.69913095
0.7010631
0.69912446
0.6960097
0.6974652
0.7009783
0.696404
0.6994907
0.6958023
0.6961805
0.7023436
0.69375163
0.69526404
0.698826
0.69608736
0.69978815
0.6963764
0.69859487
0.7005447
0.6964864
0.70019656
0.6970857
0.6971682
0.6958899
0.6965906
0.69679964
0.6972119
0.7004716
0.6952229
0.6995265
0.69793177
0.6975675
0.69877815
0.6978173
0.697947
0.70222956
0.6962528
0.70053655
0.6977684
0.69652534
0.6969225
0.69769675
0.69857377
0.69943064
0.6958176
0.6963998
0.6962949
0.6985297
0.69887376
0.7005544
0.695061
0.6967234
0.69688636
0.7020171
0.69802195
0.6956869
0.6985438
0.69527763
0.6984985
0.69784164
0.6983159
0.6971494
0.6985963
0.69685364
0.6990943
0.69629467
0.6987651
0.6984216
0.7001404
0.6989141
0.69742894
0.69564646
0.6998134
0.69843435
0.6964716
0.6980926
0.70021206
0.6993801
0.69410336
0.69986075
0.6978504
0.6984703
0.69597906
0.69784814
0.6986928
0.6965863
0.69778
0.7008967
0.69941276
0.69693
0.7006278
0.69658023
0.6984712
0.6972497
0.6949001
0.6974025
0.7002971
0.6975691
0.697059
0.6974534
0.69970274
0.69750327
0.70025206
0.6997444
0.6966788
0.69635206
0.6974252
0.6966554
0.699307
0.70211947
0.6977125
0.6992685
0.6990417
0.69930303
0.7003247
0.7013424
0.6979333
0.69874793
0.6961149
0.69628334
0.69671017
0.6978182
0.7003169
0.69600224
0.695236
0.69670844
0.70085335
0.6984653
0.7012258
0.696333
0.7009461
0.7019876
0.70232636
0.6940818
0.702445
0.6970649
0.70369065
0.6989377
0.6984581
0.6976553
0.7019936
0.6991918
0.6964735
0.7037673
0.6989572
0.7008635
0.69907355
0.69760025
0.69600874
0.70167655
0.69622535
0.6975213
0.6991167
0.697783
0.6980174
0.69864815
0.69566226
0.6981782
0.7000426
0.6968823
0.69448227
0.698169
0.69841814
0.6987771
0.6995203
0.70197755
0.6980815
0.7032258
0.69483006
0.7009392
0.6994815
0.6950772
0.70117617
0.6971887
0.6965955
0.6997473
0.69954056
0.69607425
0.6958926
0.69835234
0.6951914
0.698857
0.7010299
0.69821054
0.69649166
0.6986999
0.69710296
0.6977875
0.699525
0.7011624
0.6967784
0.69880754
0.6973406
0.69819665
0.6952743
0.6980295
0.69760144
0.6955401
0.7007478
0.6982239
0.69818026
0.7010271
0.7018097
0.69892824
0.7014346
0.69517255
0.69743204
0.6964148
0.69650364
0.6939796
0.69951856
0.69778603
0.6984987
0.69414026
0.69804025
0.7012418
0.700033
0.6975829
0.7012004
0.6994229
0.697074
0.7024515
0.7019159
0.6989959
0.6964179
0.6977206
0.70012015
0.69739336
0.70114255
0.699914
0.6989222
0.697536
0.69873565
0.698988
0.6970705
0.69661325
0.6993529
0.69885737
0.698056
0.6995266
0.70184326
0.69862884
0.703774
0.69592065
0.70006776
0.6971887
0.7032181
0.69870114
0.6970565
0.6985535
0.6970675
0.7012447
0.699671
0.7017922
0.70340425
0.69480914
0.69978726
0.6996624
0.6979028
0.6987438
0.69673806
0.6998868
0.6986169
0.6954105
0.70058423
0.7002752
0.6990536
0.69839525
0.6969367
0.6992314
0.70121527
0.7016836
0.7015529
0.70053405
0.70087534
0.69808894
0.6994208
0.69921386
0.6980334
0.69878787
0.6982706
0.6980503
0.69927484
0.7014624
0.7014275
0.6965266
0.69804025
0.70151854
0.69887763
0.7003029
0.7008946
0.69911784
0.70253265
0.69965667
0.70027184
0.7037238
0.6998651
0.7000703
0.6991501
0.7001481
0.7011396
0.69845337
0.696482
0.69927806
0.70101184
0.70044816
0.70192456
0.6985645
0.6981791
0.69821626
0.6988678
0.69885314
0.6990672
0.7010455
0.6965027
0.69828683
0.6995113
0.6959246
0.69571936
0.7035477
0.69979495
0.69877744
0.7017892
0.6969238
0.7027387
0.7007097
0.6996524
0.6965147
0.70024025
0.70073175
0.6990638
0.7005326
0.6994856
0.6958487
0.69930136
0.7046075
0.70022094
0.70038885
0.6993594
0.70085764
0.69825375
0.69993144
0.69968826
0.6991129
0.69770944
0.70080596
0.7013694
0.6978304
0.7027195
0.70078564
0.70131373
0.7006459
0.69865084
0.70252264
0.69722176
0.6997289
0.70064366
0.7037996
0.70101047
0.6984347
0.7014295
0.70072246
0.6979594
0.69934845
0.70054936
0.7054496
0.699162
0.69763184
0.697954
0.70074385
0.69964486
0.70180905
0.70017767
0.70334405
0.7012093
0.6999532
0.6968666
0.6996741
0.69693935
0.6995235
0.7033082
0.6999324
0.7025552
0.70166886
0.7025097
0.6987777
0.6975945
0.6976745
0.69841856
0.6991703
0.69896233
0.69970906
0.69765234
0.7014658
0.7047208
0.69763666
0.7014265
0.7024389
0.69974786
0.6985559
0.697742
0.70030254
0.69863117
0.7050241
0.70214796
0.6996765
0.6985939
0.70333153
0.6993308
0.6985371
0.70084405
0.700813
0.6999723
0.6987868
0.7011837
0.698983
0.70076156
0.7021928
0.6995333
0.7000816
0.70341414
0.7002626
0.7015526
0.6981433
0.7040314
0.7022688
0.6988646
0.7033294
0.6981923
0.70098746
0.698969
0.69892204
0.6989451
0.701928
0.7004228
0.69995165
0.69955045
0.69753534
0.703163
0.7011382
0.6996553
0.7022348
0.69899994
0.7005624
0.6985878
0.69953305
0.7011917
0.70003855
0.6982074
0.7020687
0.7042059
0.70001906
0.7035354
0.70058435
0.7010934
0.7007472
0.70007473
0.7003697
0.70181674
0.70219225
0.6986509
0.7008826
0.699839
0.70005983
0.69846654
0.7028864
0.70420426
0.70128626
0.70173204
0.7004305
0.7015675
0.70039636
0.7001669
0.7001494
0.7009781
0.6990593
0.69987565
0.7015704
0.7033508
0.6998264
0.6997014
0.70076704
0.7030278
0.7000385
0.69876516
0.69853425
0.7022007
0.69983923
0.7003133
0.7033945
0.6984663
0.70058423
0.6977008
0.70059776
0.69954497
0.6998537
0.7052238
0.7019715
0.69980973
0.70406336
0.70234334
0.702854
0.7013797
0.7020729
0.703277
0.7015496
0.7036929
0.69935244
0.69925356
0.70332414
0.7010831
0.70049846
0.7027064
0.7022884
0.7024551
0.7008052
0.70349044
0.7018495
0.70187205
0.70094216
0.7020655
0.7023491
0.7002865
0.69989544
0.7001465
0.70177317
0.702973
0.7049404
0.70149314
0.703423
0.7035181
0.7013342
0.703142
0.7019038
0.7010627
0.7018432
0.7033674
0.6986859
0.7012991
0.7063697
0.7008179
0.7039141
0.70059144
0.69979304
0.7031447
0.7004169
0.70287687
0.6996871
0.70128447
0.7021257
0.70292306
0.699011
0.7021834
0.7058215
0.7018463
0.7007207
0.7022984
0.7016191
0.7044467
0.7061767
0.7036297
0.7034971
0.70306796
0.69936544
0.7017609
0.69925475
0.70492375
0.70353866
0.7009457
0.7043077
0.7048138
0.7045904
0.7014771
0.7004741
0.70168203
0.7012514
0.70225364
0.69903356
0.70177263
0.7027872
0.69856906
0.70454496
0.7018059
0.702573
0.70360404
0.7012388
0.7027875
0.7044218
0.6986267
0.7023272
0.70729554
0.7000154
0.70018214
0.7015961
0.70312214
0.7014824
0.69990945
0.7023388
0.69899696
0.7002688
0.7002698
0.7028165
0.70133734
0.7003542
0.7016836
0.7025213
0.7029399
0.6999965
0.70172036
0.70567596
0.69977903
0.6983352
0.70422006
0.7005417
0.7018998
0.7029057
0.6991231
0.70308083
0.7026142
0.70218945
0.7008595
0.7013697
0.7002618
0.70148194
0.7010696
0.70413166
0.70538867
0.7051142
0.705065
0.70421416
0.7010131
0.70147085
0.7008667
0.70316446
0.70380044
0.70136374
0.7035714
0.7047407
0.7029502
0.70031625
0.6982115
0.70112467
0.7048881
0.699732
0.7002187
0.7033546
0.7033701
0.7002369
0.7023543
0.70270205
0.70285493
0.70428497
0.7056937
0.70250463
0.6997054
0.70485204
0.70283294
0.7024862
0.7014128
0.7006293
0.70020396
0.7020818
0.69944865
0.7015556
0.70134807
0.70020074
0.70289314
0.70025367
0.70234686
0.7033746
0.7044139
0.7016252
0.6998546
0.70235395
0.7000713
0.70199525
0.7012656
0.70272815
0.7002279
0.6960476
0.69844407
0.7013635
0.70294994
0.7024077
0.7033252
0.70368624
0.6995987
0.7016138
0.700105
0.70441
0.70383406
0.6978045
0.70057595
0.7045882
0.70411485
0.7001742
0.7039329
0.70130306
0.6992333
0.70327836
0.69953746
0.6989221
0.70151407
0.69806284
0.6997873
0.7027926
0.70086056
0.70764554
0.70246273
0.7043853
0.7036925
0.6994399
0.7007188
0.7028252
0.69823414
0.7005251
0.7045208
0.7021741
0.69988966
0.7028165
0.7014055
0.7032175
0.70644426
0.70350343
0.7023131
0.7005568
0.6984103
0.7008802
0.7030062
0.7031132
0.702652
0.7016905
0.70242566
0.7007305
0.7028803
0.69993025
0.7054427
0.6982468
0.70215255
0.7041145
0.7011853
0.7000575
0.70517725
0.7009346
0.7015592
0.70168066
0.7044141
0.701591
0.70210856
0.7022071
0.702558
0.7067787
0.7026336
0.70184344
0.7009597
0.7010211
0.7015672
0.702553
0.70053345
0.70169145
0.7009089
0.69902813
0.702132
0.7012327
0.70406145
0.7046819
0.7006316
0.7019038
0.7002434
0.7046779
0.7021263
0.7010875
0.7044213
0.70303315
0.70217246
0.70325476
0.7057793
0.7033199
0.7034148
0.70191383
0.69883496
0.7022313
0.7005801
0.70391667
0.7005207
0.6990711
0.7056235
0.70190823
0.7035649
0.7013137
0.70086145
0.7019859
0.70155257
0.70294696
0.70031244
0.70641285
0.70090693
0.7032003
0.7057206
0.7007899
0.7030695
0.6999064
0.70045805
0.6993473
0.70186096
0.7010333
0.701582
0.70049524
0.7006007
0.70014876
0.7059092
0.70370257
0.7025042
0.70257646
0.70425177
0.69857234
0.7054207
0.7031436
0.7020574
0.7033975
0.7021846
0.6998375
0.7025406
0.70261484
0.7041655
0.7034812
0.7007874
0.70042896
0.7044408
0.7006082
0.70194227
0.7047545
0.701191
0.7032387
0.70301527
0.70333785
0.70590454
0.7000372
0.7006252
0.70364213
0.7047817
0.69989693
0.700091
0.70030576
0.70378935
0.70225185
0.7038839
0.7030804
0.7050894
0.7023159
0.6997877
0.70171547
0.70358646
0.70269793
0.70413387
0.70396996
0.7045998
0.7035671
0.70094794
0.7036251
0.70532894
0.702967
0.7001539
0.7020112
0.70136577
0.70071775
0.70415425
0.70480406
0.70133513
0.7015921
0.7043441
0.7016937
0.7049023
0.7054025
0.7047142
0.7016086
0.7030434
0.7005868
0.70238113
0.70614034
0.70179445
0.7035876
0.7020011
0.7018873
0.70805746
0.70163107
0.70372784
0.7005602
0.70505697
0.7039637
0.70054895
0.701793
0.7013305
0.69923294
0.70618224
0.7030764
0.70235276
0.7049358
0.7027768
0.7007455
0.70249116
0.70397276
0.705825
0.7056908
0.7033298
0.70225835
0.70034176
0.7027871
0.7006067
0.70008415
0.7003087
0.70772076
0.70034647
0.70140135
0.7010541
0.70337206
0.70109385
0.70325863
0.7008247
0.7019721
0.7041442
0.7050045
0.7022706
0.7029704
0.70221776
0.7033817
0.70019525
0.7013752
0.703506
0.70328844
0.70309854
0.70344007
0.70169836
0.7040134
0.70605886
0.7051106
0.7003907
0.7005032
0.7037597
0.70087636
0.70240563
0.7042884
0.70225906
0.7024102
0.7043837
0.7045902
0.7008245
0.7017703
0.7022913
0.7039523
0.70258904
0.70405203
0.7031079
0.7049019
0.7053377
0.7045451
0.6997854
0.70484126
0.70588046
0.7025005
0.7000035
0.7029341
0.70473623
0.7068255
0.70485896
0.70178324
0.7021554
0.70051515
0.700252
0.70521927
0.7005522
0.6985473
0.70256627
0.70208997
0.7039445
0.701939
0.70332974
0.702493
0.70320624
0.70027435
0.7004822
0.7027998
0.7045396
0.7033804
0.7021043
0.7005873
0.70049953
0.7006738
0.6999796
0.70091826
0.70115614
0.69931895
0.70107394
0.7018775
0.7011428
0.70091444
0.70278215
0.7003026
0.7045394
0.70280683
0.7031529
0.70391417
0.70166874
0.7013955
0.70069206
0.7016457
0.70419675
0.701805
0.70246744
0.7038127
0.69789606
0.7016408
0.7049763
0.7003977
0.7011869
0.700767
0.7017131
0.7010438
0.70507336
0.70204926
0.70226526
0.7010024
0.7024153
0.70046544
0.7025189
0.7008421
0.70012075
0.69937295
0.7035556
0.7029218
0.7037781
0.7007873
0.7031004
0.7002794
0.70072585
0.7020722
0.701055
0.701925
0.7018454
0.7005124
0.700925
0.7013834
0.7000382
0.69973177
0.7001533
0.7035345
0.7010541
0.7051284
0.7005617
0.70194995
0.7019823
0.7025933
0.7004973
0.7011606
0.6994265
0.700298
0.6998502
0.70313895
0.70417243
0.6979031
0.7034648
0.6997496
0.6990109
0.6997208
0.69869834
0.7012966
0.70050126
0.6991751
0.6997346
0.7014324
0.7015352
0.7007776
0.6985628
0.70561135
0.7007303
0.698534
0.69922197
0.70172197
0.7045024
0.69787407
0.7038624
0.70041
0.69997656
0.70028
0.69805825
0.70198536
0.7022627
0.7040396
0.6981854
0.703005
0.7024786
0.699417
0.6996007
0.6994784
0.6989505
0.7017477
0.7031103
0.69984424
0.6977414
0.7001236
0.7005456
0.7018409
0.6988782
0.70313066
0.70075595
0.7004296
0.6988319
0.70035857
0.698785
0.6992875
0.7018406
0.7027961
0.699074
0.6979436
0.6990323
0.6976368
0.69747996
0.69963026
0.6984004
0.69965005
0.7008698
0.69905835
0.7006855
0.70214826
0.6996344
0.7065654
0.70153105
0.7026898
0.701249
0.6976599
0.70137256
0.69800454
0.69994295
0.69858164
0.69913906
0.699468
0.70251083
0.70111966
0.7004424
0.69843596
0.69828546
0.70256764
0.70090646
0.69950813
0.6991107
0.70100933
0.7016514
0.70194966
0.702609
0.69886094
0.70252675
0.69753015
0.69917965
0.6999538
0.70071346
0.7004532
0.6995163
0.701832
0.7016461
0.6999027
0.6986353
0.69785434
0.69966257
0.70228577
0.6991564
0.6997211
0.7000759
0.69789237
0.6999017
0.6999859
0.70300037
0.6991818
0.6999939
0.7018649
0.69840664
0.7025701
0.69794637
0.6984811
0.7042656
0.69659185
0.70061475
0.6986995
0.70060396
0.69966656
0.700212
0.69810253
0.69906455
0.70142156
0.69771874
0.69945335
0.6979849
0.700795
0.69747555
0.69970995
0.70257646
0.6996547
0.7023491
0.7036334
0.6997894
0.699037
0.70227313
0.70113164
0.70058656
0.69701755
0.6983137
0.69797206
0.70125616
0.69995105
0.6997362
0.69988817
0.7018047
0.69790065
0.70061487
0.69657785
0.7004296
0.699178
0.7020653
0.69750476
0.6966259
0.6994974
0.70101154
0.7000292
0.6967216
0.6994509
0.69903326
0.69774514
0.7011144
0.6995196
0.6997458
0.6976241
0.69759524
0.6990473
0.699337
0.6973139
0.697448
0.70366347
0.69708365
0.69660395
0.6980338
0.69962686
0.70015484
0.7000959
0.70009404
0.70030206
0.6969486
0.69501185
0.70134354
0.69703656
0.7015461
0.6983436
0.69863075
0.6974256
0.69634765
0.7000944
0.7017201
0.69812727
0.70252687
0.701214
0.6983522
0.69552535
0.70289636
0.7023009
0.7001924
0.6972707
0.69946456
0.6989987
0.704542
0.69738054
0.69842654
0.6981074
0.6993769
0.698399
0.69718885
0.6991921
0.6979346
0.70198554
0.696636
0.7004089
0.69799215
0.69637966
0.69534093
0.69647664
0.69735646
0.69864047
0.6994959
0.6990077
0.6980137
0.6996778
0.69821024
0.6987621
0.702582
0.70302284
0.69945765
0.69816935
0.6987049
0.69761
0.69981426
0.6959372
0.6982214
0.6981622
0.70462537
0.69702023
0.6974129
0.699543
0.6973748
0.69935507
0.7013703
0.69703525
0.7005996
0.6961967
0.6969079
0.6976798
0.69583184
0.69962937
0.69883597
0.69970304
0.6973824
0.69561243
0.7015891
0.7042373
0.6973782
0.697552
0.69708365
0.6974864
0.69585276
0.6983685
0.6958944
0.69876486
0.695154
0.696005
0.69762325
0.6976987
0.697344
0.7002327
0.7008351
0.6961659
0.7005021
0.697458
0.6993215
0.6957688
0.69912493
0.6982933
0.6979668
0.69929135
0.698791
0.69683486
0.69886875
0.6972935
0.6975342
0.69816095
0.6991815
0.6969151
0.69585305
0.6981425
0.6959547
0.6969846
0.7012042
0.698267
0.69545823
0.69786674
0.69993395
0.6968013
0.70160884
0.6990697
0.695857
0.6983075
0.697966
0.6994324
0.6997537
0.696437
0.6994859
0.70100534
0.698016
0.69656545
0.7006408
0.6989653
0.6968344
0.69636
0.69578385
0.6964536
0.697023
0.69673216
0.69627136
0.6976842
0.69769734
0.6966836
0.6990763
0.6972124
0.6955345
0.6960763
0.6980893
0.6981473
0.701622
0.69904345
0.6998439
0.69776255
0.6977229
0.70093364
0.6969992
0.6966095
0.6982131
0.6962812
0.6976032
0.7002963
0.6975349
0.69855326
0.6988383
0.6952796
0.6968143
0.6990191
0.6961888
0.69946575
0.6996039
0.6993886
0.6983555
0.6973902
0.6951204
0.69615155
0.6967037
0.69742435
0.69820875
0.6951275
0.69969
0.7017592
0.69693637
0.69591963
0.7002815
0.6966178
0.69625646
0.696669
0.6961649
0.6970661
0.6956314
0.69777197
0.7005752
0.6984966
0.69765186
0.6984967
0.69811994
0.6981546
0.69692844
0.6926872
0.6996098
0.69816977
0.7008135
0.6958321
0.69466406
0.6968449
0.6971168
0.69577444
0.69476527
0.6966046
0.69698197
0.69812584
0.6974
0.69637203
0.69618464
0.69640046
0.699794
0.69743514
0.6954971
0.69621456
0.69848317
0.69712734
0.6938232
0.69600713
0.6977342
0.69813806
0.6933414
0.6954572
0.694594
0.695656
0.69414735
0.6964426
0.69533134
0.69568616
0.69612736
0.69972277
0.69787323
0.70027965
0.695396
0.6945359
0.69751716
0.69777185
0.69542164
0.6934604
0.6977949
0.6980301
0.6991076
0.698384
0.69422823
0.6996648
0.69449455
0.6953207
0.6931694
0.69306946
0.69784117
0.6952558
0.6953691
0.69782084
0.6960984
0.6957588
0.6975362
0.6937923
0.69710183
0.696932
0.6951884
0.6978757
0.69672924
0.6978955
0.6973923
0.6929606
0.6942626
0.6975762
0.69765407
0.6950422
0.7005073
0.6991156
0.69570667
0.6955941
0.6991753
0.698781
0.6954811
0.69657516
0.69593984
0.69525385
0.69547164
0.6934646
0.69893134
0.69331855
0.69755244
0.6956072
0.6969012
0.6954024
0.6976835
0.6932979
0.6978649
0.6972859
0.7003559
0.6968901
0.6969018
0.6972126
0.6981114
0.69463456
0.6943333
0.6963716
0.696992
0.69396853
0.69324607
0.69239163
0.7007668
0.69771814
0.6958213
0.6978939
0.695324
0.69253
0.6963474
0.6945126
0.6974774
0.6980213
0.6971749
0.6950643
0.69646776
0.6970547
0.69877976
0.6945243
0.70094
0.6952335
0.6948366
0.6957431
0.696848
0.6936058
0.6970871
0.69536364
0.69383353
0.69790834
0.69764394
0.69624937
0.6963448
0.6934419
0.6947187
0.6944555
0.6973566
0.69298184
0.6946803
0.6951581
0.6975541
0.6961423
0.6940188
0.69541496
0.6971488
0.6963259
0.6951107
0.6942182
0.6944784
0.6972141
0.6987598
0.6974631
0.69306344
0.69531584
0.69484687
0.69640243
0.6949989
0.69461876
0.69388086
0.69436955
0.6961366
0.6942011
0.6938268
0.6919833
0.69440913
0.6923213
0.69547224
0.6937595
0.6955921
0.6930982
0.6953841
0.6955038
0.6941529
0.69670045
0.6955152
0.6951382
0.69482684
0.69621015
0.6949622
0.69456655
0.6940652
0.69365907
0.694338
0.6950486
0.6935522
0.69721746
0.69584244
0.692056
0.697658
0.6930743
0.69869924
0.69325846
0.692309
0.69606596
0.6965646
0.6943568
0.6943982
0.6966222
0.6931334
0.69499046
0.69490826
0.6924663
0.6943159
0.6981012
0.69603556
0.6974944
0.6944991
0.6960697
0.69707227
0.69634765
0.6997068
0.6933711
0.69687104
0.6943094
0.69390285
0.6963548
0.69728744
0.6969215
0.6941045
0.69467497
0.6938996
0.6938993
0.6943731
0.6947125
0.6942277
0.69548184
0.70052075
0.6977224
0.6943405
0.6938553
0.6923758
0.69702137
0.6962831
0.69394636
0.6931921
0.6976149
0.6941951
0.6964236
0.69428116
0.6935871
0.69771314
0.6958777
0.69396365
0.69536984
0.69541955
0.69772345
0.69414234
0.6965671
0.6967516
0.69485563
0.69624543
0.69644946
0.6959723
0.69533664
0.69278336
0.69255406
0.6958064
0.6953911
0.693104
0.6955546
0.69627845
0.69414747
0.6959637
0.6943242
0.6946564
0.6926499
0.6949294
0.6946397
0.69546896
0.6991735
0.69811517
0.6958777
0.69553024
0.6921668
0.6947057
0.6944791
0.6927886
0.69684523
0.69320726
0.69587344
0.6936675
0.6935986
0.6916116
0.69251233
0.69381183
0.69476753
0.696233
0.692854
0.6946322
0.69284356
0.6926608
0.69458055
0.6946532
0.69356567
0.695844
0.6957573
0.69755423
0.6947911
0.6951783
0.695477
0.6962064
0.69650775
0.69489765
0.6962452
0.69503295
0.69880855
0.6944586
0.69554293
0.69435817
0.69416
0.6950972
0.695312
0.70028776
0.694062
0.6940443
0.69433343
0.6969157
0.6974698
0.69429034
0.69687456
0.69894844
0.6934493
0.696493
0.69603026
0.693382
0.6936947
0.69451827
0.6955608
0.6968398
0.69803303
0.69529516
0.69346154
0.6929062
0.6929625
0.6939662
0.69471824
0.6938969
0.69675404
0.69317585
0.6958031
0.6944908
0.6948938
0.69435966
0.6911555
0.69388103
0.69365597
0.69572717
0.6975125
0.6952495
0.69335985
0.69325024
0.6934581
0.6924042
0.6964206
0.69521254
0.6971409
0.6947881
0.6947792
0.6922682
0.7006415
0.695384
0.69197047
0.6938325
0.69502157
0.6936372
0.6925405
0.6942308
0.6945564
0.695724
0.6940616
0.6961478
0.6944105
0.6944314
0.6965299
0.6944294
0.6967617
0.693845
0.6965448
0.69350284
0.6947463
0.6933768
0.69268465
0.6946904
0.6943561
0.69449407
0.6937533
0.693494
0.6932506
0.6928122
0.69587225
0.6956255
0.6953329
0.69589293
0.6943961
0.697871
0.6943543
0.6961403
0.6979631
0.69839174
0.69756776
0.6919785
0.69447666
0.69564104
0.69196403
0.69489664
0.6943952
0.6966866
0.6943673
0.6920415
0.69759387
0.693988
0.69401187
0.69664365
0.6978334
0.69455147
0.697239
0.69450206
0.69726855
0.6956683
0.6961935
0.6924807
0.6971154
0.6958881
0.6935735
0.69538313
0.69451714
0.6972603
0.69457424
0.6945991
0.6967144
0.69316274
0.6978445
0.6928421
0.69722
0.6935029
0.69556075
0.6990619
0.69683343
0.694334
0.69530725
0.6961397
0.6945183
0.6944614
0.6943539
0.6973505
0.695746
0.69505566
0.6923124
0.6942623
0.69357806
0.69499147
0.6957841
0.6929796
0.6964972
0.6954383
0.6956789
0.6935919
0.6956407
0.69595164
0.6944368
0.6982144
0.6931303
0.6958642
0.6947868
0.6959715
0.695771
0.6942305
0.6961572
0.6936373
0.693932
0.69350386
0.6938352
0.69268626
0.69435275
0.6954189
0.69436306
0.6953646
0.6947411
0.6952102
0.6966879
0.69655806
0.6959522
0.69517714
0.6937554
0.6959096
0.69692385
0.69641596
0.6947746
0.6979903
0.69518715
0.69596624
0.69768864
0.6974652
0.6942102
0.6947936
0.6942728
0.69380116
0.69394237
0.6946699
0.6952146
0.69573927
0.6961375
0.6955646
0.6965877
0.6972834
0.6944187
0.6965396
0.696098
0.6935789
0.6937705
0.695142
0.6957222
0.6956026
0.69686896
0.69499046
0.695015
0.6940904
0.6936244
0.6932502
0.69633317
0.697796
0.694627
0.6949281
0.6969941
0.69422895
0.69417876
0.6967929
0.6933791
0.6949098
0.69805294
0.6967283
0.6955251
0.69420195
0.69365567
0.6949458
0.6958521
0.69557697
0.695614
0.6939121
0.69533026
0.69583094
0.6965449
0.6936873
0.6946203
0.6955497
0.6939964
0.69315165
0.69559497
0.698448
0.6944817
0.69599545
0.6964876
0.6947926
0.69665694
0.6978949
0.6995423
0.6955472
0.69536847
0.69677484
0.6946591
0.69278973
0.6968382
0.6936454
0.69763064
0.693757
0.6943861
0.69561136
0.69719434
0.69387287
0.69528484
0.6942665
0.6989522
0.6960712
0.69521934
0.6963641
0.6940718
0.69576573
0.6969393
0.69658047
0.69660187
0.69644624
0.6959761
0.6938162
0.6938422
0.694438
0.6959863
0.6978594
0.6965629
0.69403666
0.6938207
0.69783926
0.6951632
0.69652516
0.6926162
0.6971893
0.6959134
0.6953929
0.6955112
0.6965806
0.69716126
0.69635206
0.69644666
0.69488496
0.6971873
0.6936904
0.69433886
0.69337976
0.6933517
0.6955266
0.69663805
0.693983
0.6961715
0.69777966
0.69682103
0.69708353
0.6942726
0.69783866
0.6933863
0.6936307
0.6976778
0.69784975
0.6954738
0.69399565
0.6954671
0.69424325
0.6965256
0.69590247
0.69499195
0.696086
0.6941809
0.6947386
0.6953399
0.6943154
0.6960252
0.69648737
0.6969568
0.69344664
0.6951784
0.6938074
0.69591033
0.6960204
0.6966352
0.69589126
0.6935944
0.69643277
0.69779897
0.6959748
0.69548434
0.6960422
0.6949134
0.6953842
0.6977951
0.6968451
0.69677514
0.69632655
0.6967892
0.69855577
0.6946177
0.6930777
0.69579107
0.69624376
0.697933
0.6926175
0.69523525
0.6962046
0.69717306
0.6968903
0.69661385
0.6944899
0.69389933
0.69351315
0.6954623
0.694384
0.69644773
0.6958394
0.69735146
0.694192
0.694441
0.694568
0.69752103
0.6949845
0.70182806
0.694608
0.6936219
0.6961509
0.6943413
0.69867504
0.69788194
0.6935552
0.6944765
0.6957921
0.69541246
0.6952826
0.6969015
0.69425744
0.6939124
0.6956049
0.6925082
0.6977321
0.6960569
0.69897556
0.69785637
0.6987234
0.6971808
0.694817
0.6940173
0.6943922
0.6934154
0.6947365
0.69565773
0.6961273
0.6944364
0.69753915
0.69633615
0.6971136
0.6967368
0.6973744
0.6969648
0.6998118
0.694673
0.69485897
0.6944872
0.6962424
0.69764346
0.69453025
0.6939815
0.6965912
0.6969927
0.69799376
0.6959977
0.693521
0.6978285
0.6955388
0.694556
0.6957727
0.6947134
0.695279
0.69526744
0.6940704
0.69500965
0.69707674
0.6944944
0.69311404
0.69464284
0.69654566
0.6933386
0.69553554
0.695406
0.6954248
0.6952755
0.6969545
0.6954276
0.6962749
0.6959451
0.6946125
0.6938315
0.6987436
0.6981508
0.6979116
0.69646674
0.69483227
0.69575036
0.6945916
0.6950516
0.6950261
0.6973258
0.6958625
0.6961426
0.6963496
0.69444454
0.69450057
0.6943778
0.69476825
0.6971774
0.69319737
0.69692147
0.69809306
0.6964236
0.69686246
0.6939311
0.69676924
0.69770825
0.6941022
0.69539386
0.69459265
0.6972354
0.6957631
0.69558424
0.6956427
0.69501066
0.6958588
0.69469213
0.6953202
0.6959774
0.69393504
0.6946553
0.69495225
0.6956687
0.69779915
0.69475365
0.6953685
0.69600314
0.6945966
0.6949186
0.6955922
0.69594496
0.69532615
0.69577557
0.6997203
0.6944428
0.69623625
0.6929497
0.69787806
0.69687
0.69397724
0.6969213
0.69324046
0.6964089
0.69721866
0.69413614
0.6957052
0.6949253
0.6944641
0.69538873
0.69543725
0.69425803
0.69732183
0.69493407
0.69463795
0.694551
0.6943595
0.6948711
0.695329
0.69439673
0.6946457
0.69687057
0.6967672
0.69624174
0.69493836
0.6946202
0.6975883
0.6964277
0.69530183
0.6974304
0.6961569
0.694819
0.69527507
0.69470805
0.69529307
0.6935956
0.69314796
0.69574046
0.69730204
0.69452375
0.69699
0.69575167
0.69409055
0.6977245
0.6959315
0.69638866
0.69542813
0.69237417
0.694891
0.6954892
0.6934033
0.6983051
0.6979046
0.6963226
0.6963222
0.6968819
0.6944634
0.698757
0.69745654
0.6946802
0.6968387
0.6962451
0.69624275
0.6940949
0.69474
0.69748634
0.6955476
0.69537026
0.6951372
0.69319606
0.69497734
0.694954
0.6953049
0.69628763
0.69704443
0.6938735
0.69775677
0.69355506
0.6954337
0.6964279
0.6963403
0.69619006
0.69600195
0.69466573
0.69640356
0.69400185
0.6972974
0.69479996
0.6957447
0.69605994
0.6946763
0.6954736
0.69428617
0.69427866
0.6939388
0.69348603
0.6989106
0.6961007
0.6938094
0.69459677
0.6940632
0.69474083
0.6967988
0.6956368
0.6960258
0.69766587
0.69620174
0.6952549
0.69796365
0.69725686
0.69707483
0.6992335
0.6948493
0.6947559
0.69252604
0.69460434
0.6970677
0.69652146
0.69489664
0.6951973
0.6963547
0.69581527
0.69611514
0.6958672
0.6960617
0.6946912
0.695758
0.6970344
0.69689405
0.6949048
0.6938173
0.69609606
0.6935563
0.6946079
0.69378966
0.69590586
0.69620985
0.6975906
0.6958017
0.6919818
0.69468695
0.6946028
0.69687945
0.6944443
0.69616383
0.69687223
0.6962375
0.6954205
0.6940582
0.6939695
0.6958736
0.6947212
0.69642264
0.69462353
0.6931157
0.6957453
0.6927181
0.69830805
0.69739115
0.69254655
0.69590753
0.6978352
0.6957567
0.6946868
0.6973957
0.69352716
0.696139
0.6959806
0.6947198
0.6928087
0.69713783
0.69319224
0.69681984
0.69645685
0.6947687
0.69424707
0.6940494
0.6933482
0.69473225
0.6947404
0.69629526
0.6930878
0.69478905
0.69642967
0.6948065
0.6933654
0.6946171
0.6988622
0.69745016
0.69658965
0.69538504
0.6938905
0.6950662
0.6945828
0.69595885
0.69749326
0.6945869
0.6946309
0.69352776
0.6964766
0.6940719
0.69537926
0.6934439
0.6948259
0.6961573
0.69404346
0.69616187
0.69520086
0.69854605
0.69707
0.69539857
0.6958914
0.6957936
0.6952506
0.69291276
0.6961426
0.6947202
0.6975009
0.69604874
0.69675785
0.69391364
0.6950123
0.6964089
0.69307625
0.6960515
0.6954224
0.69292784
0.6936002
0.69372034
0.69663924
0.69701815
0.69694847
0.69605374
0.69429934
0.6959306
0.69628346
0.6935412
0.6944803
0.69684595
0.69549376
0.69403064
0.6941838
0.69435996
0.69804007
0.69503796
0.6954131
0.6961808
0.6959815
0.6935375
0.6989581
0.69556284
0.6951601
0.69538355
0.69472253
0.6947333
0.69393784
0.69410586
0.6929549
0.6958292
0.6977152
0.6960476
0.69680417
0.6943612
0.69713145
0.6967525
0.6940497
0.69529295
0.6968859
0.69589525
0.694348
0.6977829
0.6968316
0.69447404
0.6933246
0.6976248
0.69417447
0.696346
0.69578314
0.69456595
0.6941697
0.69545245
0.69694304
0.69542646
0.6951348
0.694086
0.6970835
0.6949028
0.6957464
0.6967191
0.6941474
0.69467074
0.6924508
0.69419605
0.6957434
0.6942531
0.69326675
0.695905
0.69404876
0.69825566
0.69596285
0.69665253
0.6964055
0.6949881
0.69685674
0.6947435
0.6966009
0.69713455
0.6979864
0.6945794
0.6965573
0.69544536
0.69587153
0.6991296
0.69744664
0.6947697
0.69588023
0.69540787
0.6941246
0.6947172
0.69544894
0.6931033
0.6933172
0.6948074
0.69480115
0.6974474
0.6957488
0.69538355
0.695303
0.6964793
0.69522715
0.6964833
0.6963052
0.6940691
0.69704473
0.7009161
0.6952669
0.6948104
0.6992809
0.69499195
0.696067
0.695739
0.69734204
0.69857484
0.7000611
0.6960842
0.6945735
0.6919646
0.697837
0.6934522
0.697736
0.69590575
0.69513345
