0.8577154
0.8231293
0.8044001
0.79253215
0.78636855
0.78464067
0.78373766
0.7846805
0.7844429
0.7829472
0.7827484
0.7821777
0.78293276
0.7823949
0.78240407
0.7817758
0.78100824
0.77985746
0.78016424
0.7801768
0.78032756
0.77976096
0.7797312
0.7787408
0.7782768
0.77818084
0.7778589
0.77802193
0.7774543
0.7779297
0.7769502
0.77781945
0.7773953
0.7756022
0.77576464
0.77508056
0.7751294
0.7737677
0.7751852
0.7740163
0.7757624
0.7738224
0.77281284
0.77268904
0.77200395
0.772993
0.77164763
0.77279496
0.7711732
0.7714431
0.77106696
0.7710816
0.7706526
0.77092534
0.7699502
0.7689641
0.76984006
0.76966923
0.7703825
0.7688931
0.76975965
0.7688708
0.76795083
0.76725626
0.76737267
0.7672016
0.7669762
0.7668466
0.76585525
0.76654017
0.76503116
0.7657063
0.7648622
0.7654131
0.76524967
0.7650876
0.7652527
0.764586
0.7639282
0.76340246
0.76352876
0.7636875
0.76223105
0.7629822
0.76175356
0.7623004
0.7611136
0.7618821
0.7623892
0.76129866
0.7606636
0.76135844
0.76156116
0.76101094
0.759541
0.759492
0.7605624
0.75914
0.760612
0.7583435
0.7587621
0.75857455
0.75749385
0.7579283
0.7576642
0.75799924
0.75816274
0.75675696
0.7564165
0.75695497
0.7567979
0.75719815
0.75706786
0.756204
0.75521994
0.7547944
0.7551498
0.7546247
0.7544093
0.7554008
0.75416034
0.7544794
0.7541519
0.75358355
0.75473666
0.75339985
0.75323313
0.7536209
0.7534489
0.7533841
0.752961
0.7522861
0.7526657
0.7521682
0.75184894
0.75197107
0.7511903
0.7513016
0.75088435
0.75085336
0.75037813
0.7505905
0.7505965
0.7499571
0.74983066
0.750416
0.7502695
0.7494594
0.74920565
0.74818784
0.74849886
0.7480791
0.74787796
0.74813396
0.74823415
0.74760973
0.74823034
0.74765235
0.7476402
0.7472828
0.7474597
0.74616116
0.7460808
0.746829
0.7459557
0.7460133
0.74596345
0.74612004
0.7455442
0.7456975
0.7449729
0.7455206
0.7450169
0.7443042
0.74507654
0.7448851
0.74441737
0.74425703
0.74370766
0.744761
0.74330515
0.74362046
0.7442934
0.74335337
0.7439944
0.7428949
0.74199444
0.7425586
0.74369234
0.74238265
0.74221003
0.7417914
0.7421147
0.7417187
0.74221337
0.74279416
0.7410448
0.7409862
0.7409812
0.740921
0.74084705
0.7409718
0.74037874
0.7410692
0.7399661
0.7405786
0.7398058
0.73961675
0.73933935
0.7393704
0.738331
0.7399004
0.73912543
0.73886496
0.7393318
0.7388959
0.7389113
0.7386328
0.73848677
0.73868334
0.73784083
0.7375198
0.7375574
0.73706114
0.7376094
0.7367264
0.73740315
0.737356
0.7370047
0.73682034
0.7368189
0.73595977
0.7369017
0.7366307
0.73631644
0.735902
0.73538023
0.7362238
0.7355588
0.73562574
0.7356331
0.7350828
0.7355266
0.7354865
0.7350264
0.73463106
0.7349099
0.73482364
0.734227
0.7346174
0.7338138
0.73376083
0.73441523
0.73408544
0.7331545
0.7334124
0.73363334
0.73331386
0.7335203
0.73341805
0.7328845
0.73281145
0.7325053
0.73292017
0.7320312
0.73246634
0.73247427
0.7325707
0.7321328
0.7322195
0.73140734
0.73201674
0.73156506
0.73236865
0.73251516
0.7308571
0.73013425
0.7308121
0.7300077
0.7308516
0.73126096
0.73090076
0.73052305
0.7298859
0.7306886
0.7305005
0.7301322
0.73014116
0.72987866
0.73003227
0.72962236
0.73025155
0.7293532
0.72960734
0.72986364
0.73042464
0.7291658
0.7293475
0.72969544
0.7290328
0.72843295
0.7291741
0.7290911
0.7288496
0.72826046
0.7288519
0.7279953
0.7279012
0.7281088
0.72835183
0.72829664
0.7271984
0.7271161
0.72809154
0.72779065
0.72798437
0.72754216
0.72786295
0.72685194
0.72809666
0.72727895
0.7265833
0.72758085
0.72713006
0.72664994
0.72675645
0.72722626
0.72659445
0.72632784
0.7263028
0.726237
0.72642094
0.72571313
0.7262281
0.7264147
0.72594064
0.7263013
0.72563857
0.7257688
0.7251624
0.7249107
0.7254327
0.725425
0.7250132
0.7255377
0.7255029
0.72481614
0.7251796
0.725364
0.7257032
0.7240069
0.72433543
0.72448725
0.72559965
0.7243144
0.7239443
0.7241497
0.7240749
0.72374195
0.7240961
0.72400355
0.7237207
0.7233097
0.72387457
0.72324455
0.72384626
0.72343284
0.723419
0.72369385
0.72340035
0.7227562
0.7225538
0.7222705
0.72285193
0.722596
0.723198
0.7229388
0.7230961
0.72300893
0.7235234
0.7239253
0.7222958
0.72151005
0.7232653
0.72228974
0.721904
0.7224825
0.7226248
0.72221345
0.7218785
0.72233015
0.72155213
0.7221124
0.7216247
0.72180647
0.72195965
0.7214315
0.72204846
0.7218144
0.72139716
0.7212986
0.7217539
0.72127974
0.7215679
0.720844
0.7217892
0.7211257
0.72116643
0.7208283
0.72129506
0.7209071
0.721231
0.72061074
0.720865
0.7209777
0.7212158
0.72079825
0.7202251
0.72064906
0.7211632
0.7200727
0.7204002
0.72054434
0.72099674
0.7191456
0.7204007
0.7208022
0.71928376
0.72025204
0.72097605
0.7206609
0.7197518
0.7196819
0.7197923
0.719477
0.71991557
0.7197599
0.7191647
0.719556
0.7200987
0.7195221
0.7190286
0.7195225
0.7195167
0.71929836
0.71945935
0.719088
0.71937716
0.71925354
0.7191142
0.7193218
0.71816283
0.71858835
0.7186311
0.7184374
0.7192324
0.7187325
0.71911603
0.7186375
0.7186555
0.7197149
0.7173484
0.7182605
0.71865195
0.71871823
0.7176067
0.7186218
0.71821845
0.7179323
0.71792483
0.7182801
0.7184641
0.7191631
0.7188399
0.71820337
0.71816254
0.7189045
0.71763635
0.71757066
0.71855193
0.71812963
0.71823615
0.7175145
0.7179249
0.7178585
0.71770304
0.7182709
0.7177678
0.7174293
0.71813256
0.717718
0.71768785
0.71744347
0.7178569
0.7178447
0.71782774
0.717832
0.7176703
0.7171634
0.7170446
0.71708053
0.7171117
0.7173127
0.71742594
0.7170627
0.7164356
0.7169989
0.7167424
0.71751744
0.71713626
0.71605414
0.71681195
0.7170638
0.71691626
0.71692985
0.71628237
0.71641827
0.71736157
0.7171998
0.71656233
0.71694356
0.7169497
0.7166833
0.71579
0.7166921
0.7164657
0.71637946
0.71579695
0.7166513
0.7161572
0.71677285
0.7164171
0.7157912
0.7160283
0.71601117
0.7165913
0.71556646
0.71634346
0.7155207
0.715855
0.7166421
0.71661985
0.7165424
0.7159235
0.71662503
0.7162684
0.71586716
0.71594405
0.7158227
0.71580935
0.7166765
0.7158008
0.7162592
0.7156886
0.71557206
0.7159092
0.71564645
0.714842
0.71621233
0.71598196
0.7161621
0.71595013
0.71546847
0.7157086
0.7149973
0.71591663
0.71519446
0.7156906
0.7154514
0.71551824
0.7151916
0.7154145
0.7152848
0.71519554
0.7152106
0.7154641
0.7149378
0.71574336
0.7149537
0.7148449
0.71546745
0.7150461
0.71509343
0.7146743
0.7147488
0.71508354
0.7156018
0.71498984
0.71541816
0.71529347
0.7153284
0.7151611
0.7152461
0.7155593
0.71523803
0.7143819
0.715146
0.71498466
0.7144933
0.7150952
0.71444935
0.7143747
0.71515447
0.71470416
0.7151561
0.71435624
0.7138352
0.71467674
0.71406156
0.7143795
0.7139755
0.71431535
0.7144777
0.71439046
0.71438986
0.71481097
0.71434695
0.71468496
0.7136022
0.71421874
0.71437484
0.7148014
0.71433896
0.71456957
0.71423125
0.7142218
0.7150434
0.7137533
0.7141674
0.71415114
0.71432066
0.71455383
0.7150111
0.71409357
0.71369016
0.71449095
0.714794
0.7141402
0.71392554
0.7144045
0.7141564
0.71443135
0.7142393
0.7142862
0.7146629
0.7142514
0.71474504
0.71444976
0.71401197
0.7130744
0.7145069
0.713566
0.7134015
0.71472347
0.71442986
0.7143437
0.7139135
0.71307194
0.7134441
0.71416974
0.7127645
0.71340865
0.7143624
0.7148992
0.7136934
0.71325576
0.7133409
0.71396405
0.71299535
0.7132846
0.7143948
0.7131426
0.7136065
0.71341425
0.7136759
0.71340257
0.71332043
0.71346873
0.7136045
0.7141051
0.712714
0.71380746
0.7129804
0.7132037
0.7133759
0.7135949
0.71297765
0.7131931
0.7132473
0.7135586
0.7130802
0.7128423
0.712903
0.71359974
0.7131627
0.71296805
0.7131454
0.7129799
0.7132709
0.7130255
0.7121904
0.71334475
0.71367997
0.71297485
0.7127355
0.713264
0.7127206
0.7131906
0.71272254
0.7123593
0.71366954
0.71339643
0.7123689
0.7131283
0.7123176
0.7119551
0.71320325
0.71265453
0.71234643
0.7124039
0.7136038
0.7122283
0.7126108
0.71227926
0.7129763
0.71285295
0.71258974
0.7128002
0.71332246
0.71296376
0.7123035
0.7125948
0.71178234
0.71250814
0.7128194
0.7130332
0.7125202
0.7124193
0.71182746
0.71185786
0.7126349
0.71178067
0.7127929
0.711268
0.71294135
0.71216565
0.7122797
0.7118964
0.71330124
0.71210814
0.71266294
0.7121579
0.71284306
0.7117209
0.7122845
0.7121517
0.71255594
0.71245956
0.71162415
0.71280056
0.7114486
0.71251994
0.7124134
0.71150094
0.71204126
0.71231
0.7116239
0.7119386
0.71111584
0.7121685
0.71254575
0.712058
0.71144253
0.7112117
0.71166843
0.7111595
0.7116337
0.71213216
0.71159554
0.71191543
0.7121021
0.7119763
0.71153355
0.7111412
0.7108729
0.71151453
0.7113741
0.7118488
0.71119076
0.7116379
0.7113579
0.7114363
0.7114391
0.711946
0.7113988
0.7116441
0.7111813
0.7115638
0.7117593
0.71217936
0.71123695
0.71094984
0.71170187
0.71164167
0.7116011
0.7113413
0.7114376
0.71106035
0.7114867
0.7116787
0.71141243
0.7114343
0.71133494
0.71177846
0.71111774
0.7112896
0.7117764
0.7114317
0.7112034
0.7109374
0.7113044
0.71146506
0.7107355
0.7113238
0.71039146
0.7114726
0.70975447
0.7110087
0.7116684
0.7111485
0.71103
0.710546
0.71169686
0.7113143
0.711067
0.71047854
0.71071184
0.71076506
0.7112185
0.7114053
0.711159
0.71084166
0.71038187
0.71090144
0.71078134
0.7106621
0.7109785
0.7109952
0.7111084
0.7107187
0.71104044
0.7110914
0.7100056
0.7109117
0.71077275
0.7102213
0.7109831
0.71044517
0.7102135
0.71058923
0.7103607
0.7107426
0.7098264
0.7110076
0.7107652
0.7106089
0.71100044
0.71058446
0.70998514
0.7105565
0.711013
0.7106573
0.7101646
0.7100028
0.7104191
0.710323
0.71012354
0.710106
0.70993376
0.71029437
0.7097452
0.7106048
0.71015346
0.71088266
0.71005857
0.7098895
0.7103788
0.7102014
0.70972794
0.70986193
0.71005934
0.71041596
0.71036744
0.7097697
0.70942146
0.7095169
0.7102402
0.70926815
0.7097538
0.70965934
0.70948946
0.710285
0.70939106
0.7100347
0.70995396
0.70956045
0.71039927
0.70918745
0.7101572
0.70984524
0.7097063
0.7095304
0.70971584
0.7094004
0.70960456
0.70902973
0.71014756
0.7092528
0.7096963
0.71011794
0.7095451
0.70979846
0.7091599
0.70964926
0.70956045
0.7089246
0.7093437
0.7093487
0.70917654
0.7100402
0.7098829
0.7093919
0.7101847
0.70986
0.70920926
0.70928645
0.7089389
0.7092777
0.70913744
0.7099056
0.7093415
0.70916575
0.70959455
0.7087401
0.70967895
0.70952415
0.70952755
0.7096081
0.7089626
0.7096999
0.7091426
0.7087597
0.7095092
0.7093846
0.7094652
0.70877093
0.70850664
0.7090331
0.7086253
0.7091682
0.7091474
0.7094937
0.7098761
0.7089871
0.70826507
0.70883244
0.7086302
0.7094528
0.70856434
0.70869505
0.7091729
0.70849067
0.70858157
0.7090674
0.7088168
0.70865893
0.7085819
0.709512
0.7085672
0.70852625
0.7089164
0.708549
0.7090522
0.70859164
0.70845836
0.7086922
0.70894194
0.7088125
0.7080457
0.7083264
0.70889634
0.7093765
0.7090787
0.7088949
0.7087284
0.7080745
0.70827883
0.7084011
0.7082876
0.7076408
0.70805407
0.70834535
0.7092033
0.70809305
0.7083158
0.70845777
0.7085691
0.7087061
0.7081894
0.7081597
0.7084791
0.7083609
0.708679
0.7078874
0.70852053
0.7083648
0.7082961
0.70807976
0.70851886
0.708217
0.7075922
0.70794404
0.70804125
0.70828897
0.70807296
0.7080067
0.7079912
0.7078913
0.70831436
0.70813185
0.70766443
0.70789546
0.7081592
0.70728046
0.7076878
0.7070956
0.7074478
0.70718604
0.70735735
0.70858365
0.7077244
0.7075924
0.7082201
0.70792216
0.7079797
0.70775616
0.70717275
0.7079038
0.70808315
0.7077572
0.707216
0.7069955
0.70789284
0.7078554
0.7074868
0.7082829
0.70820785
0.7080796
0.7073126
0.70791066
0.7074024
0.70796365
0.7073006
0.7077557
0.7076287
0.7077309
0.70757246
0.707565
0.70723933
0.7067647
0.70783895
0.7079278
0.70728517
0.70772403
0.70748955
0.70839924
0.7066688
0.70740056
0.70690167
0.7077555
0.7076675
0.70723206
0.70742923
0.7074892
0.70821494
0.70747113
0.707391
0.707397
0.7073239
0.70700073
0.70696276
0.7072227
0.7067726
0.70717084
0.70656973
0.7069153
0.70673865
0.7070482
0.7072107
0.7068807
0.706165
0.70698375
0.70679486
0.70689774
0.7068912
0.7067701
0.70686615
0.7069534
0.706696
0.70738226
0.7072985
0.7065302
0.7070673
0.7071289
0.706486
0.70702296
0.7067035
0.7066429
0.7072093
0.7067908
0.70687133
0.70685405
0.706612
0.70676184
0.70696235
0.7072117
0.70687
0.7063835
0.7071696
0.7066249
0.705862
0.7067333
0.70692843
0.7077926
0.70657605
0.7061011
0.70590895
0.70666987
0.70638335
0.7058336
0.7064043
0.7055204
0.70669127
0.70679
0.7065201
0.7065987
0.706744
0.7066125
0.70603704
0.70666116
0.7055284
0.70630515
0.7065199
0.70650595
0.70672965
0.7063381
0.706971
0.7066886
0.70650816
0.7063185
0.7061226
0.7064536
0.7060959
0.70553845
0.7061359
0.7061827
0.7061899
0.7063568
0.70603794
0.70602024
0.7056258
0.70600975
0.70557123
0.7065534
0.70639783
0.70707357
0.705784
0.705714
0.7056812
0.70591813
0.7066881
0.70571727
0.7059317
0.705649
0.7062814
0.7053459
0.70573825
0.7061441
0.7057946
0.7056483
0.70609254
0.70647657
0.70606893
0.7066369
0.7058489
0.7060857
0.70620406
0.7058199
0.70564383
0.70617867
0.70578563
0.70645916
0.7051765
0.70588154
0.7057391
0.706003
0.7054641
0.7059997
0.70617276
0.7051159
0.7051793
0.7060629
0.70533895
0.7048831
0.70618427
0.70563346
0.70589495
0.7056025
0.70565426
0.7057158
0.7052868
0.70582074
0.70542127
0.7051774
0.7055585
0.7053269
0.7046858
0.70517683
0.7049802
0.7061162
0.705406
0.70545554
0.7058277
0.70495176
0.70536613
0.7055481
0.70508015
0.7053233
0.7050312
0.70546234
0.70538443
0.7055553
0.7050039
0.7056824
0.7053233
0.7059095
0.705037
0.70601416
0.7056882
0.7049022
0.7052657
0.7055199
0.7050214
0.70570874
0.705087
0.7050193
0.7049419
0.7059504
0.7052134
0.7047677
0.7055102
0.7043522
0.7045019
0.7050103
0.7049422
0.70571303
0.70464283
0.7054034
0.704542
0.7054333
0.704575
0.7052994
0.70492405
0.70488745
0.7044988
0.7049678
0.7051778
0.7053939
0.70464844
0.7042881
0.70524514
0.70411104
0.7037553
0.7053553
0.705221
0.7048416
0.70534766
0.70454216
0.7044627
0.70455915
0.7041621
0.7044431
0.7050452
0.7046694
0.70406705
0.7048924
0.7046244
0.7052197
0.7048599
0.7044476
0.7050273
0.7048196
0.70402473
0.7051139
0.70448685
0.7046692
0.704605
0.70469415
0.7052945
0.7050234
0.70487034
0.7045166
0.70421934
0.7042654
0.7045973
0.7046213
0.7043433
0.7039485
0.70442784
0.7036045
0.70500165
0.70435196
0.7040575
0.70357925
0.7042012
0.70474213
0.70467013
0.70417196
0.70430833
0.7045967
0.70483625
0.7044302
0.7049419
0.70444727
0.7043459
0.70394456
0.7042531
0.70414937
0.7042357
0.7040226
0.7045883
0.7043354
0.7045402
0.7047006
0.70418876
0.7034399
0.70452726
0.70397973
0.7040632
0.7039904
0.7040356
0.70447516
0.70405155
0.7041044
0.70388097
0.70429534
0.7045017
0.7042129
0.7038164
0.7043965
0.70401675
0.70316964
0.70397586
0.7044885
0.7035716
0.70357513
0.70369506
0.70399934
0.7041138
0.7040716
0.7038034
0.703796
0.7037838
0.70418835
0.7044199
0.704509
0.7033636
0.70340234
0.70408356
0.7035582
0.7035711
0.7033858
0.7039007
0.70392257
0.70401174
0.7036575
0.70385057
0.7033449
0.7029217
0.7036584
0.7036477
0.7038577
0.70428777
0.7040105
0.7036078
0.70393735
0.7032951
0.70324403
0.70387155
0.7032058
0.70404285
0.70319957
0.70309824
0.70333046
0.7039587
0.70368654
0.70352006
0.70384645
0.70338446
0.70291305
0.7031407
0.7032589
0.7034745
0.7034287
0.7031753
0.70339656
0.703294
0.7030635
0.7041529
0.70290977
0.7031171
0.70351195
0.7032609
0.70365477
0.7032196
0.7035672
0.7023447
0.70336664
0.70340985
0.70355856
0.7035603
0.70305943
0.7036275
0.70426726
0.70336837
0.70322704
0.70380664
0.70345926
0.7036367
0.7037613
0.70253885
0.70251715
0.7033744
0.7029446
0.7030922
0.7031103
0.7032327
0.70288724
0.7032401
0.70314014
0.7030311
0.7038304
0.7030192
0.7029463
0.7025544
0.7037996
0.7034872
0.7027227
0.7031308
0.70322955
0.7025452
0.7028426
0.7030949
0.70301807
0.70247954
0.70308
0.7022853
0.70332074
0.7034188
0.7029614
0.7025204
0.7032428
0.70317745
0.7029058
0.7031482
0.7035423
0.7034302
0.7023349
0.7025312
0.70265156
0.7028667
0.70234203
0.70251906
0.70273674
0.70299834
0.7032132
0.7030835
0.7029703
0.7037716
0.70347595
0.7031326
0.7031337
0.70226735
0.7025538
0.70226157
0.7034488
0.70327944
0.70286214
0.7017757
0.70289046
0.7024096
0.7029702
0.703051
0.70218647
0.7029898
0.7030536
0.7026094
0.7032037
0.7027553
0.70262897
0.7025266
0.7027386
0.7025595
0.7023756
0.7021123
0.70216477
0.702766
0.702548
0.7026327
0.7023752
0.70269233
0.70255005
0.7029684
0.70206815
0.7027651
0.7031812
0.70287555
0.70284903
0.70216334
0.70285994
0.70200056
0.7022026
0.70237184
0.70292836
0.7020006
0.70184255
0.7030842
0.7020211
0.70278746
0.7022528
0.70246065
0.70243883
0.7027671
0.70232505
0.7023689
0.7022849
0.7023002
0.70241034
0.7024864
0.7029343
0.70230544
0.702656
0.70219016
0.7025056
0.70234287
0.7022038
0.70150363
0.70154035
0.70303905
0.7019142
0.7020335
0.7019865
0.7025507
0.7018579
0.7022767
0.702336
0.70192987
0.7023764
0.70251906
0.7020184
0.7027254
0.7021581
0.7017802
0.70196235
0.70166355
0.70162946
0.70131534
0.70214486
0.7017709
0.702264
0.70212615
0.7019399
0.7023991
0.70144093
0.70201886
0.70222044
0.70233625
0.70172125
0.7011526
0.70171946
0.70252126
0.70163417
0.7026902
0.7028403
0.70207214
0.7011979
0.70133215
0.70177746
0.70221233
0.70138603
0.70189095
0.70194244
0.70180607
0.70206094
0.7021604
0.7019823
0.70215535
0.701906
0.7018055
0.7015339
0.7014676
0.7010776
0.70178616
0.7017256
0.70115334
0.70159936
0.700927
0.7018339
0.7017147
0.70140374
0.70098406
0.7022456
0.70190334
0.70188004
0.70146894
0.7014
0.7013763
0.70189553
0.70195067
0.7016721
0.7011076
0.70165336
0.70179
0.7017426
0.7018673
0.70188785
0.7020259
0.7012147
0.7020109
0.7014254
0.70095545
0.70155275
0.70146793
0.70143634
0.70198226
0.70191115
0.7013792
0.7018713
0.70085865
0.7011958
0.7017253
0.70178986
0.7013046
0.70084953
0.70189303
0.7015558
0.70101416
0.7021257
0.7006596
0.70138097
0.70103925
0.70147276
0.70092106
0.700992
0.701293
0.7012878
0.70194155
0.70055974
0.70152014
0.70161796
0.7014293
0.70203716
0.70105433
0.7013389
0.7011292
0.7020137
0.70100164
0.7012251
0.70143217
0.70084906
0.7009047
0.701385
0.70138174
0.70091146
0.7012578
0.70083475
0.70153356
0.7009634
0.70152867
0.7008831
0.7017136
0.70037055
0.70128286
0.7015297
0.7010901
0.7012249
0.7005322
0.70083106
0.7011012
0.7014368
0.70070475
0.70056015
0.701232
0.70146954
0.70054007
0.7011526
0.70128804
0.70064896
0.7005646
0.7012414
0.7015385
0.70089036
0.7014915
0.70100397
0.70088667
0.7007077
0.70112467
0.7012988
0.70125836
0.7005763
0.70092183
0.7010782
0.70104414
0.70102
0.70142955
0.7011225
0.7008571
0.7006798
0.7012726
0.70053834
0.7011706
0.70071626
0.7005438
0.700805
0.70099807
0.70055956
0.7006033
0.7005062
0.70098823
0.7011034
0.7006079
0.70060366
0.70053685
0.7010786
0.6999866
0.70073515
0.70073086
0.7002911
0.7000238
0.7007759
0.7006579
0.7006586
0.7010187
0.70093685
0.6999808
0.70035475
0.7007983
0.700326
0.7006275
0.7003563
0.7006424
0.70080996
0.70106107
0.7010325
0.7006742
0.7007111
0.7006639
0.70035785
0.700316
0.7005254
0.70011276
0.7003738
0.70082176
0.70007056
0.700621
0.7006383
0.70050406
0.7000074
0.70019567
0.70058995
0.6999794
0.7005545
0.7002886
0.7005632
0.70072305
0.7006112
0.7007764
0.70067656
0.7001769
0.7006548
0.7003953
0.7008249
0.70059747
0.70072573
0.7005193
0.70067245
0.69971925
0.70028365
0.6993082
0.7006869
0.7001522
0.6998225
0.6998897
0.6999693
0.6994341
0.7000575
0.699981
0.7004644
0.700613
0.70102537
0.7004814
0.7001034
0.7008625
0.6994872
0.7004605
0.70051426
0.7003576
0.70026106
0.69991654
0.70017433
0.7008161
0.6994499
0.6999974
0.69984895
0.70006704
0.6998644
0.69965804
0.700267
0.7001739
0.7004091
0.6998031
0.6997567
0.7006834
0.70019287
0.6996079
0.7002152
0.7001542
0.7001027
0.69999844
0.6993857
0.7003422
0.7000458
0.69960284
0.6999338
0.700522
0.7002078
0.7003295
0.7001376
0.6998925
0.7000685
0.69931936
0.69989693
0.69995147
0.70034426
0.69986206
0.7000913
0.69952697
0.700309
0.69967777
0.6996498
0.6999415
0.6999313
0.6999564
0.69982916
0.70012647
0.6989558
0.6997072
0.70046544
0.6998666
0.69978046
0.69948405
0.70009786
0.70007765
0.70029134
0.69932306
0.7000053
0.6996204
0.6991005
0.6996436
0.699438
0.69952345
0.69938296
0.6999297
0.6995497
0.6995339
0.69989216
0.69993365
0.69979715
0.6995648
0.6991878
0.70009655
0.70038337
0.7002937
0.6993489
0.6994417
0.69958913
0.70013314
0.6995731
0.6993098
0.6997169
0.70012754
0.69892603
0.6993665
0.69950587
0.69964933
0.69936216
0.6993785
0.6996438
0.6998392
0.6997553
0.69927627
0.69908667
0.6997576
0.69940627
0.6989313
0.69997066
0.69982797
0.6994925
0.6996449
0.69954
0.69962806
0.69968015
0.6994834
0.69915736
0.7000244
0.698966
0.6992072
0.6990618
0.6995292
0.69948244
0.69974124
0.69894993
0.6992133
0.69954824
0.6991343
0.6993952
0.6990364
0.69934547
0.6995815
0.6987928
0.69943315
0.69918555
0.6992919
0.6993784
0.69875145
0.6990764
0.69984853
0.6995993
0.69908375
0.6995574
0.69936526
0.6991082
0.6990991
0.69942856
0.69927543
0.6987382
0.6991144
0.6988633
0.6992116
0.6993012
0.6991127
0.6994586
0.69907737
0.69958025
0.69934696
0.69916844
0.69974786
0.6993747
0.6989969
0.69917834
0.6993835
0.69951737
0.6992062
0.699001
0.69848436
0.69887143
0.6989296
0.69917184
0.6990924
0.6995281
0.69865316
0.7000183
0.69881105
0.69892037
0.69838125
0.69872105
0.69892794
0.69924414
0.6988813
0.6992761
0.6990347
0.6988142
0.6984976
0.69867617
0.6989028
0.69882566
0.69851416
0.6988819
0.6986796
0.6991349
0.6988465
0.6986783
0.6991629
0.6992186
0.69865626
0.6988414
0.6985386
0.6988409
0.6992089
0.6988658
0.6986541
0.69888765
0.69869787
0.6986955
0.69855195
0.69910127
0.6984851
0.69854695
0.69863015
0.69902945
0.6989834
0.6989677
0.69917506
0.6987894
0.69882184
0.6988702
0.6991131
0.6992893
0.69893104
0.69797665
0.69891715
0.69865227
0.69896674
0.6987761
0.69847155
0.698417
0.699004
0.6980726
0.69838184
0.69830877
0.69844484
0.69832456
0.6990767
0.69853485
0.6991917
0.698163
0.6993202
0.6982948
0.69776195
0.69841695
0.6987934
0.69845057
0.6987812
0.69828606
0.69833964
0.69873416
0.6982934
0.6983231
0.69867784
0.69830304
0.69876504
0.69892174
0.69854903
0.6988876
0.69889027
0.69896746
0.69887143
0.69802856
0.6989203
0.6979069
0.69815314
0.6978943
0.69809836
0.6986996
0.6985369
0.6984855
0.6984101
0.69876206
0.6982878
0.6981794
0.69813114
0.69797117
0.6984084
0.6984744
0.6981937
0.6988748
0.6986763
0.698033
0.6985752
0.6982244
0.6981027
0.6985474
0.6981951
0.6981677
0.69780207
0.69840753
0.69888353
0.69760877
0.6983331
0.69795406
0.69857395
0.69792575
0.6984106
0.69827056
0.69809616
0.698696
0.6978899
0.69878304
0.6983498
0.69826996
0.69806784
0.69797605
0.69844663
0.69813365
0.6976977
0.69810873
0.6981804
0.69805104
0.6984925
0.6983867
0.6983276
0.6985107
0.69819003
0.69795054
0.6982245
0.69784915
0.6984231
0.6977292
0.69795007
0.69831705
0.69863087
0.6979437
0.6982882
0.6979229
0.6978396
0.6984515
0.6977951
0.6981393
0.6980154
0.6979202
0.69750196
0.69811887
0.6983469
0.69786185
0.69775814
0.69837666
0.69813997
0.69760966
0.6979743
0.6976021
0.69832754
0.6980808
0.69875115
0.69860756
0.69822985
0.6979015
0.6979411
0.69818133
0.6980126
0.6978531
0.6982345
0.6978603
0.6983412
0.69823986
0.69828856
0.69739205
0.6984265
0.6978822
0.69729364
0.6979808
0.69833016
0.6974082
0.6983049
0.69798803
0.69775224
0.6976556
0.69826293
0.69820356
0.69799507
0.6977601
0.6975866
0.6976048
0.6979728
0.6975612
0.6983836
0.6978781
0.6977976
0.69723845
0.69737005
0.6977593
0.6974426
0.6977755
0.6977451
0.69759166
0.6977999
0.69785166
0.69775945
0.69820845
0.6970782
0.6975699
0.6975983
0.6974898
0.69751036
0.6978434
0.6972892
0.69805664
0.6978035
0.69744664
0.6979085
0.69815964
0.6977245
0.69780856
0.6976255
0.697206
0.69769365
0.69772154
0.69785345
0.6980284
0.6972222
0.6977172
0.69779414
0.69758844
0.69753
0.69767505
0.6973998
0.6978423
0.69828737
0.697385
0.6977699
0.69731027
0.6975079
0.6978463
0.6979975
0.6978858
0.69744635
0.6974471
0.69731396
0.6975068
0.6973977
0.6976218
0.69781584
0.69729626
0.69697225
0.69726706
0.69788694
0.69727564
0.6978173
0.6978508
0.6978011
0.6976669
0.69754565
0.6978191
0.6977143
0.6971219
0.6976221
0.69756633
0.69683915
0.6974829
0.6980303
0.697281
0.69755656
0.6966694
0.6972686
0.6973198
0.69658166
0.6974592
0.6972724
0.6971273
0.69683355
0.69696236
0.69725055
0.69691
0.6976259
0.69761443
0.69707733
0.6972323
0.69660574
0.69757974
0.69739026
0.6979255
0.6977137
0.6973868
0.6973139
0.69681054
0.6973229
0.69774646
0.6973223
0.69731313
0.6974097
0.6973508
0.6970224
0.697485
0.6976562
0.69759405
0.69703984
0.6970684
0.6968752
0.69669455
0.69748837
0.6974261
0.6974872
0.6970294
0.6972186
0.69736034
0.69797003
0.69706184
0.6971144
0.6971154
0.69698685
0.6974293
0.6970303
0.69772387
0.696978
0.6971405
0.6969303
0.6970738
0.697107
0.6972871
0.69726795
0.6969473
0.6975303
0.6974322
0.6973197
0.6972035
0.69708234
0.696751
0.69696105
0.69683284
0.6970955
0.6968958
0.6967625
0.69674605
0.6971234
0.6970474
0.6976946
0.69705737
0.6976436
0.6967376
0.6971471
0.69684905
0.6972254
0.69657904
0.6966634
0.69708
0.6970767
0.6972219
0.6968922
0.69691914
0.69667935
0.6965517
0.697594
0.6970304
0.6966977
0.6970793
0.6971962
0.69650537
0.6971669
0.69702995
0.69677687
0.696603
0.6971846
0.6970356
0.697118
0.6963272
0.69711363
0.6970216
0.6972408
0.69791424
0.69733787
0.69667226
0.6964388
0.6964873
0.6969242
0.6968957
0.6969463
0.69677615
0.69676983
0.6966748
0.6971052
0.69698656
0.6968825
0.6967841
0.69700575
0.69656515
0.6971644
0.6968739
0.6972051
0.69640195
0.696654
0.6971851
0.69656855
0.69664496
0.6974407
0.69730395
0.69682604
0.697007
0.6968327
0.69641584
0.69694537
0.69717264
0.6971197
0.69678706
0.6969689
0.6969714
0.69722676
0.6969949
0.69641143
0.69683045
0.69693863
0.6971046
0.6966134
0.6965028
0.69682246
0.69680053
0.6971669
0.6967155
0.6964431
0.6964901
0.697206
0.6968992
0.69670314
0.6964068
0.6962167
0.69624376
0.69692874
0.69627994
0.6969173
0.6975294
0.6967282
0.696698
0.6966745
0.69699264
0.6965037
0.6965762
0.69667333
0.69641155
0.69686586
0.6966232
0.69679254
0.69636613
0.6968982
0.6968538
0.6967853
0.6965625
0.69712234
0.6968591
0.69722223
0.696424
0.697524
0.69688284
0.6967769
0.696385
0.6971234
0.69590634
0.69691205
0.6970064
0.69665873
0.6964326
0.69703096
0.69716847
0.6960688
0.6966962
0.6970053
0.6964364
0.6960113
0.6970884
0.6961328
0.6969084
0.69650793
0.6962758
0.69668734
0.69678223
0.6963838
0.69683987
0.69651806
0.6965364
0.6965623
0.6967281
0.6968995
0.6959663
0.6965276
0.69644
0.69673365
0.6966947
0.69689256
0.6970168
0.6967152
0.6966463
0.69643384
0.6968286
0.69662875
0.6968559
0.69661444
0.6960997
0.6968603
0.69681543
0.6966504
0.6961067
0.6960159
0.69656837
0.69685113
0.69659805
0.6963062
0.6969041
0.69687295
0.696588
0.6960535
0.6964792
0.696583
0.6963622
0.6969981
0.6964049
0.6965541
0.6964949
0.6966429
0.69598836
0.6968162
0.69648343
0.69645834
0.69641495
0.6966689
0.69657946
0.69656515
0.6961451
0.6967125
0.69697136
0.6971016
0.69649565
0.69638497
0.69703823
0.6968447
0.6966036
0.69602525
0.6964469
0.69666755
0.69624025
0.6965341
0.69717157
0.6968402
0.69639456
0.6964024
0.696508
0.69596624
0.69609386
0.6969241
0.69611216
0.69702953
0.69669056
0.69666433
0.6967867
0.69633216
0.69619036
0.69630474
0.69647354
0.69644326
0.6961631
0.69674253
0.696329
0.6961333
0.69656444
0.6961877
0.6965709
0.69607997
0.69703686
0.6962196
0.6966181
0.69628125
0.69625646
0.6967958
0.69625324
0.69656396
0.6968928
0.69607586
0.6962912
0.69595516
0.6962216
0.6966545
0.69665796
0.69655305
0.69680345
0.69591296
0.69631517
0.6964074
0.6964024
0.69610876
0.6962308
0.6958965
0.69647163
0.69622886
0.696498
0.69585913
0.6964364
0.6962533
0.69676375
0.69597805
0.6964027
0.6960693
0.6961935
0.69587904
0.69595355
0.6965849
0.6960707
0.6971304
0.6962497
0.6966834
0.69582385
0.696434
0.6965089
0.6960963
0.6963461
0.69672346
0.69632566
0.6965604
0.696632
0.6962707
0.69666976
0.69610333
0.6961254
0.69622254
0.6964571
0.69610167
0.6965628
0.6960765
0.69617707
0.69650203
0.69629747
0.696038
0.6964987
0.6968363
0.69638014
0.6961974
0.69623804
0.6958075
0.6962233
0.69650215
0.6957939
0.69622153
0.69665956
0.6959138
0.69671875
0.6960499
0.6955657
0.6961276
0.69626033
0.6964119
0.69658995
0.6963729
0.69643146
0.69613636
0.6962821
0.6961932
0.6961417
0.6959007
0.6963133
0.69581354
0.69652265
0.696342
0.69647175
0.6962725
0.6966058
0.6956193
0.6963195
0.69617546
0.69616014
0.696183
0.6961149
0.6966293
0.69595414
0.6962556
0.6961889
0.6965005
0.69642395
0.69628257
0.69652086
0.6961185
0.69641304
0.6954921
0.6960368
0.6962334
0.6959649
0.6964408
0.69639444
0.6963568
0.6964726
0.69639856
0.6962035
0.6958687
0.6965483
0.69587815
0.69701815
0.69650525
0.6964415
0.6964383
0.6961648
0.6962407
0.6958779
0.69570345
0.69629025
0.6959408
0.69667304
0.69649917
0.6960323
0.6960063
0.69617736
0.69577646
0.6963896
0.69627786
0.6960595
0.6964323
0.69578475
0.6964001
0.69613594
0.69615966
0.6960867
0.69606483
0.6964894
0.69645137
0.696593
0.6955707
0.6958366
0.6960349
0.69611865
0.6961182
0.69612736
0.6967212
0.6962653
0.6961062
0.6960756
0.69606835
0.69622356
0.69617414
0.69582456
0.696081
0.6955838
0.69617826
0.69628376
0.69617736
0.6958218
0.6962698
0.6959358
0.69651306
0.69618136
0.69615126
0.695978
0.69592744
0.6957521
0.6958752
0.69612145
0.69618255
0.6961433
0.6964418
0.69628656
0.6962839
0.6963567
0.69612265
0.6966584
0.6963308
0.69662195
0.6956545
0.6960746
0.69601244
0.6971115
0.6959479
0.6967168
0.69608635
0.6968906
0.6963744
0.6957806
0.6962698
0.6962396
0.696028
0.696498
0.69598323
0.6957006
0.69633216
0.69592357
0.69572294
0.69635016
0.69555014
0.69631064
0.6959047
0.69568205
0.69654566
0.69644433
0.6961654
0.6964199
0.6959812
0.6965949
0.69602877
0.6958073
0.6958662
0.6960647
0.69592935
0.69640595
0.6959853
0.6961492
0.6964186
0.69599557
0.6959793
0.696382
0.6959745
0.69586146
0.69631964
0.6959458
0.6964931
0.69645286
0.69634986
0.69616586
0.6962796
0.6964891
0.69595796
0.6957917
0.69607335
0.6961446
0.6963279
0.6962355
0.6960617
0.69606507
0.69592774
0.6958406
0.696558
0.695903
0.69570845
0.6964164
0.69578874
0.69590056
0.6964139
0.69619286
0.69592214
0.6965321
0.6959966
0.6962268
0.6962168
0.69632703
0.69589067
0.69639856
0.6963487
0.6963366
0.6959914
0.6955828
0.69596153
0.6963868
0.69597054
0.6960578
0.6964676
0.69619066
0.6962018
0.69572103
0.6960619
0.695834
0.6963059
0.6962876
0.6959345
0.69566584
0.69625807
0.69609123
0.6958498
0.6963264
0.6960407
0.6960387
0.69622475
0.6962584
0.6967136
0.6962971
0.6967203
0.6960454
0.6959341
0.6956646
0.69643545
0.6955719
0.6961244
0.6954697
0.6958903
0.69648683
0.69558764
0.6963976
0.6961598
0.69615704
0.69638973
0.6964389
0.69599485
0.6962604
0.69597995
0.6962797
0.69626266
0.69620913
0.6961806
0.6960793
0.69600224
0.6962099
0.69615
0.6964581
0.6958477
0.69649225
0.69633406
0.69603014
0.6960419
0.6962993
0.69637805
0.69615537
0.69625974
0.69611925
0.6953468
0.6961533
0.69613343
0.6962185
0.6963049
0.696326
0.69591314
0.69609946
0.696225
0.6960276
0.696066
0.69593525
0.69649065
0.69545037
0.696117
0.69589
0.69603413
0.6961324
0.6964803
0.69640374
0.69644314
0.69610983
0.6962295
0.6966404
0.6962061
0.6960904
0.6957043
0.6956393
0.69629043
0.6963356
0.69591
0.69598275
0.6961485
0.69635135
0.6962771
0.696156
0.69625235
0.6952289
0.6960396
0.6965979
0.69603753
0.69642425
0.69657874
0.6961403
0.6963806
0.6965105
0.69629216
0.6965731
0.6960749
0.69591403
0.6958559
0.69641453
0.69563055
0.69620013
0.69658804
0.6959328
0.69609123
0.69547564
0.6958968
0.69654346
0.69588727
0.6961646
0.69590455
0.6962158
0.6962973
0.6958998
0.696091
0.695731
0.6963859
0.69644594
0.69676936
0.69599164
0.6963111
0.6956957
0.6961916
0.69579667
0.6959059
0.6963466
0.6957701
0.6964143
0.6963215
0.6957475
0.6959519
0.69649357
0.69624233
0.69645077
0.69653594
0.696017
0.6957266
0.69632643
0.6961132
0.69644594
0.69611096
0.69536036
0.69587296
0.6961639
0.696088
0.6960251
0.6958604
0.69577557
0.696535
0.6959502
0.6958385
0.6962498
0.6964984
0.69583625
0.69600475
0.6964345
0.69616365
0.6961936
0.69600296
0.69601744
0.6958128
0.695974
0.6963051
0.696345
0.69649816
0.6962017
0.6960909
0.6959537
0.6963481
0.69617194
0.6958038
0.6962341
0.6960161
0.6956503
0.6959348
0.6957845
0.6961317
0.69588023
0.6965718
0.69634247
0.6959533
0.69604754
0.696156
0.6957556
0.69638556
0.6958009
0.69557315
0.69579965
0.6956766
0.6963135
0.69656944
0.69628066
0.69605166
0.69642156
0.6964595
0.6961964
0.6956397
0.69628435
0.69565475
0.6960028
0.6964123
0.69616205
0.69619906
0.6965144
0.69598216
0.69601214
0.6962855
0.69619447
0.6963246
0.6962759
0.696336
0.6959386
0.6955715
0.6963203
0.6960638
0.6961244
0.69634783
0.69611436
0.6964349
0.69566196
0.69614583
0.69631296
0.695937
0.6960216
0.69664526
0.69613695
0.69639534
0.6961891
0.69576657
0.69607043
0.69599825
0.69603795
0.6962046
0.6960912
0.6963404
0.6966192
0.696245
0.69592696
0.6955233
0.69588417
0.6959198
0.6960937
0.69625145
0.6956847
0.69634914
0.69612426
0.69622546
0.69656205
0.6962819
0.69685644
0.69629216
0.6964953
0.6959301
0.69594353
0.69611377
0.69626164
0.69681096
0.6961272
0.69623595
0.6961433
0.695924
0.69637984
0.69639194
0.69581926
0.6959997
0.6961092
0.6960807
0.6967934
0.69566965
0.6964621
0.69641405
0.69601005
0.6962812
0.6959959
0.69582975
0.6963702
0.69651634
0.69650173
0.69671065
0.69638467
0.6962333
0.6965521
0.69661254
0.6962807
0.69586277
0.6962811
0.6964341
0.69562757
0.69602984
0.6960715
0.69591933
0.6967159
0.69581056
0.6958233
0.69672495
0.696111
0.6958897
0.6961351
0.69602436
0.69590956
0.69638294
0.69653296
0.6958532
0.6960068
0.6959226
0.69617194
0.69636
0.69674987
0.69607526
0.6964599
0.69652635
0.6968797
0.6960554
0.69657147
0.6956884
0.6965144
0.69632846
0.69631505
0.69662017
0.6966873
0.695299
0.69607043
0.6962927
0.6962108
0.69558007
0.6956191
0.69657654
0.6967187
0.69612414
0.69562376
0.6964095
0.69664115
0.69602513
0.6965604
0.69589806
0.69640064
0.6961444
0.6961675
0.695983
0.6959335
0.6966895
0.69628894
0.69595414
0.6960697
0.69627523
0.69594514
0.6964192
0.6961815
0.6961315
0.69662744
0.69612455
0.69602346
0.69626725
0.69577676
0.6961113
0.69657195
0.69622344
0.6963916
0.6962362
0.6962214
0.6959647
0.69607145
0.69605637
0.69592166
0.6964176
0.696663
0.6960823
0.69586116
0.69597906
0.69630057
0.6958611
0.6955741
0.6965511
0.6964542
0.69660836
0.6959975
0.6961131
0.6965225
0.69653314
0.69656163
0.6962476
0.69643193
0.6962879
0.695848
0.69635934
0.6963986
0.69590104
0.6959867
0.69620854
0.6965737
0.69600374
0.69628257
0.69598514
0.696747
0.69624
0.69583225
0.6966114
0.6966586
0.6965491
0.69660586
0.6957995
0.6967785
0.69592255
0.69617534
0.6967931
0.6966922
0.6961896
0.6962121
0.69579816
0.6965749
0.695546
0.6957641
0.6962166
0.69656515
0.6959469
0.69644535
0.6961357
0.6965227
0.69609654
0.696603
0.6960581
0.69622564
0.6966447
0.6958418
0.6959859
0.69639236
0.69571257
0.69643736
0.6964855
0.6959472
0.69606245
0.69644165
0.6962379
0.6960934
0.69608915
0.6963188
0.6964469
0.6960309
0.69612026
0.69628257
0.6960951
0.6960812
0.69643396
0.6967889
0.69591665
0.6958601
0.69541585
0.6961692
0.69647735
0.696315
0.6968922
0.696598
0.696425
0.6961475
0.6962634
0.6960635
0.6961812
0.6962641
0.6961394
0.6964037
0.6966158
0.6966481
0.6962514
0.6968236
0.6961734
0.69569254
0.6959987
0.6966201
0.69635165
0.6958811
0.6958314
0.6968187
0.6961173
0.6960327
0.69628537
0.6960833
0.6964748
0.69606423
0.6965315
0.696297
0.69639516
0.6965158
0.6959506
0.6964553
0.6958927
0.69637567
0.6957825
0.6963271
0.6960716
0.6963834
0.6962226
0.69637394
0.6964045
0.696696
0.6965995
0.6965908
0.6961334
0.69584936
0.69602984
0.69600767
0.696385
0.6966789
0.69620353
0.6959885
0.69635767
0.6959758
0.6962287
0.69677526
0.69649893
0.69647837
0.69631594
0.6961364
0.69663614
0.69667274
0.69593763
0.69603217
0.6959398
0.6963497
0.6963995
0.69648457
0.696443
0.696259
0.6966181
0.69617194
0.69594955
0.69685626
0.69609696
0.69637793
0.69640326
0.69645756
0.6963275
0.69627714
0.6964662
0.69591755
0.6963769
0.6959872
0.6961831
0.69671476
0.69627607
0.69621366
0.696125
0.6961005
0.6967409
0.6961127
0.69627964
0.69638366
0.69617945
0.69654137
0.69661254
0.6966296
0.6963445
0.6964682
0.69600034
0.6965897
0.6964057
0.69600654
0.69616014
0.6960063
0.69643885
0.6960128
0.6964766
0.6958931
0.6960447
0.69619197
0.6964524
0.6964357
0.69616187
0.6965634
0.6958944
0.6962633
0.6960114
0.6957336
0.69659716
0.6961554
0.69656104
0.69635296
0.69655645
0.6964536
0.695874
0.6964312
0.6960752
0.69598603
0.69676125
0.69631374
0.69654846
0.6962507
0.69635916
0.69648254
0.69627047
0.6960947
0.69609594
0.6963311
0.69647264
0.69639
0.6965502
0.6961334
0.69646347
0.69674474
0.6960063
0.69581115
0.6963616
0.6966714
0.6964239
0.69703126
0.6964268
0.69658244
0.69630545
0.69616014
0.69613
0.69579774
0.6962413
0.6962731
0.69640714
0.6963532
0.6960919
0.69630855
0.6965308
0.69627076
0.69636357
0.69591475
0.6966811
0.69621354
0.6959121
0.6964125
0.6961985
0.696341
0.6967022
0.6961715
0.6961502
0.6965687
0.69672096
0.69625336
0.69607383
0.69599354
0.69627583
0.6964362
0.6962029
0.6962237
0.6968171
0.6955921
0.6963682
0.6964163
0.69655526
0.6964012
0.69629747
0.696362
0.69646114
0.6965656
0.6963456
0.69664586
0.6962268
0.69585854
0.6961553
0.6959178
0.69611734
0.69630957
0.6960293
0.6961012
0.69658107
0.69641274
0.69646
0.6964996
0.6961228
0.6962574
0.6965061
0.69659436
0.6963378
0.69596505
0.6967859
0.69650626
0.6965642
0.69640434
0.6965384
0.6965919
0.6965977
0.69636464
0.6961995
0.6965132
0.69631696
0.69631183
0.69619143
0.6963679
0.6964837
0.69666576
0.69665545
0.6957815
0.6957984
0.6960298
0.6968316
0.6962083
0.69664097
0.6955568
0.69648504
0.6959494
0.6963251
0.6963533
0.6958015
0.69667727
0.6963291
0.6961582
0.69614226
0.69628644
0.6967657
0.69586694
0.6963653
0.6967371
0.69635844
0.696506
0.6965794
0.6970087
0.6961596
0.6962861
0.69657636
0.69652534
0.6966312
0.6965897
0.69648695
0.69620115
0.6960918
0.69578576
0.6958897
0.6964751
0.69635165
0.6962897
0.6972115
0.696184
0.69600505
0.6964432
0.69654053
0.6965362
0.69661725
0.69665194
0.6962124
0.69628847
0.6961936
0.69601023
0.69618946
0.69598705
0.6964408
0.6963007
0.69640505
0.6963935
0.69655156
0.6961596
0.69641423
0.6964954
0.6958825
0.6967239
0.6967779
0.69637656
0.696481
0.6961764
0.6963038
0.6965795
0.69653726
0.69655246
0.6961249
0.69687825
0.69665337
0.6967792
0.6963099
0.69674265
0.69697565
0.6966178
0.6962975
0.69672894
0.6961188
0.6962093
0.6966065
0.69651955
0.6963011
0.6966964
0.6964472
0.6965482
0.6963049
0.6962348
0.6965667
0.6962833
0.6964434
0.6962447
0.69683444
0.6968048
0.6964954
0.69559014
0.6962857
0.6967918
0.6961753
0.6963493
0.69622135
0.6963688
0.6960431
0.6963695
0.6964676
0.6962482
0.69635147
0.6962941
0.6964025
0.6960276
0.69662243
0.69597447
0.69622976
0.6968141
0.6963658
0.6965825
0.6964037
0.6968226
0.69638926
0.6966513
0.6963265
0.6961045
0.69689614
0.69661194
0.6962064
0.6960241
0.6966298
0.696292
0.6957689
0.69642204
0.6963782
0.695657
0.6969435
0.6965804
0.69678146
0.69609934
0.69613886
0.69652057
0.6962908
0.6966036
0.69679695
0.6963224
0.69646364
0.69677246
0.6964409
0.6967793
0.6963783
0.69632226
0.6961548
0.69681454
0.6961326
0.6962472
0.6963781
0.69619226
0.69608676
0.69653904
0.6967036
0.6962025
0.69615406
0.696203
0.69614655
0.69654554
0.69620734
0.69709814
0.6967228
0.6959861
0.6966817
0.6967124
0.69622606
0.6965288
0.6968139
0.6966801
0.6959673
0.6964021
0.6965087
0.69669706
0.69620377
0.696318
0.6968436
0.69623435
0.696321
0.6964026
0.69673985
0.6965704
0.6963501
0.69631577
0.69650793
0.6968228
0.6957989
0.69678235
0.6966586
0.69661087
0.69657844
0.696403
0.6968489
0.6959758
0.6962216
0.6965755
0.6964806
0.6960679
0.695539
0.69577336
0.69648886
0.69650155
0.69646865
0.6966973
0.69629973
0.69632834
0.6961537
0.6967845
0.6964806
0.6968487
0.6964872
0.6961906
0.69651496
0.696745
0.6965494
0.6965105
0.69623107
0.6959326
0.69618076
0.6967388
0.69670147
0.69637537
0.69679016
0.69673043
0.69685715
0.69642884
0.696142
0.6965238
0.6961757
0.69655496
0.69638675
0.696392
0.6962924
0.6965391
0.69647664
0.6968406
0.69660544
0.69632405
0.69615984
0.6965835
0.69662946
0.6968495
0.69661826
0.6964157
0.6962019
0.6964503
0.6968347
0.6959632
0.6962883
0.69650614
0.696464
0.69680166
0.69663996
0.69702303
0.696493
0.69647366
0.6966188
0.696201
0.6960262
0.6966713
0.6963566
0.69661456
0.69645137
0.69649273
0.6965448
0.69651335
0.696479
0.6964327
0.6964624
0.696846
0.6966093
0.6962097
0.69663525
0.69596845
0.6960607
0.6966502
0.696856
0.6963643
0.69652164
0.6964275
0.69637513
0.6963806
0.6963874
0.6968621
0.6963277
0.69619256
0.69669956
0.6965569
0.6963749
0.6964798
0.69629973
0.6968607
0.6961931
0.6965758
0.6959568
0.69618386
0.69692504
0.69684637
0.695656
0.6965274
0.69632554
0.696536
0.69651693
0.69685805
0.69623923
0.6962327
0.6961535
0.69611573
0.69635576
0.6966612
0.6963976
0.6962375
0.6964725
0.69683325
0.6965403
0.6963719
0.6967146
0.6966729
0.6962468
0.696337
0.696087
0.6965234
0.69667226
0.69636357
0.69670075
0.69621134
0.6962792
0.6962091
0.69581336
0.69665885
0.6967817
0.6966244
0.6961262
0.69626945
0.6966377
0.6968035
0.6965839
0.696527
0.69721574
0.69700795
0.69622344
0.696665
0.6966552
0.69628066
0.69617206
0.69588095
0.69679946
0.69663763
0.6967163
0.69656044
0.6966255
0.6965346
0.69666654
0.6965031
0.696296
0.696085
0.69667196
0.6968142
0.69672304
0.69603616
0.69670874
0.6964682
0.6961662
0.6964707
0.6967124
0.69658285
0.69631267
0.69629186
0.69655704
0.6966146
0.69651836
0.69664365
0.6962329
0.69689935
0.69656146
0.6967179
0.69638133
0.6966134
0.69672745
0.69659334
0.6964208
0.69657904
0.6966478
0.69641
0.69727206
0.69680834
0.69664145
0.696461
0.6962957
0.69647104
0.69652176
0.69677496
0.6961746
0.6963993
0.6966319
0.696506
0.69679326
0.69628394
0.69659835
0.69682956
0.6968452
0.69658905
0.69638187
0.69661003
0.6966126
0.6963741
0.6969287
0.69658977
0.69683903
0.6969167
0.69663125
0.6964321
0.6964922
0.6969579
0.69675153
0.69627637
0.69611037
0.6963975
0.6962755
0.69631356
0.69657505
0.69692594
0.6967546
0.6966063
0.6967723
0.6971094
0.6965871
0.6960228
0.69660807
0.6969239
0.69674104
0.6969259
0.6967389
0.69666284
0.6965202
0.69698435
0.69684
0.69666684
0.69647187
0.6963666
0.69663966
0.69598156
0.6968705
0.69662654
0.6965905
0.69636965
0.6970043
0.696463
0.69622636
0.69650805
0.6969664
0.6962225
0.69662046
0.69662297
0.6969051
0.6964931
0.696706
0.6965853
0.6968097
0.6962744
0.69640255
0.69666
0.69638014
0.69707805
0.6964879
0.69638747
0.69640017
0.6965682
0.6965157
0.6967966
0.69673085
0.69638556
0.69667387
0.696534
0.696411
0.69597894
0.6962598
0.6967613
0.69668776
0.69630426
0.69636494
0.6963016
0.6965514
0.69703734
0.6964468
0.69670004
0.69660455
0.6965074
0.6971286
0.6961058
0.69648015
0.6967675
0.696477
0.6963811
0.6966191
0.69697094
0.69669265
0.69695264
0.696687
0.6968322
0.6964702
0.6965231
0.69681436
0.6965764
0.69662756
0.69638383
0.6965348
0.6964602
0.6967103
0.6966137
0.69650114
0.69678915
0.69644994
0.6971596
0.69672614
0.6968684
0.69624376
0.6967626
0.6965788
0.6964342
0.6966332
0.69647175
0.696438
0.6967573
0.69646174
0.6963004
0.6962675
0.69639444
0.6967153
0.6966721
0.6965869
0.696693
0.6961913
0.6969443
0.6966675
0.69675845
0.69687724
0.6968191
0.69675046
0.6964304
0.6968467
0.6963916
0.69633514
0.69677794
0.6964023
0.696904
0.69656813
0.69630295
0.6969445
0.6965473
0.69678175
0.69666463
0.69668573
0.69645596
0.6966044
0.69653594
0.69644994
0.69674045
0.69650984
0.69635135
0.6969094
0.69604343
0.6965708
0.6964929
0.6965618
0.6963933
0.6965361
0.6964231
0.6964477
0.6969371
0.6968102
0.69692874
0.6966011
0.6966629
0.6971439
0.696747
0.6963897
0.6963326
0.6968003
0.6967044
0.69666433
0.6963176
0.6969366
0.69669133
0.69664043
0.6964895
0.6967121
0.69668466
0.69689184
0.69681364
0.69727504
0.6966815
0.6970391
0.697042
0.6963029
0.6971718
0.6971292
0.69646055
0.69666755
0.6963775
0.69642776
0.69691294
0.6960827
0.69694465
0.69698876
0.6965749
0.69649273
0.69672287
0.69680446
0.6964462
0.6968188
0.6967194
0.69672483
0.6967913
0.6967082
0.69699764
0.6964566
0.6968344
0.6968296
0.6970649
0.696585
0.69630605
0.69632864
0.6968903
0.6968408
0.6964924
0.6965391
0.6972675
0.69677633
0.6971288
0.69666785
0.69697726
0.69696677
0.6967993
0.6968274
0.6968701
0.69630784
0.6969459
0.69725674
0.6966659
0.6971304
0.6971291
0.69690925
0.6965614
0.6971008
0.69649994
0.6970379
0.6971896
0.696397
0.6970181
0.69697493
0.69667196
0.6967585
0.69646734
0.6965071
0.6965857
0.6969366
0.6961728
0.6964879
0.6969796
0.6968147
0.69669896
0.69701105
0.69625884
0.6968135
0.69667697
0.69647115
0.6968879
0.6966697
0.69655687
0.69714606
0.6965128
0.69743174
0.6970908
0.697165
0.6960465
0.69663954
0.69642687
0.6965619
0.6969555
0.69671255
0.6969657
0.6969294
0.69691163
0.69661176
0.6965565
0.6960986
0.6966367
0.69694084
0.6972153
0.6970496
0.69642663
0.6973367
0.6965537
0.69614816
0.6966122
0.69672066
0.69683385
0.6967117
0.69699365
0.6959588
0.6963182
0.6966282
0.6966666
0.69668853
0.6966122
0.6967564
0.6966492
0.6962838
0.6966782
0.69716066
0.6971946
0.69678175
0.69682837
0.69675076
0.6969968
0.69684243
0.6967345
0.69702893
0.6967786
0.6965115
0.69667584
0.6967438
0.69674736
0.69695884
0.69659805
0.6967247
0.6962516
0.6967521
0.69643736
0.69665045
0.6970372
0.69654334
0.6967171
0.6964109
0.69709176
0.69731414
0.6968521
0.6967873
0.69711334
0.697233
0.6971533
0.69635177
0.6963443
0.69703794
0.69732934
0.69729006
0.69660455
0.6966038
0.6965299
0.6966005
0.69705313
0.6970048
0.69700927
0.69692045
0.69700265
0.696975
0.69683313
0.6970601
0.6966758
0.69670457
0.69669104
0.69714326
0.69671774
0.6968632
0.69695187
0.69674426
0.69662553
0.6968924
0.69682103
0.69711864
0.69665086
0.69695896
0.6971939
0.69693357
0.69654685
0.6969247
0.697229
0.69684
0.6968357
0.69675475
0.6976372
0.69687665
0.69655913
0.69691414
0.6971065
0.6968311
0.6965247
0.69697803
0.6966304
0.69675606
0.69695866
0.6969199
0.6966878
0.6968677
0.6967879
0.6969563
0.6968117
0.6967607
0.6967461
0.69709325
0.6967194
0.69709516
0.6974996
0.69705355
0.697357
0.69735694
0.69729966
0.6967161
0.6976249
0.6967228
0.6969224
0.696855
0.69692564
0.6970174
0.6967495
0.6973825
0.6970121
0.69689095
0.6969408
0.6973949
0.6968502
0.69656205
0.69732463
0.69636196
0.69653505
0.69699746
0.6968778
0.6967766
0.6966862
0.69662875
0.69721395
0.69702333
0.6968306
0.6967134
0.69740415
0.6967065
0.69720876
0.69703627
0.69703627
0.6972444
0.6969292
0.69737476
0.69729775
0.6968708
0.6969674
0.6966973
0.6969978
0.6966282
0.69715077
0.696733
0.697604
0.69706273
0.69702303
0.6968538
0.6967098
0.6969725
0.6971003
0.6971955
0.6969469
0.69691783
0.69723934
0.69710463
0.6969271
0.6972073
0.6970767
0.6972483
0.69690084
0.69670534
0.69665045
0.6971189
0.69738096
0.69728506
0.69743943
0.6968908
0.69651395
0.6970989
0.6970482
0.6966545
0.6970936
0.69680196
0.6967929
0.6970276
0.6971406
0.69670916
0.69724643
0.6969145
0.69685245
0.6971291
0.6971756
0.6966911
0.69685763
0.69735014
0.6961296
0.6971102
0.69682086
0.69637454
0.6976121
0.6973316
0.69697434
0.69738024
0.6968199
0.6965608
0.6967888
0.6971125
0.6969723
0.6970296
0.69704646
0.69686747
0.69695795
0.69709843
0.6974343
0.69736725
0.6968802
0.69707733
0.6968586
0.69669145
0.6971857
0.6968977
0.69728047
0.6970536
0.6969301
0.6968028
0.69709814
0.69698906
0.69659126
0.69690263
0.69696695
0.6970015
0.69715995
0.69712746
0.69694895
0.6967922
0.6972078
0.69696456
0.69726115
0.69695175
0.6965567
0.6971995
0.6965311
0.69705945
0.69686764
0.69710493
0.6975029
0.69689673
0.6974457
0.6969104
0.69698817
0.6971402
