0.6995215
0.7000086
0.69944996
0.6995506
0.69921446
0.69945985
0.69925475
0.69963104
0.69963187
0.6990751
0.698911
0.6990122
0.6991651
0.69923866
0.6995345
0.69930416
0.69919735
0.6991336
0.6991255
0.69921017
0.6995392
0.6990967
0.6992718
0.69871825
0.69901735
0.6991793
0.6992987
0.6986745
0.69948083
0.69880944
0.69932336
0.6989017
0.69935256
0.6988188
0.69893855
0.6982992
0.69916415
0.6992381
0.6989688
0.6992957
0.699393
0.699128
0.6991228
0.6990342
0.69880223
0.6995457
0.69917375
0.6991083
0.6992797
0.6985104
0.69934005
0.69914705
0.6996138
0.6994409
0.6997641
0.69872564
0.69945043
0.69899815
0.6990517
0.6990356
0.6990733
0.69941366
0.69883543
0.6994886
0.6989245
0.6986711
0.6986344
0.6986043
0.69875854
0.698657
0.6981796
0.69888633
0.6991063
0.69877785
0.6991883
0.6988276
0.6990003
0.6986376
0.6983635
0.6995549
0.69933593
0.6985462
0.6988418
0.6989994
0.6987058
0.69838214
0.69873124
0.6975624
0.6989641
0.6982684
0.6989437
0.6980116
0.6987694
0.69888717
0.69883466
0.6991834
0.69864744
0.69776785
0.69853836
0.69864863
0.69803154
0.6987586
0.6986632
0.6985221
0.69884396
0.6988388
0.69917303
0.69859755
0.6983867
0.6981199
0.6984991
0.6984333
0.69841576
0.6985809
0.69882435
0.69904953
0.6983061
0.698494
0.69870317
0.6984588
0.69864076
0.6980666
0.6985614
0.6984617
0.6984472
0.6983974
0.69830817
0.698232
0.6983593
0.69870114
0.69884795
0.6986903
0.69893
0.6978991
0.6990616
0.69891155
0.6988613
0.69802684
0.69892955
0.6991907
0.69782436
0.697989
0.6985065
0.6985428
0.69921964
0.6981516
0.69898176
0.6979568
0.6987672
0.69836867
0.69802624
0.69842297
0.6987679
0.69794375
0.69824004
0.6981977
0.69831973
0.6985553
0.6975696
0.6978246
0.69844484
0.69792366
0.69852936
0.69784117
0.69891816
0.6983505
0.69840103
0.69847316
0.698156
0.69843525
0.6977523
0.6981822
0.6981543
0.69850904
0.6984963
0.6984104
0.6984817
0.6980795
0.6978108
0.6983588
0.6976055
0.69794893
0.69839805
0.6982832
0.6980087
0.6970763
0.6978545
0.6978154
0.69806504
0.6981028
0.6978327
0.6979263
0.6974919
0.6978928
0.69836414
0.69735825
0.698154
0.6977295
0.6987104
0.69850147
0.69810265
0.6981033
0.69807947
0.69811636
0.69775593
0.69855416
0.69809866
0.6978553
0.69836444
0.6978889
0.69827986
0.69786304
0.698072
0.6984473
0.697869
0.69769526
0.69806683
0.6979125
0.69804716
0.6971984
0.6976851
0.6980852
0.6975922
0.69793385
0.69792134
0.69740397
0.6980689
0.6980612
0.6980349
0.6981981
0.6980484
0.6983052
0.69808847
0.6977226
0.6977079
0.6983116
0.69736195
0.6976636
0.6976147
0.69725627
0.69825923
0.6975605
0.6984251
0.69751626
0.6975561
0.69758594
0.69739884
0.696872
0.6974916
0.69775707
0.6978395
0.69754547
0.6971285
0.69740105
0.6978451
0.69785374
0.6970378
0.6982033
0.6969025
0.6976635
0.6975109
0.6979945
0.6976157
0.6970816
0.6983453
0.6980869
0.6975163
0.6978986
0.69788253
0.6974097
0.6979297
0.69784456
0.6976265
0.69795966
0.6972352
0.6975576
0.6974016
0.69688815
0.69736314
0.69783616
0.69763684
0.6971039
0.69733846
0.697226
0.69747525
0.69743615
0.6977884
0.6974836
0.69748163
0.69717073
0.6974863
0.696803
0.69774085
0.697808
0.697421
0.69731444
0.69734854
0.697474
0.69704175
0.69700664
0.6978585
0.69735986
0.69725776
0.69730926
0.6973501
0.6977356
0.6977932
0.6975047
0.69809777
0.6975309
0.69739985
0.6971453
0.69712365
0.69718665
0.69784904
0.6973227
0.6975174
0.696838
0.697029
0.69734555
0.6972814
0.697475
0.69768924
0.6973317
0.6969803
0.69784516
0.6975349
0.69720757
0.69723785
0.6971607
0.69691646
0.69732285
0.69703245
0.69697237
0.6979327
0.69689655
0.6971449
0.6975614
0.6972241
0.69673127
0.69717425
0.69718623
0.6966949
0.69724834
0.6970099
0.69719887
0.6980643
0.69768786
0.69755447
0.69733375
0.697421
0.6976195
0.697078
0.6971208
0.6968387
0.6970925
0.69725716
0.69718826
0.6977643
0.69655734
0.6974882
0.69713575
0.69742984
0.6972324
0.69718087
0.6976928
0.6972627
0.696618
0.69726187
0.697297
0.69659597
0.6967937
0.69731677
0.6966838
0.69739175
0.69723547
0.69688123
0.69733644
0.69758034
0.6973042
0.697273
0.6969571
0.6967785
0.6967633
0.697747
0.6967266
0.69706225
0.6972975
0.6977459
0.69722515
0.6969831
0.6968761
0.69742304
0.6969716
0.69711655
0.6970746
0.6968672
0.697274
0.6972768
0.697429
0.6968678
0.69747865
0.697334
0.6966364
0.6970029
0.6965359
0.69697773
0.69662726
0.6971511
0.6974661
0.6975388
0.6974567
0.69649893
0.69690454
0.6970594
0.6971248
0.6966797
0.69671845
0.6971703
0.6966953
0.69706225
0.6966631
0.69719124
0.6972322
0.69681317
0.6967206
0.69678676
0.69695336
0.69663644
0.6971077
0.69654197
0.6965712
0.6970383
0.69634116
0.6972149
0.6975736
0.6971188
0.69623584
0.69686395
0.69666624
0.69696695
0.697274
0.6965857
0.6963917
0.6965386
0.69673145
0.69695795
0.6968716
0.6972643
0.69660294
0.6966662
0.6969293
0.6971097
0.6968988
0.69649
0.6973845
0.6969374
0.69656324
0.6970485
0.6962616
0.696726
0.6967317
0.69626117
0.69680077
0.6965169
0.6968045
0.6972682
0.69599855
0.6970996
0.69700056
0.6965289
0.69669145
0.69625986
0.6963481
0.69658744
0.69676226
0.69625646
0.69700885
0.69694424
0.6971808
0.69659966
0.69665617
0.69710237
0.69674885
0.6968725
0.69660085
0.6967009
0.6967659
0.6971224
0.69647527
0.69681984
0.6961701
0.6964145
0.6967156
0.6969525
0.6963588
0.69671774
0.6968653
0.6964108
0.6967826
0.6968952
0.69658524
0.696763
0.69694525
0.6966983
0.6963598
0.6960651
0.6965988
0.69710785
0.69697094
0.6969597
0.69652456
0.69670534
0.6958687
0.6968828
0.6969758
0.69685376
0.69693387
0.69685394
0.6962922
0.69672585
0.69622946
0.6964777
0.6965108
0.69651365
0.6965398
0.6967184
0.696285
0.6965834
0.69630075
0.69660807
0.69611627
0.696631
0.69619346
0.69627935
0.69644797
0.6963704
0.6963172
0.69705886
0.6964315
0.6967995
0.6968217
0.6965835
0.69614065
0.69655514
0.69638777
0.6965801
0.6964011
0.6963422
0.696349
0.696935
0.6963053
0.696512
0.69603556
0.69664866
0.6963879
0.6965338
0.69697547
0.69644713
0.69617414
0.6963851
0.69618505
0.6964695
0.696273
0.69690496
0.6963605
0.69642323
0.6960119
0.6963353
0.696589
0.6970181
0.6963192
0.6964324
0.6962354
0.69625294
0.69700205
0.6964085
0.6970129
0.69634193
0.696747
0.69613606
0.6964396
0.6961342
0.6965101
0.69583803
0.6962539
0.6961163
0.6965579
0.6960842
0.69587785
0.69637597
0.69658214
0.69668174
0.6966065
0.6966518
0.6963991
0.6970499
0.69669133
0.6954752
0.6962886
0.69655913
0.69646055
0.696237
0.6963709
0.69623774
0.69607776
0.69583523
0.6963935
0.6961798
0.69656324
0.6960931
0.69649184
0.69592994
0.69636655
0.69652176
0.69643855
0.6963689
0.6959488
0.696485
0.6964684
0.6964858
0.6967045
0.6960528
0.6959699
0.69635797
0.69589347
0.6961323
0.6968005
0.6961816
0.6968523
0.696734
0.69609374
0.6961177
0.69602203
0.69621706
0.6965033
0.69607294
0.69611627
0.6961689
0.69627047
0.69663465
0.69596523
0.696001
0.6958054
0.6967385
0.69614524
0.6964081
0.69646996
0.6965641
0.6966346
0.69615674
0.6964867
0.6959413
0.69568
0.6961796
0.69621325
0.6965302
0.6962692
0.6969582
0.696284
0.69610614
0.69618255
0.69637984
0.69631076
0.69624156
0.6963629
0.69592875
0.6961255
0.6966504
0.69590455
0.6964107
0.6963776
0.69584846
0.6959766
0.69597393
0.69576997
0.6964332
0.6961064
0.69630045
0.69608647
0.6959738
0.6963853
0.6963311
0.69622135
0.6960798
0.6963978
0.6964699
0.6965043
0.69577056
0.6965198
0.69676495
0.6966441
0.6963114
0.6959629
0.6962517
0.69602686
0.69596857
0.6956907
0.6967307
0.69637
0.6962103
0.6960327
0.69618255
0.6961814
0.6962494
0.6963472
0.6961689
0.6958201
0.6959812
0.6960802
0.6955384
0.6960117
0.69587284
0.69574594
0.6961142
0.69587946
0.69545066
0.6960616
0.69628423
0.6961036
0.6961512
0.6966637
0.6968978
0.6958299
0.696088
0.69662905
0.6955231
0.6955322
0.6961802
0.6966093
0.6962034
0.6960447
0.6962959
0.6958473
0.6960187
0.6962548
0.6960783
0.69539344
0.6961837
0.69626445
0.6955426
0.6961818
0.6964085
0.6957762
0.69638693
0.69648814
0.696213
0.69609064
0.69583726
0.69614387
0.6963327
0.69593656
0.69644535
0.6963483
0.69601405
0.69608593
0.6962461
0.69607407
0.6958754
0.6964641
0.6958591
0.69661176
0.6959744
0.69627595
0.6959018
0.69614625
0.6956546
0.6963369
0.695813
0.6960707
0.6957647
0.6959405
0.69624037
0.6958808
0.6957752
0.6959374
0.6958147
0.6955238
0.6961771
0.696218
0.69652253
0.69556534
0.6959355
0.69551367
0.6958738
0.6959094
0.69645137
0.69644326
0.69613767
0.69605225
0.6963853
0.6961048
0.6959675
0.69604224
0.69629717
0.69625926
0.6962037
0.69624555
0.69578487
0.69642663
0.6958429
0.69578534
0.6960185
0.6958697
0.696207
0.695588
0.69562936
0.6964156
0.6954915
0.69633764
0.69619596
0.6961833
0.6957672
0.69609076
0.6960561
0.6964944
0.69609076
0.695983
0.6960271
0.69599485
0.696124
0.6963479
0.6963404
0.69550157
0.69598156
0.69618183
0.69593865
0.6959987
0.6958785
0.6960055
0.69597906
0.69636726
0.6959118
0.69603676
0.69620454
0.69617236
0.696269
0.69595337
0.69593185
0.6962816
0.6952087
0.696059
0.69612736
0.6957449
0.6959329
0.6958079
0.69628686
0.69588083
0.6955283
0.696269
0.69606096
0.69605947
0.6962358
0.69552404
0.6960194
0.6962137
0.69631404
0.69642663
0.69655985
0.6956239
0.696472
0.6960363
0.6962011
0.6962028
0.69552016
0.696356
0.6963346
0.6967273
0.69628763
0.695826
0.6961178
0.6961325
0.69569635
0.69617194
0.6960732
0.69588906
0.6958208
0.69570184
0.69645494
0.6960906
0.6955482
0.69605523
0.69564676
0.69577956
0.69521755
0.6961015
0.6963722
0.6965189
0.69599503
0.6953311
0.69640404
0.69603425
0.69602793
0.6960461
0.6963048
0.69681215
0.6958751
0.6963557
0.69593734
0.6957704
0.6961117
0.69640094
0.6962139
0.6959795
0.6960873
0.6962288
0.6959335
0.69589204
0.69577026
0.69596386
0.6959887
0.69597465
0.69561434
0.69599646
0.6962875
0.6961466
0.69586563
0.6958966
0.6961431
0.6956316
0.6963758
0.69619715
0.6960794
0.6960821
0.69632125
0.6959932
0.69604015
0.6959984
0.6960333
0.6962845
0.69586223
0.6960852
0.6961312
0.69576955
0.6957418
0.6961306
0.6958942
0.69598055
0.69576454
0.696039
0.6963577
0.69571507
0.6958728
0.6959215
0.69625866
0.6955935
0.69579625
0.69585264
0.6959462
0.69606906
0.69599545
0.6956395
0.69547874
0.69566506
0.6963544
0.6955485
0.6963661
0.69574785
0.6959613
0.69600445
0.6966725
0.6963463
0.6961533
0.69613063
0.69630843
0.6958132
0.69577456
0.69610226
0.69636613
0.6955504
0.695947
0.69622505
0.69623214
0.6960011
0.6956783
0.6964311
0.69560784
0.6960373
0.69600004
0.69602877
0.6962432
0.6964199
0.69631785
0.6961008
0.6960531
0.69542265
0.6963252
0.6955192
0.6959965
0.695512
0.69619006
0.69618315
0.69634813
0.6960011
0.6960352
0.6955282
0.69608486
0.6965596
0.69611734
0.69587547
0.6964094
0.69671935
0.69617164
0.6958253
0.6962815
0.69641787
0.6959374
0.6961764
0.69605654
0.69597524
0.6958578
0.69626224
0.69579124
0.6964484
0.6962353
0.6959651
0.695669
0.69618326
0.6959637
0.69589436
0.69609827
0.6966259
0.6960826
0.6960323
0.6962084
0.69631004
0.69631535
0.69589245
0.6960921
0.69611186
0.69597167
0.6962457
0.696323
0.6956579
0.69638443
0.69614446
0.69596815
0.6959745
0.69678485
0.6955731
0.6961187
0.69614536
0.6961656
0.6959479
0.6960681
0.69595605
0.6960078
0.6964717
0.69639784
0.6962183
0.6957406
0.69596493
0.6961573
0.6962285
0.6963199
0.696047
0.69609755
0.69627714
0.6960648
0.6958415
0.696314
0.6956793
0.696021
0.695923
0.6956131
0.6965006
0.6959113
0.6965264
0.6962167
0.69563204
0.6965416
0.6956869
0.6961414
0.69607276
0.6959875
0.69580156
0.6962568
0.69557303
0.6965579
0.6954544
0.69628704
0.6962044
0.6965149
0.69635475
0.69580114
0.6964792
0.6963538
0.69593835
0.69633484
0.69626194
0.6959564
0.69583887
0.69584167
0.69632
0.6957362
0.6964699
0.696633
0.69585156
0.6965149
0.69578916
0.6959191
0.6962267
0.6962733
0.6954306
0.696109
0.69581234
0.69642276
0.69576705
0.69656754
0.6961286
0.69616985
0.69601023
0.6960525
0.6959494
0.6967244
0.6963223
0.69626456
0.69597447
0.6964333
0.69616425
0.6961893
0.69628406
0.69596016
0.6960426
0.6959805
0.69581807
0.69626456
0.69615006
0.6960298
0.6961745
0.695844
0.69639415
0.6961591
0.6958213
0.6956834
0.6961759
0.6961799
0.6965267
0.69614816
0.6960581
0.69629973
0.6963972
0.69583076
0.69645905
0.69641495
0.6961304
0.69584626
0.69617
0.6960139
0.69596577
0.6963029
0.69612634
0.6958992
0.696367
0.69609815
0.69633764
0.69621235
0.69638497
0.69588745
0.69592285
0.6965124
0.6956436
0.69687384
0.6962669
0.69622564
0.6959443
0.69597036
0.696143
0.69601774
0.69600946
0.69631934
0.6963194
0.69605196
0.6962053
0.69580096
0.69637024
0.69660246
0.69640905
0.69604164
0.6960712
0.6958882
0.6961477
0.6965222
0.6959274
0.6962002
0.6966901
0.69639796
0.6960814
0.6959984
0.69628775
0.6959698
0.69633085
0.6961713
0.6963385
0.6964858
0.69590217
0.6964198
0.69585055
0.69667995
0.69604486
0.6965922
0.6967901
0.6965644
0.69617176
0.69608694
0.6963324
0.69695896
0.6963772
0.6958765
0.69547045
0.6964834
0.6967135
0.69615537
0.6958536
0.695938
0.6961096
0.6957875
0.6966262
0.69628537
0.69599533
0.6961414
0.6962426
0.6961999
0.69574237
0.69619274
0.6960216
0.69646025
0.69590896
0.696598
0.69589794
0.69637394
0.696285
0.6962021
0.6968375
0.6963112
0.6962814
0.69598615
0.6960364
0.69606775
0.6957903
0.6962454
0.69616187
0.6958928
0.69640356
0.6958496
0.69640934
0.6960422
0.6956977
0.69670206
0.6961024
0.6959437
0.6962288
0.6964593
0.6964509
0.6963351
0.6962211
0.6967079
0.6966487
0.6961958
0.6961872
0.6959543
0.6958212
0.6961592
0.6963727
0.69580626
0.69672465
0.6962692
0.69625646
0.6957907
0.69620425
0.69640905
0.69592345
0.6963728
0.696205
0.6962714
0.69691896
0.69668776
0.69607353
0.6963454
0.6962883
0.6965041
0.69626176
0.6958844
0.69613224
0.6965136
0.69639444
0.6964202
0.6960101
0.6964428
0.6965828
0.69672185
0.6964987
0.6967883
0.6960252
0.69666
0.6962386
0.69643664
0.6957611
0.69595873
0.6964734
0.6965722
0.69602245
0.6966298
0.69599044
0.69553804
0.6963716
0.6960334
0.6961749
0.6960579
0.6960738
0.6961306
0.69655055
0.6959012
0.69650584
0.6963572
0.6959338
0.69581014
0.6965559
0.6965547
0.696328
0.6967429
0.6962727
0.69607747
0.69614404
0.6961185
0.6963026
0.6959602
0.69608104
0.69655204
0.69604695
0.69616014
0.6962471
0.696316
0.6964612
0.6960119
0.6965078
0.69618815
0.6964317
0.696391
0.69600695
0.69597626
0.69620234
0.69652784
0.6957241
0.696027
0.6965862
0.69628006
0.69611007
0.69639117
0.69629186
0.69612676
0.6967549
0.69668674
0.69639647
0.6961477
0.6958055
0.69663095
0.69613624
0.69637537
0.69668806
0.696315
0.6959345
0.69638515
0.6961715
0.69584304
0.6962716
0.69663036
0.6962225
0.6969582
0.6960469
0.6962299
0.6962301
0.6959742
0.69636965
0.6960902
0.69617254
0.6963897
0.6960666
0.69644815
0.6964962
0.69621664
0.6960575
0.6964695
0.69659966
0.6961964
0.6963377
0.6963076
0.6959859
0.69605666
0.6957737
0.6961792
0.69621897
0.69585305
0.69634455
0.6964893
0.6960976
0.69635195
0.69704926
0.69690675
0.695722
0.6960144
0.6964046
0.69658
0.6959904
0.69590163
0.696356
0.6959635
0.6964036
0.69634056
0.6965538
0.6962585
0.69650877
0.69635934
0.69604385
0.6966479
0.6964593
0.69620556
0.6965041
0.6969032
0.69576806
0.69673973
0.69576955
0.69632703
0.69639087
0.6961922
0.696012
0.69592285
0.6961742
0.69577837
0.6962259
0.6959376
0.6965561
0.6966602
0.6965678
0.6964294
0.696375
0.6961776
0.6962568
0.69644505
0.69671476
0.6965715
0.6964806
0.69590896
0.696342
0.69650155
0.69582003
0.69601613
0.6961376
0.6963067
0.69607776
0.6971569
0.69668174
0.6964428
0.6962982
0.6964013
0.69605136
0.6962277
0.696397
0.6960516
0.69626
0.6959069
0.69551593
0.695833
0.69682187
0.69624746
0.69613713
0.69597024
0.69644505
0.6962663
0.6966588
0.6963604
0.696245
0.6962456
0.696629
0.69610006
0.69587535
0.6962436
0.6961315
0.6962433
0.6961244
0.6959811
0.6965339
0.6961153
0.69650155
0.6963394
0.69629204
0.6964777
0.69655055
0.6963829
0.6968871
0.6960006
0.6959899
0.69628286
0.6962637
0.6959999
0.6959936
0.6962565
0.6962488
0.69612324
0.6958755
0.69649225
0.696714
0.6962391
0.69613665
0.696457
0.6964691
0.69617003
0.6961632
0.6959834
0.6962297
0.69640297
0.6969495
0.6964637
0.6960273
0.6962125
0.6959722
0.6961376
0.6968862
0.69646645
0.6961398
0.69607353
0.69605595
0.6964962
0.69635373
0.69623446
0.6964533
0.6962599
0.6963422
0.69696695
0.69653434
0.69648284
0.6961837
0.6963008
0.696787
0.6960763
0.6963631
0.69594985
0.6966159
0.6960904
0.6964946
0.69643605
0.696136
0.69672334
0.696623
0.69644564
0.6957084
0.6962481
0.69601583
0.6959812
0.69633543
0.6959726
0.69673115
0.69575995
0.69641936
0.69628316
0.6964579
0.6966638
0.6970394
0.6961165
0.69646835
0.69580674
0.6963993
0.69638425
0.69648373
0.6963183
0.6964616
0.69613343
0.6966455
0.69624525
0.6965272
0.69666404
0.695971
0.6959964
0.6967135
0.6963024
0.6965067
0.69609976
0.69610965
0.69628215
0.69603556
0.69637674
0.69620943
0.69587153
0.6963936
0.6960104
0.69675034
0.69591373
0.6960695
0.6963742
0.69597435
0.69666326
0.6961198
0.6967777
0.6966196
0.6960178
0.69618297
0.6960248
0.69640243
0.6967767
0.6962704
0.6966279
0.69639146
0.69587237
0.69667745
0.6964947
0.69624513
0.6964917
0.6963021
0.69631696
0.6964881
0.6963236
0.6965601
0.69590586
0.69597757
0.69608504
0.69638807
0.6964418
0.6956828
0.69647866
0.69653493
0.69653845
0.69657207
0.6964878
0.6963615
0.6962404
0.6961506
0.6960459
0.69647616
0.6967451
0.6962854
0.69605494
0.6966053
0.6959474
0.6966513
0.6967044
0.6966115
0.69595927
0.6962204
0.69653434
0.69607943
0.69645095
0.69631827
0.69662404
0.6963417
0.6963601
0.6965954
0.6966928
0.6967262
0.6956088
0.69606256
0.6964202
0.69648695
0.6962984
0.69655347
0.6960721
0.6960667
0.6961573
0.69612795
0.69607997
0.69652146
0.69620323
0.69624275
0.696474
0.6966567
0.69615215
0.69593054
0.6961644
0.6960193
0.6959367
0.69671273
0.6961593
0.69638556
0.69627947
0.6963566
0.6961538
0.6962426
0.69589275
0.6971447
0.69601274
0.69604105
0.69618154
0.69639355
0.6962467
0.6965221
0.69636935
0.6962054
0.69606405
0.6964352
0.6962952
0.696182
0.69639724
0.69709826
0.69606847
0.6957321
0.69659036
0.6966856
0.6967991
0.69601077
0.69619185
0.69625974
0.6964537
0.6962701
0.6967399
0.69624287
0.6964118
0.6962576
0.6960166
0.6970109
0.6962794
0.69568175
0.696245
0.6960079
0.6965547
0.69634503
0.69679916
0.69581234
0.6964453
0.6967231
0.696356
0.69641274
0.6961419
0.69650507
0.6959631
0.6961368
0.6963156
0.6958438
0.69620526
0.69646806
0.6966217
0.69610053
0.69622433
0.69626814
0.69635135
0.6959731
0.69690865
0.6961876
0.6961523
0.6960197
0.6963921
0.6965297
0.69634897
0.69610935
0.696022
0.6964291
0.69585055
0.697052
0.69620115
0.69596106
0.6962836
0.6963419
0.69610506
0.6959989
0.69627047
0.6965703
0.6962342
0.69662064
0.6962078
0.696799
0.69622535
0.6961417
0.6964361
0.6958018
0.6961318
0.6963663
0.6968266
0.69639164
0.6963547
0.69634503
0.6965115
0.6961376
0.6962811
0.696521
0.6964391
0.6965116
0.69642276
0.6961286
0.69645786
0.69609624
0.6956563
0.6963442
0.6963751
0.69634914
0.69577587
0.6959898
0.6964398
0.69649327
0.69614744
0.69629586
0.6964102
0.6968141
0.6966627
0.69623065
0.69650275
0.6960296
0.69630665
0.6964499
0.6967354
0.6959799
0.69658947
0.69652796
0.6962325
0.6964117
0.69620574
0.6966825
0.6964116
0.6962563
0.696262
0.6958553
0.6963422
0.6963156
0.69655097
0.69687885
0.696301
0.69617915
0.6963346
0.69614935
0.69616103
0.6961357
0.6959569
0.6966813
0.69632614
0.69669545
0.69599324
0.6959789
0.696189
0.6961512
0.69609505
0.69611156
0.69637203
0.6963118
0.6964893
0.6962943
0.6962169
0.6965284
0.6964713
0.6965164
0.6957664
0.6966405
0.6963067
0.6966476
0.69625235
0.6965104
0.6967599
0.69622916
0.69576156
0.6962107
0.6963616
0.6961615
0.69669276
0.6965661
0.69628406
0.69653255
0.6965379
0.69659036
0.69649595
0.69598275
0.69614583
0.6965055
0.69617414
0.6959281
0.69666994
0.6962366
0.69625825
0.6965711
0.69669855
0.6962933
0.69637674
0.69633216
0.69688994
0.6964247
0.6963521
0.696048
0.69631463
0.69622713
0.6961635
0.6967919
0.6958439
0.69657093
0.6965833
0.6964666
0.6963733
0.6964498
0.69639134
0.6966317
0.6961446
0.696616
0.6961903
0.69639623
0.69678223
0.69659126
0.6963274
0.6962428
0.6963015
0.69657576
0.6966521
0.6958449
0.6964327
0.6958267
0.6963673
0.6958316
0.6966448
0.6965814
0.69617414
0.6962591
0.696482
0.69699013
0.69589543
0.6964935
0.69678634
0.69616175
0.69633025
0.696519
0.69645077
0.69651365
0.69617057
0.69676596
0.6970754
0.6960841
0.69648415
0.6967633
0.6965506
0.69637614
0.69624805
0.69635755
0.6962403
0.69628274
0.6964706
0.6962111
0.6959706
0.69638234
0.69639826
0.6961139
0.6965888
0.69626313
0.69626474
0.6964326
0.6961957
0.6965904
0.69654256
0.6962679
0.6966618
0.6965124
0.69611496
0.6963293
0.6959921
0.6964542
0.69609576
0.6964486
0.6964921
0.69646335
0.696471
0.69679797
0.6968531
0.69643545
0.69618785
0.6965206
0.6961164
0.69608665
0.69599223
0.6963298
0.6968588
0.69683295
0.6962873
0.69590676
0.69696957
0.6962772
0.6963354
0.6962327
0.69680387
0.6968583
0.6963471
0.6963647
0.69632
0.69614476
0.69666135
0.6964243
0.69654864
0.6968244
0.6962469
0.69644254
0.696352
0.69666237
0.696737
0.6962562
0.6961037
0.695912
0.69654334
0.69636774
0.69627637
0.6959901
0.695621
0.69627047
0.69633657
0.6965161
0.69640166
0.6968125
0.69611335
0.69633883
0.69626385
0.6965906
0.69623685
0.69681066
0.6963919
0.69614965
0.69658566
0.69599867
0.6963153
0.69653195
0.69654554
0.69656986
0.6961751
0.6959793
0.6968426
0.6966974
0.6960932
0.69626725
0.69643253
0.6967469
0.6965262
0.697029
0.6962304
0.6964699
0.69624007
0.69629407
0.69676447
0.69607586
0.6966819
0.6964691
0.6961036
0.6959625
0.69600046
0.69639456
0.6963249
0.6964237
0.69683194
0.69660115
0.6964756
0.69661534
0.6961974
0.69650936
0.69668657
0.6959829
0.69667435
0.6959254
0.6966673
0.6968432
0.6962461
0.6967406
0.697131
0.6965063
0.69638336
0.6961707
0.6962339
0.6965613
0.69676846
0.69655627
0.69625485
0.6965885
0.6964146
0.69590896
0.69638616
0.6963042
0.6965588
0.6966375
0.6965927
0.6964031
0.69635546
0.6966016
0.6964491
0.69641614
0.6962147
0.69615376
0.69648606
0.6966055
0.6963064
0.69646007
0.69647974
0.69668263
0.6965324
0.69642955
0.6961697
0.69621795
0.6961228
0.69675595
0.6960318
0.69678384
0.6965563
0.69630826
0.6967602
0.6968468
0.69628495
0.6962777
0.6964718
0.6960868
0.6965786
0.6966701
0.6969292
0.69693935
0.6962435
0.6962905
0.69647646
0.69632363
0.69676274
0.6968457
0.69660574
0.6964791
0.69602877
0.6965961
0.69679666
0.6968646
0.6965397
0.6965083
0.6966514
0.696409
0.6966443
0.69657
0.6967963
0.69621056
0.6966661
0.6963349
0.69636637
0.69631046
0.69635916
0.69635767
0.69650286
0.6968589
0.6965372
0.69642085
0.696301
0.6967419
0.6966408
0.6966945
0.6964687
0.69612193
0.696585
0.6963013
0.6964988
0.69665796
0.6960635
0.6966497
0.69633454
0.69602174
0.6967063
0.6964822
0.69669837
0.6965833
0.69614524
0.69622946
0.6967663
0.6961469
0.6964604
0.69654965
0.6970578
0.6966092
0.69667435
0.6966243
0.6966402
0.6962212
0.69619673
0.69670784
0.696176
0.6963443
0.69633555
0.6966163
0.6966758
0.696682
0.6964239
0.6964137
0.6967203
0.69605255
0.69612396
0.6963716
0.69660175
0.6969008
0.6966851
0.6963868
0.69621205
0.6964505
0.69634867
0.696681
0.6966166
0.6967846
0.69649535
0.69641596
0.69684094
0.69698846
0.6962508
0.69652253
0.69677454
0.6967184
0.69663644
0.6964799
0.69627744
0.6964223
0.6965377
0.69665664
0.6966303
0.6966701
0.6965065
0.6966499
0.6964894
0.6963694
0.69647735
0.6967087
0.69645566
0.6964383
0.69673115
0.69632775
0.6966258
0.6965839
0.69645435
0.6961454
0.69683194
0.6965971
0.69679844
0.6962725
0.69681454
0.6964755
0.6968669
0.69659954
0.6965657
0.6967428
0.69654673
0.6968309
0.69643354
0.69634956
0.69678855
0.6962457
0.69664586
0.6961393
0.6964992
0.69663113
0.6969859
0.69674695
0.6962096
0.69686735
0.6967244
0.6963618
0.69694287
0.6970261
0.69610864
0.6967296
0.69688797
0.6963245
0.696694
0.6966354
0.6968234
0.69658726
0.6965321
0.6962224
0.6965075
0.6965619
0.69603777
0.696513
0.69669425
0.69634646
0.69639593
0.69676596
0.6968756
0.6962608
0.69650126
0.69635594
0.69661385
0.6968315
0.6966821
0.69669867
