0.6490287
0.7060716
0.809074
0.8446091
0.8531877
0.85210687
0.8551373
0.8525999
0.85505825
0.8547592
0.8546522
0.85435504
0.8527828
0.85320824
0.85486794
0.855045
0.8552149
0.8570407
0.854397
0.85493165
0.8547764
0.85679805
0.85778165
0.85743374
0.85720885
0.858627
0.8586778
0.85918504
0.8598479
0.8603583
0.8609355
0.86221725
0.8625145
0.8636084
0.86371595
0.8649831
0.8658001
0.8653563
0.86587214
0.86635417
0.86783177
0.8683626
0.8679195
0.8684763
0.86928254
0.86906004
0.86879337
0.8700988
0.870029
0.87057954
0.8694236
0.8709762
0.8709497
0.86992776
0.8719977
0.87057316
0.87053984
0.87083846
0.8718279
0.87202245
0.8718375
0.8716034
0.873029
0.8704133
0.87295884
0.8722294
0.8721569
0.8735954
0.8732125
0.8724371
0.87285805
0.8726321
0.8719143
0.8714315
0.8731867
0.8725015
0.8739062
0.8735718
0.8748675
0.8732088
0.8742438
0.8750418
0.8743517
0.8755307
0.87636346
0.87488425
0.87449425
0.8755643
0.8765359
0.8768941
0.87548447
0.876416
0.8756164
0.8765319
0.87673646
0.8776527
0.87693167
0.8775905
0.8780375
0.87672603
0.8781151
0.8783973
0.8774667
0.87765235
0.8780151
0.877888
0.8791505
0.87667364
0.8788476
0.8777793
0.8784812
0.8784846
0.878349
0.8784277
0.87760735
0.8793877
0.8784458
0.87737197
0.8783992
0.87905264
0.87909186
0.8812649
0.87841195
0.87894744
0.8772805
0.87983847
0.8782429
0.8784127
0.87831044
0.87758714
0.8793785
0.8766353
0.8753125
0.8751479
0.87758213
0.875793
0.87478656
0.8763598
0.87593985
0.87405086
0.875471
0.87526965
0.8748222
0.87422067
0.8724148
0.87281406
0.871854
0.87296426
0.8737783
0.8739868
0.8709585
0.8688743
0.8711354
0.86774576
0.8683054
0.8664539
0.8675631
0.86753964
0.8651493
0.8659749
0.86104554
0.8607817
0.86447555
0.8651678
0.86431664
0.86242765
0.86135995
0.8618954
0.859018
0.85740167
0.8581386
0.85671866
0.8576421
0.8537121
0.85394186
0.8535382
0.8536106
0.85249007
0.8516917
0.8498051
0.85160655
0.84863836
0.8482709
0.84944826
0.8484394
0.8461547
0.8446466
0.8457545
0.84713584
0.8452046
0.84462947
0.8436726
0.84154963
0.84099764
0.84063673
0.8390286
0.8386989
0.83885753
0.83933085
0.8365336
0.83615
0.8349884
0.83442074
0.83215517
0.8328912
0.8308601
0.8313491
0.8327858
0.82961476
0.83038634
0.83011186
0.8281013
0.829062
0.82718897
0.82503134
0.82592356
0.82481194
0.825541
0.82464635
0.82326156
0.8226656
0.8206595
0.8202221
0.82144666
0.8191607
0.81970453
0.8189217
0.81720227
0.8168074
0.8163339
0.8159718
0.8154513
0.8149828
0.8138387
0.81310153
0.8138055
0.8123652
0.8116786
0.81176805
0.8114914
0.8095838
0.81003374
0.80936503
0.8093781
0.8090357
0.808249
0.80749214
0.80568236
0.8058003
0.8060879
0.8050803
0.8047861
0.8031325
0.8029227
0.80278367
0.8025831
0.8025785
0.8019662
0.8011027
0.80060667
0.8004394
0.8002684
0.799012
0.79809594
0.79875517
0.79881424
0.79713154
0.79713076
0.7965521
0.7957327
0.7949712
0.79470205
0.7949001
0.79412496
0.79397935
0.7934091
0.79300714
0.7925764
0.7910471
0.7908486
0.79039407
0.7904251
0.79012024
0.7890036
0.78897077
0.7883648
0.788673
0.787553
0.78748304
0.78657997
0.78634703
0.7850849
0.78410196
0.78456575
0.7839763
0.7835469
0.7823673
0.7829081
0.7815188
0.7815261
0.7813244
0.78027487
0.78063697
0.7799499
0.7793839
0.77946746
0.77762675
0.77821326
0.778179
0.7766047
0.7758638
0.77601296
0.77556354
0.77544576
0.77467287
0.7738423
0.77353734
0.77281207
0.7724685
0.7725908
0.77106714
0.77164483
0.77015215
0.7702689
0.7696735
0.7700233
0.7690786
0.7687637
0.76678926
0.7671069
0.7665177
0.7656417
0.764985
0.76630414
0.7646334
0.76481354
0.7640942
0.76281697
0.76281315
0.7624574
0.76228666
0.7607296
0.7614563
0.7612401
0.76081467
0.7594271
0.75981283
0.7593478
0.7590411
0.75746083
0.75725067
0.7572013
0.75657344
0.757156
0.756181
0.75643253
0.7546635
0.75572956
0.7554452
0.7542394
0.7535569
0.7545084
0.75398105
0.7533478
0.7534069
0.7530514
0.7532509
0.7528867
0.75303024
0.7526389
0.75240225
0.75209045
0.7521403
0.7521933
0.75131416
0.7508353
0.7516055
0.75035083
0.75075746
0.7507248
0.7497139
0.7503158
0.75038797
0.74999064
0.7493433
0.74969167
0.7493473
0.7494767
0.7498372
0.7491402
0.74957407
0.74910975
0.74886644
0.7492098
0.7486687
0.74860626
0.74913865
0.74908495
0.7491798
0.74836713
0.748216
0.74858344
0.7479877
0.74774903
0.74820477
0.748371
0.7480589
0.747414
0.747528
0.7467815
0.746519
0.7467841
0.74589866
0.7467964
0.7459521
0.74659973
0.7459009
0.74575824
0.7451851
0.74517447
0.7448313
0.74485594
0.7445345
0.7439706
0.7447505
0.74401474
0.7431902
0.74248606
0.74316555
0.7429586
0.7422384
0.7418917
0.7419549
0.7417815
0.7412757
0.74093306
0.74069524
0.7410003
0.74071944
0.7400447
0.7402699
0.7397043
0.7395207
0.739673
0.7395054
0.7388836
0.7391346
0.7384842
0.7380777
0.73855925
0.7371875
0.73757476
0.73718035
0.7365368
0.7369276
0.73606974
0.73642683
0.7360038
0.7361001
0.73564273
0.73554504
0.7350068
0.7346002
0.73421043
0.7344001
0.7340627
0.7336068
0.7335194
0.73355514
0.733363
0.73326594
0.73321205
0.73261213
0.7326726
0.7320062
0.73235244
0.7321233
0.73187286
0.7318037
0.7317904
0.7312453
0.7316979
0.7315178
0.7309102
0.73080415
0.7308128
0.7303901
0.73067623
0.72997457
0.7300613
0.73004234
0.7298217
0.7301558
0.72977674
0.72970515
0.72925586
0.728841
0.72935003
0.72900057
0.7284659
0.7284903
0.72852695
0.72867364
0.7286053
0.72860956
0.72847474
0.7281714
0.7280056
0.7281009
0.72756135
0.728581
0.7279803
0.72748923
0.72771233
0.72742563
0.7273596
0.72692686
0.72748643
0.7268726
0.72698516
0.7265743
0.72635704
0.7261739
0.72663325
0.72622263
0.7258166
0.7256944
0.72564447
0.7255286
0.7254902
0.7248156
0.7247855
0.72482866
0.72457105
0.7245334
0.72441494
0.7241899
0.7235544
0.7239146
0.7236964
0.7233739
0.7228787
0.7229783
0.72276
0.7227073
0.7222994
0.7226314
0.72220635
0.7218455
0.7215927
0.7217399
0.7214718
0.721286
0.7210539
0.7208528
0.7208206
0.7205832
0.72081804
0.72032696
0.7200074
0.7201851
0.72027916
0.7201687
0.71984655
0.71976304
0.71961176
0.71939075
0.71896327
0.71887004
0.7191907
0.71901244
0.7191126
0.71853554
0.7187902
0.71848166
0.71850693
0.71817267
0.7181531
0.7180095
0.7181411
0.7181299
0.71816695
0.71786267
0.71766037
0.71804106
0.71766347
0.71730596
0.71723276
0.7173791
0.717354
0.7167643
0.71666306
0.71661454
0.7166343
0.71646136
0.7159246
0.7160014
0.7161783
0.7156549
0.7157766
0.7155146
0.7154978
0.715168
0.7153154
0.71489924
0.71507657
0.7146552
0.71450067
0.7142605
0.7143578
0.7141755
0.7136623
0.71352905
0.7135372
0.7131699
0.71289426
0.7129386
0.71249473
0.7122025
0.71206415
0.71179307
0.71198756
0.71184725
0.7114322
0.7112261
0.7111741
0.71088845
0.7110634
0.710698
0.71032614
0.7096992
0.71019
0.7099657
0.7101767
0.70958936
0.70938474
0.7092497
0.70919687
0.7093733
0.7088793
0.7091279
0.70887244
0.70920604
0.70874006
0.7088162
0.7087787
0.70885795
0.70850486
0.7086793
0.70835936
0.7085306
0.7082722
0.7083537
0.7081871
0.7081868
0.70790094
0.70813954
0.707779
0.7077969
0.7078896
0.7076393
0.7077903
0.7076582
0.7073363
0.7074387
0.70680183
0.70675474
0.7067969
0.70708126
0.7064753
0.7070955
0.7065339
0.70688206
0.70620626
0.7065397
0.7059776
0.7056534
0.7060666
0.7057592
0.7056163
0.7053221
0.7053022
0.70523787
0.705398
0.70484006
0.7047003
0.7044887
0.7042022
0.70419025
0.7043197
0.7040744
0.7038688
0.7035694
0.70338565
0.7037209
0.7033006
0.70331866
0.703327
0.7028962
0.703152
0.702858
0.7032496
0.7030018
0.7028648
0.70316464
0.7030346
0.702722
0.70244163
0.70250744
0.7022882
0.7022644
0.7021446
0.70222396
0.702561
0.7021882
0.7019699
0.7019375
0.70201474
0.7022528
0.7020199
0.70186967
0.7016933
0.7016781
0.70155424
0.7014935
0.70131475
0.7012983
0.7012928
0.7012588
0.70161915
0.70083696
0.7015007
0.7012851
0.7006504
0.70095235
0.70098656
0.7009341
0.7012217
0.70100135
0.7008011
0.7010295
0.700725
0.70081663
0.7007212
0.7010559
0.7006156
0.7008393
0.70063394
0.700629
0.7006593
0.70010835
0.70047235
0.70034987
0.7003748
0.7002797
0.7003701
0.700268
0.70028657
0.7001688
0.7003316
0.7001394
0.7001611
0.7002339
0.699679
0.6998771
0.6999243
0.6999958
0.699903
0.6999035
0.6998587
0.6998182
0.6999404
0.6997865
0.69970095
0.69980705
0.69957596
0.6998122
0.6996919
0.7000094
0.69962645
0.6997358
0.69973916
0.6999059
0.69988656
0.69981074
0.6996579
0.70002633
0.69966084
0.69966173
0.69989675
0.69973505
0.6997272
0.69961905
0.6993805
0.6996563
0.6993868
0.6997725
0.6994021
0.6994014
0.6995086
0.69964224
0.69956976
0.69935256
0.6995395
0.69967985
0.6996053
0.69943696
0.69966865
0.6996249
0.6996966
0.69980246
0.6995889
0.6994789
0.6995634
0.6994764
0.69960344
0.69958466
0.6996239
0.69950086
0.6998398
0.6995446
0.699769
0.6996781
0.69980067
0.6996387
0.6996126
0.6997822
0.69970447
0.6995185
0.69964004
0.6995217
0.6997679
0.69978255
0.6996781
0.69965136
0.69939566
0.6993426
0.6992298
0.6995288
0.69946307
0.69966656
0.6992714
0.69938374
0.69932765
0.69913465
0.69916046
0.6993321
0.69929945
0.69895
0.6994217
0.69935477
0.69948924
0.6993996
0.69954735
0.6995848
0.6994465
0.6997648
0.6994278
0.69979507
0.69952935
0.69961053
0.69958663
0.6995484
0.6995677
0.6993801
0.6994968
0.6994362
0.69959265
0.6994824
0.6996869
0.69936365
0.69924045
0.6991761
0.6993731
0.69925135
0.69954544
0.69914323
0.6994668
0.6993429
0.69923013
0.699496
0.6992353
0.69911593
0.6990665
0.69925004
0.6990516
0.69883245
0.69914556
0.69915605
0.6991283
0.6991304
0.6991365
0.69902885
0.6990981
0.6990843
0.69900244
0.6987939
0.69911486
0.6991537
0.6990524
0.69921434
0.6988615
0.69910735
0.69912094
0.69876367
0.6991403
0.6991922
0.69897264
0.69892776
0.6989935
0.6992116
0.6988514
0.6990165
0.69936323
0.698924
0.69886285
0.6986992
0.6985136
0.6988072
0.69875944
0.69853115
0.6987075
0.69875604
0.69875383
0.69882834
0.698666
0.6987443
0.69888544
0.69877565
0.6990292
0.6989977
0.6991648
0.6989188
0.69911516
0.6990123
0.69864696
0.6989218
0.69867015
0.69872123
0.69870347
0.69879544
0.69896126
0.6989998
0.69884473
0.69889015
0.6991744
0.69870645
0.6990482
0.6987958
0.69877934
0.69880486
0.6986915
0.6987112
0.69899035
0.6984666
0.6985733
0.6985891
0.69882506
0.698759
0.69854426
0.69861823
0.6987269
0.6990776
0.6987006
0.6986389
0.69867647
0.6986906
0.6991688
0.698805
0.6985237
0.6987217
0.69879293
0.69872904
0.6987322
0.69868076
0.69873065
0.6990645
0.6987109
0.6987748
0.6988781
0.6985141
0.6987895
0.6987961
0.6986967
0.69867694
0.6986892
0.6987991
0.6984995
0.6989155
0.69857234
0.6989274
0.69849044
0.69884354
0.6987244
0.6986921
0.69868773
0.69879645
0.6988779
0.6988847
0.69858336
0.69874513
0.69871414
0.6984769
0.6988874
0.6987651
0.6988227
0.6988161
0.6989308
0.6989716
0.6992088
0.69901973
0.69899946
0.6989488
0.6989751
0.69891113
0.69886476
0.69876885
0.6988956
0.69877523
0.6986817
0.6986448
0.699
0.6985
0.698556
0.69884413
0.6987823
0.69856805
0.69880915
0.698837
0.6986812
0.6987942
0.69845986
0.6986182
0.69857574
0.6985204
0.6987894
0.69871706
0.6987583
0.69868356
0.69864607
0.6987792
0.6987011
0.6986972
0.6988938
0.69883585
0.6987203
0.69880545
0.6989417
0.6989509
0.6988086
0.6990431
0.698765
0.69859964
0.6990399
0.69871557
0.6985604
0.69875985
0.69879514
0.6987376
0.6989112
0.6988678
0.6987711
0.6989995
0.69892937
0.6989752
0.6990339
0.6989882
0.69899607
0.69916236
0.6990117
0.6993298
0.6989887
0.69908875
0.69925797
0.69913733
0.69916797
0.69896364
0.69896466
0.6987039
0.69902086
0.69907683
0.69883394
0.69901323
0.6989668
0.6988995
0.69876033
0.6988957
0.69872934
0.6991063
0.69896054
0.69910324
0.69894755
0.69924515
0.69925207
0.6991761
0.6992775
0.6994155
0.6993105
0.69935817
0.69939536
0.69906825
0.6993262
0.6991607
0.69926786
0.69908285
0.69909734
0.69915694
0.69922316
0.6990733
0.69922984
0.69913197
0.6991274
0.699517
0.69926274
0.69924927
0.699278
0.6993261
0.69930094
0.69944334
0.6993879
0.6994898
0.6993284
0.69919086
0.6994116
0.69919866
0.6991407
0.6994033
0.69932985
0.69951075
0.69981515
0.69961953
0.699465
0.6995796
0.6999097
0.69972414
0.70008034
0.69967806
0.69986767
0.70002353
0.6998843
0.699981
0.6999952
0.70012325
0.69994724
0.69961816
0.6996026
0.6997249
0.69974536
0.69994193
0.7000333
0.6995168
0.69959086
0.6997299
0.6997523
0.69980776
0.699606
0.6995383
0.69975966
0.6996824
0.6995063
0.6995487
0.70000136
0.69986993
0.69973755
0.70000535
0.69984454
0.7000155
0.7001344
0.6999758
0.70019406
0.7003087
0.70005345
0.7002166
0.69979525
0.69978964
0.69993085
0.6999771
0.6997745
0.69957846
0.69988775
0.6997833
0.7000118
0.6998989
0.69987094
0.7000354
0.69987595
0.69999975
0.69997513
0.70004576
0.6999218
0.70005083
0.7000925
0.70015055
0.70000243
0.7000701
0.6999323
0.70007753
0.70021665
0.70016485
0.69992113
0.70007926
0.7001385
0.70026326
0.7002816
0.7002332
0.7001651
0.7000082
0.7001478
0.70021045
0.7002845
0.70022726
0.7004387
0.700383
0.7006136
0.7004854
0.70087093
0.7006597
0.70072937
0.7007371
0.7003422
0.7004749
0.7007952
0.7004962
0.7005421
0.7006688
0.70035976
0.7007053
0.7004363
0.7003954
0.7004412
0.7004792
0.7005973
0.70039934
0.7004715
0.70022345
0.7003483
0.70068437
0.7003289
0.70063245
0.70050585
0.7002295
0.69997114
0.7001303
0.70025367
0.7000747
0.70014447
0.7002383
0.6999724
0.70015955
0.70017266
0.7004056
0.70009655
0.70027465
0.7001501
0.7005623
0.70006204
0.70052963
0.70050156
0.7004969
0.70078015
0.70033914
0.70043963
0.7004205
0.7004985
0.70039594
0.7003899
0.7006373
0.7005642
0.7009023
0.7005055
0.70054424
0.70074683
0.7006306
0.70050985
0.7005415
0.70064527
0.7007283
0.70068246
0.70079625
0.7006435
0.7006418
0.70070773
0.70044273
0.7004282
0.70057344
0.70063794
0.7008556
0.7005665
0.7004697
0.70058596
0.70032674
0.70023745
0.700301
0.7000829
0.7001133
0.70029896
0.7001564
0.7002311
0.7003434
0.70031667
0.70022005
0.7005277
0.7003947
0.70029753
0.70066786
0.7006422
0.70062953
0.7003529
0.70057505
0.7004516
0.7002915
0.70057154
0.7002763
0.70020276
0.70027566
0.7001961
0.7004105
0.7002578
0.70036125
0.7005783
0.700486
0.7003372
0.7005452
0.7006809
0.70074654
0.7006539
0.70072925
0.7009985
0.70110244
0.7010458
0.7010105
0.7011984
0.7012555
0.70111585
0.7011735
0.70115596
0.70117646
0.7012667
0.7008418
0.70099103
0.70109427
0.7011628
0.7013495
0.7010226
0.7009238
0.7007373
0.70059055
0.7004579
0.70066243
0.70036393
0.70042
0.70044786
0.7001391
0.7003183
0.7003951
0.70022947
0.70033085
0.7001498
0.7003505
0.70013344
0.6999526
0.7001307
0.7000879
0.700108
0.7003843
0.70025176
0.70068455
0.70057875
0.7005103
0.7006566
0.700391
0.7007044
0.70040727
0.70045805
0.70073307
0.7009723
0.7005988
0.70057046
0.70054275
0.70036507
0.70069605
0.7007991
0.7008979
0.70082325
0.70103914
0.70090777
0.7009107
0.7008996
0.70101243
0.7010944
0.7007492
0.701021
0.70072865
0.70094883
0.7009719
0.7007893
0.70076925
0.70083207
0.7006945
0.70062697
0.7010145
0.7006915
0.70060545
0.7005645
0.70028794
0.70023656
0.70040166
0.7005263
0.7003705
0.7000421
0.7000022
0.7003751
0.69995964
0.7000333
0.7002244
0.6998853
0.6999908
0.700217
0.70002055
0.6999166
0.70038086
0.70017284
0.70025325
0.7000202
0.7001258
0.700171
0.7007218
0.70015377
0.700308
0.7001469
0.70028925
0.700375
0.7001136
0.70032257
0.70033765
0.70018995
0.7004995
0.7002277
0.70045704
0.70049435
0.7005991
0.70079416
0.7007027
0.70037067
0.7003929
0.70048773
0.7003207
0.70046717
0.7003484
0.7001557
0.7001335
0.7000788
0.69988173
0.70001006
0.699717
0.6998588
0.69968474
0.6996741
0.69967467
0.69973767
0.69976
0.70004517
0.6995875
0.6996854
0.6998805
0.6995572
0.6995642
0.6996153
0.6996322
0.6994531
0.6993332
0.699336
0.6992372
0.69943887
0.69930935
0.69937295
0.6991899
0.6992084
0.6991818
0.69921225
0.69918966
0.6990324
0.6990001
0.6991756
0.69903266
0.69914025
0.69925165
0.69930047
0.6992698
0.69949126
0.69941103
0.6996583
0.6994646
0.6995843
0.69974744
0.6997077
0.6996194
0.6994193
0.6992981
0.6994255
0.69939977
0.699315
0.6994645
0.6993935
0.6992639
0.69955367
0.69934374
0.6992691
0.6995041
0.69965214
0.6994216
0.69944733
0.69927084
0.69934726
0.6990304
0.6992808
0.6990042
0.6991521
0.69901294
0.6991894
0.6990218
0.69901323
0.69877833
0.6988177
0.69833916
0.69878805
0.6985944
0.69851583
0.6985238
0.6984036
0.6984423
0.69837475
0.69849634
0.698277
0.69822407
0.69843245
0.69866073
0.6985972
0.6987244
0.6986753
0.6986911
0.6987193
0.6986035
0.698768
0.6988921
0.6989268
0.6988201
0.6987503
0.6991102
0.69905424
0.699017
0.69874996
0.69905615
0.6988999
0.6988896
0.69936675
0.69901866
0.69908464
0.6991423
0.6988787
0.69887084
0.69889313
0.698766
0.6988917
0.698661
0.69872916
0.69838935
0.6986488
0.69840574
0.69866747
0.69849885
0.69842905
0.69827473
0.6982203
0.69801986
0.69820994
0.69810754
0.6982203
0.69857234
0.69847804
0.6982932
0.6982353
0.6984763
0.6986909
0.69863313
0.6984801
0.6987087
0.69894904
0.6989082
0.6986453
0.6989561
0.6990676
0.69906634
0.69874215
0.698798
0.69888717
0.69861734
0.69873965
0.6984474
0.6985658
0.6983576
0.6981327
0.6983319
0.69842345
0.6981428
0.69826174
0.6983084
0.698127
0.69821113
0.6983549
0.6982357
0.69825596
0.6981793
0.698132
0.69818616
0.6984436
0.6983072
0.6982794
0.6985067
0.6984438
0.6982978
0.6980657
0.6984495
0.6982134
0.6983825
0.6984578
0.6983107
0.6983918
0.6985219
0.6984444
0.6984115
0.69823146
0.6980154
0.6982942
0.69805115
0.6982631
0.697953
0.69817394
0.69819707
0.69809407
0.6982694
0.6982501
0.69837826
0.69814664
0.69826525
0.69810534
0.69818753
0.69800353
0.69836503
0.6983899
0.6980206
0.6982062
0.6979995
0.6980595
0.69848096
0.69847375
0.6979317
0.6980872
0.69804907
0.69796944
0.6977926
0.69775677
0.69803804
0.69819
0.6978967
0.69783264
0.69777346
0.69773084
0.6979793
0.6977994
0.69769454
0.6980359
0.6979623
0.69799995
0.69809276
0.6981855
0.69790417
0.6981545
0.69778234
0.69782156
0.69801825
0.6979046
0.697764
0.6976105
0.698016
0.6975627
0.69783944
0.69770986
0.6982577
0.69815725
0.6982869
0.6984404
0.69810855
0.69817936
0.69810134
0.69790035
0.6980127
0.6980201
0.6979307
0.6980144
0.69786096
0.6979089
0.69783163
0.69782376
0.6979392
0.69796777
0.69794667
0.69828194
0.6982932
0.69797665
0.6981605
0.69808024
0.6979009
0.6980017
0.69788605
0.6979988
0.6979952
0.6975854
0.6978361
0.69778156
0.6976886
0.6976709
0.69765025
0.69774026
0.6978996
0.6977028
0.6975799
0.69747794
0.69785756
0.697702
0.69762945
0.69761294
0.6975916
0.69751817
0.6973268
0.6975151
0.6974981
0.6976616
0.6975268
0.6975387
0.6976137
0.69788015
0.6979335
0.69770575
0.69738436
0.6976631
0.69792676
0.6978738
0.69760805
0.697546
0.6976334
0.6976499
0.69785714
0.69782126
0.6977951
0.69771093
0.69753796
0.6979356
0.6977568
0.69770944
0.69760805
0.69783026
0.6979852
0.6976786
0.69843155
0.6976324
0.6974782
0.69775915
0.69758534
0.6973224
0.697329
0.6974847
0.697874
0.69788533
0.6974541
0.6976493
0.6975422
0.69769037
0.6974871
0.6974139
0.697693
0.6974495
0.69738626
0.6975905
0.697583
0.69758916
0.69719195
0.69711256
0.6974098
0.69753134
0.69696105
0.69733673
0.6972381
0.6972443
0.6972516
0.6973687
0.6973961
0.6971359
0.69726515
0.69750345
0.6972266
0.6977254
0.6976217
0.697665
0.6975488
0.6976488
0.69765615
0.6976786
0.6976352
0.6974894
0.697494
0.6974784
0.6971423
0.6972601
0.6974788
0.69746894
0.6976547
0.6974899
0.6973713
0.6975897
0.6971782
0.69731253
0.697341
0.69721824
0.69729334
0.6972378
0.69690573
0.6971917
0.6973193
0.69714963
0.6969787
0.69708717
0.6968941
0.696904
0.696752
0.69665676
0.696876
0.6967892
0.6967725
0.69673955
0.6968851
0.69665223
0.6967333
0.69726706
0.6969183
0.69694734
0.69699323
0.69673747
0.696978
0.6966613
0.6968944
0.697186
0.69727594
0.69725716
0.6971477
0.6973104
0.69738007
0.6973988
0.69760334
0.6971598
0.6973243
0.6975361
0.69742227
0.6978476
0.69725466
0.69734657
0.6973687
0.69740224
0.6971676
0.6972164
0.6970994
0.6973572
0.6973457
0.6971121
0.69727397
0.6971011
0.69729894
0.69726866
0.69728684
0.69698316
0.69716614
0.6969819
0.6969559
0.69680053
0.6966036
0.69662476
0.6966335
0.696809
0.69651246
0.69659305
0.6965572
0.69679123
0.6965683
0.69674826
0.6967033
0.696641
0.6965507
0.6969728
0.69664234
0.6965902
0.6966429
0.69645184
0.6967415
0.6966054
0.69645137
0.6968018
0.6965655
0.6965624
0.69646114
0.6964772
0.69638616
0.69643617
0.69640493
0.6963002
0.6963751
0.69634175
0.6965378
0.69653857
0.6964159
0.69634825
0.6965935
0.6965573
0.6963294
0.69635665
0.69650495
0.6966304
0.6961716
0.69639105
0.6963838
0.69616866
0.69651496
0.696235
0.6961255
0.6964302
0.6964803
0.6961606
0.69606525
0.69621634
0.69583744
0.6963288
0.6963156
0.6961093
0.69583935
0.69608897
0.6961052
0.69640315
0.6963413
0.69630605
0.6960686
0.6961436
0.6961456
0.69655114
0.69628745
0.69625384
0.6962338
0.6960801
0.6962157
0.6964882
0.69622755
0.69625235
0.69648767
0.6961892
0.6961818
0.6961643
0.6964106
0.6962244
0.6963508
0.69650406
0.6962145
0.69612116
0.6962311
0.6960094
0.6962266
0.69583464
0.696294
0.6960694
0.6957618
0.6960282
0.69618154
0.69653684
0.6961548
0.6959559
0.6962731
0.69603163
0.6959166
0.6957974
0.6957844
0.6958145
0.6959183
0.6955323
0.6956587
0.6953032
0.6953346
0.6957669
0.6955681
0.6955547
0.6952077
0.69540095
0.6954239
0.69557667
0.6954871
0.69560033
0.6953533
0.6949241
0.6954484
0.69553804
0.6956396
0.6959775
0.69540095
0.6954347
0.6952694
0.6952586
0.69515085
0.6949939
0.69527215
0.6952653
0.69529516
0.6954935
0.69546235
0.6954474
0.69561243
0.69511896
0.69521123
0.69531316
0.6950396
0.69543195
0.6952151
0.69527876
0.6952584
0.69544715
0.69546384
0.6952625
0.69524527
0.6954394
0.6954443
0.69522876
0.695224
0.6953228
0.69543934
0.6954349
0.6951601
0.6952154
0.6947895
0.69525766
0.69477576
0.6952914
0.69499815
0.69496423
0.695031
0.6950259
0.69501895
0.6951049
0.69520324
0.6950424
0.6950097
0.69517833
0.6951308
0.6949408
0.6948781
0.6950465
0.695202
0.6949715
0.69535464
0.69534314
0.695065
0.69533557
0.695091
0.69517505
0.6950923
0.6953105
0.69515055
0.6954023
0.6953499
0.6948836
0.6950288
0.69512
0.69478095
0.6946909
0.69462293
0.6951795
0.69472194
0.6948603
0.6945207
0.6950739
0.69482726
0.6944834
0.6946742
0.694778
0.69450605
0.6946868
0.6944803
0.6945291
0.6948294
0.6947757
0.6950663
0.6948363
0.6946146
0.6947544
0.6943387
0.6943272
0.69449466
0.69456846
0.6945834
0.6946619
0.69399625
0.6947078
0.6942747
0.6944208
0.6943574
0.69430614
0.69465905
0.6943344
0.6943101
0.6942544
0.69440264
0.69438887
0.6945122
0.69443494
0.6942294
0.6942465
0.6944602
0.69457334
0.6943615
0.6942827
0.6945799
0.69416195
0.6943271
0.6946054
0.69454575
0.6941817
0.69432944
0.6938546
0.6940971
0.6940987
0.69426006
0.69452584
0.69429165
0.6940601
0.6940426
0.69435596
0.69383454
0.69383484
0.694073
0.6941188
0.6942845
0.6942292
0.6939881
0.69421595
0.6939609
0.6938317
0.69422674
0.6942932
0.6939486
0.69416887
0.6940255
0.69391805
0.6941631
0.6943345
0.6940853
0.69400257
0.6941558
0.6940665
0.69449085
0.6945013
0.69393593
0.694248
0.6941104
0.6940303
0.69461775
0.69412583
0.6942745
0.6939575
0.6943083
0.693856
0.693925
0.6939409
0.69386953
0.69389623
0.6938494
0.69370604
0.6938868
0.6941045
0.69390345
0.69387645
0.69390285
0.69355714
0.69383395
0.6935838
0.6937709
0.69392425
0.6939171
0.6939738
0.6935729
0.6939037
0.693729
0.69370216
0.69372624
0.69393146
0.69380635
0.6935983
0.6939091
0.6934458
0.6938329
0.694152
0.6938491
0.69356865
0.69337016
0.6938006
0.6939892
0.6941304
0.6936549
0.69392955
0.6941329
0.69364095
0.6933728
0.6936244
0.69337934
0.69337255
0.6933544
0.69337255
0.6936284
0.6933636
0.69355774
0.69354266
0.69328386
0.6934956
0.6935913
0.69321066
0.6934715
0.6933574
0.69316185
0.6930044
0.69355756
0.6931772
0.69308877
0.69293624
0.6932926
0.6932068
0.6930496
0.69317216
0.6933028
0.6935185
0.69348466
0.6933037
0.6931546
0.69297844
0.6931291
0.6932606
0.6932761
0.69300956
0.6929931
0.69329035
0.6928718
0.69329095
0.69281214
0.6929221
0.6931103
0.69281167
0.6929368
0.69301575
0.69289035
0.6932791
0.69297385
0.6932784
0.6930608
0.6932346
0.69329786
0.69320303
0.6928187
0.6931254
0.6931021
0.69305736
0.6932786
0.6930431
0.6930761
0.6928484
0.693007
0.6932311
0.69296557
0.6932658
0.69308966
0.6933804
0.69307864
0.6930953
0.6930626
0.692972
0.6931947
0.6932776
0.6931523
0.69313127
0.6932592
0.69293785
0.6932015
0.6929874
0.693067
0.6932789
0.6930228
0.69306034
0.6933671
0.6931527
0.6930042
0.69334495
0.69309354
0.6931336
0.69318336
0.6929848
0.6931019
0.6929924
0.69338435
0.6929265
0.69299793
0.6932242
0.692688
0.69283456
0.6928028
0.6929053
0.6931317
0.69299966
0.6931128
0.69318104
0.6928694
0.6931697
0.69281775
0.6927303
0.69289297
0.6928784
0.6929703
0.6928921
0.69260377
0.6927044
0.69293565
0.69281477
0.69274193
0.6925211
0.6926446
0.6930524
0.69282806
0.692733
0.6929689
0.69288343
0.6927708
0.69282037
0.69274807
0.69290805
0.6929046
0.6929787
0.6929142
0.6932222
0.692946
0.6927415
0.6927661
0.6924978
0.69291914
0.6928003
0.6925813
0.6929733
0.69301534
0.692776
0.69251263
0.6927273
0.69277334
0.6927991
0.6926904
0.6926986
0.69262856
0.69271135
0.6929892
0.6927135
0.69258326
0.69266486
0.6925669
0.6924438
0.6930391
0.6927104
0.6930124
0.69299054
0.69275147
0.6930766
0.6931421
0.69283384
0.6930865
0.69306105
0.6931517
0.6928626
0.6928259
0.6929988
0.6928792
0.6929337
0.6927076
0.69281256
0.6927241
0.69325304
0.6926369
0.69325686
0.69322616
0.69280285
0.69329816
0.69329816
0.69285345
0.6929609
0.69301414
0.6931953
0.69308674
0.69293565
0.69319296
0.69282347
0.6927338
0.69307524
0.6929311
0.6928888
0.6928963
0.69313353
0.6928541
0.6927436
0.6930324
0.6931059
0.69283193
0.69301486
0.6928591
0.6928591
0.69306123
0.6926604
0.69282407
0.6926839
0.6927662
0.6930371
0.6927722
0.692907
0.6929338
0.6927003
0.693187
0.69314414
0.69308645
0.6927442
0.69321764
0.692939
0.69287264
0.69285315
0.69309986
0.6931481
0.69330215
0.69301426
0.6931267
0.69281435
0.6928846
0.69300103
0.6928667
0.6928736
0.69281316
0.6927751
0.69280803
0.6927562
0.6930722
0.69285154
0.6928861
0.69285995
0.6929557
0.6926675
0.69296634
0.6931104
0.69273424
0.69282484
0.6927394
0.6928093
0.6927168
0.69290084
0.69299495
0.69307745
0.693034
0.6928847
0.69281787
0.6926999
0.692601
0.6927581
0.69272447
0.692755
0.69284934
0.69304156
0.6929043
0.6928554
0.6927733
0.6930274
0.6925521
0.6929924
0.6930825
0.69317394
0.6926289
0.6927003
0.69291157
0.6928149
0.69304913
0.693028
0.6931196
0.6930698
0.69299597
0.6931397
0.6931367
0.69273794
0.69307923
0.6930062
0.6927662
0.69334185
0.69301355
0.69295526
0.6932353
0.69329715
0.69311
0.69309855
0.692893
0.6927885
0.69297826
0.69311327
0.6930934
0.6929853
0.69319797
0.6932202
0.69323564
0.69299316
0.69334316
0.69320226
0.6930212
0.69335294
0.6929946
0.6930939
0.6934768
0.69326705
0.69307554
0.6933744
0.6931313
0.6930658
0.69304013
0.6930944
0.6930584
0.6934916
0.6929694
0.69332427
0.6929375
0.6930677
0.69297206
0.69322073
0.69324386
0.6934551
0.69316953
0.6934701
0.6932068
0.6934294
0.6932392
0.69325167
0.69338626
0.6931161
0.6930564
0.69319326
0.69316524
0.6932058
0.69313854
0.6931448
0.6927932
0.69316745
0.6933921
0.6931342
0.6932374
0.69309425
0.69321585
0.6934325
0.69324964
0.693303
0.693383
0.69344515
0.6931781
0.6934231
0.69337183
0.6933032
0.6934369
0.6933457
0.693267
0.6934262
0.6936076
0.6936706
0.693596
0.6937694
0.69388247
0.69350666
0.69350654
0.6936725
0.6936466
0.6934182
0.6936383
0.6936285
0.69375706
0.69361544
0.6936061
0.6938925
0.69372934
0.6940894
0.6937945
0.69352823
0.69349647
0.69342524
0.6936469
0.6936514
0.69339883
0.6934576
0.6934968
0.69364727
0.6935108
0.693695
0.69344896
0.69357413
0.6937852
0.6935757
0.6935837
0.69360036
0.69345456
0.6936298
0.6936361
0.69378096
0.69346553
0.6933184
0.6935326
0.69355685
0.6935002
0.6936949
0.69337976
0.6933573
0.6936265
0.69363713
0.6936469
0.6937582
0.6936679
0.6936645
0.6934598
0.6937099
0.693631
0.6936016
0.6933808
0.69345796
0.693308
0.6936511
0.693431
0.6935183
0.6937814
0.6936032
0.69357836
0.6938118
0.6936309
0.69374895
0.693768
0.69374233
0.69389564
0.6937892
0.693774
0.6938401
0.6937235
0.69397414
0.6938666
0.6938947
0.6940394
0.69404614
0.69388384
0.6940114
0.6939686
0.6939661
0.69379354
0.6938878
0.6939487
0.694209
0.69390035
0.69398016
0.694154
0.69437116
0.694167
0.69423825
0.6942939
0.6942318
0.6939918
0.69417363
0.6941696
0.6942126
0.69382685
0.69410866
0.6941352
0.69416624
0.6936005
0.69401836
0.694031
0.69434065
0.6939379
0.6944199
0.6939538
0.6941156
0.6942256
0.6942232
0.6939964
0.69436824
0.6937944
0.69433016
0.6940872
0.69437146
0.69441926
0.6940086
0.6943484
0.69431466
0.6942794
0.69443876
0.69416744
0.69417095
0.6942152
0.6941508
0.6941402
0.69449997
0.6941603
0.69419116
0.6944935
0.6943349
0.69442976
0.69427943
0.6944469
0.694267
0.69418156
0.6940946
0.69403493
0.69427484
0.6943111
0.69411296
0.6942489
0.6940988
0.69435644
0.6942855
0.6943259
0.6942645
0.6943574
0.69425577
0.6942773
0.6944425
0.69438845
0.69436973
0.6945511
0.6945967
0.6942595
0.6943187
0.6944702
0.6940913
0.6940815
0.6942387
0.6941284
0.69400287
0.69412565
0.69452596
0.6940646
0.6945484
0.69429463
0.6940567
0.694483
0.6939544
0.6943186
0.6941851
0.69386816
0.6943424
0.6940821
0.6942139
0.694434
0.69444185
0.6941895
0.6944298
0.6941895
0.69432753
0.694328
0.6944006
0.69429475
0.6943451
0.6946448
0.6945462
0.69458425
0.6945112
0.694572
0.6944506
0.6945891
0.694531
0.6946885
0.6943558
0.69442654
0.6944175
0.6943767
0.69447905
0.69434136
0.6946592
0.69443935
0.6945921
0.6944972
0.69481415
0.6946497
0.69460166
0.6947634
0.6947491
0.6946546
0.69459075
0.69460607
0.6945655
0.69441724
0.694545
0.6945346
0.69456583
0.6945991
0.69462293
0.69438016
0.6947216
0.6947658
0.69455063
0.694508
0.69439507
0.69469
0.69461226
0.69463193
0.6944668
0.69480747
0.6946248
0.69465095
0.69465756
0.69470763
0.69460815
0.6948354
0.6947326
0.6945581
0.6944607
0.6944326
0.69469833
0.6945683
0.6944852
0.6945859
0.6946252
0.69454265
0.69471484
0.6944835
0.6946398
0.6946107
0.6949102
0.6947883
0.6947342
0.6946212
0.69482976
0.6947888
0.69505346
0.6947822
0.6949436
0.69455206
0.6946895
0.69458497
0.69470876
0.6945493
0.6948482
0.694483
0.6945832
0.6947016
0.6944125
0.69480306
0.6945077
0.6947357
0.694702
0.69458723
0.6948027
0.69470423
0.69478536
0.6945008
0.69460344
0.69490993
0.6948058
0.6947767
0.69452935
0.6943608
0.6947048
0.69450647
0.6945482
0.6946058
0.69449
0.6945193
0.69431174
0.69444674
0.6942808
0.69446665
0.69439584
0.6947691
0.69461066
0.6948649
0.69483256
0.6943619
0.69459087
0.69466573
0.6948688
0.6946923
0.69448954
0.6946222
0.6945153
0.694793
0.6948781
0.6945276
0.6949724
0.6947545
0.6947805
0.69446623
0.69479287
0.6948746
0.69484943
0.6948339
0.69478077
0.69493484
0.694789
0.6948184
0.69504064
0.69464856
0.6947679
0.69465154
0.69483083
0.69488794
0.6949669
0.6948781
0.69469976
0.6948823
0.6950177
0.69483656
0.6946519
0.6947373
0.6946382
0.6944889
0.69477874
0.6948509
0.69465214
0.69488066
0.6952536
0.69499797
0.6947962
0.6950755
0.69490707
0.69474036
0.69482356
0.69481546
0.6950531
0.69489527
0.6948408
0.69506204
0.6948336
0.6952026
0.6952014
0.6952531
0.69556624
0.69500273
0.6951015
0.695172
0.6951128
0.695142
0.6949312
0.69514006
0.69500625
0.69482285
0.6950558
0.6953351
0.6947946
0.6954018
0.69489527
0.6950164
0.6949924
0.6951585
0.695068
0.6950482
0.6951548
0.6950297
0.694925
0.6948858
0.6950681
0.6949022
0.6949706
0.69492775
0.6950664
0.6949818
0.6948949
0.6950059
0.69496584
0.6951669
0.6949086
0.695054
0.69487894
0.694898
0.6948458
0.69490296
0.6947422
0.69510525
0.6950556
0.69507474
0.6951661
0.695065
0.6951905
0.69461983
0.6948927
0.69508916
0.69513893
0.6949935
0.69504994
0.69498885
0.6948037
0.6950366
0.69484675
0.6950056
0.69489855
0.69476455
0.6947082
0.69498026
0.6946232
0.6950748
0.6949318
0.69480234
0.6949374
0.69495827
0.6949681
0.6950495
0.69491124
0.6948247
0.694968
0.695072
0.6952473
0.6948244
0.69485164
0.69489443
0.6951189
0.6951349
0.6948583
0.69510776
0.6948561
0.6949513
0.69485307
0.695004
0.6950065
0.69491464
0.69476604
0.69483304
0.69483465
0.6948685
0.6947198
0.6947592
0.69465303
0.69488674
0.69494814
0.69484377
0.6951414
0.6949579
0.695075
0.6949363
0.6953105
0.6952246
0.695217
0.69503176
0.695185
0.69472045
0.6951552
0.6950407
0.69521385
0.69513494
0.69508106
0.69518703
0.6948386
0.69509417
0.69484925
0.69487333
0.69517165
0.695236
0.6950363
0.69525796
0.6950141
0.69516194
0.69530153
0.695157
0.69508916
0.69516224
0.6953396
0.6951671
0.6949487
0.695204
0.6949474
0.69512135
0.69517857
0.69513965
0.6951741
0.6949241
0.69514304
0.6950989
0.6950566
0.69486773
0.6951904
0.6947566
0.69476146
0.69489783
0.69470376
0.6949241
0.6950389
0.6949776
0.69527435
0.69496644
0.694702
0.69493324
0.6949982
0.6948286
0.69478756
0.69455904
0.6946785
0.6947525
0.69492054
0.6948544
0.69489616
0.69487846
0.69452655
0.69492465
0.69484544
0.69481146
0.6946698
0.69459623
0.69457006
0.6948944
0.6948145
0.69511145
0.6948101
0.69502294
0.69495666
0.69481814
0.69485825
0.69525576
0.69490576
0.69498813
0.69501275
0.6950959
0.6950497
0.694969
0.6951109
0.69512737
0.69518715
0.69542927
0.6953126
0.69493663
0.6949773
0.6950027
0.6947404
0.6951082
0.6948975
0.6951973
0.6947577
0.6951016
0.69491625
0.695003
0.695024
0.69511825
0.6948702
0.6950836
0.694962
0.69505185
0.69499844
0.6950412
0.69514483
0.69491106
0.69514227
0.6951662
0.6950167
0.69508356
0.6952284
0.69502413
0.6954419
0.6951447
0.6951003
0.69510186
0.69519943
0.6951151
0.69530123
0.69520646
0.6950879
0.6951878
0.6951006
0.6949222
0.69512254
0.69507813
0.6950156
0.69483167
0.6950213
0.6949413
0.69472927
0.69465744
0.69473714
0.69468147
0.6947857
0.69477075
0.6949946
0.6950184
0.69461817
0.6948644
0.6951923
0.6952389
0.69524187
0.69504374
0.694809
0.69492453
0.6952805
0.69514066
0.69491726
0.695026
0.69514453
0.69499165
0.6948682
0.69500685
0.6948513
0.6950345
0.6950101
0.6951084
0.69512975
0.69482726
0.6950081
0.6951172
0.6952699
0.69514585
0.69511515
0.6948988
0.6950809
0.69510645
0.69461113
0.69503266
0.6951177
0.695309
0.6950906
0.69527996
0.6950934
0.69499767
0.695173
0.69499594
0.6948517
0.69484484
0.6946062
0.6947992
0.69479907
0.6946285
0.69472796
0.6948056
0.69487906
0.6948363
0.6948791
0.6950401
0.6950215
0.6951702
0.6952086
0.69511503
0.6950107
0.6949583
0.6948676
0.6948441
0.6949615
0.6949821
0.6950273
0.6947218
0.694701
0.69476515
0.69474965
0.6948584
0.69487745
0.69487554
0.69513404
0.69512194
0.69487417
0.6949884
0.695048
0.6948593
0.6946488
0.69457936
0.6945899
0.69479036
0.69456637
0.6946976
0.6943443
0.69493645
0.69486296
0.69465214
0.6947619
0.69500226
0.69510454
0.6952561
0.69519424
0.6949654
0.6952972
0.6951101
0.69545877
0.6955517
0.69558877
0.6956353
0.6954563
0.6955224
0.6956106
0.6953952
0.69518965
0.69537514
0.6950254
0.6950329
0.6946124
0.6949744
0.69533414
0.6951885
0.6952624
0.6953429
0.69517857
0.6950571
0.69552404
0.69543386
0.69536835
0.69510823
0.6952204
0.6953134
0.69519764
0.6952456
0.6954099
0.69509834
0.695056
0.69519496
0.6951885
0.6952416
0.6949172
0.6948993
0.69521266
0.694744
0.6946835
0.694725
0.6949906
0.69475514
0.6951048
0.69518703
0.6951229
0.6948332
0.69499886
0.6949642
0.6948875
0.6953968
0.6951551
0.6950962
0.69528985
0.69522744
0.6955597
0.69521946
0.695221
0.6953942
0.6951258
0.6950993
0.69519615
0.6952367
0.69526845
0.69539225
0.6953633
0.69540715
0.69545954
0.695523
0.69532716
0.6954343
0.6952842
0.6952737
0.6954382
0.6954497
0.69522625
0.69505745
0.6948902
0.69522905
0.6948946
0.6950646
0.6948028
0.6950837
0.69511324
0.69510144
0.6954661
0.69572026
0.6954911
0.6955096
0.69525725
0.6951871
0.6951553
0.69529927
0.69526595
0.6952902
0.695279
0.69523823
0.6953537
0.69504315
0.6951013
0.6950547
0.69510543
0.6948387
0.69500273
0.6951254
0.6950556
0.6949302
0.69532007
0.69482374
0.69529057
0.6950207
0.6951255
0.6952181
0.6952605
0.6952404
0.6949772
0.69555587
0.69516325
0.69517887
0.69501245
0.69533134
0.6954427
0.6951124
0.6952215
0.6954026
0.69544816
0.6954326
0.69565547
0.69552344
0.6955695
0.69565535
0.6953718
0.69558704
0.695455
0.69541234
0.6955425
0.69522417
0.6954755
0.69528466
0.69534105
0.6953494
0.6951203
0.69488513
0.6950469
0.695158
0.69503164
0.6949114
0.69506097
0.6951521
0.69518816
0.6949791
0.6955097
0.69521147
0.6951763
0.6950263
0.69521654
0.6952947
0.695242
0.6949841
0.69516534
0.69531935
0.69528735
0.69528395
0.6954586
0.69552976
0.6952586
0.6952883
0.6954325
0.69544446
0.6954182
0.6951976
0.69521445
0.6953823
0.69531554
0.6954724
0.69533616
0.69536453
0.6952939
0.6952713
0.69526404
0.6951125
0.6950406
0.6953872
0.695557
0.6954334
0.6953654
0.69512826
0.69508624
0.6954006
0.69524455
0.6949894
0.695322
0.69521827
0.69532526
0.69532096
0.69504935
0.6952862
0.6954243
0.6950594
0.69514906
0.6953149
0.69564635
0.69539434
0.6953821
0.69502234
0.69526845
0.69531554
0.6953162
0.6953551
0.6951453
0.6952718
0.6948734
0.6949415
0.6952302
0.69520473
0.69515437
0.6951061
0.69483644
0.69485
0.695144
0.6950947
0.6952547
0.6951916
0.69507426
0.6953286
0.6953765
0.69527704
0.6953273
0.69522786
0.69559145
0.69513685
0.69535595
0.695099
0.695328
0.6951228
0.6953294
0.69521666
0.6950371
0.69488555
0.6949776
0.6949375
0.6952004
0.69522816
0.69507337
0.69510317
0.6954055
0.69513214
0.6951716
0.6950379
0.6952628
0.69527006
0.6950563
0.69543284
0.69512385
0.6950531
0.6954089
0.69557554
0.69493246
0.6954821
0.69538474
0.69539016
0.69533557
0.6952652
0.69532436
0.69529396
0.6955247
0.6953225
0.6953064
0.69540024
0.69511604
0.69506496
0.6950715
0.69521624
0.69520414
0.6953611
0.695219
0.69516706
0.6951213
0.69533664
0.6948532
0.6948495
0.6951226
0.69490784
0.6946688
0.69478756
0.69464314
0.69484717
0.6945773
0.6947926
0.69476897
0.69487214
0.69464546
0.6952374
0.6948165
0.69486356
0.69483435
0.69501805
0.69493103
0.6952324
0.69524974
0.6954112
0.6953627
0.69517416
0.69541186
0.6951002
0.69491136
0.69528294
0.6951868
0.6954589
0.6951623
0.695093
0.6949119
0.69492817
0.6948621
0.69491214
0.6947588
0.6948427
0.6947007
0.69478875
0.69488674
0.6946363
0.6949911
0.69469863
0.6946038
0.6945717
0.6944937
0.69485575
0.6947258
0.6947625
0.69494724
0.69503826
0.6954007
0.6949214
0.69519615
0.6953467
0.6953661
0.6954029
0.6952858
0.69528204
0.695193
0.69541544
0.6953125
0.6951617
0.6952914
0.69499284
0.69506985
0.69521725
0.6948807
0.6952197
0.6950171
0.69495344
0.69486636
0.69459957
0.69491225
0.69461966
0.694791
0.6949143
0.6944047
0.6949595
0.6946633
0.694992
0.69498
0.69499063
0.6948991
0.6948753
0.6948512
0.6952211
0.6953982
0.6949508
0.6952214
0.6950235
0.6951334
0.6950613
0.6952191
0.69478333
0.69519114
0.6950058
0.6951853
0.69520843
0.69516104
0.69509524
0.6948854
0.6952653
0.69490635
0.69500685
0.69511014
0.69500977
0.6947891
0.69479704
0.69500375
0.6950488
0.69497615
0.69509286
0.69490933
0.69486827
0.69485956
0.69489735
0.6949395
0.6948442
0.6947586
0.6946418
0.69484025
0.6946748
0.6945493
0.694617
0.69480735
0.6948654
0.69496375
0.69482845
0.69490045
0.6948822
0.6948444
0.69487983
0.69497347
0.69522154
0.6950365
0.69498694
0.6950657
0.69506615
0.6955415
0.69501436
0.6953821
0.6953849
0.6953104
0.69525605
0.69509214
0.69514066
0.6952125
0.69519824
0.69504946
0.69525194
0.6953144
0.6951104
0.69507545
0.6952573
0.6954182
0.69526404
0.6953206
0.6952041
0.6950045
0.69499063
0.69532984
0.69507825
0.6951156
0.69511634
0.6953381
0.6951903
0.6949856
0.69505984
0.69471866
0.69487774
0.69470763
0.6948283
0.6945622
0.6949754
0.6948537
0.69483405
0.6944484
0.6944987
0.6947669
0.69482625
0.6946428
0.6944521
0.6944579
0.69437146
0.694186
0.6945749
0.69442695
0.6946616
0.6949037
0.6947608
0.69462854
0.69481546
0.6948048
0.6950006
0.69519216
0.6952518
0.6949579
0.69507474
0.69521827
0.6950434
0.6951251
0.6952756
0.6951218
0.69545317
0.69513613
0.6953168
0.6948469
0.6949813
0.69522697
0.69519055
0.6951639
0.6951396
0.69496536
0.69499445
0.6950484
0.69484514
0.6948593
0.6948925
0.69483304
0.69482416
0.6944803
0.6950087
0.6949937
0.6948854
0.6952217
0.69462305
0.6946096
0.69493544
0.69493794
0.6949054
0.69452685
0.69464403
0.6947138
0.69459325
0.6948153
0.6946394
0.69478077
0.694714
0.6947208
0.69475156
0.69472057
0.69463396
0.6948282
0.69468033
0.6945398
0.69484854
0.6948263
0.6953032
0.6949582
0.694972
0.69491374
0.69469196
0.6949364
0.69512063
0.694712
0.6949342
0.6948595
0.694841
0.6949666
0.6947387
0.69469273
0.6947756
0.69470006
0.69476604
0.69475144
0.6944744
0.69462335
0.6944849
0.6946994
0.69494
0.6949405
0.69483185
0.6947393
0.69453526
0.69464713
0.6947197
0.69446653
0.6948965
0.6946571
0.6945485
0.6947465
0.6949706
0.69478023
0.694995
0.6951639
0.6949476
0.6949899
0.6950511
0.69503856
0.6951706
0.6953515
0.69533426
0.69524014
0.69529647
0.6951825
0.6951151
0.6953863
0.6954188
0.69565845
0.6951092
0.69547784
0.6956032
0.6954977
0.6953292
0.69524187
0.6953931
0.69553375
0.6953972
0.6951795
0.6951438
0.69544524
0.6952998
0.695306
0.6953813
0.695298
0.69545
0.6952779
0.69530326
0.6950394
0.6953322
0.69516736
0.6948956
0.69508356
0.6949497
0.69503826
0.6947885
0.69517344
0.6951089
0.6948814
0.694695
0.69460696
0.69506717
0.69478506
0.69474995
0.69484186
0.6948779
0.6944396
0.6945939
0.6946972
0.6948899
0.6946823
0.6951653
0.6952688
0.6950844
0.69527423
0.6953088
0.6951767
0.69524914
0.6951451
0.69514036
0.6954187
0.69495314
0.6951157
0.6953886
0.69518584
0.6952589
0.69497156
0.695148
0.69507045
0.6949892
0.695125
0.69471925
0.69469947
0.695229
0.69456625
0.6946791
0.69461757
0.6949412
0.6946953
0.694702
0.6945831
0.6946042
0.6947779
0.6947872
0.6947678
0.6951454
0.69521505
0.69526523
0.69502515
0.6947947
0.695056
0.6952087
0.6947805
0.6949623
0.69467384
0.6948767
0.695026
0.69517374
0.6951701
0.6946977
0.6949153
0.6950137
0.6948974
0.6949516
0.69483453
0.6949756
0.69514406
0.6951909
0.6950543
0.69509465
0.69497603
0.6952041
0.6950556
0.6953333
0.6951421
0.6948421
0.69520503
0.6950927
0.69535285
0.695159
0.6950435
0.69499755
0.6951489
0.69493103
0.6952766
0.6951571
0.69499665
0.6954417
0.69524974
0.69535047
0.69529426
0.6950758
0.69532603
0.69545954
0.69555306
0.69513994
0.6952803
0.6951168
0.6950497
0.6946559
0.69473094
0.69512033
0.69510096
0.6951626
0.6946618
0.69517094
0.6949635
0.6947586
0.69488865
0.69506925
0.6945989
0.69463235
0.6948803
0.69463366
0.69480103
0.6948175
0.69476867
0.69466084
0.69464654
0.69458646
0.6946945
0.6947649
0.6947442
0.6946308
0.6948365
0.6946125
0.6949966
0.69482875
0.69466275
0.6952215
0.6949756
0.69542825
0.6952859
0.6950563
0.6952071
0.6951278
0.69530356
0.6953466
0.69517875
0.69477665
0.6949319
0.6947258
0.6948876
0.6952742
0.69477713
0.69477445
0.69488376
0.6947039
0.69483477
0.6947246
0.6946562
0.695074
0.6948839
0.6949048
0.6946379
0.69494385
0.69456166
0.6945765
0.6949394
0.6947395
0.69480973
0.6949236
0.69473636
0.6950125
0.69476414
0.6950864
0.69512767
0.69497985
0.6945956
0.6950424
0.6953367
0.6951176
0.69509757
0.6952742
0.69509214
0.69528025
0.6950212
0.69490266
0.6948713
0.6949465
0.6946643
0.6951675
0.69457895
0.69517124
0.69525796
0.6949611
0.69519955
0.69539434
0.6952118
0.6956684
0.69500303
0.6956211
0.69529897
0.69551235
0.6953336
0.6950431
0.6951463
0.69529897
0.69534796
0.69542944
0.69552356
0.6949792
0.69495815
0.6951878
0.6953009
0.69520944
0.694864
0.6949226
0.6951751
0.6950389
0.69522196
0.69518304
0.6949973
0.69507486
0.69499034
0.69534224
0.6950444
0.69520706
0.6949787
0.69517756
0.6949678
0.69501036
0.6951639
0.6950961
0.6950999
0.69522715
0.69511366
0.6952459
0.6951883
0.6951271
0.6953949
0.69500846
0.69520956
0.6948702
0.6946449
0.69472253
0.6948591
0.69508564
0.6945853
0.6947942
0.6948734
0.6948575
0.6947894
0.6946981
0.6946915
0.69499105
0.6950937
0.6949586
0.6953683
0.6952599
0.6950908
0.69516706
0.6950967
0.69512826
0.69549406
0.6952475
0.69532317
0.695536
0.6957012
0.6957221
0.69523257
0.6957272
0.6956912
0.69503963
0.69515735
0.6953642
0.69523865
0.6950422
0.6955231
0.6952451
0.6950093
0.69483745
0.6947835
0.69479805
0.69464505
0.69515735
0.6951025
0.6951086
0.6947233
0.69464034
0.6949113
0.6946985
0.69524515
0.69555193
0.69498885
0.6953537
0.69516134
0.69507
0.694991
0.6949976
0.6950151
0.69486636
0.6949314
0.6948759
0.6949702
0.6949004
0.69507045
0.69486356
0.69487137
0.69496113
0.6951967
0.69505996
0.6951773
0.6949326
0.69525015
0.6949555
0.69529146
0.69507736
0.694778
0.6953355
0.69528526
0.695212
0.694993
0.6951268
0.6950798
0.69493574
0.69488513
0.69508934
0.6951094
0.69486123
0.6948669
0.6951123
0.6954103
0.69484437
0.69490504
0.69494575
0.69497603
0.69507575
0.69442135
0.69476557
0.6949026
0.69495606
0.6945012
0.69487154
0.6949482
0.6946776
0.6949653
0.6948282
0.6947081
0.69504726
0.694764
0.69466764
0.69453603
0.69496936
0.6949281
0.69473934
0.69491863
0.6947803
0.6945879
0.6949026
0.6948563
0.6951979
0.69485843
0.69464535
0.69487333
0.6952883
0.69500256
0.69545573
0.6951518
0.6954113
0.6955438
0.69531834
0.6950572
0.69495505
0.6952004
0.69539905
0.6947289
0.6948435
0.6950536
0.69472575
0.6948637
0.69504064
0.6948189
0.6947433
0.69485205
0.6949206
0.6949712
0.6945091
0.6950868
0.6945638
0.6945057
0.6945675
0.6946271
0.6945657
0.6945875
0.69526166
0.6947933
0.6949176
0.69491595
0.69510764
0.69474894
0.69480526
0.6948124
0.6948829
0.694365
0.6943397
0.6944707
0.6943724
0.694438
0.6945806
0.69460917
0.6945548
0.6949122
0.6945164
0.69480526
0.6946528
0.6949779
0.6949322
0.6949186
0.6947509
0.6950501
0.6948415
0.6950091
0.69527656
0.69514734
0.69481456
0.6949367
0.6950403
0.69503856
0.6951054
0.69502234
0.6950739
0.69532734
0.69523257
0.69507486
0.6954848
0.6949774
0.695054
0.6951273
0.6948822
0.6951884
0.6949989
0.69503653
0.69488454
0.69492567
0.69488764
0.69454956
0.6946678
0.6945245
0.6951732
0.69468325
0.6946208
0.6947609
0.6943265
0.6944947
0.69426996
0.6945132
0.69455206
0.69431716
0.6943015
0.6943397
0.6942894
0.6942437
0.6943882
0.69441986
0.69479036
0.69415325
0.6946192
0.69439334
0.69478166
0.6946743
0.6950024
0.6950223
0.6949027
0.6948959
0.6948778
0.69513524
0.6949919
0.695242
0.69504744
0.69483316
0.6947424
0.69522136
0.69494545
0.69467217
0.69467115
0.69526625
0.6948186
0.6951035
0.69474655
0.69538265
0.69514763
0.6949372
0.6952481
0.6950202
0.69480056
0.6951833
0.69533473
0.6951469
0.6952802
0.6953351
0.6951478
0.6952746
0.6952631
0.6954104
0.69528466
0.6951507
0.6950637
0.695134
0.69546825
0.6952759
0.69510794
0.69520396
0.6951617
0.6950285
0.6950633
0.6952071
0.6950057
0.6948778
0.69470096
0.6943474
0.69469786
0.6946265
0.6943956
0.6943075
0.69425434
0.69450647
0.69475263
0.69464093
0.6944706
0.69430536
0.6947569
0.6947369
0.694638
0.694413
0.6945875
0.69463235
0.69448066
0.69447505
0.69448936
0.69408554
0.6943566
0.6945393
0.6947121
0.694688
0.69477236
0.694689
0.69436055
0.69412714
0.69446856
0.69473433
0.69465256
0.69455934
0.6946531
0.69460493
0.694693
0.694963
0.69485015
0.694719
0.694912
0.69513726
0.69452834
0.69435227
0.6946221
0.6948021
0.69473666
0.69476044
0.6948202
0.6948977
0.6949432
0.69494617
0.69472104
0.6950646
0.6950092
0.6949289
0.69505644
0.69492656
0.6949566
0.6952041
0.69500875
0.6949415
0.694832
0.6948709
0.69502026
0.6947445
0.69510084
0.69498867
0.69469976
0.69497484
0.6953359
0.6950222
0.6949741
0.6951032
0.6949398
0.69494885
0.6948339
0.69491535
0.69460803
0.694718
0.6951174
0.69458663
0.694765
0.6948107
0.69480604
0.6944883
0.6947739
0.6948357
0.6948836
0.69491947
0.69510806
0.69476795
0.69512606
0.6950452
0.69530284
0.6952303
0.6951106
0.6952819
0.69514656
0.6949379
0.6951207
0.6953326
0.6950606
0.69503486
0.6952231
0.69489366
0.69490385
0.69502777
0.69522214
0.6949732
0.69511
0.6953775
0.69511974
0.6951811
0.6949007
0.69541854
0.6952796
0.6950264
0.6952661
0.69536597
0.6950714
0.69488955
0.6948898
0.69466704
0.6946179
0.69468546
0.69491565
0.69464546
0.6943966
0.6944947
0.69479084
0.6946125
0.6942709
0.69448787
0.6943625
0.69447285
0.6945169
0.694386
0.6943726
0.6943364
0.69444036
0.6941993
0.6941778
0.69432503
0.6943246
0.6944771
0.69483376
0.69442827
0.69486237
0.6948689
0.6947033
0.6944995
0.6944898
0.6946718
0.69482696
0.69487846
0.6946782
0.69498354
0.6951346
0.6952093
0.6956496
0.6954101
0.69532156
0.6955994
0.6953108
0.69541
0.6954139
0.69538224
0.69507694
0.6951588
0.6950792
0.6948542
0.6952008
0.6949747
0.6949254
0.69470435
0.69493455
0.6951701
0.6950922
0.6951353
0.69499755
0.6952909
0.69489247
0.69535094
0.6952491
0.69518656
0.69517267
0.6950108
0.69523734
0.69482183
0.6949271
0.6946169
0.69493717
0.69509774
0.6946482
0.69437295
0.6945544
0.6947784
0.6947708
0.6945806
0.69497997
0.69465965
0.6950794
0.694871
0.69459325
0.69506353
0.69457483
0.6948537
0.69483083
0.694894
0.69500047
0.69488794
0.69471025
0.694927
0.69420755
0.6948178
0.69476753
0.69474334
0.6947906
0.6945063
0.6947244
0.6946875
0.6944843
0.69468474
0.6947862
0.69464016
0.6947317
0.69487387
0.6947732
0.69477516
0.6946037
0.6947148
0.6944235
0.69493675
0.69495225
0.69468695
0.69491905
0.6950329
0.6945862
0.69507074
0.6948293
0.694984
0.69473314
0.6949404
0.6950311
0.6951934
0.69505465
0.6951621
0.69479555
0.6946131
0.69481635
0.6945376
0.69456273
0.69464326
0.69458246
0.6946737
0.6947467
0.6947086
0.6947787
0.694947
0.6947076
0.69517916
0.6948148
0.694969
0.6949477
0.69484884
0.69499445
0.6950538
0.69508666
0.69492644
0.6948435
0.6951006
0.69519556
0.69489384
0.6949744
0.6949456
0.6952311
0.69484186
0.6945867
0.6951416
0.69460964
0.6945961
0.69478714
0.6946988
0.69462776
0.69477373
0.69426095
0.6949653
0.69478595
0.6946907
0.69487345
0.69463843
0.6948398
0.69482464
0.6948411
0.6947346
0.6946108
0.69473827
0.69468457
0.69460267
0.6948248
0.6952212
0.69516546
0.6948
0.69525975
0.69494116
0.69513845
0.6951103
0.6951285
0.6947834
0.6951922
0.695116
0.6950145
0.6949821
0.69467837
0.6944963
0.6949983
0.69479626
0.6948524
0.6951967
0.69479424
0.69491464
0.6949014
0.69538116
0.6951143
0.69491976
0.69490147
0.69495964
0.695374
0.69507295
0.6946139
0.69499373
0.694966
0.69505537
0.69495595
0.69494516
0.69504344
0.695134
0.6951925
0.6953248
0.6950299
0.69534665
0.6950472
0.694655
0.6950906
0.6951503
0.6948513
0.6948214
0.69457746
0.6945915
0.6948669
0.6949596
0.69469714
0.69485873
0.6946392
0.6945568
0.69446445
0.6945668
0.6942545
0.6943644
0.694418
0.6944969
0.69456726
0.69436604
0.6945151
0.69450617
0.69472903
0.69502044
0.6946778
0.69493556
0.69499534
0.69507456
0.6953325
0.69505495
0.6952999
0.69578576
0.69509757
0.6950038
0.69509935
0.6947853
0.69463426
0.6948171
0.6948515
0.69478846
0.69470376
0.69464386
0.6944995
0.69457346
0.694867
0.6946433
0.69458425
0.69471246
0.6946981
0.6948727
0.69498694
0.69517225
0.69493395
0.69490606
0.6947404
0.69466
0.6945641
0.69474214
0.69482094
0.6949102
0.6948839
0.69477934
0.6949404
0.6948424
0.69500506
0.6946815
0.69451886
0.6949515
0.6950894
0.6948394
0.69508094
0.6947763
0.6951397
0.6948419
0.69455606
0.69456214
0.6946995
0.69447714
0.69492674
0.6947305
0.69465226
0.69500685
0.6947555
0.69463694
0.69502604
0.69479364
0.69479626
0.69470745
0.69454145
0.6949231
0.69521403
0.6948901
0.6948634
0.69486564
0.6948672
0.6946354
0.69496506
0.6947334
0.69492155
0.6950741
0.6946907
0.69471633
0.6948671
0.69483715
0.69471514
0.6947768
0.69460577
0.6944906
0.6947013
0.6947799
0.69477236
0.6951606
0.6948978
0.694983
0.6949108
0.6950915
0.69508016
0.69488806
0.69518614
0.6950534
0.69489163
0.6948901
0.6948635
0.6946122
0.69476867
0.69472903
0.6948216
0.6948959
0.69481087
0.6948601
0.6948796
0.6948598
0.69494265
0.69492674
0.69465417
0.6950485
0.69499254
0.69487464
0.69497097
0.6947364
0.69508725
0.69439363
0.69480723
0.69476026
0.69446826
0.6947731
0.6944192
0.69467556
0.6945195
0.69453245
0.69461393
0.69464666
0.694538
0.69464743
0.6942396
0.6944719
0.6945821
0.69484
0.6946411
0.6944038
0.694715
0.6944771
0.6945042
0.6948317
0.6946095
0.6948722
0.6954128
0.6950963
0.6947398
0.6946834
0.694914
0.6950841
0.6950054
0.69528645
0.6949401
0.69494486
0.6952224
0.69536257
0.6952075
0.6949249
0.6951808
0.6951181
0.69490385
0.6951353
0.69534826
0.69515693
0.6951217
0.695121
0.69504106
0.6948955
0.6949985
0.6954789
0.6951699
0.69515735
0.69541764
0.6949599
0.69527674
0.69552755
0.6953782
0.69547176
0.69544405
0.695223
0.6952049
0.69533265
0.6949376
0.69517976
0.6955352
0.69524807
0.69520533
0.6948644
0.6950882
0.69501984
0.69488925
0.6949735
0.6947861
0.6947729
0.69484216
0.6944758
0.69464904
0.6942968
0.69470495
0.69463444
0.69454986
0.6944425
0.6945446
0.6942957
0.69448304
0.6944059
0.69453585
0.694746
0.6947017
0.6949999
0.69485724
0.6946773
0.6950237
0.6950287
0.6951453
0.69523543
0.6950405
0.69504076
0.69475764
0.6949262
0.69508463
0.69507736
0.6952393
0.69528884
0.6954543
0.6953557
0.6954528
0.6952939
0.6955566
0.6959849
0.695272
0.6956113
0.6955
0.69559526
0.6955144
0.6954461
0.6955202
0.69563216
0.6959701
0.6957682
0.6955511
0.69567686
0.695416
0.6950936
0.6955304
0.6956639
0.69532526
0.6951903
0.6953744
0.6950848
0.6950653
0.69501066
0.69488174
0.6949032
0.69518423
0.69477636
0.69490814
0.6950488
0.6945407
0.6943359
0.69475716
0.6942634
0.6943728
0.69448453
0.6942906
0.6948044
0.69469815
0.69487774
0.695246
0.6950732
0.6951585
0.695197
0.6953578
0.6952152
0.6952367
0.6950128
0.6951515
0.69495034
0.69512796
0.6949521
0.6950402
0.69475406
0.69451964
0.694875
0.6950472
0.6948489
0.694742
0.6944885
0.69489443
0.69473505
0.69483453
0.6950321
0.6947949
0.694859
0.6945029
0.69486356
0.6947939
0.6950767
0.695038
0.69449157
0.6947367
0.6949434
0.6950464
0.69494367
0.69513285
0.69508237
0.6950742
0.6950352
0.6949613
0.6949924
0.695074
0.6954771
0.6952819
0.6951285
0.6953255
0.6951537
0.69513017
0.6953416
0.69519806
0.69501966
0.6952465
0.6952008
0.69482493
0.69486755
0.694644
0.6949839
0.6947304
0.695233
0.6950224
0.69499433
0.6951966
0.69520277
0.69522536
0.695055
0.6948992
0.6947335
0.694898
0.6952343
0.69506294
0.69493264
0.6952889
0.6952457
0.6948498
0.69504577
0.694783
0.6946309
0.69470626
0.69464713
0.6948037
0.6945291
0.694542
0.6948583
0.6946383
0.6944725
0.6943995
0.69451636
0.6947466
0.6945196
0.6948047
0.6949207
0.69467914
0.69458026
0.694685
0.69464767
0.69509614
0.6948921
0.6951777
0.69525504
0.69523925
0.69534034
0.6951357
0.69511366
0.69538623
0.6953341
0.6952599
0.69529307
0.69569355
0.6954658
0.6949114
0.6953324
0.6953217
0.695025
0.6950822
0.69530404
0.6950558
0.69499147
0.6950797
0.6951066
0.6949112
0.69515944
0.69465333
0.69525474
0.6949051
0.69503343
0.694723
0.69475824
0.69529116
0.69495773
0.6949283
0.6951253
0.69490385
0.69496614
0.69494545
0.69475055
0.69477665
0.6947355
0.69458884
0.69451076
0.6945776
0.69445723
0.6943988
0.69462156
0.69500303
0.6949453
0.6945669
0.6948139
0.6947162
0.694906
0.6951045
0.6949166
0.6953268
0.6952929
0.6951429
0.6951005
0.6951505
0.6949758
0.6951665
0.6949092
0.69528633
0.69477415
0.6948306
0.6951298
0.6949785
0.69480634
0.6946567
0.69480467
0.6950473
0.6950767
0.6948444
0.6950499
0.6950543
0.6949684
0.6947663
0.69552374
0.6949096
0.69515103
0.6953073
0.69496214
0.6946845
0.69490325
0.6949155
0.69485664
0.6948122
0.6944344
0.69470584
0.69457483
0.69436353
0.6943826
0.69439536
0.6948082
0.69454795
0.69476527
0.6945379
0.69496393
0.6944922
0.6946586
0.6948618
0.6944681
0.6944947
0.6945638
0.6949592
0.69486284
0.69492674
0.695024
0.6950243
0.69510937
0.69475824
0.69508475
0.6943949
0.6953786
0.69487303
0.69546217
0.6950074
0.695013
0.69523036
0.6948436
0.695201
0.69520384
0.69532835
0.6953066
0.6948999
0.6951271
0.6951318
0.69513583
0.6952795
0.69497347
0.69497794
0.69514453
0.695083
0.6949957
0.6954115
0.69555014
0.69558585
0.6952181
0.6953617
0.6950245
0.69507325
0.6949206
0.6947728
0.69526434
0.6949434
0.69467235
0.69456524
0.6946245
0.6944581
0.69447523
0.694378
0.6946537
0.69438887
0.6944044
0.69444203
0.69448584
0.69463015
0.6944983
0.69488204
0.69471234
0.69457173
0.69475347
0.6945923
0.69475204
0.694729
0.69499487
0.6947277
0.69474906
0.6943558
0.69437456
0.6945114
0.69470114
0.6945489
0.69464153
0.6945546
0.69476295
0.6944754
0.6945938
0.6943865
0.694863
0.6944352
0.6948058
0.6948126
0.6947589
0.6947824
0.69508207
0.6946336
0.69520646
0.695148
0.69501007
0.6950737
0.69488454
0.69515216
0.69474375
0.69502646
0.69493425
0.6947452
0.6949989
0.6949482
0.6950318
0.6953485
0.6954166
0.6952028
0.69529295
0.6954852
0.6954089
0.69576555
0.69537705
0.69535077
0.6951349
0.6953486
0.69519097
0.69562024
0.6951849
0.69525766
0.6950824
0.6951509
0.6950354
0.69521964
0.69511336
0.6946158
0.6950687
0.69495267
0.69475985
0.69522876
0.6946429
0.6947689
0.6949077
0.694668
0.6947697
0.69486064
0.69512004
0.69511586
0.69509614
0.6946845
0.6946399
0.69430107
0.69481516
0.69508845
0.6946703
0.6945337
0.695162
0.6950691
0.69429064
0.69490576
0.69477123
0.6950272
0.6952369
0.69470066
0.6947632
0.69510174
0.69451237
0.69492126
0.69481856
0.69504297
0.69488287
0.69489557
0.6947312
0.69534785
0.69464403
0.6949235
0.6946439
0.6950997
0.69521815
0.6949245
0.6949418
0.6948884
0.6948124
0.69511056
0.69511485
0.69527406
0.69550395
0.6951874
0.6953657
0.6952371
0.6951521
0.6950683
0.69556135
0.6953227
0.6953241
0.69535506
0.69527644
0.6956398
0.69512194
0.6954646
0.6954518
0.6953635
0.69556123
0.69584656
0.695475
0.6954381
0.695696
0.6954738
0.6957097
0.6955265
0.6956781
0.69559497
0.695241
0.6954071
0.6950398
0.6949913
0.69509363
0.69509643
0.6950193
0.69520247
0.6952285
0.69538045
0.6955698
0.69527006
0.6955301
0.69566876
0.69517004
0.69522685
0.69515425
0.6949511
0.69485354
0.6949544
0.6950993
0.6952204
0.6952307
0.69523346
0.69552827
0.69513905
0.69518566
0.69519323
0.6952148
0.6951051
0.6949792
0.69551426
0.69520855
0.69508207
0.6950199
0.69523746
0.6949248
0.69489694
0.6945685
0.6954335
0.695162
0.6951479
0.69507223
0.6951372
0.6952739
0.6948475
0.69508004
0.6952135
0.6950305
0.69493645
0.6946489
0.6949441
0.6947374
0.69491094
0.6952062
0.69533694
0.695366
0.69584566
0.6956878
0.6956469
0.69528496
0.695435
0.69519645
0.69535947
0.69515973
0.695532
0.6954518
0.6951711
0.695799
0.6956992
0.695779
0.6954481
0.6954858
0.6953452
0.69544744
0.69551647
0.695597
0.695371
0.695428
0.6951742
0.6953989
0.69500947
0.69516975
0.69530964
0.6950834
0.6951067
0.6950847
0.69491786
0.6949974
0.6949069
0.69497144
0.6950787
0.6952497
0.69504756
0.69531345
0.69485396
0.6951341
0.69508463
0.6953934
0.69529676
0.695164
0.6948994
0.6947961
0.69485754
0.6953504
0.6949761
0.6952259
0.6956164
0.6955141
0.6955573
0.69536763
0.6953994
0.6950634
0.6951467
0.69498044
0.6956606
0.6953346
0.69548315
0.69529444
0.69535005
0.6953405
0.6949535
0.69510937
0.69485927
0.6949796
0.69498813
0.69493806
0.69533294
0.6951893
0.6947819
0.69536763
0.6951438
0.69549626
0.6953564
0.6958029
0.69550884
0.69549584
0.6951367
0.6951484
0.6957324
0.69546056
0.69560736
0.695731
0.69564897
0.69564784
0.6954662
0.6959023
0.6957192
0.69580966
0.69506747
0.69525737
0.69516677
0.6950382
0.69501966
0.6952276
0.6953183
0.6953976
0.6953227
0.6953254
0.69575644
0.69554853
0.6956833
0.69561625
0.6957284
0.6957757
0.6959847
0.6956801
0.6952964
0.69575924
0.6956944
0.6955694
0.69545066
0.6951467
0.69528335
0.6951126
0.6949132
0.69499135
0.6949497
0.6950084
0.6949613
0.6947724
0.69444066
0.6946084
0.6948022
0.6946362
0.6948721
0.6950113
0.69465834
0.69542164
0.6951189
0.695454
0.69528717
0.69524497
0.6954123
0.69531965
0.6956329
0.69538325
0.69509315
0.69506365
0.69541216
0.695511
0.6954556
0.69481117
0.69457746
0.69499624
0.6949724
0.6948133
0.69506896
0.69508886
0.6954095
0.6950608
0.6951329
0.6947957
0.6948956
0.6953244
0.69498956
0.69525576
0.6947419
0.6954216
0.6948594
0.69516695
0.6951524
0.6949021
0.694893
0.6953933
0.69493043
0.6947893
0.6950151
0.6947891
0.6949868
0.69495046
0.69509107
0.6949068
0.6953443
0.6947771
0.69515294
0.6950396
0.6949439
0.69559944
0.6950694
0.6952715
0.69509345
0.6950911
0.69542253
0.6951719
0.6950284
0.6948567
0.6951578
0.6953199
0.6951574
0.6951545
0.6952583
0.69536495
0.6953657
0.69539285
0.6953781
0.6957377
0.6952405
0.6952642
0.69517344
0.6952484
0.69517523
0.69529605
0.6953864
0.6952532
0.6948523
0.6951756
0.6953274
0.6946465
0.6950688
0.6948405
0.6949218
0.6948145
0.69533664
0.6951473
0.69469583
0.6951858
0.6951019
0.6949031
0.69449383
0.69441235
0.69460523
0.6950029
0.6949215
0.6945021
0.6945691
0.6946203
0.6945868
0.69459486
0.6943522
0.6945632
0.69485205
0.69470114
0.69505054
0.6952783
0.6949816
0.69490206
0.69519955
0.695367
0.6950904
0.69527066
0.6951559
0.69542754
0.69540614
0.6949747
0.69518995
0.6953164
0.6952497
0.6950399
0.6951601
0.695406
0.69524276
0.6947997
0.6953886
0.695008
0.6954959
0.69525737
0.695059
0.69488704
0.69512326
0.6951556
0.6948184
0.69501233
0.69478077
0.69490534
0.6948518
0.6946644
0.6947017
0.6947865
0.6949745
0.69526815
0.69453365
0.69463587
0.6949164
0.6949273
0.6947502
0.6945536
0.6946277
0.69456106
0.69505644
0.6947936
0.6947649
0.69512457
0.69535834
0.69528353
0.6950994
0.69540566
0.6952557
0.69527096
0.695241
0.6955513
0.69543403
0.6953185
0.6948514
0.69488776
0.6949819
0.6949781
0.69513685
0.69492835
0.69505316
0.694916
0.69555694
0.69525075
0.6952017
0.69532955
0.69535846
0.6954173
0.6950865
0.6953822
0.6950707
0.6949236
0.69508725
0.695134
0.69507504
0.6954291
0.6954595
0.6951957
0.69548625
0.69503236
0.69573134
0.6950657
0.6950257
0.69497824
0.6950204
0.6951037
0.69523543
0.69521815
0.6952936
0.6952077
0.6947742
0.6947964
0.6950172
0.6950555
0.6949599
0.6945997
0.6945755
0.6951969
0.6947201
0.69452035
0.69469106
0.69496864
0.6950369
0.6951897
0.6946822
0.69484407
0.69506174
0.6951051
0.694986
0.69468504
0.694995
0.69530594
0.6951692
0.69547164
0.6951927
0.6953737
0.6953062
0.6954876
0.6952733
0.69555235
0.69574165
0.69550496
0.69513565
0.69515586
0.6954889
0.69549745
0.69554895
0.69579536
0.6956068
0.69554496
0.6955259
0.69522196
0.6954029
0.69506884
0.6949288
0.69502795
0.69500047
0.694693
0.69453394
0.69496715
0.6949532
0.6948884
0.69491243
0.6945405
0.69469357
0.6945188
0.69467074
0.6947925
0.6945154
0.6944355
0.6944884
0.6946358
0.694556
0.69423294
0.6942366
0.69484985
0.6945787
0.69471335
0.6946973
0.6948193
0.69444174
0.69505805
0.69479614
0.69526446
0.6953236
0.6949642
0.69524807
0.69520426
0.6952713
0.6956959
0.6952361
0.6955653
0.6952494
0.6957693
0.6952967
0.6953969
0.6951265
0.69491124
0.6951165
0.69544894
0.69527483
0.6948338
0.6953283
0.69501865
0.6951564
0.6951134
0.69479483
0.69497806
0.69511765
0.69487864
0.6953165
0.69500625
0.6951794
0.69524354
0.69498515
0.69488305
0.6947313
0.6951473
0.694794
0.695021
0.69504005
0.6947684
0.69497836
0.6948101
0.6944082
0.6948245
0.69483304
0.69472283
0.69516844
0.6947265
0.6949492
0.69455034
0.69467765
0.69445807
0.6948026
0.6945525
0.6948966
0.69453645
0.6946466
0.6948905
0.6946457
0.6947261
0.69478106
0.69492394
0.69488037
0.6950595
0.6950153
0.69485426
0.6948674
0.69492644
0.6950497
0.6953604
0.6952902
0.69528097
0.69521505
0.6951381
0.69561344
0.6951109
0.6952188
0.69511956
0.69505423
0.69541335
0.6952191
0.6952872
0.6952306
0.69529504
0.69503736
0.6954357
0.69556254
0.69508857
0.69532937
0.69527024
0.6952667
0.69507974
0.6954334
0.6951489
0.6950838
0.6949522
0.6946748
0.69501
0.69461846
0.69453615
0.6948803
0.69478524
0.6948368
0.6945518
0.6948827
0.6948523
0.69463277
0.69478685
0.6947086
0.69508904
0.6948107
0.6952618
0.6948292
0.69477564
0.695026
0.69468987
0.6947076
0.6946951
0.6947854
0.69511634
0.6948708
0.69469965
0.6947729
0.6950399
0.6951709
0.69530636
0.6955173
0.694857
0.6952602
0.6954801
0.6946758
0.6950396
0.6949352
0.69459087
0.69520104
0.695187
0.6949668
0.69519573
0.69533056
0.6950663
0.6949261
0.6952172
0.695483
0.69556886
0.6955686
0.6957796
0.69544154
0.6956226
0.695955
0.6953829
0.6957712
0.69566935
0.6954653
0.6958469
0.6957119
0.6957082
0.69578063
0.6960556
0.69588304
0.6956074
0.69601226
0.6959104
0.6954981
0.69568443
0.69519764
0.69523704
0.695181
0.6950698
0.6952491
0.6949259
0.6951241
0.69491696
0.6950088
0.69488347
0.6949516
0.69508207
0.6949203
0.6954879
0.6953422
0.6955364
0.695258
0.6950527
0.6952714
0.6952037
0.69530934
0.6946581
0.69490105
0.69553405
0.6953622
0.69537747
0.69502527
0.69534963
0.6950121
0.695008
0.69523
0.69543904
0.6952827
0.6951977
0.6953334
0.6949978
0.6947395
0.69467646
0.6953014
0.69486
0.6953121
0.6949743
0.69485277
0.69468653
0.69516206
0.6949171
0.6946878
0.69503176
0.6948918
0.69486564
0.694854
0.6948467
0.69504994
0.69514614
0.6948946
0.6947796
0.6952267
0.6950666
0.69473106
0.6944931
0.6950722
0.69492644
0.69504267
0.6947066
0.6951467
0.69471914
0.69486827
0.69489366
0.6952233
0.6949417
0.6947897
0.6948965
0.6946017
0.69487244
0.69503665
0.6949763
0.6947336
0.69499755
0.6952131
0.694846
0.69476026
0.695085
0.6953067
0.6955072
0.6953399
0.6949471
0.6950254
0.6951994
0.69495314
0.6949555
0.6950078
0.6950317
0.69485956
0.69474304
0.69535136
0.6950485
0.6953546
0.6952812
0.6949334
0.6947024
0.6949642
0.6948393
0.69505274
0.69491047
0.69520265
0.6950964
0.69483984
0.69485956
0.6949105
0.69498926
0.6952532
0.69512117
0.6953351
0.69480973
0.69492537
0.6950709
0.6951578
0.69540983
0.6953289
0.69555205
0.6952662
0.69486827
0.6956102
0.6957164
0.6951918
0.69493735
0.695505
0.6954167
0.6953287
0.6952293
0.6951603
0.69496804
0.69528055
0.6948686
0.69499
0.6952885
0.6951682
0.69489896
0.69523364
0.6951324
0.6950114
0.6950514
0.6950898
0.6956272
0.6953214
0.69542646
0.69547254
0.69535655
0.6952958
0.6950669
0.69525015
0.6951308
0.69549036
0.69534254
0.695258
0.69527483
0.6954812
0.695253
0.6953807
0.6954965
0.6954341
0.6956579
0.6952254
0.69561344
0.6958349
0.69517416
0.6955986
0.6950959
0.69524235
0.6956279
0.69521576
0.695493
0.69514257
0.69530326
0.6946897
0.6951295
0.69488305
0.69501406
0.6957033
0.69549584
0.69528794
0.6954631
0.6954426
0.69544554
0.69555575
0.6953392
0.6953363
0.69580024
0.69545346
0.6953735
0.6954736
0.6953091
0.69522995
0.69538563
0.69509625
0.6952808
0.6953202
0.6951317
0.6953263
0.6953905
0.6954856
0.6952243
0.6953157
0.6952113
0.6952498
0.6955288
0.6954532
0.6955099
0.6954026
0.6952644
0.69541234
0.69483924
0.69491273
0.69519895
0.6951279
0.6952457
0.6955221
0.69523555
0.6956404
0.69565994
0.6958313
0.6954586
0.69584
0.6957619
0.695479
0.6957066
0.69548917
0.69574535
0.6954446
0.69533587
0.6952672
0.69537795
0.6953416
0.6951569
0.6955144
0.69525576
0.69505113
0.6949986
0.6951807
0.69525415
