0.8690098
0.8936781
0.8979554
0.89812905
0.8991069
0.89833254
0.9016154
0.89773095
0.8995542
0.8994772
0.89689523
0.89479303
0.8998038
0.8942299
0.8928254
0.89440346
0.8932948
0.8955937
0.8965787
0.89701223
0.89432573
0.89295095
0.8939129
0.8948084
0.8928732
0.89474833
0.895089
0.8913854
0.88998485
0.8962933
0.89295554
0.8932783
0.8951296
0.8912208
0.8919711
0.89514166
0.89409786
0.8920521
0.8952169
0.89340013
0.9011308
0.89356637
0.89516103
0.89834845
0.8991739
0.8949093
0.8968112
0.89860797
0.900788
0.897671
0.89717
0.90172
0.9021804
0.9008734
0.9012355
0.8984945
0.89617217
0.90060186
0.8941751
0.8980567
0.89910394
0.900125
0.9008872
0.90246445
0.9001268
0.901208
0.8999679
0.8998487
0.8980701
0.89758563
0.8990627
0.9022368
0.90097034
0.8974934
0.8975094
0.9009696
0.89953214
0.9006232
0.90040994
0.8982092
0.9032921
0.8985628
0.90197635
0.89940983
0.9027508
0.9016103
0.90285003
0.89929265
0.90164554
0.9054067
0.9045198
0.90403223
0.90560186
0.9046559
0.9060257
0.9063928
0.9061898
0.90580815
0.9051038
0.9036289
0.90461963
0.9064795
0.90812093
0.90998656
0.9110312
0.90649045
0.909196
0.9081909
0.90685546
0.90835077
0.9089141
0.91323453
0.9085902
0.91161084
0.9090705
0.91005766
0.91474366
0.91276306
0.91377306
0.91563874
0.91478294
0.91231215
0.9134698
0.9120708
0.91389143
0.910441
0.9167594
0.91501176
0.9160726
0.9153944
0.91703707
0.91372514
0.91552025
0.9208155
0.9180907
0.9194008
0.92129725
0.9207542
0.917209
0.92217237
0.9209675
0.9214319
0.92382437
0.92140394
0.92466086
0.9221329
0.92336327
0.92638254
0.9233138
0.92640376
0.9264296
0.9250724
0.9270109
0.9263362
0.929823
0.9317731
0.93059224
0.92874783
0.9283046
0.9285079
0.9349665
0.9283802
0.9333116
0.9365382
0.9346769
0.9338758
0.9349656
0.938504
0.9384499
0.936809
0.9376322
0.93730086
0.93914276
0.941541
0.94121814
0.9401951
0.9407344
0.9467318
0.94305
0.9432714
0.94624776
0.9468167
0.94607425
0.9478468
0.947156
0.9442302
0.947686
0.95234144
0.9535509
0.9510524
0.95372283
0.9518763
0.9579148
0.95811117
0.9559597
0.9598552
0.9582774
0.9577556
0.9619317
0.96269876
0.9613998
0.9633766
0.97129184
0.9658437
0.9703197
0.9648952
0.9705128
0.9704924
0.9702333
0.97055066
0.9734102
0.9713073
0.9758994
0.9728234
0.9757837
0.9754487
0.9734606
0.9742057
0.9740708
0.9780739
0.9734136
0.97470117
0.9766603
0.9756662
0.9748449
0.97990525
0.97549826
0.9750618
0.9796313
0.98094004
0.9786436
0.9814075
0.97711045
0.98045766
0.9796389
0.9818854
0.9842209
0.98094875
0.9799286
0.9798558
0.97921264
0.986844
0.98414284
0.98374957
0.9840367
0.98761624
0.98611933
0.98463225
0.98665124
0.98831254
0.9897911
0.986833
0.9871018
0.986087
0.985299
0.9872098
0.98879373
0.9883608
0.9920122
0.98701775
0.9917848
0.9868932
0.9890811
0.9904409
0.9907685
0.990486
0.9913649
0.99173063
0.9927971
0.9924055
0.99313754
0.99192506
0.99262035
1.0006038
0.99815446
0.99385124
0.99280214
0.9984782
0.9957587
0.998852
0.9978235
0.9977146
0.99895924
0.9933613
0.996993
0.9968451
0.99850065
0.9990768
0.998514
1.000083
1.002039
0.9998247
0.99625444
1.0018433
1.0015403
1.001613
1.0016181
1.0007932
1.0021155
0.9997809
1.0042665
1.001807
1.0039941
1.0021031
1.0048941
1.005194
1.0062302
1.006535
1.0050025
1.0049703
1.0059487
1.0062661
1.0062445
1.0087663
1.0076833
1.0051163
1.0097737
1.0067451
1.0088758
1.0095489
1.009193
1.0084525
1.0079108
1.0091953
1.0093737
1.0082941
1.0134166
1.013809
1.0046575
1.0099227
1.0096679
1.0094943
1.011324
1.0124971
1.0108901
1.01296
1.01185
1.0109617
1.0069818
1.0108368
1.0138782
1.0127212
1.0095309
1.0123866
1.0113071
1.0103518
1.0131767
1.0088675
1.010665
1.0116441
1.0107121
1.0130739
1.0094695
1.013572
1.0140978
1.0112488
1.0123186
1.015518
1.0139371
1.0151557
1.0150304
1.013899
1.0118196
1.0093297
1.0111816
1.0090075
1.0054439
1.0123065
1.0099279
1.0148488
1.0116057
1.0133448
1.0070388
1.010896
1.0125196
1.0091101
1.0108631
1.008994
1.010886
1.0059094
1.0095816
1.0099485
1.0043283
1.0054576
1.0103089
1.0107895
1.0047886
1.0065033
1.0093877
1.0083432
1.0092878
1.0043893
1.0057712
1.0079076
1.0046493
1.0003406
1.0079561
1.0065786
1.0067801
1.0050954
1.0015359
1.0036819
1.0039119
1.0001515
1.0015019
1.0040123
1.0017426
1.0030841
1.0004512
0.99939257
1.0025985
0.9991112
1.0013405
0.99619675
0.99775106
0.9969662
0.9991573
0.9907744
0.9920153
0.99685806
0.9977464
0.99263936
0.99261385
0.9882413
0.99025935
0.9892482
0.9928498
0.99265033
0.9911168
0.98360926
0.9914433
0.99378145
0.98542786
0.9886091
0.9840752
0.98270136
0.98263335
0.98299193
0.9829288
0.984947
0.9773586
0.9805462
0.9788301
0.9808369
0.9721603
0.969782
0.9750694
0.97575146
0.9655721
0.9736553
0.9757997
0.9691027
0.9731242
0.96187365
0.9666452
0.96334827
0.9577568
0.9651496
0.9634316
0.95628345
0.9512651
0.9542194
0.94685984
0.9473277
0.9436165
0.94100606
0.9375671
0.9379059
0.94125605
0.9261494
0.9319561
0.92408067
0.922933
0.9221852
0.9038246
0.9140122
0.8986922
0.8993601
0.89940834
0.8896379
0.8798934
0.87069803
0.8764866
0.86499274
0.8531096
0.8482511
0.8377388
0.8323172
0.8359771
0.8109259
0.80996
0.81568515
0.79663736
0.79208684
0.7915563
0.78653735
0.7845207
0.7822124
0.7678571
0.76596236
0.7583594
0.767703
0.7628207
0.7410828
0.7558973
0.7440874
0.7458986
0.7348058
0.73600364
0.7312599
0.7373754
0.7234735
0.72829664
0.72107047
0.72494775
0.72614354
0.72243804
0.71730906
0.7172241
0.72152525
0.7201972
0.7166888
0.72451955
0.71729505
0.7192232
0.7191826
0.7171196
0.7182119
0.72342765
0.72211593
0.72271776
0.72224176
0.7211145
0.7253535
0.7226444
0.7207735
0.7184422
0.7299155
0.7294001
0.73183036
0.7283058
0.7322311
0.7281725
0.73502356
0.7275188
0.7253508
0.7265907
0.7253871
0.7288393
0.729865
0.7219193
0.72232294
0.721786
0.7197514
0.71198756
0.71330655
0.71526337
0.7082274
0.7055119
0.7076195
0.6997019
0.69841075
0.69996
0.69045335
0.6913456
0.68960243
0.6839081
0.6812017
0.6736562
0.67346704
0.67039496
0.67316264
0.6634529
0.65148425
0.6655032
0.6604536
0.6529435
0.64994186
0.64582324
0.6376526
0.6352528
0.63438183
0.63088846
0.6263563
0.62348604
0.6156294
0.61878705
0.6066837
0.60063654
0.59358215
0.60398465
0.5890227
0.598123
0.58286846
0.5880426
0.5776507
0.582328
0.5812228
0.5721784
0.57204765
0.57322586
0.57174784
0.5702996
0.57113504
0.56617475
0.5672031
0.5645538
0.5675813
0.5649834
0.5706576
0.5652118
0.57199204
0.57070726
0.5768457
0.5677738
0.5634537
0.5743162
0.5753524
0.56976277
0.57271594
0.5755136
0.57605296
0.57986474
0.5780871
0.58132404
0.5838922
0.5812266
0.5873914
0.58754367
0.58532643
0.5876799
0.5940651
0.588872
0.59292257
0.5962931
0.5996287
0.60326666
0.60061556
0.6031545
0.6051383
0.605514
0.6084496
0.61015135
0.6116569
0.6093415
0.6210016
0.61703753
0.6229847
0.6193713
0.6208648
0.62757325
0.62737614
0.6297116
0.6305784
0.62871486
0.6344043
0.63789314
0.63914436
0.64113384
0.640037
0.64399135
0.645522
0.6510539
0.6498047
0.65207523
0.65228033
0.6542861
0.6581036
0.6570303
0.66231346
0.6609044
0.65825033
0.6656235
0.66344523
0.6692079
0.66954184
0.6749311
0.67708206
0.6744364
0.6804381
0.6787275
0.68241477
0.6730247
0.6832429
0.6878651
0.6848909
0.68786085
0.6907086
0.6944592
0.6918222
0.69331425
0.70008826
0.6968995
0.6990603
0.6974731
0.69958544
0.7077774
0.7058208
0.6978717
0.71177477
0.7034813
0.7120158
0.7087713
0.711286
0.7077171
0.71072495
0.7150073
0.7113047
0.71950084
0.71835303
0.71657765
0.7185236
0.71582377
0.71998745
0.72253203
0.7222721
0.7214075
0.72996205
0.7284855
0.72562456
0.73161936
0.73270875
0.7294067
0.7264732
0.72873074
0.7293669
0.73459995
0.72977674
0.7363646
0.73835886
0.7344772
0.7353436
0.7383756
0.73746
0.7396043
0.74119884
0.7424418
0.74283636
0.7439253
0.7454881
0.7452883
0.74302775
0.7496451
0.7482912
0.75099415
0.7424091
0.7438897
0.75723785
0.75751215
0.7538542
0.7498866
0.74788654
0.75354373
0.757612
0.7524529
0.75671834
0.75568277
0.7541689
0.76188225
0.7563951
0.7631728
0.76129586
0.75638896
0.7526966
0.76573324
0.76299757
0.7675658
0.76848906
0.76710945
0.7593617
0.76742
0.76492673
0.76705015
0.76881355
0.7702262
0.76705486
0.7666968
0.77144486
0.77106464
0.7730293
0.775241
0.7695174
0.7684986
0.76543754
0.76988393
0.7696418
0.7697702
0.778736
0.77382857
0.7755405
0.7771715
0.7776831
0.77457213
0.77267283
0.77563536
0.77703106
0.77599484
0.78357846
0.78180873
0.7787894
0.7823258
0.7834213
0.7821965
0.78204876
0.7908344
0.7781572
0.7772405
0.78549516
0.7831502
0.783182
0.7834898
0.78361946
0.7906239
0.7805786
0.7878761
0.783203
0.788276
0.7863729
0.78597593
0.78689617
0.7899751
0.7838681
0.78623897
0.77500653
0.7785297
0.7823912
0.7830998
0.776737
0.77772
0.7743666
0.7754052
0.77513224
0.7690239
0.76979274
0.76956517
0.77106726
0.7702096
0.76622164
0.7677353
0.7628366
0.76316667
0.7605177
0.7612735
0.75339675
0.7538514
0.75545454
0.75036633
0.75314814
0.75243646
0.7491639
0.74859923
0.7465411
0.7455841
0.74580956
0.742572
0.7424131
0.74195015
0.73999065
0.73860776
0.7363727
0.73555815
0.73213434
0.7346733
0.73111105
0.73116976
0.7321516
0.72925586
0.73007345
0.73058105
0.72679555
0.7271252
0.72630566
0.72497386
0.7247726
0.72601455
0.7258191
0.7237445
0.72357035
0.7230109
0.7205738
0.7203128
0.71993977
0.72085994
0.7200614
0.7206641
0.7184581
0.718849
0.7196449
0.71777236
0.7169139
0.71867204
0.7175701
0.7179629
0.7163977
0.71807635
0.7186436
0.71827906
0.7155529
0.714632
0.7165529
0.7171747
0.7167643
0.71661615
0.7165399
0.71483564
0.71380156
0.716195
0.71505606
0.71574634
0.7155129
0.7150788
0.7155745
0.7159367
0.71451974
0.71481514
0.715464
0.7138922
0.71518785
0.7144879
0.7156575
0.7146458
0.71264565
0.7149736
0.71382403
0.7150299
0.71345216
0.7136026
0.7136232
0.7139748
0.713015
0.7138332
0.714243
0.714189
0.712653
0.71491927
0.71404564
0.7136108
0.7145202
0.7142526
0.71264875
0.7139619
0.7134847
0.71402335
0.7143625
0.7142171
0.7138301
0.7142199
0.7139382
0.7146147
0.71521074
0.71424335
0.7144827
0.716393
0.7146029
0.7146211
0.71460384
0.71345645
0.7144503
0.713558
0.7143161
0.71455634
0.71397775
0.7132081
0.7124264
0.7134475
0.7153017
0.71526587
0.7140174
0.7128473
0.71340173
0.71286416
0.71348125
0.71437055
0.71445733
0.71374875
0.71430606
0.71356124
0.7150479
0.7130562
0.71392787
0.7147512
0.7151318
0.7140185
0.71410155
0.71401864
0.7161326
0.71603525
0.71345013
0.71488696
0.7138088
0.7143218
0.71460015
0.71445215
0.71384245
0.714719
0.7153872
0.71583885
0.71524274
0.7148497
0.7158127
0.71599174
0.7146274
0.7147503
0.7154728
0.71374464
0.71484244
0.71605253
0.7149739
0.71534735
0.71408826
0.715159
0.7157753
0.7145199
0.7164062
0.7147149
0.714434
0.71661973
0.7156977
0.71506137
0.7150436
0.7145849
0.7151033
0.7149168
0.71507347
0.7152294
0.7163402
0.71553797
0.7170841
0.71695215
0.715855
0.71578485
0.71523494
0.7164166
0.7152697
0.71536154
0.7160605
0.7166672
0.7154419
0.71602035
0.71618164
0.7167637
0.71595913
0.71613777
0.7158694
0.7167842
0.7170257
0.7166463
0.7158896
0.7164866
0.7172274
0.7165017
0.7170882
0.71601534
0.7169498
0.7172369
0.7159095
0.7163981
0.71664965
0.717969
0.71680176
0.71597177
0.7173882
0.71671724
0.7176825
0.7172295
0.7175308
0.7184175
0.7180656
0.7163273
0.71799743
0.7172845
0.71765006
0.71773344
0.7179716
0.718855
0.718268
0.7193357
0.71849084
0.71917164
0.71913946
0.71882385
0.7182732
0.7192464
0.7197998
0.71895576
0.7182837
0.71833
0.7192269
0.7195137
0.71925265
0.71987987
0.71851665
0.72031134
0.7205341
0.7212894
0.7190806
0.7210021
0.7198772
0.7199699
0.7209758
0.7192093
0.72033346
0.71944886
0.7215788
0.72086596
0.72092646
0.72054183
0.72078395
0.7208145
0.7198716
0.7207706
0.72083515
0.7213302
0.7221431
0.72249794
0.7213014
0.7222316
0.7207612
0.72118235
0.72090757
0.72223324
0.7222337
0.72114617
0.7210912
0.722166
0.7217941
0.72238725
0.72251564
0.7228957
0.7231724
0.72272563
0.7225468
0.7227904
0.72194535
0.72218764
0.7229245
0.7223667
0.722924
0.72356963
0.7236004
0.7233938
0.7236099
0.723771
0.7245734
0.72340816
0.7234253
0.72429806
0.7236151
0.7239086
0.72426
0.72487235
0.72453004
0.7244314
0.72468996
0.7245491
0.72492445
0.7247996
0.72526854
0.72530645
0.7253285
0.72508436
0.7244345
0.72614866
0.72558504
0.72640747
0.726387
0.7270788
0.72551066
0.7261625
0.7266739
0.72602916
0.7269333
0.7263877
0.72694665
0.72741
0.7270983
0.7276954
0.726522
0.7276362
0.726841
0.72712505
0.7269643
0.7278267
0.72772276
0.728587
0.72825855
0.7283921
0.72841364
0.7287795
0.7286241
0.729054
0.7294154
0.7295231
0.72871256
0.7288623
0.73056984
0.72926533
0.7297637
0.7300447
0.7296814
0.7297713
0.73036754
0.73028314
0.7298954
0.73028743
0.73072135
0.73004705
0.731369
0.730994
0.7309441
0.7303586
0.73060226
0.7315425
0.73154074
0.73070097
0.7314682
0.73166853
0.7317772
0.7311155
0.7324212
0.731819
0.7323083
0.7319067
0.7320145
0.7316404
0.7322099
0.7319157
0.7322617
0.73186177
0.7317963
0.73334605
0.73306865
0.73206335
0.7327392
0.7327049
0.7325205
0.73216105
0.7331516
0.7328398
0.73320943
0.7337073
0.7335677
0.73316383
0.7329542
0.7337736
0.7331277
0.73426527
0.7339734
0.7339327
0.73278576
0.73443687
0.7345439
0.73391706
0.7353095
0.7358009
0.7344829
0.7342466
0.7340882
0.73450834
0.7346849
0.734374
0.73545146
0.73597234
0.7346318
0.73569155
0.73549044
0.735323
0.73587793
0.73621714
0.7360951
0.7346931
0.73593336
0.7355449
0.73617315
0.73663145
0.73487175
0.73635566
0.73729306
0.7367617
0.7368042
0.7370144
0.73694205
0.73691964
0.7377795
0.73735416
0.7371968
0.73669666
0.7369333
0.7375314
0.73630595
0.7366809
0.7363399
0.7373071
0.73923486
0.7382877
0.7381304
0.73854554
0.7383864
0.7384491
0.7378179
0.73858446
0.7382422
0.7380689
0.73804545
0.73846334
0.73817813
0.738608
0.7383367
0.7389732
0.73918205
0.73922515
0.73940706
0.7391517
0.7388715
0.7397201
0.740246
0.74032325
0.7393623
0.7401766
0.7399542
0.7397543
0.7398571
0.7397339
0.74034864
0.7402151
0.73943436
0.7404628
0.7396244
0.73933864
0.74021614
0.7399014
0.74024695
0.7401554
0.7406691
0.7399429
0.7405406
0.73995864
0.73982173
0.7400414
0.74021125
0.7398966
0.7400015
0.74066496
0.7409748
0.7399356
0.73996615
0.7400093
0.7402069
0.7404914
0.7407205
0.74004596
0.74039763
0.740302
0.74054676
0.74029034
0.7410563
0.7402866
0.74019766
0.7404322
0.7414219
0.74090403
0.74114096
0.7403865
0.741116
0.74115294
0.7404952
0.7416214
0.74108166
0.74059767
0.74119824
0.74094427
0.74055326
0.74106544
0.7415899
0.7409054
0.74163765
0.74090815
0.7409511
0.7420917
0.7416891
0.74181896
0.7411454
0.741122
0.74112636
0.7418969
0.74166906
0.74220866
0.74261355
0.74253356
0.7418342
0.7413758
0.74232364
0.74199873
0.74261993
0.74249494
0.74244475
0.7418905
0.7428392
0.7427348
0.7425664
0.7423565
0.74214953
0.7418433
0.7427328
0.7430802
0.7430233
0.7423318
0.7425608
0.7424331
0.7421709
0.74333954
0.74246234
0.742903
0.7426728
0.7428696
0.7433822
0.74330455
0.7424847
0.74336576
0.7428892
0.7432379
0.7432639
0.74342257
0.74308205
0.7434456
0.7427311
0.7437349
0.74344087
0.74372846
0.7437052
0.7434642
0.7437295
0.7430163
0.7437305
0.74378204
0.7443019
0.7436343
0.74404705
0.7443685
0.7446213
0.7435088
0.74409884
0.7440015
0.74363273
0.74374187
0.74457437
0.74280596
0.7442305
0.74461913
0.7440433
0.7438468
0.7444549
0.7444279
0.7450447
0.7441939
0.74457794
0.7445197
0.7450575
0.7440477
0.7448984
0.7448417
0.7445081
0.74460244
0.74486077
0.7455049
0.7445029
0.7454319
0.745418
0.74509776
0.7446029
0.74471074
0.74544567
0.74527013
0.7452091
0.74597776
0.74610204
0.74590534
0.74587196
0.7455529
0.74578226
0.74533904
0.7451281
0.74600255
0.74552447
0.74594516
0.74580836
0.7458154
0.74615777
0.7462734
0.74554735
0.7460967
0.74614835
0.74612695
0.7457979
0.7446405
0.7462727
0.7460711
0.7466704
0.7465717
0.74568915
0.7466201
0.74656445
0.7463809
0.74706095
0.7458297
0.7449858
0.74678576
0.7466801
0.74644417
0.7459746
0.7463796
0.7469032
0.7472988
0.747068
0.7465548
0.7474768
0.7473624
0.7474729
0.7473293
0.7467386
0.74702394
0.74731755
0.7475347
0.7475844
0.7469147
0.74726886
0.747478
0.7468275
0.7469132
0.7474933
0.7475338
0.74748176
0.7475445
0.7473395
0.747429
0.7471937
0.74801946
0.74714684
0.74757993
0.74635655
0.7476889
0.74767697
0.7482318
0.74799037
0.74772066
0.74723876
0.7477054
0.7478912
0.7483833
0.7481195
0.7473797
0.7476686
0.7482449
0.7490248
0.7490508
0.7491572
0.74894285
0.749611
0.74781364
0.7486437
0.74810237
0.7493383
0.7483257
0.7481077
0.7493126
0.7487373
0.7488963
0.7484388
0.74863
0.7492191
0.74938697
0.7483809
0.7482264
0.7494966
0.74888724
0.749315
0.7491052
0.7490761
0.7486058
0.7495289
0.7483724
0.74909556
0.7486788
0.74874866
0.749828
0.7499766
0.749022
0.74999493
0.75022787
0.74968183
0.7495342
0.74955696
0.7499846
0.74957126
0.748643
0.74971426
0.7495069
0.7494403
0.7492422
0.749981
0.7489094
0.7490836
0.74990803
0.74971735
0.75034523
0.75014937
0.7492467
0.75032353
0.75083125
0.750725
0.74955994
0.74936795
0.7499311
0.7509462
0.7504132
0.7498703
0.75013196
0.7501896
0.7502141
0.7503563
0.75146776
0.7520106
0.75078416
0.7511316
0.7503677
0.750562
0.75134623
0.7520388
0.75049317
0.75257826
0.7520358
0.7525118
0.75177896
0.7523228
0.7520752
0.75225574
0.75196695
0.7521758
0.7521123
0.75245816
0.75113225
0.7528126
0.7535784
0.75328326
0.7526139
0.75284934
0.7523147
0.7516132
0.7522272
0.7527303
0.7525961
0.7530558
0.7528931
0.7520603
0.75369847
0.7542244
0.75239265
0.75327045
0.75281996
0.7528263
0.7535323
0.75253695
0.7523984
0.7540503
0.7539734
0.7543482
0.7533193
0.7533067
0.7528755
0.7530045
0.75413585
0.75411123
0.7537099
0.7538895
0.7546321
0.7546725
0.75342363
0.7551818
0.75510716
0.7548201
0.75466114
0.7548348
0.7545194
0.754471
0.75402033
0.75466853
0.7538917
0.75478727
0.7543383
0.7540873
0.7547512
0.75522417
0.75488126
0.75551325
0.7541631
0.7549269
0.75457555
0.7548206
0.7554497
0.7552064
0.7549325
0.7561891
0.75553566
0.7552443
0.75509346
0.7559009
0.75517535
0.75543547
0.75586164
0.7560543
0.7550447
0.75606346
0.7559154
0.7569491
0.75596535
0.756098
0.7558335
0.7565199
0.7556712
0.756193
0.75705403
0.75519836
0.7564915
0.7567998
0.75699484
0.7567471
0.75668913
0.7558893
0.75661725
0.7571235
0.7566687
0.7563205
0.75506747
0.7572338
0.7567408
0.75753194
0.7570763
0.75562614
0.75777483
0.7561826
0.756568
0.7571532
0.7580106
0.7575578
0.7570814
0.7573532
0.7566751
0.75692314
0.75813776
0.7574954
0.7566944
0.7570545
0.7579729
0.7584585
0.758279
0.7571121
0.75828207
0.7578296
0.7587982
0.7583142
0.7585232
0.75808287
0.7573074
0.75737345
0.7575186
0.7588957
0.75774217
0.7576045
0.7588126
0.75839424
0.75801575
0.7592882
0.7577675
0.7595086
0.7589746
0.75837964
0.7582271
0.7590909
0.7589264
0.7591395
0.7582872
0.7581868
0.7593958
0.75890535
0.75859773
0.7596124
0.7595909
0.75946236
0.75863564
0.7591881
0.75831467
0.75837237
0.7597097
0.75893104
0.75878024
0.75898004
0.75939023
0.7584374
0.75970423
0.7587816
0.7593035
0.7597565
0.75889724
0.7587906
0.7593581
0.76021266
0.759582
0.75987995
0.76018995
0.76058656
0.759699
0.76030797
0.7605141
0.7598977
0.7597293
0.7609645
0.75928754
0.75985897
0.76061106
0.761456
0.7604565
0.76046985
0.760699
0.7600731
0.76129365
0.76018834
0.7596703
0.7602452
0.75955164
0.7610475
0.76118726
0.7618489
0.7610431
0.76169735
0.76218987
0.7603186
0.7604511
0.76143545
0.76066124
0.76147956
0.76236385
0.76054364
0.76144046
0.7617005
0.75989485
0.7619151
0.76132905
0.7615326
0.76216686
0.76274616
0.7613402
0.761516
0.7618112
0.7617331
0.76134795
0.7627003
0.7613005
0.7623034
0.76132643
0.7618346
0.762436
0.7620936
0.7619102
0.76125455
0.7631515
0.7615751
0.7627749
0.7622763
0.7613925
0.7620353
0.76267195
0.76332
0.76229405
0.76237786
0.76239973
0.7625699
0.762545
0.7622696
0.762221
0.7630258
0.7624176
0.76292735
0.7632146
0.76283157
0.76311857
0.76327467
0.7640337
0.76395106
0.7634938
0.76360023
0.7637605
0.7648726
0.7631116
0.76417017
0.7626244
0.76558375
0.7624306
0.76325226
0.7634994
0.7635962
0.76409566
0.7647682
0.76535326
0.7648962
0.76447296
0.76489323
0.7639423
0.7646132
0.7652177
0.7635469
0.7637245
0.76499474
0.76384425
0.7639014
0.7648518
0.7652241
0.7645147
0.7647982
0.7652145
0.76442015
0.7643954
0.76427436
0.76490575
0.7640944
0.7654799
0.7642803
0.76588213
0.7640726
0.76493776
0.765183
0.76522297
0.76606834
0.7666202
0.7654538
0.7653113
0.765253
0.76533395
0.7670556
0.7656858
0.7658377
0.76650894
0.7663933
0.76574534
0.76524144
0.7667842
0.7659055
0.76525
0.7665937
0.766528
0.76763934
0.7677684
0.7681192
0.7672975
0.76582676
0.7665476
0.766751
0.7681132
0.76675975
0.766657
0.7673078
0.7676131
0.7662762
0.76513565
0.7665289
0.76743174
0.7665514
0.76818395
0.76628375
0.7670029
0.7674323
0.76782537
0.7668446
0.76719713
0.7672672
0.7673995
0.76773375
0.7681912
0.766485
0.7682555
0.7661628
0.767607
0.7679858
0.7674124
0.7674542
0.7672428
0.7662256
0.76791656
0.7676563
0.7680984
0.76925254
0.7679158
0.76820695
0.7683617
0.7676663
0.76954925
0.76793045
0.7668325
0.76932055
0.76896095
0.76747316
0.76784265
0.7691064
0.76814646
0.7684968
0.76873326
0.76789075
0.7691814
0.7678236
0.77114815
0.76886535
0.76888555
0.7690562
0.7695668
0.7687844
0.76874715
0.76796335
0.7701298
0.7702899
0.7702628
0.76933503
0.76913476
0.77008766
0.76957005
0.7688949
0.77060837
0.7697132
0.7691334
0.7698737
0.76902944
0.7699434
0.76990074
0.76958483
0.76912326
0.77051944
0.77113265
0.7710243
0.76931226
0.7696039
0.77054477
0.77066296
0.77077776
0.7706229
0.77155435
0.7708754
0.7705996
0.7707263
0.7720197
0.7702916
0.7698415
0.770274
0.77151513
0.7707228
0.77069575
0.77109826
0.7715213
0.77059674
0.77097267
0.7715637
0.77155936
0.77042407
0.77258617
0.770106
0.7720088
0.7706411
0.77176464
0.77088374
0.7722174
0.77121353
0.7721711
0.77231324
0.771914
0.77230155
0.77114004
0.7707005
0.7722147
0.7713383
0.7697864
0.7734827
0.77117324
0.77149606
0.77015924
0.7716263
0.7717178
0.77169955
0.77173173
0.7723116
0.77129877
0.7748834
0.7715223
0.7717551
0.7709499
0.773259
0.7723069
0.7726251
0.77205235
0.771853
0.77360964
0.77349234
0.77174556
0.77232414
0.7733707
0.7737895
0.77434456
0.7736546
0.7748701
0.77291113
0.7725947
0.7723053
0.77320164
0.7725099
0.7735995
0.7719105
0.7724701
0.77343315
0.77484727
0.7745041
0.7745214
0.7741304
0.7721182
0.77356964
0.7757333
0.77271605
0.77423394
0.7746801
0.7748417
0.77391607
0.7735323
0.7729104
0.77407444
0.77451473
0.77380043
0.77348465
0.7738151
0.77358955
0.77560127
0.77443165
0.7746689
0.7744602
0.77523863
0.7751033
0.77476335
0.7730984
0.7752831
0.77440584
0.7745098
0.7747684
0.7741465
0.7730803
0.77516824
0.7741769
0.7747867
0.7747444
0.7753991
0.7753712
0.7747095
0.775304
0.7752005
0.7743111
0.7760921
0.77586424
0.77469534
0.7743336
0.7756939
0.774709
0.7743751
0.7748562
0.77629215
0.7765013
0.7746101
0.7757968
0.77735746
0.77592725
0.77585864
0.7758162
0.7757524
0.77711475
0.7759183
0.7775966
0.77568614
0.7770278
0.77589804
0.7768324
0.7765348
0.7768613
0.7760902
0.77483946
0.77575684
0.7766424
0.77660286
0.77722317
0.77737707
0.77626234
0.77660906
0.77782094
0.77667934
0.7781742
0.7765268
0.77597547
0.778561
0.7778783
0.7784101
0.77708554
0.77626354
0.7782955
0.77752364
0.77715075
0.77861494
0.7775474
0.7774926
0.7771975
0.77710813
0.77754956
0.7773679
0.77824414
0.7790477
0.7792786
0.77749515
0.7785159
0.77711004
0.7789042
0.77847
0.776497
0.77755105
0.77932584
0.77977055
0.77875066
0.7783115
0.77877617
0.77842736
0.7792341
0.77885514
0.7787829
0.7784509
0.77814054
0.77822256
0.7798795
0.7801182
0.7811762
0.7765121
0.78036934
0.77871156
0.7796878
0.7794086
0.77963144
0.7791931
0.7783827
0.7798776
0.78034073
0.77862346
0.77960205
0.7808233
0.78029776
0.7812753
0.778226
0.7785292
0.7804561
0.7807739
0.7778497
0.7815093
0.7797798
0.7795539
0.77908844
0.78003097
0.78031373
0.7800406
0.77977055
0.78134775
0.7807664
0.7804456
0.7798212
0.7812621
0.78211516
0.7812004
0.7793755
0.7790608
0.7799949
0.78033596
0.78085244
0.7830894
0.7816554
0.7795917
0.78013825
0.78144693
0.7816733
0.78065336
0.7804739
0.7807356
0.78243375
0.78196985
0.78038275
0.7811445
0.7797309
0.7820843
0.7819559
0.7824027
0.782254
0.7823386
0.7819399
0.7824882
0.7803915
0.7825766
0.7824874
0.78260165
0.7815738
0.78134876
0.7822319
0.78340375
0.78264827
0.7816264
0.7824283
0.7812895
0.78224254
0.78254867
0.78288543
0.782577
0.78277576
0.78221077
0.781928
0.784562
0.7824721
0.78093463
0.7827618
0.78383446
0.7828427
0.78336
0.7830153
0.78338766
0.78366965
0.7832771
0.78249395
0.78432584
0.78130937
0.7834481
0.78531766
0.78453743
0.78298986
0.78295016
0.784189
0.7821895
0.78614527
0.7815021
0.78511566
0.7840319
0.7841934
0.7850571
0.78383994
0.7865268
0.7846852
0.7853386
0.78574866
0.7848913
0.7849361
0.7865895
0.7825629
0.7836915
0.7850514
0.78203773
0.78513587
0.78457695
0.78677624
0.78527486
0.7853654
0.78502786
0.78428876
0.7836779
0.7852897
0.78500867
0.78715426
0.787445
0.78771025
0.7868168
0.7855702
0.7847438
0.78821605
0.78700984
0.7880114
0.78585446
0.7884351
0.787907
0.7865353
0.7875728
0.7874802
0.7878089
0.7870728
0.788123
0.78750736
0.78877115
0.787627
0.78617597
0.78801197
0.78829324
0.7857776
0.78917736
0.78830373
0.78974175
0.78504294
0.78751224
0.78881085
0.7857953
0.790138
0.7883053
0.7874693
0.7886564
0.7882228
0.78816736
0.7877375
0.79007894
0.7883928
0.7869526
0.78949606
0.78932595
0.78952706
0.7883081
0.78787905
0.7875674
0.7908831
0.78907204
0.7890442
0.7890242
0.79058564
0.78907335
0.7877705
0.7900176
0.78778356
0.7894333
0.7880893
0.78776926
0.79017276
0.7895443
0.7899582
0.7885937
0.7890525
0.789852
0.7896455
0.7896978
0.7898621
0.7916068
0.79053867
0.7886496
0.79167545
0.7910249
0.79090613
0.7906426
0.79217696
0.78923106
0.7923248
0.7905294
0.78948694
0.79149854
0.7903775
0.78903663
0.7939605
0.7897648
0.79197
0.79141796
0.7933427
0.79050964
0.79171026
0.7938164
0.79433084
0.7896271
0.79086095
0.7930061
0.79316
0.7926884
0.7930086
0.7915691
0.7926842
0.79409724
0.7949637
0.7941105
0.79287505
0.7949211
0.7932875
0.79175633
0.7952953
0.79508567
0.79216397
0.79456544
0.79406875
0.7947755
0.79296243
0.7936126
0.79384696
0.7938837
0.79566276
0.7964575
0.79654926
0.7938968
0.79418075
0.7938326
0.79446137
0.79593325
0.79567224
0.7956289
0.79783255
0.7957469
0.79700476
0.79573184
0.7981554
0.7959071
0.7968456
0.79878944
0.7960293
0.7977957
0.7954086
0.7957533
0.7924162
0.7986505
0.795993
0.7961698
0.79606587
0.7977499
0.79773015
0.7957803
0.7955979
0.79780614
0.7975489
0.79323125
0.7971555
0.8002349
0.79669136
0.7972003
0.7970253
0.7987203
0.79641163
0.7991014
0.79486936
0.7984636
0.79809165
0.79510564
0.79819065
0.79749537
0.79812264
0.79492044
0.7954885
0.7957623
0.7976913
0.7966535
0.7952653
0.7997795
0.79820913
0.79797435
0.79897225
0.7973682
0.79539317
0.7961638
0.79727507
0.7960721
0.7976936
0.7959053
0.797824
0.79794246
0.79748255
0.7969748
0.79593503
0.7978821
0.7967705
0.7949278
0.7950883
0.7967478
0.7971737
0.79588693
0.796777
0.79871696
0.79635805
0.797748
0.7954198
0.79938644
0.79829174
0.79850113
0.8005706
0.79833287
0.7984615
0.7971714
0.7986612
0.7965592
0.79826534
0.7972872
0.79923815
0.79944986
0.79925364
0.7969717
0.79753894
0.798989
0.79577136
0.7985429
0.7980169
0.7989968
0.7999653
0.80028236
0.7971367
0.7986861
0.8002224
0.8016168
0.79769576
0.799772
0.7990707
0.79765725
0.80396646
0.8000999
0.8016105
0.80025744
0.8001223
0.799235
0.8039383
0.80084175
0.80185586
0.80258405
0.8023864
0.7992718
0.80363
0.7997881
0.8029612
0.8040955
0.8023296
0.8031712
0.8035844
0.8002404
0.799292
0.8037627
0.80391693
0.8034299
0.8068646
0.80539066
0.80559266
0.8016789
0.80472505
0.8029348
0.8031162
0.80415446
0.8052051
0.8016124
0.80430233
0.8034325
0.80404127
0.8025727
0.80284935
0.8051847
0.80241066
0.8018211
0.80428445
0.8055691
0.8052421
0.80666536
0.8039423
0.80347866
0.805856
0.8039186
0.80810666
0.80682486
0.80449545
0.80446666
0.80532086
0.8054793
0.80447453
0.80564916
0.80503607
0.8055617
0.8044191
0.8024245
0.8068211
0.8044605
0.8053356
0.80557245
0.8051982
0.80750155
0.80810755
0.8057626
0.8081424
0.8083403
0.807946
0.8049941
0.8075119
0.8048617
0.8050974
0.8071368
0.80642086
0.80607945
0.80433583
0.80540204
0.8076
0.8046405
0.8045787
0.8053171
0.8031789
0.80562294
0.8052727
0.8052532
0.80622274
0.80268496
0.805909
0.80609107
0.8066396
0.80418634
0.80369085
0.8046883
0.80337775
0.8046131
0.80512136
0.8049187
0.8042486
0.8066574
0.80462563
0.8053451
0.8064674
0.8060574
0.80458575
0.80173373
0.80339533
0.8053689
0.8058223
0.807105
0.80437624
0.8018757
0.80684745
0.8071938
0.80658513
0.8042475
0.8067823
0.80492795
0.807269
0.80344856
0.8062446
0.8072079
0.80667776
0.80547094
0.8063413
0.80734444
0.80621475
0.8065389
0.809185
0.80794835
0.80526906
0.8098176
0.8077694
0.80926156
0.806823
0.810022
0.8095958
0.80930686
0.80654544
0.8067571
0.8057151
0.8064884
0.8098323
0.8100732
0.81058466
0.80641806
0.80981493
0.8096302
0.80996
0.8110872
0.8079135
0.8074975
0.80953014
0.81322795
0.8085491
0.8125166
0.80990064
0.8112737
0.8079638
0.8098721
0.8088875
0.80897516
0.8104303
0.8096798
0.8107779
0.80908066
0.80839765
0.81108034
0.8090339
0.8128817
0.80649495
0.81088614
0.8092958
0.81083864
0.806534
0.810653
0.8109371
0.80840415
0.8107588
0.8087247
0.81077963
0.8102491
0.8093518
0.8087692
0.8111258
0.8103063
0.81001395
0.8110098
0.8095123
0.8096521
0.810883
0.8085495
0.81177163
0.81230795
0.81127334
0.813312
0.81009483
0.81003577
0.81192833
0.80924475
0.8064332
0.80855256
0.81019247
0.8097416
0.8078112
0.8128166
0.8107179
0.8104559
0.81453013
0.8088102
0.80893826
0.8122883
0.8135681
0.8109077
0.80931264
0.8116265
0.8105716
0.8087507
0.8113486
0.8117982
0.8084286
0.81034386
0.81232584
0.8083422
0.8111139
0.813704
0.81259096
0.81169355
0.81140375
0.80930173
0.8115533
0.80976874
0.81097466
0.81085813
0.81063247
0.81161964
0.8121905
0.8074177
0.8124045
0.808143
0.811044
0.8122577
0.8112961
0.8124634
0.809514
0.8089166
0.81118584
0.81149024
0.8124863
0.8134898
0.8101489
0.8114935
0.8104955
0.8111678
0.813518
0.8135145
0.812187
0.8138676
0.80979407
0.8120216
0.81375307
0.8107776
0.8118133
0.81139547
0.8131386
0.81279
0.81041336
0.8122612
0.814983
0.81196165
0.81378806
0.81252265
0.8111367
0.81161344
0.81366533
0.8106979
0.8135444
0.8116639
0.8133841
0.81157047
0.81452924
0.8132866
0.8108629
0.8138173
0.81309754
0.811149
0.8123535
0.8138232
0.81249803
0.81156623
0.81188476
0.8140727
0.8130075
0.8145822
0.8129627
0.8136505
0.81345403
0.8148275
0.81313705
0.8151203
0.8128962
0.81120354
0.8125217
0.8128839
0.8132089
0.81424713
0.81436247
0.8138452
0.8142882
0.8132172
0.81141263
0.8161528
0.8156522
0.8108561
0.8132447
0.81458086
0.8134227
0.812359
0.81449336
0.814233
0.81411326
0.81633633
0.8128359
0.8123568
0.8123828
0.81369066
0.81506664
0.8088197
0.81526434
0.8144985
0.815187
0.8144459
0.81312966
0.8158913
0.8163308
0.8138448
0.81204706
0.8159236
0.8156958
0.8136596
0.81560504
0.8150986
0.8154871
0.8147342
0.81545526
0.81077665
0.8159885
0.8122948
0.81458837
0.81225926
0.8156426
0.8145109
0.8125487
0.81544745
0.81190544
0.8125993
0.81481934
0.81647307
0.81352735
0.81250834
0.8135795
0.8131624
0.8147365
0.81351817
0.8147457
0.8120056
0.8145512
0.81598383
0.81407374
0.81751573
0.8166547
0.815336
0.8118883
0.8126422
0.81677824
0.8170283
0.81461626
0.8185262
0.8141846
0.8142364
0.8140187
0.8146903
0.8137349
0.8143024
0.81583583
0.81382215
0.8157063
0.8110031
0.81324446
0.81698817
0.81427956
0.81656563
0.8125604
0.8166459
0.81718326
0.81523776
0.81399286
0.81492007
0.8163123
0.8167471
0.8135088
0.8160783
0.81800056
0.8119712
0.8150166
0.81490743
0.81413615
0.8134386
0.81711805
0.813229
0.81651515
0.8154546
0.813505
0.8161252
0.8152612
0.8164456
0.8167083
0.8137426
0.81442773
0.8180035
0.8142383
0.8130152
0.8158156
0.8150788
0.81592584
0.8129537
0.8148651
0.8123656
0.8174881
0.8152036
0.81654876
0.81330895
0.8173378
0.81699634
0.81703323
0.8173973
0.816408
0.81670254
0.8158679
0.81667566
0.8164308
0.8165685
0.81738484
0.81489617
0.8152483
0.8177462
0.8160911
0.8160643
0.81970954
0.8156145
0.81541675
0.81618315
0.81341666
0.8148255
0.8152911
0.81499434
0.8184543
0.81509894
0.8161322
0.8188297
0.8165461
0.8166374
0.8185603
0.8177967
0.8165512
0.8163073
0.81580967
0.8144256
0.8137302
0.8177755
0.8158095
0.81781024
0.8168089
0.8187886
0.81728035
0.81764424
0.81822497
0.8175804
0.81456363
0.81826794
0.8155544
0.81623584
0.8172707
0.8175095
0.8140798
0.81646675
0.816841
0.81659716
0.8147575
0.81677866
0.8187801
0.81818247
0.82060236
0.81337655
0.8163444
0.8154463
0.8188108
0.8188039
0.8188114
0.8157566
0.8178378
0.8183353
0.8171845
0.8178032
0.8185768
0.8190881
0.81792814
0.81831217
0.81791604
0.8184414
0.823876
0.81477493
0.81934756
0.82033145
0.81907403
0.8196202
0.8184601
0.8165135
0.8179732
0.8181835
0.81920755
0.8212354
0.8206352
0.8188044
0.8194238
0.81949425
0.8182131
0.81950366
0.8197634
0.8189698
0.8198237
0.81780535
0.8164148
0.8156705
0.822137
0.8184783
0.81773037
0.8201164
0.81578046
0.8154372
0.82367986
0.8245354
0.8195153
0.81907064
0.821052
0.81937706
0.8195844
0.81723034
0.8183323
0.82245755
0.81858903
0.82211405
0.8227706
0.8205339
0.8183931
0.8226921
0.8224053
0.8204714
0.8217604
0.82150984
0.81863856
0.8167988
0.8172578
0.8232968
0.81988406
0.82109183
0.8190302
0.8241819
0.8216925
0.8214031
0.8202538
0.82028645
0.8225073
0.8254299
0.82016224
0.8186344
0.8187314
0.8239434
0.8218255
0.82026637
0.82197696
0.82267994
0.8213806
0.8181134
0.8194434
0.82179046
0.8211792
0.8204478
0.81851965
0.82088315
0.8191962
0.82236516
0.82422495
0.8208307
0.8259631
0.8245046
0.8276443
0.81993854
0.8249511
0.8248449
0.82067674
0.82641363
0.8233596
0.82002646
0.8203174
0.82125115
0.8237983
0.8251063
0.82279634
0.8201638
0.8252134
0.8191332
0.82345307
0.8268739
0.82414526
0.8201299
0.823543
0.81993544
0.82454836
0.8271779
0.8222436
0.8227399
0.8231238
0.8260184
0.8236554
0.82445395
0.8236082
0.82143015
0.8230633
0.8214497
0.82451946
0.82231975
0.824698
0.82207566
0.82741207
0.82157135
0.82203937
0.8241236
0.8255645
