0.74482
0.68245625
0.7408794
0.7117941
0.7036876
0.7045573
0.69975793
0.7096029
0.6959861
0.7018865
0.70401174
0.6914743
0.68217564
0.6871513
0.68434435
0.68415624
0.6842602
0.67823523
0.6754398
0.6757312
0.6775238
0.68115854
0.67693174
0.6749437
0.6707095
0.6777386
0.67511874
0.67354244
0.6745644
0.67569053
0.67464674
0.6751262
0.6704707
0.67272425
0.67767364
0.6732209
0.67102784
0.6770225
0.6768039
0.67563796
0.6737291
0.67542034
0.6760176
0.6755185
0.6718687
0.6771336
0.67680764
0.67630225
0.6782546
0.67823446
0.6755949
0.67465454
0.6791603
0.6805069
0.67247653
0.67822355
0.6819553
0.68172234
0.68010324
0.67870116
0.6732729
0.67990506
0.6785156
0.6833504
0.6835288
0.6805533
0.67707944
0.6824245
0.6817451
0.6795084
0.68334144
0.6779348
0.67926043
0.6782707
0.6822837
0.68610954
0.68633527
0.6830137
0.68926793
0.6823819
0.68212414
0.68274146
0.6798658
0.6815681
0.6820302
0.6848785
0.68073666
0.68644726
0.6886344
0.68644994
0.68573207
0.68396175
0.6908269
0.6848757
0.6903097
0.6845794
0.67977035
0.687146
0.6866618
0.68605506
0.69001406
0.69042486
0.68913996
0.68053806
0.68270737
0.6900256
0.6860779
0.684768
0.6919908
0.6901309
0.6893597
0.6891795
0.68876916
0.6893741
0.6926798
0.68956167
0.6937165
0.6893242
0.6878114
0.6988684
0.68729687
0.6902497
0.69034195
0.6899152
0.68319565
0.6972289
0.69098264
0.6879885
0.6921214
0.6890957
0.69315356
0.69136477
0.69368035
0.6915716
0.6961097
0.6945771
0.6913656
0.69048
0.69058084
0.691889
0.6966269
0.695625
0.692039
0.6956145
0.6933456
0.6893946
0.69150347
0.69317293
0.6953729
0.6994919
0.6955731
0.6892141
0.69606286
0.69663894
0.6903212
0.6990713
0.69284403
0.6936771
0.6961925
0.6951821
0.6974663
0.69901586
0.6995115
0.69822305
0.6923496
0.6970044
0.6985196
0.694071
0.70682263
0.6967317
0.6934073
0.7003357
0.6997905
0.6972145
0.6929283
0.68820894
0.69300216
0.6986253
0.6905201
0.7052632
0.6970159
0.69737566
0.69349545
0.69471925
0.6928076
0.7017049
0.70368975
0.69387573
0.69536394
0.6978189
0.6981837
0.694865
0.69763005
0.6990064
0.70231956
0.69914865
0.70633894
0.69241923
0.6998096
0.6928525
0.6978082
0.69321764
0.70033336
0.701746
0.7016136
0.6990615
0.6956369
0.6992194
0.70021915
0.6951919
0.69703573
0.6969902
0.6948353
0.69156057
0.69898754
0.69471276
0.7020127
0.6959887
0.6987858
0.6979626
0.7030788
0.6992305
0.6912851
0.69809926
0.70004
0.7008196
0.6960438
0.69561934
0.70226806
0.6987897
0.6956949
0.697251
0.70105886
0.69429195
0.69370556
0.69909304
0.6959521
0.6975295
0.6925522
0.70082736
0.7006292
0.6970134
0.7033856
0.696472
0.7029975
0.7029479
0.7008556
0.696854
0.6984793
0.69268703
0.69636744
0.69726574
0.69478434
0.69984114
0.6960326
0.6986469
0.7043809
0.6949636
0.6965425
0.69763273
0.69470066
0.7005106
0.695326
0.6969152
0.7017247
0.6987777
0.6988119
0.69571763
0.7036275
0.701025
0.70364994
0.6968065
0.69701403
0.69492275
0.7004891
0.6977581
0.7013213
0.7002436
0.70097274
0.69636697
0.701615
0.69493926
0.69450617
0.6992131
0.6979865
0.70150614
0.7000206
0.70120424
0.7034171
0.6903882
0.6963973
0.6946375
0.7000903
0.7013189
0.6994167
0.6981127
0.69291997
0.69432104
0.70450175
0.6968406
0.6981778
0.70910174
0.6987763
0.70116353
0.7006697
0.7023255
0.69606555
0.699995
0.6990617
0.69414675
0.706399
0.70024955
0.6961181
0.7000251
0.7063888
0.6956727
0.69858474
0.69550997
0.6991704
0.69701844
0.702123
0.69771653
0.69818795
0.69555175
0.69329745
0.70332426
0.7001285
0.7015462
0.70181996
0.6976967
0.7041507
0.69974643
0.69890565
0.6958806
0.69796443
0.6960923
0.7002714
0.6997371
0.69971305
0.692794
0.70049375
0.7012928
0.700232
0.69961834
0.700939
0.70121616
0.69731975
0.7008869
0.695246
0.696272
0.7010081
0.7021469
0.69548684
0.7014988
0.7045494
0.69646084
0.70103484
0.7009461
0.69701487
0.7035181
0.70298374
0.70066017
0.69640374
0.7042033
0.7000967
0.7028098
0.69360393
0.6985733
0.6953632
0.7011352
0.69501454
0.70067126
0.6970491
0.6984604
0.7008341
0.70216435
0.70387805
0.70051515
0.69961244
0.69405234
0.69898164
0.70523447
0.6994043
0.699726
0.6947677
0.6938755
0.70211077
0.698409
0.7017863
0.6953633
0.69735986
0.69640803
0.69261163
0.7002986
0.69128376
0.6992019
0.7002228
0.6986287
0.69892645
0.70634884
0.69729173
0.70005065
0.6936529
0.6996787
0.69217104
0.6994858
0.69800234
0.69582343
0.70251226
0.69838953
0.70336646
0.69690114
0.69443685
0.69916904
0.6981766
0.6973484
0.69680846
0.69781893
0.70047444
0.7047022
0.703943
0.70158005
0.6944827
0.69599164
0.6972065
0.6929294
0.69962305
0.6957775
0.70416975
0.7021788
0.6950737
0.699611
0.696873
0.69591695
0.7004135
0.6936649
0.6993448
0.6994969
0.7014225
0.70283014
0.697761
0.7020992
0.6955886
0.69345397
0.70471805
0.6961877
0.69869727
0.699752
0.7007944
0.6990998
0.7004927
0.6925185
0.69715565
0.6989003
0.69784576
0.7009219
0.7007553
0.70090026
0.7010764
0.70189553
0.6969855
0.7031514
0.7005108
0.70580846
0.6958451
0.69485873
0.6991837
0.6942409
0.6993498
0.6984578
0.69930196
0.69111675
0.69499665
0.698402
0.70273566
0.70011616
0.699761
0.6968107
0.700093
0.6990354
0.694688
0.7070452
0.70129913
0.6970382
0.70415026
0.69723654
0.6984998
0.6993909
0.7006593
0.6942272
0.69565755
0.7028928
0.7022809
0.69633955
0.7019427
0.6907953
0.70148253
0.701482
0.69641584
0.6970504
0.7000429
0.7001288
0.7012493
0.7059923
0.69671935
0.6938619
0.69891363
0.6993401
0.699058
0.6997651
0.6970982
0.69886255
0.6953348
0.7066884
0.70236564
0.69706315
0.7014288
0.69752294
0.7002228
0.70070416
0.6949975
0.7001454
0.70016456
0.6981019
0.69418794
0.6968665
0.697657
0.69853705
0.69745207
0.7008051
0.6972661
0.7000205
0.6978422
0.69765085
0.6943164
0.6936687
0.70362604
0.7028435
0.70114535
0.70368874
0.6931983
0.6982314
0.6936125
0.69905984
0.7015505
0.6989363
0.6950117
0.69476527
0.69948894
0.6977696
0.69205934
0.6945717
0.6929512
0.69724596
0.69739467
0.6984529
0.6998156
0.69434625
0.70190746
0.6985196
0.70597184
0.6995142
0.70246834
0.69901955
0.6934561
0.69410884
0.6935293
0.6965032
0.6998188
0.7021324
0.69679594
0.6956642
0.69870013
0.6972448
0.70003146
0.7022749
0.69922006
0.7023143
0.70350003
0.702051
0.69369715
0.69882077
0.69922006
0.69892836
0.6996636
0.6986542
0.6979275
0.7005515
0.697414
0.6966846
0.69850785
0.6980429
0.6946443
0.70043033
0.6941263
0.6979728
0.698053
0.6933638
0.6969686
0.69792616
0.6920807
0.6972995
0.7045205
0.70267904
0.7010221
0.69816464
0.6987513
0.7056222
0.6981044
0.69784635
0.6989717
0.7002991
0.7021222
0.6955517
0.6946237
0.69677407
0.6963778
0.69317156
0.69298494
0.70013165
0.69724256
0.69075376
0.6997061
0.6971954
0.6986092
0.70253944
0.70430493
0.69338006
0.6970013
0.69899493
0.6984834
0.7013138
0.6970416
0.7004779
0.70202243
0.69580257
0.6956403
0.6970128
0.6965783
0.6954941
0.7001011
0.6997553
0.697091
0.7008395
0.7005252
0.694896
0.6957594
0.6974271
0.6995867
0.7021552
0.69833404
0.70423406
0.6937143
0.69933563
0.69890976
0.69562
0.70071614
0.6963018
0.6986937
0.70267934
0.6920637
0.6948397
0.6980953
0.7002265
0.70089823
0.6998441
0.70922166
0.69458437
0.6928717
0.6969338
0.69835424
0.69617987
0.6973972
0.6986892
0.6924761
0.69994724
0.70444214
0.6979314
0.6975214
0.69443303
0.7067217
0.69848377
0.69764626
0.698263
0.70068264
0.6935637
0.69793004
0.695371
0.6995913
0.69635296
0.7002153
0.70234925
0.6972011
0.6957495
0.6968532
0.7012465
0.6930131
0.7016581
0.6960292
0.6986376
0.69839096
0.6990612
0.70288324
0.69409937
0.6994831
0.7015089
0.7010854
0.6985698
0.6956293
0.6992079
0.69469774
0.69146717
0.7019652
0.6950613
0.695627
0.6925754
0.6966922
0.7047356
0.6935785
0.7039581
0.6986395
0.6953412
0.6923168
0.6968299
0.6990276
0.70007664
0.70109385
0.69891465
0.6993734
0.6979207
0.69198084
0.69822854
0.7015196
0.6930096
0.6989677
0.6984118
0.6968909
0.69437927
0.69804275
0.69978994
0.7005232
0.6983158
0.6929563
0.69948655
0.6940519
0.69469476
0.69569063
0.7015559
0.7001368
0.6965311
0.6993391
0.69913024
0.6998354
0.70391935
0.70326686
0.696724
0.69400805
0.6965093
0.7001847
0.70487475
0.698997
0.7017881
0.69640064
0.7034034
0.6967378
0.6969073
0.70035964
0.6964281
0.6925594
0.7054744
0.69992656
0.6929472
0.7020702
0.69362855
0.697336
0.69637036
0.699333
0.6989339
0.69966143
0.6997056
0.69774365
0.70334584
0.7012148
0.6970722
0.6950801
0.6957168
0.69677776
0.69591063
0.69781727
0.69738907
0.697162
0.69512004
0.696954
0.6941888
0.6898963
0.6956315
0.6960352
0.69881696
0.7013113
0.6966195
0.6968026
0.69273096
0.69808364
0.69447404
0.69445205
0.6918974
0.6986732
0.6969028
0.7036608
0.69650304
0.69640946
0.6973494
0.69667095
0.6947802
0.6988646
0.69315696
0.694549
0.69717515
0.69701844
0.69545275
0.7027805
0.6960394
0.69284093
0.7039989
0.69580054
0.7013494
0.6988445
0.7018519
0.6994061
0.70129883
0.69266987
0.7007038
0.69831187
0.7059362
0.6965147
0.6923563
0.6981302
0.70019454
0.69147325
0.70026034
0.6960053
0.6956742
0.69756234
0.69739074
0.6980908
0.6961488
0.7005417
0.70241636
0.6993013
0.69766396
0.70507795
0.6924733
0.69179046
0.6962282
0.6962381
0.69580126
0.6998779
0.69360137
0.69737613
0.7021552
0.6956387
0.6999582
0.702225
0.6965753
0.6983649
0.6996791
0.7031925
0.7019784
0.6959987
0.7016862
0.69358844
0.69917375
0.69958574
0.6928271
0.6973893
0.69397736
0.6962759
0.6989864
0.69657105
0.7004234
0.69596165
0.70333654
0.6946052
0.69908637
0.6969792
0.70052785
0.69547695
0.69958097
0.7005018
0.7008513
0.7010146
0.695379
0.7025677
0.69473284
0.6959156
0.6961394
0.7011965
0.6950052
0.6996306
0.697853
0.69741076
0.69597125
0.6978895
0.6980665
0.69817996
0.6952996
0.69596446
0.697039
0.69925076
0.6935539
0.697603
0.69574493
0.697661
0.69854057
0.70128036
0.69594604
0.7013199
0.6961673
0.6965927
0.6950829
0.6998518
0.69477504
0.70026106
0.7049838
0.69534963
0.69736034
0.70191884
0.70246047
0.6982773
0.70264244
0.7001173
0.6957795
0.69135046
0.6991789
0.6940361
0.6947539
0.7016136
0.6970115
0.6970406
0.6971239
0.69257975
0.6952617
0.69618875
0.69371325
0.69793904
0.6998649
0.6974392
0.6982123
0.69992006
0.69735324
0.69908124
0.69869864
0.69944185
0.69113755
0.70457774
0.701618
0.7035704
0.6968322
0.6950266
0.6975355
0.69174975
0.6948178
0.70074433
0.69577116
0.6951537
0.69485646
0.6999296
0.6950609
0.69699544
0.6987811
0.6953055
0.6994748
0.6962596
0.69332117
0.6960214
0.69471955
0.69682294
0.69689786
0.69746083
0.7022007
0.6990558
0.6983695
0.6938679
0.69501597
0.6944545
0.6992557
0.7056607
0.69956976
0.69551504
0.69971544
0.6975014
0.692098
0.6982171
0.69824785
0.6969935
0.69325215
0.6982952
0.69521654
0.6959495
0.69960386
0.7007042
0.6935075
0.69336176
0.6974242
0.7017579
0.6946718
0.6913712
0.70352477
0.6951216
0.70372146
0.69379205
0.701423
0.6938889
0.6979475
0.6965555
0.6981684
0.6977251
0.69813347
0.6988529
0.7042756
0.6953666
0.7003997
0.7001207
0.6968938
0.69057393
0.70239323
0.6940075
0.6930088
0.7011355
0.6920156
0.697137
0.696462
0.7010759
0.6945881
0.69604695
0.70335084
0.695301
0.6958567
0.69391364
0.69188744
0.70038176
0.6991925
0.6949816
0.7009784
0.70288986
0.6932438
0.69843924
0.69491845
0.69516915
0.70199716
0.69564897
0.69952804
0.6906021
0.69950736
0.6937672
0.6997247
0.6990051
0.6952028
0.69937116
0.7026556
0.6944248
0.6946221
0.6916516
0.7025779
0.69370085
0.69547695
0.7000805
0.70429933
0.6956653
0.7018109
0.6945856
0.6992502
0.701717
0.7002968
0.6915436
0.69580084
0.6937126
0.7064126
0.6995013
0.69935006
0.6975943
0.7005734
0.6997843
0.69488335
0.69601375
0.69699454
0.69615227
0.69081646
0.6965556
0.6963416
0.6948697
0.7018773
0.69952744
0.70247245
0.69782406
0.6987697
0.6989406
0.69634426
0.7018474
0.70258355
0.69822043
0.6946618
0.69608825
0.7013177
0.69852114
0.6972373
0.70099586
0.69693327
0.694139
0.702861
0.6958153
0.69719595
0.6980198
0.7017763
0.69790107
0.7015848
0.6984803
0.7006212
0.70117766
0.69207287
0.6957794
0.6953307
0.7040537
0.7050328
0.6961538
0.70267135
0.70156115
0.70195925
0.69628924
0.6984682
0.7037925
0.701688
0.7004877
0.7030641
0.70228034
0.6987908
0.6963417
0.6952975
0.6998388
0.7002908
0.6996732
0.7034208
0.6997752
0.69636935
0.694962
0.70053
0.6937835
0.7035556
0.7009171
0.6988751
0.69934064
0.69407696
0.7001423
0.695978
0.69491446
0.69625854
0.6994895
0.6991241
0.69904053
0.6959153
0.6957244
0.7063993
0.6947292
0.6934426
0.7006009
0.6976219
0.70708513
0.6943977
0.70207644
0.7027924
0.7014439
0.6940958
0.6979699
0.70147943
0.6962202
0.69418883
0.6966872
0.70012945
0.6989839
0.6955892
0.69781363
0.69498014
0.6955948
0.70041746
0.6977622
0.70277774
0.70034486
0.6954551
0.69880265
0.69339305
0.6930297
0.7012094
0.7031493
0.70565987
0.7095002
0.702235
0.70055175
0.69810116
0.69721204
0.7001594
0.6991664
0.7082754
0.7004643
0.6941173
0.7029438
0.694207
0.69952536
0.6978167
0.70404047
0.702553
0.70115453
0.7019358
0.7058511
0.70375776
0.6993177
0.69453454
0.6974859
0.7047321
0.7065967
0.6984894
0.70484847
0.7026254
0.7035807
0.6971772
0.7021884
0.6989877
0.7023549
0.700102
0.6971769
0.7005305
0.69600946
0.7008601
0.69830334
0.6937953
0.6967811
0.70251495
0.7000534
0.70097893
0.6987042
0.69413507
0.6978554
0.69969153
0.70183426
0.6988187
0.698428
0.6972315
0.6969691
0.703678
0.69663393
0.69765407
0.695895
0.69681716
0.6953839
0.70152664
0.69419014
0.694567
0.69889563
0.69781995
0.6952345
0.70040214
0.6957238
0.6958673
0.698219
0.6957763
0.69767004
0.700598
0.7014661
0.6996787
0.6997316
0.7031413
0.6982999
0.7020083
0.6932715
0.6953723
0.6960859
0.69778335
0.6926135
0.69609505
0.6999878
0.6954498
0.7050055
0.6972597
0.69703746
0.6975269
0.69846356
0.7018944
0.6991503
0.69428515
0.70584184
0.69985026
0.70449984
0.69809365
0.70639914
0.6972572
0.6968524
0.70012623
0.69872385
0.69374144
0.69952404
0.6936553
0.69382364
0.6995829
0.6976431
0.69961095
0.70036405
0.6999364
0.6983837
0.69658536
0.7044895
0.7009123
0.6990233
0.6970789
0.70065767
0.70294136
0.6986912
0.69767815
0.7012309
0.6972799
0.6986421
0.6970707
0.70231324
0.69832826
0.6993521
0.6987808
0.699251
0.6957923
0.70050013
0.7079502
0.6968224
0.69654876
0.6977905
0.70334184
0.70185226
0.7046704
0.6983847
0.7022268
0.69948995
0.70145583
0.69847834
0.69194686
0.7012877
0.6976474
0.7035427
0.7017312
0.7039533
0.6969213
0.6989712
0.70019674
0.6970676
0.69522303
0.7037446
0.6964054
0.69866514
0.69500166
0.69669574
0.700742
0.6979708
0.69962054
0.6977445
0.69847274
0.7021276
0.7026289
0.7006838
0.69938403
0.70539695
0.7014383
0.6973341
0.6948244
0.6979391
0.70219326
0.6942429
0.7059887
0.70489883
0.70077914
0.7045829
0.6990773
0.6964454
0.69889563
0.7006049
0.70456815
0.70144826
0.6998416
0.7003887
0.7058924
0.69755
0.6948545
0.69661766
0.69909906
0.70092183
0.70171434
0.6988786
0.7012244
0.69731534
0.70075107
0.7017226
0.69946927
0.70056605
0.6941124
0.70144814
0.70005333
0.698957
0.7045812
0.69713765
0.70044893
0.70144886
0.69491416
0.7022434
0.69898534
0.6975763
0.692225
0.6978848
0.702853
0.69623625
0.6988804
0.70538026
0.7079114
0.7057716
0.70172054
0.6968729
0.69522846
0.7010223
0.7040581
0.6997287
0.704865
0.69668174
0.6981988
0.69858754
0.70879686
0.705024
0.69702107
0.70953566
0.7003538
0.700584
0.6948798
0.7005701
0.7023018
0.695168
0.6986767
0.6976562
0.6971249
0.70530784
0.6940701
0.70476896
0.7014025
0.6985931
0.70221627
0.7042649
0.704413
0.701685
0.70645124
0.70662504
0.7056652
0.6989773
0.7000168
0.69914967
0.7006097
0.7022034
0.70190144
0.70601577
0.70097345
0.7066264
0.6991378
0.7024989
0.7055404
0.701102
0.70062053
0.70098156
0.7062275
0.69927263
0.70533043
0.70004994
0.70476633
0.70178753
0.6958219
0.7016665
0.70083964
0.6994579
0.7003885
0.70080125
0.6988686
0.70239496
0.7060615
0.70639485
0.7089672
0.7019944
0.69676566
0.70139885
0.69526654
0.69691837
0.70528215
0.7026369
0.70808244
0.7019584
0.7061762
0.704844
0.70317435
0.7060189
0.70848614
0.70166314
0.70406455
0.70294595
0.7076564
0.70607257
0.7056892
0.71013194
0.7023689
0.7048166
0.71010983
0.70947355
0.7109602
0.70591795
0.70367384
0.70294094
0.70142823
0.7023124
0.70363086
0.7007349
0.7035416
0.70396894
0.70099324
0.70606315
0.70568335
0.6956389
0.709174
0.70718306
0.70631456
0.7000356
0.70097685
0.7069413
0.7036488
0.709353
0.70499414
0.70600414
0.70026064
0.70198923
0.70477605
0.70284736
0.7038757
0.7046965
0.70447206
0.70200837
0.70385766
0.7062286
0.70170635
0.6988139
0.70319
0.7019019
0.6956559
0.7022467
0.70279807
0.7029341
0.7017617
0.6998169
0.7067327
0.7007084
0.7017418
0.7032796
0.70133054
0.70435125
0.69931185
0.70372206
0.6981043
0.69836026
0.70209885
0.7049125
0.7053882
0.7029564
0.7042273
0.70675963
0.70581716
0.70234853
0.7041793
0.69698966
0.69675076
0.7049973
0.7059975
0.7037117
0.70490134
0.70412165
0.7006563
0.70039284
0.7029971
0.7001845
0.70362735
0.70007724
0.6998172
0.6983237
0.69808453
0.7122588
0.7004875
0.70474935
0.6969632
0.7062742
0.70247585
0.7013834
0.6999189
0.69536996
0.69831556
0.7016071
0.7002226
0.70482814
0.6956024
0.70077705
0.69920117
0.70337766
0.699683
0.6986585
0.70899403
0.7071718
0.7077767
0.6992044
0.7040551
0.70467925
0.69909155
0.703404
0.7012539
0.7039319
0.7001688
0.702512
0.6984459
0.7043751
0.70323217
0.70362204
0.6977494
0.70063764
0.70075536
0.70809174
0.7039873
0.70135516
0.7029833
0.6957472
0.7078004
0.7048775
0.70025265
0.70326173
0.70327944
0.69968146
0.69965327
0.70520985
0.70565015
0.70404214
0.7044797
0.70330536
0.70614535
0.70014423
0.69957536
0.7045207
0.7008643
0.702888
0.7072032
0.70108515
0.6994116
0.70628047
0.70172954
0.7006241
0.70007807
0.7077443
0.6972203
0.70545745
0.7021449
0.70703584
0.70300245
0.7049824
0.7021179
0.70502436
0.70596576
0.6987797
0.70056105
0.7028213
0.69972
0.6992828
0.70183957
0.7057733
0.70394975
0.700112
0.69763607
0.7098268
0.7016112
0.70084554
0.69989276
0.7000846
0.70644814
0.7035949
0.7000435
0.7035224
0.70279896
0.70012057
0.7040735
0.70089316
0.6999201
0.7038792
0.70277095
0.7011756
0.70489883
0.7019332
0.7064614
0.71083474
0.70137393
0.70347834
0.7014086
0.71264446
0.69893193
0.70131093
0.6986947
0.70263463
0.7014724
0.698873
0.70032996
0.7042241
0.70156527
0.6997675
0.7001908
0.70112485
0.6999971
0.7048353
0.6983812
0.7045901
0.7061912
0.70176744
0.70087737
0.7026599
0.70169365
0.7132236
0.70353526
0.70655733
0.70202845
0.7018256
0.7090749
0.70116305
0.70342636
0.7116388
0.7004071
0.7068203
0.7052787
0.7044539
0.7046167
0.69959843
0.7070634
0.7055386
0.7039866
0.7042002
0.70054704
0.7102046
0.7003643
0.69736445
0.7083351
0.7046409
0.7053103
0.7060849
0.70111287
0.6981079
0.70082176
0.70145965
0.7038105
0.70427984
0.6983002
0.7034587
0.7052134
0.70492053
0.6991212
0.7069526
0.69970894
0.7057967
0.7048881
0.7039401
0.7037845
0.7052641
0.7039031
0.7135804
0.704003
0.70717406
0.703078
0.7052662
0.70185304
0.70792085
0.70073473
0.7066019
0.697764
0.7047925
0.7035608
0.70658267
0.7006724
0.7045741
0.701918
0.7028229
0.69885236
0.70736766
0.7065008
0.70229256
0.7012011
0.70391893
0.70438695
0.70396787
0.7055262
0.7015994
0.70345664
0.7089233
0.70336145
0.70732015
0.7055145
0.70300794
0.7056487
0.7058292
0.69946873
0.7117612
0.7048309
0.7012111
0.7060353
0.7033909
0.69906116
0.702661
0.70282406
0.70601845
0.70715314
0.7028098
0.7019356
0.70402634
0.70160586
0.7071275
0.70386404
0.707132
0.7060109
0.70187557
0.704004
0.69791377
0.6999075
0.70660317
0.7011462
0.7037485
0.7032907
0.703718
0.7035991
0.69974244
0.70078707
0.70342106
0.70043755
0.7011408
0.7089345
0.707483
0.7038451
0.6960767
0.70401496
0.698911
0.7040489
0.7069606
0.7123657
0.7015103
0.70494837
0.70753497
0.7021248
0.7086159
0.69865125
0.7005609
0.699524
0.7026339
0.69979894
0.70084095
0.6996683
0.70240515
0.7070115
0.70668584
0.7144197
0.70122564
0.70588475
0.69942874
0.7020104
0.7064149
0.70481473
0.70746124
0.7032081
0.70703787
0.7025221
0.7002575
0.70106566
0.70398325
0.71099186
0.7030199
0.6987955
0.7030211
0.6996512
0.70236665
0.7028172
0.7052634
0.7073385
0.70263624
0.706745
0.7001794
0.7071865
0.6984516
0.707816
0.7056397
0.7048084
0.702682
0.7015987
0.70314515
0.708143
0.7009881
0.708387
0.7004936
0.70601296
0.70217025
0.714403
0.7064911
0.7029642
0.70437706
0.70341694
0.7050858
0.699517
0.70553255
0.7071824
0.7061416
0.71066046
0.70610124
0.70412654
0.70796984
0.6975649
0.7020409
0.70596683
0.7059475
0.7010766
0.7121046
0.7037692
0.70497495
0.70638007
0.6984079
0.7067278
0.7009499
0.7002646
0.71004826
0.7072602
0.70731753
0.70473343
0.711431
0.7057416
0.7051225
0.7063884
0.7073919
0.7039763
0.70541394
0.7028069
0.7053054
0.69890255
0.70106673
0.7067606
0.70887053
0.7028101
0.7047661
0.70228565
0.69910675
0.70395046
0.70025843
0.7087382
0.70208246
0.70475245
0.705496
0.7034392
0.7047963
0.7020857
0.7024456
0.70813215
0.7134688
0.70867616
0.71137637
0.709888
0.71187365
0.70438355
0.7079138
0.70933586
0.71396273
0.7058508
0.7009957
0.70453334
0.70237595
0.70573044
0.7075906
0.70522755
0.7085053
0.702914
0.70491153
0.7081536
0.7131715
0.70941746
0.70822984
0.7010519
0.7056575
0.71683127
0.7075923
0.7081635
0.70474386
0.709836
0.7028438
0.7044503
0.70484084
0.70662916
0.70795494
0.7043538
0.7070585
0.707889
0.7074318
0.706227
0.7083646
0.7046956
0.71098983
0.70929974
0.7075347
0.7035709
0.7051529
0.70765835
0.7099063
0.70531553
0.7103913
0.7072606
0.7037492
0.70358855
0.7052628
0.7090162
0.70567834
0.7074111
0.7066127
0.7104418
0.7085881
0.70539874
0.7061617
0.7070195
0.702536
0.7067468
0.7060319
0.7075822
0.71129054
0.7104704
0.7044037
0.71028817
0.7138274
0.70164526
0.70846057
0.7109589
0.70349085
0.7038199
0.7077651
0.7038204
0.7090305
0.7100169
0.70955634
0.70593023
0.70864886
0.7082592
0.7094824
0.70975196
0.7064297
0.7017095
0.71368617
0.71374613
0.71400267
0.7124893
0.7149675
0.7151569
0.70560026
0.7090109
0.7045713
0.7115495
0.7075202
0.70740944
0.70551986
0.70772696
0.70727813
0.70520663
0.71094525
0.7082812
0.7115517
0.7086448
0.70414513
0.7124734
0.71116155
0.70998853
0.7093536
0.70572233
0.7048525
0.7100437
0.7090835
0.7037358
0.7062789
0.7048594
0.70360464
0.71071863
0.71206516
0.70476466
0.7048065
0.70667666
0.7086767
0.7078741
0.7046424
0.7020549
0.70201963
0.7041235
0.7082853
0.71010447
0.702834
0.70967233
0.70463574
0.7121018
0.7072005
0.7027403
0.7084474
0.704869
0.7063905
0.71273005
0.7040197
0.7048096
0.70547694
0.7051323
0.7056789
0.7055753
0.70335895
0.7101645
0.7045658
0.71374273
0.7077262
0.711905
0.7114959
0.7128052
0.70877343
0.7078884
0.70594066
0.71274734
0.7103311
0.7080074
0.71309686
0.70142
0.715117
0.70819515
0.70817274
0.70630777
0.7113038
0.7068853
0.70854217
0.71048754
0.71145517
0.70969933
0.7098023
0.7055388
0.712175
0.7022469
0.7091478
0.71146953
0.7066042
0.7058092
0.7062894
0.7044123
0.70759076
0.7110688
0.7118761
0.7062401
0.71016306
0.7087239
0.70752347
0.70813316
0.7088612
0.7020623
0.7080331
0.70777375
0.7047598
0.7076143
0.7168737
0.71360534
0.7096627
0.7046562
0.70538044
0.71059245
0.7160831
0.709449
0.709484
0.7127659
0.713588
0.70816666
0.70703936
0.70773107
0.7109931
0.7103199
0.71214396
0.708164
0.7122556
0.71722054
0.71041167
0.70562136
0.71371543
0.71181375
0.70920557
0.70721185
0.7064267
0.71023864
0.7094059
0.718871
0.7113948
0.7107161
0.70797586
0.70276046
0.70659876
0.7091871
0.7066546
0.7027811
0.71225274
0.70732194
0.70771325
0.7118598
0.71099937
0.71027964
0.71339107
0.7113412
0.709621
0.70848715
0.7135535
0.7121568
0.7114503
0.7084978
0.70759755
0.7099226
0.7060406
0.7076921
0.7096776
0.70728594
0.71552545
0.7139535
0.7091444
0.70876753
0.70879734
0.71006477
0.7202671
0.71107197
0.7069873
0.71400243
0.7137871
0.7083096
0.7089324
0.71357465
0.7145252
0.7099697
0.710489
0.71780545
0.7122479
0.7093751
0.70902056
0.70964885
0.7071352
0.7085758
0.71153533
0.7085323
0.7083685
0.7114607
0.71190214
0.70470095
0.713075
0.7127411
0.70400476
0.71193594
0.7101468
0.7068726
0.7135604
0.7109208
0.7103739
0.7123331
0.71139854
0.72232497
0.70844156
0.711095
0.70863885
0.70803905
0.7114955
0.7090836
0.7062664
0.7152085
0.7089757
0.7138142
0.70656717
0.7112432
0.70851105
0.7046129
0.7110395
0.7094192
0.7087105
0.7086314
0.70867753
0.7064579
0.707499
0.714921
0.7074837
0.70915204
0.7077477
0.70635444
0.70967036
0.70499504
0.7062176
0.7063724
0.7136147
0.7051172
0.7075247
0.71056247
0.7053697
0.70548874
0.70707583
0.7096601
0.7161847
0.70954823
0.7118711
0.7049278
0.7088161
0.71106666
0.7057821
0.7040693
0.7043676
0.705313
0.70722663
0.7085684
0.7022801
0.7071037
0.70521843
0.7031209
0.7071213
0.70419884
0.7035597
0.71045446
0.7052243
0.7051848
0.7099802
0.7074245
0.7136823
0.71184397
0.7118587
0.7081534
0.7115159
0.7046361
0.7067844
0.69853073
0.70611155
0.7069803
0.7025332
0.70952874
0.7071642
0.7043255
0.70624423
0.703982
0.70659626
0.70441264
0.7030829
0.70208967
0.70627135
0.7087515
0.71314514
0.7053388
0.7047732
0.7106438
0.7035121
0.70610726
0.7089238
0.709547
0.71002644
0.7089016
0.71116287
0.70981896
0.7072827
0.7036419
0.70608765
0.7119845
0.7109318
0.7096457
0.70376873
0.7036087
0.70805717
0.6989541
0.7058459
0.7091107
0.703498
0.70378447
0.70260364
0.7033989
0.7028026
0.70305365
0.7087183
0.70698714
0.7121214
0.7059846
0.7089605
0.7029049
0.7080639
0.71033496
0.706481
0.7113478
0.70552164
0.70260787
0.71036035
0.7022441
0.71128666
0.70255953
0.7076125
0.70308864
0.7082342
0.7004145
0.70374155
0.7100733
0.69959813
0.7030026
0.7019992
0.712694
0.7077226
0.70483357
0.70215607
0.7037552
0.70729786
0.7028753
0.7020964
0.7054735
0.70565736
0.70038533
0.7044943
0.70782423
0.7085859
0.7100744
0.70796615
0.7100368
0.70443887
0.70529604
0.7055631
0.70578146
0.7044915
0.70524955
0.7037881
0.70126784
0.6993881
0.7067068
0.7026248
0.7022779
0.7009068
0.7023611
0.7017919
0.7024385
0.7092824
0.7111536
0.7019346
0.70493954
0.7037816
0.7035937
0.70759773
0.7051687
0.7056929
0.70678544
0.7066465
0.7057678
0.69996697
0.7104228
0.70297974
0.70564324
0.70135164
0.702599
0.70445424
0.70595735
0.7039507
0.70140254
0.7104877
0.7096719
0.7009682
0.7059281
0.7041348
0.70013064
0.7033945
0.7050441
0.70473814
0.7042591
0.702586
0.7070293
0.70162797
0.70733035
0.7069867
0.70482016
0.70430344
0.71065634
0.70808893
0.70570475
0.70476735
0.7072658
0.7055704
0.70737284
0.70321476
0.6993609
0.7058557
0.70289916
0.7074733
0.7039054
0.70217013
0.6989512
0.7007192
0.69798064
0.7035818
0.70051247
0.7092169
0.7000534
0.70643264
0.7026338
0.7042594
0.7032751
0.7024413
0.69965273
0.70922905
0.7004264
0.70247185
0.70310843
0.70814437
0.70957845
0.70531976
0.7057837
0.7065562
0.70207864
0.7085689
0.70697063
0.7068807
0.70910794
0.70632434
0.699292
0.7005028
0.70615244
0.70526433
0.7021896
0.700877
0.7085754
0.7041753
0.6996073
0.7003363
0.7014196
0.71000814
0.7003045
0.70486015
0.71275765
0.70372427
0.7033583
0.7036858
0.7009362
0.70366067
0.7001295
0.7057954
0.70109826
0.7018446
0.70393133
0.70078814
0.70387536
0.7075519
0.70302564
0.7017595
0.70409656
0.7001869
0.7047629
0.7068286
0.7032265
0.70550555
0.70254713
0.7035172
0.7079129
0.7111907
0.7037054
0.6981828
0.6998531
0.7105339
0.7094059
0.708554
0.69879556
0.7100986
0.70102215
0.7009017
0.70449907
0.7017851
0.70586634
0.702724
0.7012336
0.70028114
0.7025717
0.70571136
0.6995037
0.70764047
0.7001359
0.70094603
0.7072469
0.7011519
0.7060808
0.7040446
0.7024236
0.70914984
0.7020442
0.7041705
0.6965719
0.7069357
0.7051083
0.70265913
0.70903444
0.7013965
0.70292395
0.6988477
0.7059778
0.7011857
0.70121306
0.705513
0.70507383
0.70428264
0.709303
0.69859505
0.7026066
0.70110464
0.6990982
0.7036881
0.7055048
0.7027115
0.70413107
0.7069723
0.70832723
0.70328647
0.70636106
0.702995
0.7093424
0.70334864
0.7065625
0.6997778
0.6985392
0.6992834
0.702273
0.70639724
0.7064399
0.7036665
0.70801055
0.70561683
0.70486355
0.70280206
0.708405
0.7000897
0.70441014
0.69967073
0.70488304
0.6998321
0.7072759
0.70261174
0.7014522
0.7032131
0.7054443
0.7045159
0.7053142
0.70295316
0.700712
0.7023573
0.7043918
0.70493335
0.70271194
0.710172
0.70251864
0.7024657
0.7036578
0.7048936
0.69833004
0.70274836
0.70891494
0.70067203
0.7031221
0.7021901
0.70273876
0.7083863
0.70144796
0.713514
0.70518273
0.71087664
0.7053487
0.7044701
0.69882816
0.69967633
0.6987459
0.71057993
0.7010179
0.6992324
0.70417166
0.70704913
0.7037418
0.699633
0.7040024
0.7049382
0.7022186
0.7037403
0.7010266
0.7026275
0.70596963
0.7018197
0.6976282
0.7003812
0.7011654
0.7045028
0.7023573
0.70380014
0.7085993
0.70430547
0.7021633
0.7017873
0.7070632
0.7122195
0.6992736
0.7013977
0.69903487
0.708902
0.7036236
0.70342374
0.70689166
0.70349425
0.7032311
0.7018146
0.7021088
0.7027472
0.7017937
0.7054861
0.70085484
0.7074212
0.7088617
0.7018446
0.70711875
0.69736415
0.70180666
0.7039418
0.7027847
0.70613194
0.7053095
0.6993545
0.69880676
0.7047102
0.7072358
0.7010572
0.70295
0.70417327
0.7043988
0.70442265
0.70710903
0.7021133
0.70849055
0.6988279
0.70192325
0.703713
0.70006245
0.7026232
0.70272523
0.7103979
0.7082436
0.70304203
0.7064548
0.70583886
0.70740813
0.6989749
0.7054765
0.70765543
0.7015434
0.70275027
0.7067238
0.70220906
0.7054294
0.70368606
0.7018902
0.7121536
0.7061383
0.7067611
0.7085482
0.7026095
0.7101564
0.69856924
0.70044637
0.70118576
0.70320004
0.7012808
0.7016907
0.69815004
0.7008502
0.7033399
0.7030956
0.6982096
0.70579594
0.7032876
0.71079713
0.70243734
0.7052365
0.7049929
0.70446444
0.7033206
0.70634854
0.70226115
0.7045825
0.7067667
0.70522076
0.7048553
0.7013815
0.7091593
0.7106865
0.70492303
0.7040391
0.69884425
0.70337504
0.699497
0.7108803
0.7008399
0.69922847
0.6983915
0.705188
0.7033236
0.7075642
0.6970435
0.70345235
0.7048519
0.7066271
0.7025157
0.7088025
0.70061064
0.70224315
0.70501894
0.70404285
0.7007625
0.7054124
0.7087613
0.6981967
0.7032446
0.6988937
0.70328873
0.70215106
0.69954926
0.704119
0.7106839
0.6994395
0.7067586
0.7047264
0.70627856
0.7027655
0.70326996
0.70760715
0.70686704
0.70430076
0.6968754
0.7090231
0.7043143
0.70226705
0.7080769
0.70155674
0.70426816
0.704674
0.7049753
0.7059233
0.70396125
0.70359755
0.7045966
0.70073366
0.7090227
0.7007446
0.7048615
0.7065194
0.7128749
0.70250845
0.70426625
0.7039278
0.70085067
0.7050851
0.7026773
0.70391196
0.69733864
0.6992418
0.70199025
0.6991375
0.6990746
0.69974786
0.7043856
0.70103514
0.70181113
0.70544004
0.7034589
0.7015924
0.70286006
0.703326
0.7055104
0.70238733
0.7000785
0.7017357
0.7002432
0.7049374
0.7044982
0.70319605
0.7008127
0.7005363
0.7031271
0.6981471
0.7049371
0.7008036
0.7043443
0.70435053
0.7006075
0.70549774
0.705681
0.701493
0.6997395
0.70237154
0.7030012
0.70626074
0.7063381
0.6998894
0.70513874
0.70209926
0.70440835
0.69997144
0.6981241
0.704816
0.70567113
0.7048142
0.70833445
0.70287925
0.6975874
0.702655
0.7048617
0.70386565
0.7035082
0.69585836
0.70337355
0.70526034
0.70102286
0.70438385
0.71262324
0.7042766
0.7025128
0.7023711
0.69866776
0.7046572
0.698032
0.703579
0.70064235
0.7053433
0.7006217
0.7019457
0.7005546
0.70494604
0.7068008
0.6991715
0.7000486
0.7018676
0.7005352
0.6960308
0.703858
0.7113283
0.69983655
0.7001274
0.69535726
0.7015717
0.70037067
0.70272017
0.70861804
0.7032645
0.70490754
0.6986357
0.70087785
0.7025581
0.70320654
0.70256746
0.70284474
0.7061939
0.70662
0.7019535
0.70388407
0.704408
0.70882565
0.7036295
0.70623684
0.70343184
0.70476264
0.7103825
0.702394
0.7042326
0.7061979
0.7066741
0.7084225
0.7029143
0.6998101
0.7054122
0.7044712
0.70027304
0.7015649
0.7032335
0.7089442
0.7029201
0.70116055
0.7074343
0.69808584
0.70446646
0.699537
0.70446396
0.70387584
0.70038867
0.7042541
0.7033847
0.7024264
0.7010737
0.70073617
0.7006152
0.6988598
0.7015914
0.70063466
0.70081526
0.7017448
0.7097241
0.70296365
0.7002902
0.69882876
0.7018485
0.70308256
0.70222497
0.70706254
0.7021453
0.7004753
0.69844705
0.7023218
0.7020631
0.703304
0.69791627
0.69941634
0.7000828
0.7041604
0.7029933
0.69365644
0.6990262
0.6985388
0.7060027
0.70337564
0.7062354
0.7016364
0.70708907
0.70076734
0.7015679
0.6984482
0.7027122
0.69864374
0.70725685
0.70581996
0.7009362
0.69983673
0.7036573
0.69780177
0.7044616
0.7039242
0.7028602
0.6992694
0.70678216
0.7030565
0.71016806
0.7009693
0.69734937
0.70267165
0.70157987
0.70562154
0.7081675
0.70378226
0.70040935
0.7068869
0.7053169
0.70671916
0.7029233
0.7075806
0.7035489
0.6989407
0.7053078
0.7048113
0.70428646
0.702943
0.6959766
0.7093094
0.70128584
0.7029001
0.7016329
0.7002845
0.7067672
0.7046138
0.70326537
0.7083482
0.7039916
0.7002476
0.7056166
0.7040908
0.7024635
0.7006996
0.7014895
0.7056603
0.70376736
0.70400506
0.71001166
0.7080985
0.7039775
0.70008206
0.70396775
0.7026259
0.7060342
0.7082009
0.7054622
0.7042426
0.70435005
0.70893013
0.69741684
0.70197964
0.70377445
0.6998957
0.7047394
0.7045655
0.7073441
0.7037861
0.69891375
0.703945
0.7048993
0.701451
0.6978062
0.70693564
0.70247465
0.70418125
0.7022112
0.7063261
0.7034951
0.7041887
0.7009463
0.7015071
0.70703465
0.70676494
0.6983386
0.7022252
0.70525664
0.69904345
0.6991712
0.7065504
0.70376664
0.69803554
0.70414805
0.7019554
0.69736654
0.699323
0.70848215
0.7003054
0.70008546
0.70101404
0.70219237
0.705475
0.7040879
0.702038
0.7108273
0.70392567
0.7092634
0.7009387
0.69856274
0.706865
0.69827443
0.70147586
0.7006516
0.7059474
0.7041522
0.7050721
0.7039993
0.70244294
0.7051754
0.70229983
0.69936246
0.70470124
0.7037633
0.7008686
0.7071053
0.7018113
0.7031212
0.7033283
0.7036222
0.7020745
0.70513797
0.6987421
0.7034071
0.70815796
0.7028355
0.7018061
0.7084911
0.70639724
0.70014375
0.6999769
0.70343184
0.7083264
0.70291024
0.70054746
0.7065018
0.7102124
0.7005431
0.70546657
0.7043908
0.7034565
0.7047831
0.7030097
0.70415974
0.70426255
0.7019215
0.7008932
0.7031165
0.7071607
0.69886786
0.7002535
0.6961976
0.69854075
0.70362926
0.69984484
0.7076074
0.6995306
0.70777655
0.70162565
0.7068238
0.7062667
0.7045968
0.6985615
0.7011527
0.70913714
0.7006722
0.7012659
0.7020997
0.70534086
0.7052857
0.70513237
0.704574
0.7065665
0.70123374
0.70779854
0.7029423
0.70846766
0.70490503
0.69813234
0.70422316
0.7060991
0.69469404
0.70670044
0.6965165
0.7010695
0.70659465
0.70042306
0.70498353
0.70162225
0.7092612
0.7008255
0.70157576
0.70545995
0.70881253
0.7018386
0.7038693
0.70054
0.6993537
0.7100204
0.7035746
0.7034438
0.7065975
0.7074282
0.7100687
0.70078427
0.69975775
0.70035
0.704576
0.70466214
0.69958496
0.70077115
0.7019363
0.69624674
0.70439076
0.6965248
0.70287913
0.70283204
0.7014378
0.70531183
0.7032496
0.7018007
0.7079475
0.7046675
0.70573825
0.69972956
0.6978014
0.7018193
0.6990361
0.70286286
0.7095027
0.70081717
0.70304316
0.6991976
0.70580965
0.70027494
0.70546275
0.7019098
0.70437217
0.7062839
0.7078298
0.7110492
0.7030632
0.70255613
0.7006425
0.70775706
0.70139337
0.7042744
0.70109034
0.707616
0.7081599
0.7003423
0.7015083
0.7051159
0.7074882
0.69896173
0.7051359
0.7006966
0.7052634
0.7012961
0.70690674
0.7039115
0.70571977
0.70123655
0.7008863
0.70417476
0.70293397
0.704111
0.7074876
0.7024112
0.7017484
0.7051899
0.6974833
0.70008165
0.69966364
0.7022568
0.7013161
0.7057654
0.7032459
0.70233476
0.7041354
0.701537
0.70588255
0.7048342
0.70489097
0.6962405
0.70259655
0.69696385
0.7017192
0.6988759
0.7028518
0.7030097
0.7052419
0.6992746
0.70241606
0.70681614
0.699986
0.7027971
0.70076257
0.7049167
0.6989191
0.6996662
0.7026531
0.70316917
0.70713025
0.7017464
0.70304734
0.7063831
0.70911866
0.7026395
0.69883776
0.6997409
0.6994254
0.69544387
0.6990434
0.704103
0.7028248
0.7086107
0.6999336
0.6980379
0.7029655
0.70385617
0.70363766
0.6980793
0.7012556
0.70612156
0.70309466
0.7026464
0.702112
0.698077
0.7015555
0.6987781
0.7022586
0.70172447
0.7093179
0.6979373
0.7019709
0.7008369
0.7014558
0.70362437
0.7012402
0.6992028
0.7048946
0.7057041
0.7021831
0.7007868
0.7006327
0.70091224
0.7041744
0.7059301
0.7064659
0.6990373
0.7033005
0.7005141
0.7059902
0.7103163
0.7024343
0.70540285
0.7005501
0.70602757
0.70107126
0.7069783
0.6966031
0.7013862
0.69943815
0.69892865
0.7006672
0.6974994
0.70190686
0.70799154
0.70547086
0.70588577
0.7021987
0.7030985
0.6993243
0.7031357
0.69774747
0.70451456
0.7038416
0.7003187
0.7022974
0.6965483
0.7066378
0.7045215
0.7036988
0.7052576
0.7063983
0.697894
0.7029487
0.701377
0.70286363
0.70345193
0.7065974
0.7008042
0.70042026
0.70074624
0.70629865
0.69822705
0.70402896
0.70366937
0.69899035
0.7038348
0.6975834
0.70386285
0.70686334
0.7019267
0.702425
0.69830203
0.70537627
0.70529056
0.7053325
0.70344275
0.70124716
0.7066978
0.70718515
0.701018
0.705894
0.7044241
0.702339
0.6996009
0.7056189
0.70736814
0.7065344
0.7084593
0.7090284
0.706359
0.70239276
0.7008417
0.7044489
0.69797117
0.70696914
0.7042713
0.7000162
0.7039372
0.6989419
0.7053945
0.7077413
0.7017123
0.70233476
0.7065341
0.7032771
0.69963014
0.6954946
0.6990223
0.7042654
0.7067079
0.70240325
0.69749475
0.7014766
0.7017431
0.7044065
0.69953495
0.7037704
0.70692265
0.7016718
0.70084554
0.71117544
0.70327646
0.69845426
0.70059264
0.7003576
0.7047197
0.7044806
0.70093745
0.70249283
0.7002046
0.70534164
0.7112319
0.69694346
0.7076555
0.7010085
0.69874257
0.7053971
0.7021777
0.701819
0.70526695
0.71082926
0.7016185
0.70973
0.6988308
0.70501953
0.69760567
0.70236963
0.7001876
0.7023006
0.70061576
0.70017266
0.70064425
0.69963855
0.7000925
0.7011707
0.70077664
0.7040428
0.7019277
0.70198584
0.7007244
0.701751
0.70373803
0.7044245
0.70300454
0.6977922
0.70447
0.70307994
0.7051494
0.7000986
0.70379084
0.7062598
0.7063134
0.70357096
0.70499563
0.6997568
0.7003541
0.69784087
0.6966759
0.7082534
0.70487475
0.6974316
0.7081357
0.7066347
0.7030228
0.7049734
0.71080285
0.70751387
0.69860697
0.7015167
0.7022442
0.7060268
0.709056
0.7047338
0.7018796
0.7013221
0.70511293
0.6996937
0.70384437
0.7046568
0.70005655
0.7012746
0.69903725
0.69913185
0.7014907
0.70647573
0.70093775
0.7043738
0.7006871
0.7071191
0.70706797
0.7013903
0.7019246
0.70052594
0.69879144
0.6990166
0.69801176
0.7036862
0.7076134
0.70040274
0.7020475
0.7040972
0.6969506
0.7000302
0.7025978
0.70480174
0.70075685
0.7029887
0.69823873
0.6996016
0.70335364
0.69766253
0.7038601
0.7006355
0.70265603
0.704632
0.7066353
0.70571613
0.706608
0.70621806
0.6974851
0.70211804
0.70327485
0.70147836
0.70788574
0.7083105
0.69968235
0.7013981
0.6996595
0.7018525
0.7022516
0.69874084
0.701528
0.7048346
0.70144933
0.6994974
0.7016653
0.7012757
0.7031281
0.7000095
0.69929236
0.7048381
0.69927764
0.7011526
0.7036219
0.6989958
0.70361227
0.70086783
0.7046516
0.70052403
0.70163846
0.70848376
0.703107
0.69812685
0.7007156
0.70459026
0.70396626
0.70353395
0.7021717
0.69874287
0.70184004
0.6958726
0.70510596
0.7026966
0.6959055
0.7040556
0.70263845
0.70077455
0.7031815
0.7042149
0.7042864
0.69794106
0.7044522
0.70024186
0.70632845
0.7032279
0.7051283
0.7021432
0.702083
0.6993024
0.70264
0.7011221
0.70243174
0.7036469
0.7026188
0.7051285
0.7000525
0.7057242
0.7041396
0.70392406
0.7035193
0.6993345
0.70182526
0.7040213
0.6963037
0.7041448
0.7044201
0.70436454
0.70144665
0.69918585
0.70528555
0.7008389
0.70730925
0.70762384
0.70935446
0.702072
0.6970134
0.70107794
0.70241815
0.70550096
0.7060468
0.7082409
0.7038958
0.7003966
0.69922334
0.7057043
0.70260304
0.7009825
0.7064249
0.700789
0.7044447
0.7051983
0.69950736
0.70361435
0.69677275
0.6960604
0.6995457
0.70376456
0.70299226
0.70380086
0.7075616
0.70403665
0.703533
0.7067564
0.7035151
0.70037806
0.70547837
0.69895667
0.7003093
0.70283526
0.70457274
0.70141935
0.70359373
0.70807314
0.699504
0.70447236
0.70130086
0.71081805
0.7023746
0.7003961
0.70377576
0.70525825
0.69677126
0.7003702
0.70438874
0.703503
0.707663
0.7040833
0.70254004
0.7023587
0.7038282
0.7020744
0.69922197
0.70139354
0.70145655
0.70322347
0.70324963
0.7073035
0.7052044
0.69891626
0.6998367
0.7051904
0.7041332
0.70135665
0.7091179
0.7036822
0.69978946
0.7001618
0.7024993
0.6961751
0.70188516
0.6993129
0.70278317
0.69515187
0.7024031
0.70300835
0.7032414
0.6982066
0.70100546
0.7054963
0.70338285
0.7157942
0.70280945
0.69901973
0.6991207
0.6989283
0.696316
0.70446414
0.7018122
0.7032437
0.6993251
0.69877154
0.69704366
0.70316607
0.6989864
0.70544755
0.7003991
0.69648886
0.70272225
0.70558274
0.70397615
0.69720316
0.7052355
0.7036967
0.69977903
0.70188606
0.70179415
0.7046442
0.7022292
0.7043097
0.70384824
0.7019816
0.6987081
0.70843333
0.7039815
0.70475787
0.70016944
0.70322585
0.7030044
0.7018117
0.7007614
0.7036211
0.70511246
0.7016004
0.70644206
0.70169884
0.7026169
0.7086286
0.69768584
0.7075476
0.70437986
0.70277095
0.70093966
0.7037928
0.6998457
0.698416
0.70691395
0.70225316
0.70384955
0.70242816
0.7014655
0.70215166
0.6969853
0.6982002
0.7021278
0.7076506
0.6979454
0.70227325
0.70441896
0.6996022
0.69942206
0.6959467
0.70482945
0.7013361
0.7032383
0.7034211
0.7002231
0.7098071
0.70563287
0.702576
0.70085895
0.7062564
0.7026768
0.7080277
0.6976043
0.7048938
0.70063
0.69943285
0.70060384
0.7006016
0.70323414
0.70251733
0.7028192
0.70407486
0.7024392
0.7047308
0.707806
0.700905
0.7033026
0.70492303
0.70301825
0.6946873
0.70217687
0.7067705
0.7026514
0.70305556
0.7090694
0.7010023
0.70256996
0.7021508
0.6994777
0.7036958
0.6953348
0.70366186
0.69852024
0.70413464
0.7043554
0.6972215
0.70497566
0.7021142
0.70235854
0.6984512
0.6964943
0.7001325
0.6986578
0.7140788
0.70590216
0.7001093
0.7046574
0.6971161
0.7030112
0.7047249
0.70050573
0.7026525
0.70520115
0.70620644
0.7025966
0.6997813
0.7091021
0.6995285
0.6991874
0.7013721
0.7041855
0.6961128
0.7046909
0.7016255
0.6995444
0.70471925
0.6990384
0.6963277
0.7027189
0.70342654
0.7029691
0.70094913
0.7004264
0.70199925
0.70529175
0.70649517
0.70088786
0.701899
0.7045331
0.70521563
0.7022316
0.7017432
0.70421815
0.7006337
0.6961896
0.69667006
0.70532846
0.69792336
0.6975215
0.70205384
0.7053326
0.7005783
0.7024981
0.70874375
0.70571285
0.70171595
0.7011973
0.70313495
0.70206064
0.70100296
0.70057106
0.7015736
0.70468026
0.6973346
0.70142525
0.6992726
0.70056415
0.7051272
0.7018625
0.6995108
0.7068879
0.69932425
0.6980478
0.70268214
0.70642835
0.7002507
0.70077723
0.6992982
0.70325935
0.70280135
0.7060983
0.7010661
0.70676404
0.70318365
0.7081831
0.7033082
0.71360177
0.6983602
0.70384765
0.6982405
0.6990884
0.7018755
0.7084832
0.6962841
0.708552
0.7057769
0.70708513
0.702073
0.70012057
0.700043
0.70186156
0.7133762
0.7057695
0.7043205
0.7024294
0.7047251
0.7058492
0.69945264
0.70473564
0.7015733
0.7045293
0.70186245
0.7035313
0.704965
0.6965187
0.695616
0.69609505
0.70723933
0.70797896
0.7029955
0.706215
0.7041849
0.7034723
0.7034091
0.706918
0.7032238
0.705972
0.6992614
0.70396763
0.70183223
0.70577735
0.69937015
0.70155483
0.70073795
0.7041625
0.71207327
0.6979225
0.697596
0.69848794
0.70267564
0.7033831
0.6976552
0.6994258
0.7052681
0.7053318
0.7050496
0.7028658
0.6936276
0.698649
0.7012955
0.70019424
0.7012491
0.7044961
0.69890076
0.7041278
0.69937676
0.7036792
0.7013989
0.7047497
0.70145565
0.6999796
0.70278215
0.696303
0.7038722
0.69607294
0.7024582
0.7032409
0.70529234
0.69765836
0.69824266
0.70312375
0.7041694
0.70204633
0.700287
0.7003262
0.7039893
0.7025602
0.69927233
0.70725244
0.70173186
0.6994011
0.70414174
0.7045249
0.70383143
0.7026558
0.7079933
0.6982092
0.70752656
0.70042133
0.70190096
0.70092654
0.700612
0.7040405
0.70311767
0.7021048
0.7067622
0.7063051
0.70416474
0.7054557
0.70156467
0.6988143
0.70271504
0.7007352
0.7054314
0.70980465
0.702486
0.7056742
0.7026531
0.70695275
0.7013285
0.70333844
0.7018287
0.6989514
0.7082377
0.6968443
0.6992939
0.70058435
0.69876784
0.6982443
0.6996039
0.6987177
0.70288897
0.7048388
0.6985275
0.7032058
0.7012989
0.70246196
0.7063257
0.7036239
0.70234984
0.7031341
0.7065358
0.70285326
0.7068267
0.69929343
0.7005497
0.70330065
0.70273685
0.69828475
0.7036627
0.7033505
0.7020259
0.7057534
0.7020051
0.70279133
0.6990684
0.7038615
0.7038743
0.70110613
0.70329034
0.7016577
0.7085789
0.7037871
0.70547515
0.7069372
0.7022766
0.70184207
0.69677985
0.70042914
0.7017855
0.6981743
0.6992241
0.7047299
0.7025419
0.69866097
0.7072692
0.7042702
0.6990273
0.70399886
0.70072395
0.6979614
0.69786215
0.70423263
0.7040611
0.6970229
0.70143574
0.70976824
0.7032182
0.70332164
0.69859034
0.70437574
0.7044096
0.7064721
0.7173947
0.7018883
0.702086
0.7004378
0.70325595
0.702437
0.7025114
0.6999836
0.7014801
0.7025713
0.70827055
0.70127344
0.70099056
0.7084141
0.7042973
0.70005584
0.70216423
0.7003681
0.70403594
0.7027177
0.7025274
0.69875956
0.6999151
0.70521814
0.6951638
0.7034361
0.70036364
0.70108026
0.6942649
0.69730943
0.69766104
0.7014462
0.70518124
0.7006874
0.7067825
0.7028966
0.70846015
0.7069146
0.7089158
