0.10637284070253372
0.09811131656169891
0.0947376936674118
0.09283255785703659
0.091792531311512
0.09102226793766022
0.09024294465780258
0.08940015733242035
0.08881489187479019
0.08846855908632278
0.0880507379770279
0.08801205456256866
0.08783243596553802
0.08784930408000946
0.08785346895456314
0.08754093199968338
0.08720804005861282
0.08691942691802979
0.08693772554397583
0.08675045520067215
0.08638695627450943
0.0862254649400711
0.08590168505907059
0.08635019510984421
0.08581960201263428
0.08552829921245575
0.08554095029830933
0.0856381356716156
0.0859098806977272
0.08577821403741837
0.08590203523635864
0.08594020456075668
0.0858624130487442
0.08617030084133148
0.0864059254527092
0.08675623685121536
0.08689674735069275
0.08688937872648239
0.08714824169874191
0.08716978877782822
0.08728279173374176
0.08734385669231415
0.08769913017749786
0.08753488957881927
0.08761495351791382
0.08764376491308212
0.08796939998865128
0.08841892331838608
0.08855269849300385
0.08890713006258011
0.08927006274461746
0.08939172327518463
0.08945520222187042
0.08922918140888214
0.0893051028251648
0.08928586542606354
0.08899665623903275
0.0890708789229393
0.08904556185007095
0.0895003229379654
0.08945884555578232
0.0895226001739502
0.089468814432621
0.08988475054502487
0.09003990143537521
0.09022653102874756
0.09051496535539627
0.09067824482917786
0.09055069833993912
0.09072884917259216
0.09102348238229752
0.09117823094129562
0.09121517837047577
0.09155803173780441
0.09192364662885666
0.09192778915166855
0.09196107089519501
0.09166768193244934
0.09204377979040146
0.09231916815042496
0.09238249063491821
0.0924002155661583
0.0923735573887825
0.09230732917785645
0.09234479069709778
0.09227675944566727
0.0920478105545044
0.0917808935046196
0.09154647588729858
0.09179911017417908
0.09158279746770859
0.09132878482341766
0.09155040234327316
0.0914945974946022
0.0918884426355362
0.09184277802705765
0.09190703183412552
0.09196150302886963
0.09174367785453796
0.0920344889163971
0.09174057841300964
0.091728076338768
0.09219036251306534
0.0927947610616684
0.09267758578062057
0.09253644198179245
0.09262985736131668
0.09283146262168884
0.09260481595993042
0.09284418821334839
0.09307809919118881
0.09275152534246445
0.09285322576761246
0.09282868355512619
0.09280461817979813
0.09291157871484756
0.09262099117040634
0.09239570051431656
0.09242851287126541
0.0925116091966629
0.09269250929355621
0.09270879626274109
0.09292798489332199
0.09266087412834167
0.09269890934228897
0.09298495948314667
0.09299857914447784
0.09302616864442825
0.0928705558180809
0.09327836334705353
0.09346579015254974
0.09347819536924362
0.09310221672058105
0.09290751814842224
0.09303423017263412
0.09318411350250244
0.09306242316961288
0.0929432213306427
0.09275048971176147
0.09284809231758118
0.09338852763175964
0.09350865334272385
0.09344209730625153
0.09330499172210693
0.09343790262937546
0.09364290535449982
0.09380646049976349
0.09348046034574509
0.09369654953479767
0.09360361099243164
0.09343569725751877
0.09323600679636002
0.09345430880784988
0.09383309632539749
0.0936330184340477
0.09354891628026962
0.09396079182624817
0.0938880443572998
0.09373533725738525
0.09318353235721588
0.0931357815861702
0.09306053817272186
0.09289136528968811
0.09312950819730759
0.0930858626961708
0.09336096048355103
0.09347710013389587
0.09329972416162491
0.09371848404407501
0.09299852699041367
0.09305000305175781
0.0936146005988121
0.0936739593744278
0.09351591765880585
0.09358163923025131
0.09363030642271042
0.09346973896026611
0.09380187839269638
0.09368667006492615
0.09395161271095276
0.09432442486286163
0.09411585330963135
0.09400425851345062
0.09414665400981903
0.09392964094877243
0.09366003423929214
0.0940544456243515
0.09386451542377472
0.09401636570692062
0.09363871067762375
0.0938292071223259
0.09375817328691483
0.09392323344945908
0.09403591603040695
0.09363316744565964
0.0934998169541359
0.09378613531589508
0.09375227242708206
0.0937405601143837
0.09356709569692612
0.09348828345537186
0.0932491272687912
0.09294311702251434
0.09302525967359543
0.09305251389741898
0.09272488206624985
0.09325577318668365
0.09343697875738144
0.09333758801221848
0.09378407895565033
0.09395011514425278
0.09415203332901001
0.09396831691265106
0.09383884817361832
0.09376530349254608
0.09386377036571503
0.09383779764175415
0.0937313660979271
0.09389901161193848
0.09389913082122803
0.09382245689630508
0.09372729063034058
0.09400635957717896
0.09387052059173584
0.09355379641056061
0.09339269995689392
0.0934237465262413
0.09360317140817642
0.09368036687374115
0.09362383186817169
0.09354300051927567
0.09354574233293533
0.09341438859701157
0.09355533123016357
0.09356588870286942
0.09385960549116135
0.09366808831691742
0.0938989520072937
0.09411671757698059
0.09407444298267365
0.09409645944833755
0.09426098316907883
0.09399693459272385
0.09388765692710876
0.09360769391059875
0.09353086352348328
0.09357022494077682
0.09344533085823059
0.09379757195711136
0.09366360306739807
0.09396056830883026
0.09396922588348389
0.093942791223526
0.0939902663230896
0.09406092762947083
0.09409147500991821
0.09415779262781143
0.09458912909030914
0.09459071606397629
0.09449715167284012
0.09420502185821533
0.0941287949681282
0.09445662051439285
0.09427015483379364
0.09404861181974411
0.09449237585067749
0.09446457773447037
0.09427229315042496
0.09409666806459427
0.09437618404626846
0.09435218572616577
0.09414234012365341
0.09403421729803085
0.09414898604154587
0.09418725967407227
0.09430915117263794
0.094497911632061
0.09453120827674866
0.09407620131969452
0.09404480457305908
0.0944366455078125
0.094364695250988
0.0941171646118164
0.09391778707504272
0.0940062403678894
0.09424562007188797
0.09430079907178879
0.09425248205661774
0.09424492716789246
0.09407728165388107
0.09404048323631287
0.09443429857492447
0.09402891248464584
0.0939180925488472
0.09410228580236435
0.09392698109149933
0.09393730014562607
0.09401872754096985
0.0937378779053688
0.09379390627145767
0.09371452778577805
0.09377815574407578
0.0934118777513504
0.09332595765590668
0.09361531585454941
0.09394307434558868
0.09356316179037094
0.09348099678754807
0.09365032613277435
0.09329970926046371
0.09348387271165848
0.0932646095752716
0.09325803816318512
0.09336147457361221
0.0936589390039444
0.09354525059461594
0.09362466633319855
0.09308012574911118
0.09352951496839523
0.09359044581651688
0.09367582947015762
0.09395968914031982
0.09433158487081528
0.09450770914554596
0.09450595080852509
0.0947435051202774
0.09447652101516724
0.09418050944805145
0.0946277305483818
0.09479039162397385
0.09487998485565186
0.09479928761720657
0.09435933828353882
0.09391999244689941
0.09405022859573364
0.09390607476234436
0.09398101270198822
0.09387794882059097
0.09366397559642792
0.09366331249475479
0.09354433417320251
0.09342914074659348
0.0937964916229248
0.0935501754283905
0.09358243644237518
0.09357547014951706
0.0935707613825798
0.09361603111028671
0.09381289035081863
0.09389781206846237
0.09407607465982437
0.09405798465013504
0.09441352635622025
0.09450481086969376
0.09420828521251678
0.09417559206485748
0.09394415467977524
0.09394138306379318
0.09389892965555191
0.09377392381429672
0.0935884341597557
0.09334327280521393
0.09385119378566742
0.09380289912223816
0.0937807485461235
0.09357661753892899
0.0933666005730629
0.0930672436952591
0.093421570956707
0.09380707144737244
0.09405981749296188
0.09391605108976364
0.09385229647159576
0.09400158375501633
0.0937969908118248
0.09379006922245026
0.09364805370569229
0.09404828399419785
0.093709297478199
0.09412991255521774
0.09382008761167526
0.09397581964731216
0.09380584955215454
0.09361693263053894
0.0934622511267662
0.09333811700344086
0.09380082041025162
0.09390995651483536
0.09374698251485825
0.0938824787735939
0.09381963312625885
0.09406144171953201
0.09423154592514038
0.09407058358192444
0.0937705859541893
0.09397006779909134
0.09390637278556824
0.09400181472301483
0.09375669807195663
0.09335009008646011
0.09336408972740173
0.09358184039592743
0.0938180536031723
0.09396931529045105
0.09394756704568863
0.09413795173168182
0.09362789243459702
0.09396184235811234
0.09369801729917526
0.09380264580249786
0.09377338737249374
0.09393134713172913
0.09402306377887726
0.09402918815612793
0.09415129572153091
0.0939716249704361
0.094272680580616
0.09420529752969742
0.09448926895856857
0.09411662817001343
0.09431915730237961
0.09456701576709747
0.09429948776960373
0.09416135400533676
0.09408359229564667
0.09397021681070328
0.0938652977347374
0.09362684190273285
0.09377191960811615
0.09391331672668457
0.09355287998914719
0.09350069612264633
0.09332873672246933
0.09335426986217499
0.09341178089380264
0.0931585431098938
0.09352772682905197
0.09353234618902206
0.09336458891630173
0.09337984770536423
0.0934792309999466
0.09354236721992493
0.0938027948141098
0.093457892537117
0.09371337294578552
0.09354040026664734
0.09340973943471909
0.09347978979349136
0.09378872066736221
0.09380196034908295
0.09414965659379959
0.09404516220092773
0.09372885525226593
0.09310809522867203
0.09361080825328827
0.0936284288764
0.09294361621141434
0.09286447614431381
0.09286599606275558
0.09291043132543564
0.09304723888635635
0.0931583121418953
0.09284879267215729
0.09282541275024414
0.09303075075149536
0.09282654523849487
0.09294985979795456
0.09325291216373444
0.09343401342630386
0.09354536235332489
0.09349977970123291
0.0937570109963417
0.09368947148323059
0.09391419589519501
0.09342113137245178
0.09331018477678299
0.09325534105300903
0.093129001557827
0.09329435974359512
0.09349429607391357
0.09331867098808289
0.09341201186180115
0.09352418780326843
0.0935707837343216
0.09357183426618576
0.09333989769220352
0.09348368644714355
0.09368482232093811
0.09351962059736252
0.09354888647794724
0.09338495135307312
0.09317252784967422
0.09345334023237228
0.0934349000453949
0.09332796931266785
0.09333670884370804
0.09306271374225616
0.09308993071317673
0.09291984885931015
0.09282878041267395
0.09288793057203293
0.09338318556547165
0.09329645335674286
0.0929921567440033
0.09333528578281403
0.09339044988155365
0.09328387677669525
0.0931682288646698
0.09358931332826614
0.09397097676992416
0.0942477360367775
0.09416043758392334
0.0939391702413559
0.0936519056558609
0.09327512979507446
0.09310736507177353
0.09320268034934998
0.09347934275865555
0.0935310497879982
0.09306597709655762
0.09292697161436081
0.0934135913848877
0.09366931021213531
0.0933837890625
0.09356468915939331
0.09323734045028687
0.09331430494785309
0.09342444688081741
0.09366857260465622
0.09313517808914185
0.09317457675933838
0.0930204764008522
0.09329865872859955
0.09329283237457275
0.09341953694820404
0.09313777834177017
0.09307313710451126
0.09335389733314514
0.09324662387371063
0.0930325984954834
0.09308961033821106
0.0933530330657959
0.09321688115596771
0.09359840303659439
0.09350242465734482
0.09330156445503235
0.09316426515579224
0.09319281578063965
0.09318473935127258
0.09347584843635559
0.09367391467094421
0.09354282170534134
0.0935700461268425
0.09360901266336441
0.09388942271471024
0.0937536209821701
0.09361059963703156
0.09357884526252747
0.09374598413705826
0.09369834512472153
0.09377601742744446
0.09379256516695023
0.09371424466371536
0.0931902751326561
0.09309031814336777
0.09315986186265945
0.09336341172456741
0.09318173676729202
0.09334617108106613
0.09330175817012787
0.09336137026548386
0.09358812868595123
0.09342030435800552
0.0934799388051033
0.09350130707025528
0.09363903850317001
0.09332142025232315
0.0932939201593399
0.09272695332765579
0.0931805893778801
0.09324699640274048
0.0932178944349289
0.09337440878152847
0.09354179352521896
0.09359533339738846
0.0931146889925003
0.0932747945189476
0.09353797882795334
0.09341715276241302
0.09349241107702255
0.09334396570920944
0.09331382811069489
0.09335857629776001
0.09384053200483322
0.09385577589273453
0.09384910017251968
0.09382183104753494
0.09349421411752701
0.09347105771303177
0.09348350018262863
0.09373018890619278
0.09349711239337921
0.09378557652235031
0.09379186481237411
0.09389155358076096
0.09369522333145142
0.09366702288389206
0.09348852932453156
0.09384468197822571
0.09376652538776398
0.09382578730583191
0.09347978979349136
0.09364679455757141
0.09356208145618439
0.09349329769611359
0.09364354610443115
0.0937492772936821
0.09394215792417526
0.09384158998727798
0.09385786205530167
0.09376411885023117
0.09348848462104797
0.09329963475465775
0.09296781569719315
0.09331438690423965
0.09353980422019958
0.0936928242444992
0.09350594878196716
0.0935240238904953
0.09345788508653641
0.09311152249574661
0.09330890327692032
0.09343823790550232
0.09335655719041824
0.09314039349555969
0.09295358508825302
0.09352488070726395
0.09332229197025299
0.09328717738389969
0.09307710081338882
0.09285768866539001
0.09318839013576508
0.09293091297149658
0.09279037266969681
0.0927155390381813
0.09297115355730057
0.09322305023670197
0.09326759725809097
0.09307509660720825
0.0927106961607933
0.0930110365152359
0.0927635207772255
0.09277398884296417
0.0929773598909378
0.09285585582256317
0.09262533485889435
0.09233355522155762
0.09257663786411285
0.09284860640764236
0.09315118193626404
0.0927935391664505
0.09339682757854462
0.09311678260564804
0.09298638254404068
0.09314411878585815
0.09281077235937119
0.09254956245422363
0.09246310591697693
0.09239174425601959
0.09261954575777054
0.09296742081642151
0.09287067502737045
0.09267004579305649
0.09264883399009705
0.09295399487018585
0.09293961524963379
0.09277370572090149
0.09260725975036621
0.09267838299274445
0.09249245375394821
0.09237600117921829
0.09228985011577606
0.09234971553087234
0.09244871139526367
0.0927363783121109
0.09277079999446869
0.09308582544326782
0.09274903684854507
0.09255414456129074
0.09265847504138947
0.092679962515831
0.09325974434614182
0.09308551996946335
0.0931323915719986
0.09337140619754791
0.09312739223241806
0.09287833422422409
0.09290257096290588
0.09315216541290283
0.0933174341917038
0.0929422453045845
0.09282341599464417
0.09264140576124191
0.09271884709596634
0.09283871948719025
0.09271300584077835
0.09254112094640732
0.09272303432226181
0.092801034450531
0.09310488402843475
0.09285731613636017
0.09297680109739304
0.09366626292467117
0.09351366013288498
0.09356202930212021
0.09349142014980316
0.09321359544992447
0.09317481517791748
0.093360036611557
0.09307733178138733
0.09268834441900253
0.09279467910528183
0.0926201194524765
0.09278148412704468
0.0924060046672821
0.09245838224887848
0.09237062186002731
0.09222433716058731
0.09206203371286392
0.09202930331230164
0.0922427698969841
0.09253152459859848
0.09258169680833817
0.09260396659374237
0.09267263114452362
0.09285588562488556
0.0929095521569252
0.09289763122797012
0.09326060861349106
0.09343159198760986
0.09339059144258499
0.09320911765098572
0.09292460232973099
0.0928320586681366
0.0931764468550682
0.0930294319987297
0.09286082535982132
0.09307432174682617
0.09310473501682281
0.09280524402856827
0.09296738356351852
0.09270701557397842
0.0923675149679184
0.0927981585264206
0.09302794933319092
0.09318365901708603
0.0928114727139473
0.09271498024463654
0.09280219674110413
0.09242824465036392
0.09242293983697891
0.09229832887649536
0.09235526621341705
0.09241743385791779
0.09256698191165924
0.09265157580375671
0.09222442656755447
0.09245520830154419
0.09268134087324142
0.09265203028917313
0.09256208688020706
0.09242347627878189
0.09252702444791794
0.09277775138616562
0.09257213771343231
0.09256098419427872
0.09270878881216049
0.09250406175851822
0.09236204624176025
0.09226223081350327
0.09222811460494995
0.09205468744039536
0.09187277406454086
0.09191061556339264
0.09179163724184036
0.09243106842041016
0.09246500581502914
0.09248717129230499
0.09224597364664078
0.09226728230714798
0.092584989964962
0.0927368700504303
0.0928931012749672
0.09286481887102127
0.09342716634273529
0.09329891204833984
0.0930308997631073
0.0926857516169548
0.09259239584207535
0.09305636584758759
0.09322281181812286
0.09298952668905258
0.0931825116276741
0.0929030179977417
0.09300582855939865
0.09299973398447037
0.09294679015874863
0.0929378792643547
0.09286531805992126
0.0932307168841362
0.09328886866569519
0.09297280758619308
0.09272908419370651
0.09237337112426758
0.09214160591363907
0.09194793552160263
0.09208536148071289
0.09215331822633743
0.09233667701482773
0.09218598902225494
0.09204724431037903
0.09218079596757889
0.0924273133277893
0.09253565222024918
0.09247396141290665
0.09250534325838089
0.09248460084199905
0.09172900021076202
0.09150195866823196
0.09178784489631653
0.09135467559099197
0.09155192226171494
0.09187321364879608
0.09181024879217148
0.09214379638433456
0.09199414402246475
0.09198899567127228
0.09192182123661041
0.0923115462064743
0.09222965687513351
0.09203426539897919
0.09231410175561905
0.09273602068424225
0.09273453056812286
0.09357567131519318
0.09339002519845963
0.09295248985290527
0.09325120598077774
0.09293703734874725
0.09280981868505478
0.09280400723218918
0.09256452322006226
0.09252699464559555
0.0929863452911377
0.09296774119138718
0.09307873994112015
0.09294184297323227
0.09272298216819763
0.09260440617799759
0.0922781303524971
0.09213690459728241
0.09249638020992279
0.09210845828056335
0.0920100212097168
0.0924450233578682
0.09232169389724731
0.09241414070129395
0.09264586865901947
0.09258057922124863
0.09228149801492691
0.09250207245349884
0.09215663373470306
0.09201005101203918
0.09174497425556183
0.09193075448274612
0.09199177473783493
0.09243206679821014
0.09228308498859406
0.09223370254039764
0.09227980673313141
0.09254822134971619
0.09260424226522446
0.09276028722524643
0.09214307367801666
0.09201537817716599
0.09178835153579712
0.09193460643291473
0.09201350808143616
0.09227181226015091
0.09211578965187073
0.09258271008729935
0.09259612113237381
0.09285542368888855
0.09270409494638443
0.09260022640228271
0.09243421256542206
0.09229135513305664
0.09280192106962204
0.09286283701658249
0.09306709468364716
0.09294532239437103
0.09306471049785614
0.09295604377985
0.09278638660907745
0.09289251267910004
0.09291645139455795
0.09295709431171417
0.0923825204372406
0.09202845394611359
0.09234678000211716
0.09232228994369507
0.09200926870107651
0.0917595773935318
0.09205233305692673
0.09231751412153244
0.09211581200361252
0.09228505194187164
0.09238604456186295
0.09269749373197556
0.09275585412979126
0.09272241592407227
0.09291169047355652
0.09267736226320267
0.09275298565626144
0.09208150953054428
0.09247641265392303
0.0925305038690567
0.09234686195850372
0.09227573871612549
0.09237337112426758
0.09227240830659866
0.0920875295996666
0.09196088463068008
0.09224294871091843
0.09247880429029465
0.09215207397937775
0.09236061573028564
0.09253918379545212
0.09239045530557632
0.09231694787740707
0.09212066978216171
0.09208610653877258
0.09218119084835052
0.09253566712141037
0.09253744781017303
0.09262268245220184
0.09234856814146042
0.09272968769073486
0.09263919293880463
0.09251376241445541
0.09216270595788956
0.09190384298563004
0.09214485436677933
0.09247858077287674
0.09264816343784332
0.09229715168476105
0.09209246188402176
0.09197811782360077
0.09202446043491364
0.09196596592664719
0.09232787042856216
0.09216383099555969
0.0922766849398613
0.0923374742269516
0.09257249534130096
0.0930110365152359
0.09264066815376282
0.09252001345157623
0.09264010936021805
0.09264931827783585
0.09234484285116196
0.09257126599550247
0.09269396215677261
0.09233151376247406
0.09230877459049225
0.09244772791862488
0.0925426110625267
0.09251933544874191
0.09214863181114197
0.09190548211336136
0.09191885590553284
0.09189449995756149
0.09184374660253525
0.09160508960485458
0.09169289469718933
0.09157832711935043
0.0916086807847023
0.0916789099574089
0.09185247868299484
0.09164438396692276
0.09138903766870499
0.09185265004634857
0.09170801192522049
0.09144070744514465
0.09153936803340912
0.09174348413944244
0.09206469357013702
0.09198205173015594
0.09198938310146332
0.09200581908226013
0.09224095940589905
0.09192578494548798
0.09244202822446823
0.09208117425441742
0.09195704013109207
0.09185251593589783
0.0919703021645546
0.09195529669523239
0.09205850958824158
0.09248442202806473
0.09227898716926575
0.09230489283800125
0.09192909300327301
0.09198427200317383
0.0921136811375618
0.09179823845624924
0.09182420372962952
0.09193643927574158
0.09178096801042557
0.09194356948137283
0.09210822731256485
0.09217341244220734
0.09229154139757156
0.09181472659111023
0.09174825996160507
0.09177932888269424
0.09222281724214554
0.0925043597817421
0.0922117680311203
0.09238111227750778
0.09280449151992798
0.09282427281141281
0.09221670031547546
0.09226664900779724
0.09199593961238861
0.09166274219751358
0.09155920892953873
0.09156468510627747
0.091749407351017
0.09174796938896179
0.09188404679298401
0.09190668165683746
0.09199078381061554
0.09183435887098312
0.09167110174894333
0.09183797985315323
0.09198968857526779
0.09188355505466461
0.09187977015972137
0.09203509986400604
0.09204241633415222
0.09202595800161362
0.09223651885986328
0.092318594455719
0.09239222854375839
0.09224757552146912
0.0926542729139328
0.09239712357521057
0.09212540090084076
0.09216734021902084
0.09173832833766937
0.09164951741695404
0.09194810688495636
0.09179738163948059
0.09175673127174377
0.09136449545621872
0.09173338115215302
0.09191785007715225
0.09140626341104507
0.091750368475914
0.09170842915773392
0.09191648662090302
0.09204745292663574
0.09159880876541138
0.09165029227733612
0.09146919846534729
0.09173937886953354
0.09152147173881531
0.09226809442043304
0.09200897812843323
0.0920378789305687
0.09187455475330353
0.09167922288179398
0.0916803777217865
0.0918458104133606
0.09161853045225143
0.09171845018863678
0.09143786132335663
0.09122253209352493
0.09135083109140396
0.09174123406410217
0.09189805388450623
0.09214846789836884
0.09184222668409348
0.09200835227966309
0.0918646827340126
0.0923892930150032
0.09244043380022049
0.09210056811571121
0.09202569723129272
0.09177585691213608
0.09156012535095215
0.09113896638154984
0.09138673543930054
0.09171944856643677
0.09185736626386642
0.09179497510194778
0.0915609821677208
0.09150057286024094
0.09143151342868805
0.09114068746566772
0.09153822809457779
0.09123165905475616
0.09111382812261581
0.09166786819696426
0.09181606769561768
0.09192091971635818
0.09150142222642899
0.09137988090515137
0.09154316782951355
0.09158755838871002
0.09199586510658264
0.09141141176223755
0.09140045195817947
0.09145978093147278
0.09143167734146118
0.09156502038240433
0.09122049808502197
0.09137707203626633
0.09134417027235031
0.09106225520372391
0.09088078141212463
0.09062222391366959
0.09123629331588745
0.09124613553285599
0.09132803976535797
0.09130417555570602
0.09138323366641998
0.09141379594802856
0.09181101620197296
0.09165339916944504
0.09129390865564346
0.09122394770383835
0.09135711938142776
0.09123154729604721
0.09142553806304932
0.09171073138713837
0.09138301759958267
0.0915907472372055
0.09162036329507828
0.09140607714653015
0.09143877774477005
0.09177661687135696
0.09204860776662827
0.09245919436216354
0.09222610294818878
0.09218302369117737
0.09222707897424698
0.09235072135925293
0.09304641932249069
0.09258489310741425
0.09242530912160873
0.09219822287559509
0.09215065836906433
0.09182524681091309
0.0919487327337265
0.09212751686573029
0.0921114832162857
0.09209572523832321
0.09245883673429489
0.09221002459526062
0.09266079217195511
0.09305959939956665
0.09292889386415482
0.09307307004928589
0.09264355152845383
0.09298337250947952
0.09276566654443741
0.09277055412530899
0.09283673018217087
0.0926976427435875
0.0924663096666336
0.09222235530614853
0.09219959378242493
0.09200350195169449
0.09203886240720749
0.09222792834043503
0.09211138635873795
0.09193101525306702
0.09179830551147461
0.0916261374950409
0.09189069271087646
0.09231054037809372
0.09203478693962097
0.09192083030939102
0.09188363701105118
0.0918545350432396
0.09228900074958801
0.09297990053892136
0.09274618327617645
0.09232556074857712
0.09222335368394852
0.09222077578306198
0.09247354418039322
0.09197621792554855
0.0919865071773529
0.09190339595079422
0.09210121631622314
0.09186450392007828
0.09193431586027145
0.09242426604032516
0.09209255129098892
0.09228768944740295
0.09263589233160019
0.09280100464820862
0.09281126409769058
0.09321571886539459
0.0926394984126091
0.0925997868180275
0.09215839952230453
0.09268214553594589
0.09247990697622299
0.09258541464805603
0.09224403649568558
0.09210307896137238
0.09217876195907593
0.09236414730548859
0.09231650829315186
0.09254365414381027
0.09268932044506073
0.09256327897310257
0.09286633878946304
0.09303203225135803
0.09255806356668472
0.09259460121393204
0.09274707734584808
0.09302596002817154
0.09276116639375687
0.09259393811225891
0.0926298201084137
0.09260297566652298
0.09241428971290588
0.09260439872741699
0.09277379512786865
0.0925062969326973
0.09244150668382645
0.09255769103765488
0.09236181527376175
0.09251902997493744
0.09292015433311462
0.09268280863761902
0.09292091429233551
0.09279099851846695
0.09271588176488876
0.09235177934169769
0.09228350967168808
0.09207002073526382
0.09216602146625519
0.09264402836561203
0.09258543699979782
0.09247707575559616
0.09216886013746262
0.09231511503458023
0.09224571287631989
0.09223080426454544
0.09181065112352371
0.09188993275165558
0.09158191084861755
0.09138914942741394
0.09186319261789322
0.09175226092338562
0.09160221368074417
0.09174754470586777
0.09173647314310074
0.09184182435274124
0.09166127443313599
0.09192659705877304
0.09221639484167099
0.09231990575790405
0.0921340137720108
0.0925598293542862
0.09296595305204391
0.09276792407035828
0.09260096400976181
0.09255068004131317
0.09245456010103226
0.09194369614124298
0.09189480543136597
0.0920698344707489
0.09218766540288925
0.09210244566202164
0.09204365313053131
0.09227240085601807
0.09213206171989441
0.0922979861497879
0.09181883186101913
0.09174130111932755
0.09189724922180176
0.09203528612852097
0.09185612201690674
0.09207189083099365
0.09203449636697769
0.09206856042146683
0.09156899899244308
0.09198687970638275
0.09199988096952438
0.09187417477369308
0.09189406037330627
0.09208635985851288
0.09227284044027328
0.09223008900880814
0.09226600080728531
0.09237383306026459
0.09197084605693817
0.09206616878509521
0.09231310337781906
0.09244471788406372
0.09225479513406754
0.0922362208366394
0.09209545701742172
0.0924287736415863
0.09257213771343231
0.0923791155219078
0.09247278422117233
0.09221285581588745
0.0924212634563446
0.0921395868062973
0.09212487190961838
0.09225145727396011
0.09217905253171921
0.09242072701454163
0.09233997017145157
0.09257659316062927
0.09234574437141418
0.09200511872768402
0.0921761617064476
0.09244605898857117
0.09252936393022537
0.09229158610105515
0.09211523830890656
0.09262177348136902
0.09231943637132645
0.09254912286996841
0.09257511794567108
0.09252875298261642
0.09289994835853577
0.0929298996925354
0.09302198141813278
0.0930345356464386
0.0929146483540535
0.09296838194131851
0.09280157834291458
0.09256666898727417
0.09268005937337875
0.09290359914302826
0.09261683374643326
0.09276466816663742
0.09272754937410355
0.09282723069190979
0.09257872402667999
0.0925820991396904
0.0926726907491684
0.09260981529951096
0.09279458224773407
0.09234968572854996
0.09222225844860077
0.09233291447162628
0.09234105050563812
0.09252387285232544
0.09272255748510361
0.09258133172988892
0.0923682153224945
0.09254753589630127
0.09245521575212479
0.0924433097243309
0.09257683902978897
0.0923699215054512
0.09243156760931015
0.09256692975759506
0.09284476190805435
0.09285318106412888
0.09268119186162949
0.09251445531845093
0.09233024716377258
0.09240354597568512
0.09213308990001678
0.09253045916557312
0.09265897423028946
0.09237144887447357
0.09258455038070679
0.09269436448812485
0.09248539805412292
0.09240004420280457
0.09261719882488251
0.09270741790533066
0.09297177940607071
0.0932614877820015
0.09302740544080734
0.09327788650989532
0.09313187003135681
0.09309198707342148
0.09321747720241547
0.09291190654039383
0.09238255769014359
0.09276095032691956
0.09262508153915405
0.09272419661283493
0.09260262548923492
0.09305405616760254
0.09281352907419205
0.09267283231019974
0.09234708547592163
0.09242427349090576
0.0924096331000328
0.09268918633460999
0.0924137607216835
0.09231403470039368
0.09238046407699585
0.09253108501434326
0.09257976710796356
0.09268994629383087
0.09249118715524673
0.09284433722496033
0.09294579923152924
0.09268572926521301
0.09314005821943283
0.09274981170892715
0.09269189834594727
0.0926620364189148
0.09275396168231964
0.09272328019142151
0.09289421141147614
0.09303823113441467
0.09309804439544678
0.09291155636310577
0.09294886887073517
0.09307114034891129
0.093342624604702
0.0929136574268341
0.09286531805992126
0.09286803007125854
0.0928231030702591
0.09281287342309952
0.09279607981443405
0.09296827763319016
0.093015655875206
0.0928441658616066
0.09305524080991745
0.0931498184800148
0.09288323670625687
0.09291085600852966
0.09289994090795517
0.09293621778488159
0.09275918453931808
0.09263576567173004
0.0925716683268547
0.09288372099399567
0.0925089418888092
0.09222021698951721
0.09182807803153992
0.09207452088594437
0.0921703651547432
0.0922495499253273
0.09233451634645462
0.09209644049406052
0.09244382381439209
0.09253661334514618
0.09247812628746033
0.09213557094335556
0.0922437384724617
0.09225012362003326
0.09217052906751633
0.09207829087972641
0.0924612507224083
0.09250254184007645
0.09262996912002563
0.09283655881881714
0.09284501522779465
0.09298773109912872
0.09309452027082443
0.09337940067052841
0.09325060248374939
0.09344417601823807
0.09342312067747116
0.09343955665826797
0.09333962202072144
0.0930003970861435
0.09263674169778824
0.09260941296815872
0.09279104322195053
0.09299388527870178
0.09329981356859207
0.09301333129405975
0.09291311353445053
0.09285803139209747
0.09319227188825607
0.09305869787931442
0.09317958354949951
0.0932047888636589
0.09340741485357285
0.09322682023048401
0.09343290328979492
0.09344681352376938
0.09348751604557037
0.09346628189086914
0.09327134490013123
0.09320922195911407
0.09324844926595688
0.09338092058897018
0.09332773834466934
0.09298404306173325
0.09286734461784363
0.09298662841320038
0.09293258935213089
0.09319934993982315
0.09292927384376526
0.0927194356918335
0.09298934787511826
0.09267924726009369
0.09280209988355637
0.09295466542243958
0.09292345494031906
0.0929303765296936
0.0930556133389473
0.09343062341213226
0.09358348697423935
0.09362903982400894
0.0937221571803093
0.09356566518545151
0.093809574842453
0.0940476804971695
0.09365973621606827
0.09355299174785614
0.09331204742193222
0.09319328516721725
0.0933740958571434
0.09308730810880661
0.09261155873537064
0.09266666322946548
0.09283915907144547
0.09311618655920029
0.09279155731201172
0.09305700659751892
0.09298138320446014
0.09322948753833771
0.09325189143419266
0.09317491948604584
0.09335073083639145
0.09334122389554977
0.09333280473947525
0.0935102105140686
0.09398915618658066
0.09367451816797256
0.09337636828422546
0.09349067509174347
0.09383353590965271
0.09370236098766327
0.09339847415685654
0.09355037659406662
0.09316334873437881
0.0938456729054451
0.09356914460659027
0.09368608146905899
0.09378404170274734
0.09371984004974365
0.09345966577529907
0.09328338503837585
0.09331981837749481
0.09373006224632263
0.09346608817577362
0.09361294656991959
0.0936056450009346
0.09407506138086319
0.09402047097682953
0.09409695863723755
0.09389597177505493
0.09351766854524612
0.09380628168582916
0.09377709031105042
0.0936664417386055
0.09379380941390991
0.09333482384681702
0.09312689304351807
0.09344779700040817
0.09339763969182968
0.09366877377033234
0.09352628886699677
0.0935857817530632
0.09356234222650528
0.09379518777132034
0.09371782839298248
0.09387551993131638
0.09340843558311462
0.09349270910024643
0.09353765100240707
0.09377245604991913
0.09389476478099823
0.09417197853326797
0.09428207576274872
0.09423256665468216
0.09459291398525238
0.09473342448472977
0.09466221183538437
0.09457974880933762
0.09421128779649734
0.09420230984687805
0.09418339282274246
0.09472060948610306
0.09443672746419907
0.09403319656848907
0.09407203644514084
0.09411479532718658
0.09406460076570511
0.09413271397352219
0.09399614483118057
0.09393785148859024
0.09421199560165405
0.09450643509626389
0.0948256254196167
0.09433905780315399
0.09474420547485352
0.09470345824956894
0.09494855999946594
0.09520433843135834
0.09518439322710037
0.09491104632616043
0.09495401382446289
0.09469372034072876
0.09489524364471436
0.09483695775270462
0.09440737962722778
0.0942835733294487
0.09413877129554749
0.09425929188728333
0.0941237285733223
0.09457363188266754
0.09435491263866425
0.09441783279180527
0.09414945542812347
0.09391921758651733
0.09428596496582031
0.09437749534845352
0.09423194825649261
0.09399023652076721
0.09334703534841537
0.09365437179803848
0.0942644476890564
0.09485175460577011
0.0945921391248703
0.09428765624761581
0.09443329274654388
0.09476855397224426
0.09442639350891113
0.09440581500530243
0.09436167776584625
0.09402518719434738
0.0937478095293045
0.0937449038028717
0.09407597035169601
0.09393361955881119
0.09373035281896591
0.09362515062093735
0.0940428078174591
0.09395524114370346
0.09403900802135468
0.0937124714255333
0.09383440017700195
0.09398896247148514
0.09429216384887695
0.09436062723398209
0.09425771236419678
0.0948411300778389
0.09462084621191025
0.09439856559038162
0.0943150594830513
0.09474790096282959
0.09469562023878098
0.09523583203554153
0.0952283963561058
0.09476419538259506
0.09458739310503006
0.09473591297864914
0.09418560564517975
0.09409505873918533
0.09387162327766418
0.09418107569217682
0.09411676973104477
0.09419877827167511
0.09430287033319473
0.0944461077451706
0.09448139369487762
0.09464925527572632
0.09476523101329803
0.09432131797075272
0.09460267424583435
0.09466871619224548
0.0948609784245491
0.09483586996793747
0.09447363018989563
0.0946100577712059
0.09436722099781036
0.09450475871562958
0.09443385154008865
0.09423161298036575
0.09425579011440277
0.09428711235523224
0.09458797425031662
0.09493192285299301
0.09511884301900864
0.09486450254917145
0.09535254538059235
0.09527776390314102
0.09504923224449158
0.09514672309160233
0.09527374804019928
0.09524742513895035
0.09494824707508087
0.09519849717617035
0.095006562769413
0.09530413895845413
0.09522806107997894
0.09550821781158447
0.09524133801460266
0.09529487788677216
0.09525131434202194
0.09497356414794922
0.09523997455835342
0.09493079036474228
0.09422274678945541
0.09451667219400406
0.09462608397006989
0.09500233083963394
0.0951366201043129
0.09517906606197357
0.09549757838249207
0.0956231951713562
0.09602417796850204
0.09590879082679749
0.09603084623813629
0.09563040733337402
0.09588538110256195
0.09595488011837006
0.09568461030721664
0.09517063945531845
0.09491582214832306
0.09480956196784973
0.09468480199575424
0.09495865553617477
0.09483333677053452
0.09469258785247803
0.09497983753681183
0.09531755745410919
0.09514247626066208
0.09504714608192444
0.09537632018327713
0.09528037905693054
0.09526919573545456
0.09546153247356415
0.0955546423792839
0.09529472887516022
0.09552595764398575
0.09537042677402496
0.09515874087810516
0.09528516232967377
0.09560039639472961
0.09572603553533554
0.09575837850570679
0.0956178605556488
0.09580975025892258
0.09535393118858337
0.09556877613067627
0.09536418318748474
0.09541263431310654
0.0954333022236824
0.09596553444862366
0.09608215093612671
0.09574904292821884
0.09600144624710083
0.0960867777466774
0.09598743915557861
0.09619846194982529
0.095740906894207
0.09573201090097427
0.09588892757892609
0.09573812782764435
0.09572119265794754
0.09558553993701935
0.09576217085123062
0.09560298174619675
0.09567869454622269
0.09574176371097565
0.09592075645923615
0.09574655443429947
0.09559126198291779
0.09535150974988937
0.09529703110456467
0.09522358328104019
0.09535215049982071
0.09518921375274658
0.09554628282785416
0.09540712833404541
0.09534610062837601
0.09552572667598724
0.09595070779323578
0.09582482278347015
0.09577055275440216
0.09615233540534973
0.09630643576383591
0.09613092243671417
0.09607613831758499
0.09611470997333527
0.09607203304767609
0.09564684331417084
0.09586456418037415
0.0961788222193718
0.09611361473798752
0.09605921059846878
0.09550311416387558
0.09575200825929642
0.09605354070663452
0.09616374969482422
0.09595851600170135
0.0959281176328659
0.09627696871757507
0.09582002460956573
0.0957927405834198
0.0955410748720169
0.09561796486377716
0.09597104042768478
0.09591370075941086
0.09634853899478912
0.09656520187854767
0.09635081142187119
0.0961032286286354
0.09606136381626129
0.09651322662830353
0.09643198549747467
0.09669260680675507
0.09627498686313629
0.09591242671012878
0.09627895057201385
0.09652318060398102
0.09653794020414352
0.09644520282745361
0.09658437222242355
0.0965469628572464
0.09643268585205078
0.09650763869285583
0.09681232273578644
0.09674301743507385
0.09669443964958191
0.09687524288892746
0.09671150892972946
0.09676849097013474
0.09690797328948975
0.09704948216676712
0.09721830487251282
0.0972408726811409
0.09707371890544891
0.09693008661270142
0.09712320566177368
0.09666099399328232
0.09669223427772522
0.09667553007602692
0.09676161408424377
0.09646984189748764
0.09643200039863586
0.09625875949859619
0.09624984860420227
0.09616503119468689
0.09617790579795837
0.09629523754119873
0.09624417871236801
0.09629393368959427
0.09649597853422165
0.09660860896110535
0.0963386818766594
0.0965818241238594
0.09695663303136826
0.09693316370248795
0.09683284908533096
0.096825510263443
0.09704214334487915
0.09745494276285172
0.0973944291472435
0.09692830592393875
0.09673475474119186
0.09685897827148438
0.09692297130823135
0.0971701592206955
0.09732560068368912
0.09700227528810501
0.09714960306882858
0.09712749719619751
0.0970795676112175
0.09688276797533035
0.09734319895505905
0.09774155169725418
0.09771841019392014
0.09766688197851181
0.09745119512081146
0.09740841388702393
0.09732331335544586
0.09688671678304672
0.09684980660676956
0.09702074527740479
0.09712675958871841
0.09725866466760635
0.09750544279813766
0.09766504913568497
0.09751082211732864
0.09744032472372055
0.0976039320230484
0.09754938632249832
0.09738099575042725
0.09760275483131409
0.09754493087530136
0.09765329211950302
0.09742818027734756
0.09755498170852661
0.09759896248579025
0.09772299975156784
0.09777265042066574
0.09777297079563141
0.09710446745157242
0.09750469774007797
0.09727641940116882
0.09727431833744049
0.09689107537269592
0.09692537039518356
0.09703542292118073
0.09731180965900421
0.09744228422641754
0.09751147776842117
0.09744861721992493
0.0972648486495018
0.09750939160585403
0.09718885272741318
0.097027987241745
0.09712698310613632
0.09690957516431808
0.09729447960853577
0.09738441556692123
0.09747640788555145
0.09767165780067444
0.09766722470521927
0.09768238663673401
0.09760637581348419
0.09773897379636765
0.09778710454702377
0.09763818234205246
0.09775109589099884
0.09786487370729446
0.09774074703454971
0.09785644710063934
0.09789583086967468
0.09786815196275711
0.09805227816104889
0.09819512069225311
0.09801612049341202
0.09820566326379776
0.09781533479690552
0.09804287552833557
0.09792742878198624
0.09769640862941742
0.0977589413523674
0.09753283113241196
0.09753645211458206
0.09752977639436722
0.09763592481613159
0.09784826636314392
0.09769609570503235
0.0977344810962677
0.09753347933292389
0.09734861552715302
0.09729396551847458
0.09784838557243347
0.09803574532270432
0.0981302410364151
0.09772110730409622
0.09798026829957962
0.09781686961650848
0.09780581295490265
0.09757969528436661
0.09750248491764069
0.09780904650688171
0.09730279445648193
0.09762616455554962
0.09767366945743561
0.09774066507816315
0.09792542457580566
0.09822250157594681
0.09815942496061325
0.0979444682598114
0.09816709905862808
0.09819847345352173
0.09817218035459518
0.09814614057540894
0.09836665540933609
0.09850239008665085
0.09840912371873856
0.09813427925109863
0.09805498272180557
0.09799576550722122
0.09813445061445236
0.0980294719338417
0.097935251891613
0.09824194014072418
0.0986855998635292
0.09856109321117401
0.09862262010574341
0.09885639697313309
0.09881070256233215
0.09931480884552002
0.09938947856426239
0.09948867559432983
0.09962954372167587
0.09947632253170013
0.0993541032075882
0.09922923892736435
0.09868200123310089
0.09900081902742386
0.09877467900514603
0.09902986139059067
0.09882345050573349
0.09895960986614227
0.09907014667987823
0.09911908209323883
0.09896492213010788
0.09917784482240677
0.09906148910522461
0.09929253906011581
0.09909272193908691
0.09896785765886307
0.0984710231423378
0.09937747567892075
0.0993291586637497
0.09883037209510803
0.09898867458105087
0.09930787235498428
0.09950672090053558
0.09947866201400757
0.09993290156126022
0.09946784377098083
0.09941286593675613
0.09964558482170105
0.09952621161937714
0.09921851754188538
0.09905744343996048
0.09884773194789886
0.09878532588481903
0.09898603707551956
0.09902456402778625
0.09935249388217926
0.09927553683519363
0.09912201017141342
0.09902673959732056
0.09886323660612106
0.09874976426362991
0.09886450320482254
0.09899456799030304
0.09950948506593704
0.09917126595973969
0.09909281134605408
0.09917452186346054
0.09943076223134995
0.09938877075910568
0.0995400920510292
0.0994349867105484
0.09944086521863937
0.09954198449850082
0.0992315486073494
0.09949664026498795
0.09950246661901474
0.09995748102664948
0.10002007335424423
0.09982313960790634
0.09942658990621567
0.09963524341583252
0.09957564622163773
0.09986202418804169
0.09999573230743408
0.09957301616668701
0.0995120033621788
0.0994863212108612
0.09936840087175369
0.09916513413190842
0.09943637996912003
0.09928775578737259
0.09930504858493805
0.0993928611278534
0.09944524616003036
0.09961631894111633
0.09949717670679092
0.09940381348133087
0.0989525243639946
0.0993926152586937
0.09942537546157837
0.09950633347034454
0.09962712228298187
0.09987714141607285
0.09958482533693314
0.0995299369096756
0.09963245689868927
0.09947121143341064
0.09940032660961151
0.0995994359254837
0.0994650349020958
0.09948522597551346
0.099451944231987
0.0996592566370964
0.10030611604452133
0.1007532924413681
0.10074325650930405
0.10075537860393524
0.10059469193220139
0.10032490640878677
0.10009986907243729
0.1003342866897583
0.10042531043291092
0.0997617170214653
0.09959463030099869
0.09955337643623352
0.09945300966501236
0.09977412223815918
0.10019291937351227
0.10000881552696228
0.10021243989467621
0.10053376853466034
0.1002984270453453
0.10048680007457733
0.1001792699098587
0.10045264661312103
0.10079026967287064
0.10072193294763565
0.10056326538324356
0.10050822049379349
0.10039489716291428
0.10057839006185532
0.10074732452630997
0.10016581416130066
0.10069660097360611
0.10068624466657639
0.10024012625217438
0.10017580538988113
0.10000528395175934
0.10002534836530685
0.10017450153827667
0.0996270626783371
0.09907195717096329
0.09963308274745941
0.09973221272230148
0.09984377771615982
0.10019085556268692
0.10045784711837769
0.10039753466844559
0.1002587080001831
0.10048452019691467
0.10039367526769638
0.10055828839540482
0.10108206421136856
0.1008656919002533
0.10076447576284409
0.10094694793224335
0.1011730283498764
0.10099802166223526
0.10049436241388321
0.10057420283555984
0.10082989186048508
0.1008012518286705
0.10138073563575745
0.10156210511922836
0.10164003819227219
0.101519376039505
0.10147574543952942
0.1016572043299675
0.10148530453443527
0.10153642296791077
0.10137523710727692
0.1013593077659607
0.10124735534191132
0.10127533227205276
0.10104655474424362
0.10064569115638733
0.10075044631958008
0.10078869014978409
0.10075120627880096
0.10068254917860031
0.10059804469347
0.10044413805007935
0.1003967821598053
0.1003805547952652
0.10022346675395966
0.09999528527259827
0.10011527687311172
0.10020168870687485
0.10073910653591156
0.10088545829057693
0.10086231678724289
0.10112299770116806
0.10102470964193344
0.10088584572076797
0.10105347633361816
0.1010819524526596
0.10102596133947372
0.10110748559236526
0.10104060918092728
0.10114845633506775
0.10120644420385361
0.10160573571920395
0.10122906416654587
0.10104250907897949
0.10101211071014404
0.100894495844841
0.1005542129278183
0.10052021592855453
0.10070248693227768
0.10063435137271881
0.10059942305088043
0.1001904159784317
0.10060406476259232
0.10043338686227798
0.10055690258741379
0.10080128163099289
0.10113419592380524
0.1010039821267128
0.10139107704162598
0.1014864444732666
0.10142586380243301
0.10170458257198334
0.10172943770885468
0.1014922708272934
0.10152354836463928
0.10185475647449493
0.1015971377491951
0.10143285244703293
0.10099396109580994
0.10119304805994034
0.1010918840765953
0.10071785002946854
0.1007285863161087
0.10094688832759857
0.10118157416582108
0.10078269243240356
0.10069707036018372
0.10063790529966354
0.10060082376003265
0.10076218098402023
0.10078024119138718
0.10085968673229218
0.10126452893018723
0.10155117511749268
0.1016625165939331
0.10153619199991226
0.1015128418803215
0.1015864908695221
0.10173574835062027
0.10173418372869492
0.10138803720474243
0.10068009048700333
0.10098103433847427
0.10086961090564728
0.10097555816173553
0.10086622089147568
0.10117276012897491
0.10128097981214523
0.10105983912944794
0.10078436881303787
0.10071801394224167
0.10080032795667648
0.10109201073646545
0.10085544735193253
0.10099908709526062
0.10082671046257019
0.10098544508218765
0.101042240858078
0.10114466398954391
0.10141465812921524
0.10158754885196686
0.10200679302215576
0.10247745364904404
0.10243481397628784
0.10228972882032394
0.10222741961479187
0.10207520425319672
0.10196477919816971
0.10184881836175919
0.10160945355892181
0.10160811990499496
0.10174144059419632
0.10147813707590103
0.10149490833282471
0.10107734054327011
0.10112234205007553
0.1007615327835083
0.1008385643362999
0.10097423195838928
0.10125155001878738
0.10175050050020218
0.10198082029819489
0.10214195400476456
0.10194330662488937
0.10209792107343674
0.10198434442281723
0.10194114595651627
0.10180465877056122
0.10179375112056732
0.10166848450899124
0.10165926069021225
0.10176972299814224
0.10162509977817535
0.10155826061964035
0.10169428586959839
0.10189811140298843
0.10189076513051987
0.1018609032034874
0.10192938894033432
0.10190574824810028
0.10231083631515503
0.1021857038140297
0.10217421501874924
0.10233544558286667
0.10241252183914185
0.10242460668087006
0.1027975007891655
0.10242658108472824
0.10275571048259735
0.10285965353250504
0.10287647694349289
0.10315245389938354
0.10317347943782806
0.10287971794605255
0.10308837890625
0.10277136415243149
0.10232149809598923
0.10224154591560364
0.10222750902175903
0.1019766628742218
0.10222706943750381
0.10240912437438965
0.10242938995361328
0.10227679461240768
0.10252860933542252
0.10249334573745728
0.10262506455183029
0.10260751098394394
0.10252857208251953
0.10259249061346054
0.10273536294698715
0.10245025157928467
0.1023496687412262
0.10242200642824173
0.10243412107229233
0.10275394469499588
0.10260197520256042
0.10277491807937622
0.10279804468154907
0.10259223729372025
0.10283586382865906
0.10262157768011093
0.10268045216798782
0.10292316228151321
0.10317292809486389
0.10309361666440964
0.10310391336679459
0.10311727970838547
0.10302165150642395
0.10279188305139542
0.10280077159404755
0.10289261490106583
0.10290196537971497
0.10308213531970978
0.10304804891347885
0.10274752229452133
0.10293244570493698
0.10284355282783508
0.10285061597824097
0.10268637537956238
0.1028614267706871
0.1028834655880928
0.10292409360408783
0.10288166999816895
0.10300939530134201
0.10311397165060043
0.10324596613645554
0.10313743352890015
0.10329856723546982
0.10342622548341751
0.10347965359687805
0.103580541908741
0.1036882996559143
0.1033967062830925
0.10350054502487183
0.10385247319936752
0.10359364748001099
0.10388973355293274
0.10373891144990921
0.10367251187562943
0.10370136052370071
0.10359379649162292
0.10372880846261978
0.1038011983036995
0.10397090017795563
0.1037270650267601
0.10351921617984772
0.10343407094478607
0.10323653370141983
0.10345187038183212
0.10298424959182739
0.10299679636955261
0.10314702242612839
0.10341478884220123
0.10352503508329391
0.10343907028436661
0.10324800759553909
0.10337956994771957
0.10315918922424316
0.10307198762893677
0.10317632555961609
0.103302001953125
0.10327330231666565
0.10333132743835449
0.10375332087278366
0.10360350459814072
0.10348622500896454
0.1036609634757042
0.10374034941196442
0.10380072891712189
0.10345225036144257
0.10373060405254364
0.10370252281427383
0.10370473563671112
0.10394857823848724
0.1039992943406105
0.10383039712905884
0.10365617275238037
0.1030677780508995
0.10319645702838898
0.10320620983839035
0.10348159819841385
0.10344267636537552
0.10326554626226425
0.10308194905519485
0.10309191048145294
0.10333887487649918
0.10347634553909302
0.1036161333322525
0.10322519391775131
0.10342168807983398
0.10300768911838531
0.10301880538463593
0.10310588777065277
0.1031302660703659
0.10333188623189926
0.1039481982588768
0.1042063906788826
0.1042589545249939
0.10422942042350769
0.10433836281299591
0.10415277630090714
0.10420241951942444
0.10415158420801163
0.10430359840393066
0.10405993461608887
0.10414484143257141
0.10418052226305008
0.10424649715423584
0.10455472767353058
0.10434422641992569
0.10430184751749039
0.10452409833669662
0.10445820540189743
0.1043781042098999
0.1045076921582222
0.10453476011753082
0.10489950329065323
0.10465424507856369
0.10465972870588303
0.10412528365850449
0.10412091016769409
0.10428211092948914
0.10430824011564255
0.10420379042625427
0.10404211282730103
0.10399441421031952
0.10399045795202255
0.10418660193681717
0.10443060845136642
0.1045665293931961
0.10445643961429596
0.10487230122089386
0.10486697405576706
0.10473377257585526
0.10457685589790344
0.10476842522621155
0.10477703809738159
0.10479964315891266
0.10470370203256607
0.1043793335556984
0.10457583516836166
0.10450497269630432
0.1047825738787651
0.10500124096870422
0.10456385463476181
0.10478139668703079
0.1045374646782875
0.1047312319278717
0.10454308986663818
0.10470853745937347
0.10484787821769714
0.1045229583978653
0.10469501465559006
0.10476485639810562
0.10462629795074463
0.10479144006967545
0.10484247654676437
0.10476994514465332
0.10504265129566193
0.10498379915952682
0.10515832901000977
0.1047912985086441
0.10483478009700775
0.10451690107584
0.10493617504835129
0.10487271845340729
0.10482669621706009
0.10484561324119568
0.10454373806715012
0.10478856414556503
0.10481764376163483
0.10473477840423584
0.10484899580478668
0.10446072369813919
0.10446817427873611
0.1047997921705246
0.10491737723350525
0.1051342636346817
0.10461194068193436
0.10535205155611038
0.10590824484825134
0.10582377761602402
0.10561782121658325
0.10564921796321869
0.10569306463003159
0.10538524389266968
0.10518370568752289
0.10487648844718933
0.10484969615936279
0.10479465872049332
0.10447145253419876
0.10457229614257812
0.10469333082437515
0.10451346635818481
0.10446754097938538
0.10443151742219925
0.10449768602848053
0.10456480830907822
0.1049717366695404
0.1051344946026802
0.10512106120586395
0.10483639687299728
0.10513237118721008
0.10467485338449478
0.10499504953622818
0.10526569187641144
0.10510756820440292
0.10524927824735641
0.10498934239149094
0.10511314868927002
0.10512468963861465
0.10479352623224258
0.10482516139745712
0.10524086654186249
0.10533537715673447
0.10547492653131485
0.10581330209970474
0.10594791918992996
0.10599181056022644
0.10594228655099869
0.10572034865617752
0.10567998141050339
0.10564298182725906
0.1055513322353363
0.10575802624225616
0.1056848019361496
0.1056143194437027
0.10609739273786545
0.10580705851316452
0.10551420599222183
0.10554637014865875
0.10576825588941574
0.10602595657110214
0.10614428669214249
0.10609779506921768
0.10603497922420502
0.10614243149757385
0.10594973713159561
0.1059327945113182
0.1060471162199974
0.10620087385177612
0.10658539831638336
0.10643766820430756
0.10645899921655655
0.10621698200702667
0.10581076145172119
0.10584838688373566
0.1060454472899437
0.10585008561611176
0.10590615123510361
0.1059861034154892
0.10598530620336533
0.10591547936201096
0.10535800457000732
0.10551512986421585
0.10544084757566452
0.10548942536115646
0.10588151216506958
0.10586923360824585
0.10590459406375885
0.1061001792550087
0.10603638738393784
0.10583744943141937
0.10552867501974106
0.10565973818302155
0.10581129044294357
0.10609173774719238
0.1062178686261177
0.10580704361200333
0.10557719320058823
0.10572122782468796
0.10615087300539017
0.10660352557897568
0.10674883425235748
0.10662851482629776
0.10643626004457474
0.1065293550491333
0.10651374608278275
0.10672907531261444
0.10672715306282043
0.10678580403327942
0.10683121532201767
0.10704626888036728
0.10695412755012512
0.10671981424093246
0.10644430667161942
0.10658141225576401
0.10624390095472336
0.10616827756166458
0.10588281601667404
0.10593315958976746
0.10599077492952347
0.1060301661491394
0.10586730390787125
0.1055556982755661
0.10604458302259445
0.10586442053318024
0.1060081496834755
0.10593859851360321
0.10610723495483398
0.10609211027622223
0.10600629448890686
0.10635331273078918
0.10659245401620865
0.10655847936868668
0.1065543070435524
0.10645164549350739
0.10655970871448517
0.10646272450685501
0.10647385567426682
0.1063879057765007
0.10630596429109573
0.10633288323879242
0.10636509954929352
0.10684535652399063
0.10666196793317795
0.10695064812898636
0.10673753172159195
0.1066669449210167
0.10669441521167755
0.10698282718658447
0.1069926992058754
0.10687872022390366
0.10702784359455109
0.10693080723285675
0.10710692405700684
0.10690556466579437
0.1073981374502182
0.1074550524353981
0.10724374651908875
0.10734628885984421
0.10751557350158691
0.10746805369853973
0.10690748691558838
0.10689891874790192
0.10692112147808075
0.10694359242916107
0.10707657039165497
0.10691162943840027
0.10681779682636261
0.10660365968942642
0.10653409361839294
0.10658485442399979
0.10672265291213989
0.10684114694595337
0.10652341693639755
0.10661599785089493
0.10638342052698135
0.1063455194234848
0.10651504248380661
0.10712812095880508
0.10696358233690262
0.10695986449718475
0.10683554410934448
0.10683666169643402
0.1066824346780777
0.10681070387363434
0.10684650391340256
0.1069583147764206
0.10728530585765839
0.10745805501937866
0.10736887156963348
0.10723742097616196
0.10720812529325485
0.10728093236684799
0.10749538242816925
0.10739940404891968
0.10746561735868454
0.10738220810890198
0.10765155404806137
0.10773244500160217
0.10744431614875793
0.10724206268787384
0.10723047703504562
0.10741882771253586
0.10742776840925217
0.10762911289930344
0.1077524796128273
0.10767976194620132
0.10738714784383774
0.10751610994338989
0.1071588471531868
0.1068655326962471
0.10695579648017883
0.10701672732830048
0.10711857676506042
0.10720913857221603
0.10752414166927338
0.10750583559274673
0.10701526701450348
0.1066465675830841
0.10690534859895706
0.10662371665239334
0.106888048350811
0.10687758028507233
0.10705599188804626
0.10698767006397247
0.10717069357633591
0.10713773965835571
0.10728082060813904
0.10750815272331238
0.10790889710187912
0.1077023595571518
0.10783536732196808
0.10769046097993851
0.10807299613952637
0.10777254402637482
0.10789933055639267
0.10788094252347946
0.1079295352101326
0.107878178358078
0.10786651819944382
0.10792991518974304
0.10800240933895111
0.10796321928501129
0.10801851749420166
0.1078684851527214
0.10771770030260086
0.10755523294210434
0.10765941441059113
0.10758370161056519
0.10722102969884872
0.1071995347738266
0.10728380084037781
0.10755591839551926
0.10747795552015305
0.10704583674669266
0.10775808990001678
0.10779303312301636
0.10821622610092163
0.108228899538517
0.10847054421901703
0.10877780616283417
0.10832517594099045
0.10778230428695679
0.1077507957816124
0.10768100619316101
0.10764133930206299
0.10808908194303513
0.10805345326662064
0.10835694521665573
0.10837045311927795
0.1083337590098381
0.10791666060686111
0.10843973606824875
0.10832375288009644
0.10851790755987167
0.10877813398838043
0.10847079008817673
0.1084490418434143
0.10870125889778137
0.10856746882200241
0.10843656957149506
0.10827794671058655
0.10812622308731079
0.10838700830936432
0.10864592343568802
0.10864143818616867
0.10859275609254837
0.1087331473827362
0.10889972746372223
0.10883781313896179
0.1087302565574646
0.10805365443229675
0.10829532891511917
0.10874586552381516
0.10885778069496155
0.10921225696802139
0.10903282463550568
0.10932949930429459
0.10925545543432236
0.10923992097377777
0.10913927853107452
0.10909339040517807
0.10911106318235397
0.10908551514148712
0.10926409065723419
0.10926565527915955
0.10900822281837463
0.10896912217140198
0.10931205004453659
0.1093059554696083
0.10924042016267776
0.10940978676080704
0.10950572788715363
0.10945741832256317
0.10942065715789795
0.10911275446414948
0.10883693397045135
0.1092190220952034
0.10933315008878708
0.10955154895782471
0.10942555963993073
0.1098182424902916
0.11027641594409943
0.10997819900512695
0.11002424359321594
0.110104039311409
0.11027058213949203
0.10960149019956589
0.10967458039522171
0.10934580862522125
0.10944182425737381
0.10939937084913254
0.10981771349906921
0.10954196751117706
0.10951007902622223
0.1095043420791626
0.10899735242128372
0.10910216718912125
0.10913998633623123
0.10916727781295776
0.1088954508304596
0.10901553183794022
0.10887324064970016
0.10941140353679657
0.10945046693086624
0.10965587198734283
0.1095355823636055
0.10909188538789749
0.10920886695384979
0.10887102782726288
0.10874342173337936
0.10887803137302399
0.10904291272163391
0.10896087437868118
0.1090715304017067
0.10893230140209198
0.10930786281824112
0.10923680663108826
0.109137624502182
0.10946767777204514
0.1090996265411377
0.10877235233783722
0.10862031579017639
0.10899747163057327
0.10878096520900726
0.1089334711432457
0.1092342957854271
0.10930212587118149
0.1094784066081047
0.10964252054691315
0.10952814668416977
0.10978010296821594
0.10953769832849503
0.10953395813703537
0.10965770483016968
0.1093125119805336
0.1092604249715805
0.10950833559036255
0.10958066582679749
0.10942119359970093
0.10946128517389297
0.10914132744073868
0.1092984601855278
0.1096203625202179
0.1096661165356636
0.10977771878242493
0.10968676954507828
0.10975982993841171
0.10997893661260605
0.10959720611572266
0.10969148576259613
0.10974884778261185
0.1098528802394867
0.11008297652006149
0.11026649177074432
0.10995933413505554
0.11007138341665268
0.10998903959989548
0.1099495142698288
0.10981250554323196
0.11010011285543442
0.10983354598283768
0.10954315215349197
0.10955288261175156
0.10952194035053253
0.10945609956979752
0.10954566299915314
0.10957960784435272
0.10965202748775482
0.10961925238370895
0.10976430028676987
0.10986289381980896
0.10981709510087967
0.10990279912948608
0.11018204689025879
0.10964875668287277
0.1097920760512352
0.10966213792562485
0.11024311184883118
0.11003173142671585
0.10991152375936508
0.11027242988348007
0.11050558090209961
0.11029140651226044
0.11044726520776749
0.11047500371932983
0.11020778864622116
0.10995545983314514
0.11034510284662247
0.11040505021810532
0.11051953583955765
0.11040034145116806
0.11032869666814804
0.11060827970504761
0.11053133010864258
0.11020408570766449
0.11010193079710007
0.11023013293743134
0.11001144349575043
0.11002831906080246
0.11006485670804977
0.11035308241844177
0.11038684099912643
0.10997025668621063
0.10982684791088104
0.11020518094301224
0.11018809676170349
0.10985613614320755
0.10998189449310303
0.10999659448862076
0.1100662350654602
0.10988759249448776
0.11014538258314133
0.11005586385726929
0.11008988320827484
0.11007655411958694
0.11034766584634781
0.11063183844089508
0.11053788661956787
0.11078496277332306
0.11052319407463074
0.11036722362041473
0.11033681035041809
0.11030247062444687
0.11019771546125412
0.11046092212200165
0.11053833365440369
0.1101996898651123
0.10999840497970581
0.1102294996380806
0.11077585071325302
0.11102646589279175
0.11103033274412155
0.11087554693222046
0.11100587993860245
0.11124526709318161
0.1117214784026146
0.11150998622179031
0.11139336228370667
0.11168821156024933
0.11133050918579102
0.11125154048204422
0.11093395948410034
0.11089963465929031
0.11083906888961792
0.11074475198984146
0.11085761338472366
0.11093766987323761
0.11071282625198364
0.11068008840084076
0.11051835864782333
0.11066951602697372
0.11072362214326859
0.11052622646093369
0.11035990715026855
0.11064789444208145
0.11064028739929199
0.11057864129543304
0.11061771959066391
0.11095282435417175
0.11057136207818985
0.11040301620960236
0.11047415435314178
0.11052878946065903
0.11044659465551376
0.11086532473564148
0.11043261736631393
0.11069846898317337
0.11073781549930573
0.1104435846209526
0.11079728603363037
0.11092067509889603
0.11056998372077942
0.11047589778900146
0.11067644506692886
0.11116904020309448
0.11116237938404083
0.11131463944911957
0.11161277443170547
0.11149385571479797
0.11176282912492752
0.11206681281328201
0.11238564550876617
0.11206857115030289
0.11206089705228806
0.11188793182373047
0.11199544370174408
0.11197064816951752
0.11208809167146683
0.1120811328291893
0.11173352599143982
0.1120232343673706
0.11199508607387543
0.11203253269195557
0.11192748695611954
0.11172895133495331
0.1116170883178711
0.11202314496040344
0.11199985444545746
0.11228445172309875
0.11180014163255692
0.11143063753843307
0.1112232506275177
0.11089639365673065
0.11112204939126968
0.11104534566402435
0.11127373576164246
0.11152374744415283
0.11179958283901215
0.11182607710361481
0.11226560175418854
0.11196296662092209
0.11162617802619934
0.11180797964334488
0.11179296672344208
0.11129561066627502
0.11144886910915375
0.11104187369346619
0.11101698130369186
0.11100492626428604
0.11125694215297699
0.1115424856543541
0.11149634420871735
0.11150868237018585
0.11167939007282257
0.1118076965212822
0.1117633581161499
0.1116827204823494
0.1117573007941246
0.11167318373918533
0.11148277670145035
0.11122148483991623
0.11068602651357651
0.11065272241830826
0.11083821952342987
0.11074971407651901
0.11089199781417847
0.11075221747159958
0.11114323884248734
0.11161699891090393
0.1118587926030159
0.11199522763490677
0.11139551550149918
0.1115042120218277
0.11172611266374588
0.11166569590568542
0.11163367331027985
0.11178051680326462
0.11187245696783066
0.11213067173957825
0.1122455894947052
0.11207204312086105
0.11224565654993057
0.11250124126672745
0.11269570887088776
0.11279083788394928
0.11271966993808746
0.11255205422639847
0.1126929298043251
0.11245466023683548
0.1124468594789505
0.11213356256484985
0.11217105388641357
0.11211763322353363
0.11233557015657425
0.11238899827003479
0.11248123645782471
0.11262407153844833
0.11256986856460571
0.11267728358507156
0.11305887252092361
0.11266399919986725
0.1130497008562088
0.11311182379722595
0.11299458146095276
0.11255833506584167
0.11260627210140228
0.11243712902069092
0.11217942833900452
0.11232265830039978
0.1124676838517189
0.11228776723146439
0.11188915371894836
0.11225797235965729
0.11183330416679382
0.11213118582963943
0.11205983906984329
0.11231902986764908
0.11199267208576202
0.1123770922422409
0.11224167793989182
0.11212799698114395
0.1118135154247284
0.11205367743968964
0.11230916529893875
0.11223835498094559
0.1122472882270813
0.11235254257917404
0.11262770742177963
0.11264423280954361
0.11238951236009598
0.11262651532888412
0.11224032193422318
0.1122615784406662
0.11241886764764786
0.11271961778402328
0.11290249973535538
0.11270275712013245
0.11271335184574127
0.11265093088150024
0.11251706629991531
0.11242710798978806
0.1125907227396965
0.11235759407281876
0.11255592852830887
0.11238748580217361
0.11244043707847595
0.11252746731042862
0.11205340921878815
0.11238983273506165
0.11231298744678497
0.11236436665058136
0.1125718504190445
0.11269638687372208
0.11247335374355316
0.11265955120325089
0.1125691682100296
0.11277077347040176
0.11273060739040375
0.11294575035572052
0.1127692386507988
0.11261644959449768
0.11282286047935486
0.11298716813325882
0.11299679428339005
0.11312967538833618
0.11306386440992355
0.1130390539765358
0.1127302274107933
0.1126742884516716
0.11275877803564072
0.11288881301879883
0.1131775751709938
0.11330533027648926
0.11335638910531998
0.11330011487007141
0.1135837510228157
0.11407603323459625
0.1142084077000618
0.11361304670572281
0.11351482570171356
0.1133015975356102
0.11346258223056793
0.11302674561738968
0.1129988580942154
0.11314642429351807
0.11310062557458878
0.11316067725419998
0.11332862079143524
0.11323970556259155
0.11359377950429916
0.11327705532312393
0.11357990652322769
0.11390382051467896
0.1142076924443245
0.11387863010168076
0.11388659477233887
0.11369659006595612
0.1136847659945488
0.11361201107501984
0.11374646425247192
0.11361899226903915
0.11365635693073273
0.11337251216173172
0.11346149444580078
0.1135844886302948
0.1135801151394844
0.11378836631774902
0.11351999640464783
0.11323491483926773
0.1133970096707344
0.11331995576620102
0.11355675011873245
0.1136261522769928
0.11326590180397034
0.11319083720445633
0.11333869397640228
0.11337210983037949
0.11376567929983139
0.11353955417871475
0.11400448530912399
0.11397241055965424
0.11378346383571625
0.11369792371988297
0.1137402355670929
0.1138286292552948
0.11356836557388306
0.11373541504144669
0.11351966857910156
0.11328530311584473
0.11383192986249924
0.11357084661722183
0.11361444741487503
0.11410080641508102
0.11386770755052567
0.11375933140516281
0.11375097930431366
0.11386270076036453
0.11372166872024536
0.11349325627088547
0.11333654075860977
0.11353626847267151
0.11386382579803467
0.11423466354608536
0.1143890842795372
0.11409252882003784
0.11414671689271927
0.11457742005586624
0.11445504426956177
0.11429598182439804
0.11426842212677002
0.11432064324617386
0.11389819532632828
0.11404868960380554
0.11441755294799805
0.1146489828824997
0.11476016044616699
0.11461630463600159
0.11444727331399918
0.11418839544057846
0.1140788272023201
0.1141345426440239
0.11417339742183685
0.11431391537189484
0.11451264470815659
0.11483406275510788
0.11440200358629227
0.11434660851955414
0.11406859755516052
0.11396551877260208
0.11376812309026718
0.11379171907901764
0.11326686292886734
0.11347724497318268
0.11386958509683609
0.11367729306221008
0.11375270783901215
0.1138366237282753
0.11366982012987137
0.1135496199131012
0.11305512487888336
0.1132381334900856
0.1135854721069336
0.11375836282968521
0.11377283930778503
0.11339286714792252
0.11376635730266571
0.11408232897520065
0.11390936374664307
0.1140371635556221
0.11449030041694641
0.11453991383314133
0.11431765556335449
0.11455009132623672
0.11429501324892044
0.11386021226644516
0.11358754336833954
0.1133752092719078
0.11316372454166412
0.11354842036962509
0.11369778215885162
0.11387243121862411
0.11447367072105408
0.11392240971326828
0.11384312808513641
0.11394190788269043
0.11421037465333939
0.11375115811824799
0.1138874739408493
0.11384477466344833
0.11351951211690903
0.1140136793255806
0.11403132975101471
0.11423719674348831
0.11449676007032394
0.11423779278993607
0.11447231471538544
0.11456660181283951
0.11455586552619934
0.11464302241802216
0.11492627114057541
0.11471056193113327
0.11469601839780807
0.11479561030864716
0.11484193056821823
0.11508356779813766
0.11540909856557846
0.11521883308887482
0.11542119830846786
0.11536689847707748
0.1148512065410614
0.11541866511106491
0.11549603939056396
0.11487210541963577
0.11484827846288681
0.11487554758787155
0.11481323838233948
0.11495459824800491
0.11503532528877258
0.11513276398181915
0.11530052870512009
0.11498559266328812
0.11492082476615906
0.11494795978069305
0.11471952497959137
0.1154317557811737
0.11542118340730667
0.11568041890859604
0.11575779318809509
0.11567040532827377
0.11591159552335739
0.11573319882154465
0.11546188592910767
0.11576419323682785
0.11561395227909088
0.11527569591999054
0.11536599695682526
0.11533772945404053
0.1154445931315422
0.11577677726745605
0.11548291146755219
0.11567317694425583
0.11507181823253632
0.1150546446442604
0.11517401039600372
0.11518003791570663
0.11499355733394623
0.11472222208976746
0.1151316910982132
0.11518193036317825
0.11537602543830872
0.1155109852552414
0.11561214923858643
0.1157853975892067
0.11527888476848602
0.1151842400431633
0.11536227911710739
0.11534693092107773
0.11534672975540161
0.1154487207531929
0.11531934887170792
0.11529885232448578
0.11558219790458679
0.11566797643899918
0.11532431095838547
0.1155010461807251
0.1157262995839119
0.11586782336235046
0.11602036654949188
0.1156228706240654
0.11606478691101074
0.11572268605232239
0.11567922681570053
0.11538109183311462
0.1149740219116211
0.11546771228313446
0.11564266681671143
0.11619631201028824
0.11646567285060883
0.11644311249256134
0.11643736064434052
0.11653326451778412
0.11677142232656479
0.11658214032649994
0.11678879708051682
0.11626923829317093
0.11620593070983887
0.11607415974140167
0.11591672897338867
0.1162068322300911
0.11588460206985474
0.11584895849227905
0.1156637966632843
0.11599133908748627
0.11603690683841705
0.11589210480451584
0.11603391915559769
0.11604978144168854
0.11548960953950882
0.11576780676841736
0.11569247394800186
0.11612747609615326
0.11554248631000519
0.11575012654066086
0.11596754193305969
0.11586549878120422
0.11569204926490784
0.1159030944108963
0.11584031581878662
0.1161423921585083
0.11616414785385132
0.11625612527132034
0.1163923367857933
0.1166374459862709
0.11647715419530869
0.11659697443246841
0.11656120419502258
0.11640239506959915
0.11636780947446823
0.11582833528518677
0.11600402742624283
0.11611323058605194
0.11620799452066422
0.11604996025562286
0.11621250212192535
0.11607300490140915
0.11654850840568542
0.11673157662153244
0.11672932654619217
0.11634009331464767
0.11621683835983276
0.11640030890703201
0.11640941351652145
0.1165425032377243
0.11677910387516022
0.11675259470939636
0.11684633791446686
0.11656629294157028
0.11619754135608673
0.11640284210443497
0.11646346002817154
0.116543710231781
0.11655717343091965
0.11651778221130371
0.11648266762495041
0.1164783462882042
0.11644941568374634
0.11643192917108536
0.11658808588981628
0.11619846522808075
0.11659228801727295
0.11676383018493652
0.11703170090913773
0.1175893247127533
0.1171000599861145
0.11725127696990967
0.1172516718506813
0.11734624952077866
0.11736477166414261
0.11692279577255249
0.11685803532600403
0.11681720614433289
0.1168561652302742
0.1169482171535492
0.11719879508018494
0.11696779727935791
0.11649259179830551
0.11671643704175949
0.11659030616283417
0.11680175364017487
0.11645429581403732
0.11636476963758469
0.1163589358329773
0.1168944239616394
0.11706116050481796
0.11689016222953796
0.11671695858240128
0.1169232502579689
0.11677853018045425
0.11683156341314316
0.11700508743524551
0.11694546043872833
0.11686614155769348
0.11673179268836975
0.11629140377044678
0.11601237952709198
0.11621883511543274
0.11595167964696884
0.11595576256513596
0.11624786257743835
0.11673751473426819
0.1169140413403511
0.11697601526975632
0.11707989871501923
0.11663957685232162
0.11699365824460983
0.11706496775150299
0.11649329960346222
0.11658292263746262
0.11664371192455292
0.11696210503578186
0.11700878292322159
0.1169980838894844
0.11678311228752136
0.11677747964859009
0.11712565273046494
0.11720788478851318
0.1172168180346489
0.1174672544002533
0.11717892438173294
0.11744537949562073
0.1171407550573349
0.11703101545572281
0.11716018617153168
0.1173262670636177
0.11728063970804214
0.11720392853021622
0.11720383912324905
0.11729670315980911
0.11708991229534149
0.11689118295907974
0.11665015667676926
0.11693328619003296
0.11731462180614471
0.11735181510448456
0.11755093187093735
0.11750537902116776
0.11790518462657928
0.11775831133127213
0.11767429858446121
0.11801876872777939
0.11814886331558228
0.1176128163933754
0.117716483771801
0.11769839376211166
0.11757897585630417
0.11776711791753769
0.11814180016517639
0.11820756644010544
0.11825716495513916
0.11824197322130203
0.11782632768154144
0.11760340631008148
0.11755272001028061
0.11768533289432526
0.11763022094964981
0.11782350391149521
0.11791706830263138
0.11779194325208664
0.1176295056939125
0.11775841563940048
0.11762251704931259
0.1175607219338417
0.11787758767604828
0.1177583858370781
0.11752817779779434
0.117665134370327
0.11790599673986435
0.11789959669113159
