0.07772083580493927
0.07773000746965408
0.07742827385663986
0.07684212177991867
0.07686542719602585
0.07656414806842804
0.07646239548921585
0.07651721686124802
0.07638469338417053
0.07650964707136154
0.07622211426496506
0.076291523873806
0.07638531923294067
0.07645926624536514
0.07621711492538452
0.07613804936408997
0.07614679634571075
0.0763252004981041
0.07610873132944107
0.07592751085758209
0.07608599215745926
0.07578946650028229
0.07591269910335541
0.07580021023750305
0.07589089870452881
0.07582532614469528
0.07576815783977509
0.07570279389619827
0.07575590908527374
0.0758102536201477
0.07590922713279724
0.07599236071109772
0.07654160261154175
0.07664122432470322
0.07628215849399567
0.07643862813711166
0.07659541070461273
0.07666422426700592
0.07639017701148987
0.07648355513811111
0.07662096619606018
0.07635905593633652
0.0767790898680687
0.07697764039039612
0.0772632509469986
0.07713397592306137
0.07722828537225723
0.07715626806020737
0.0767541378736496
0.07655453681945801
0.0764283612370491
0.0766797661781311
0.07655918598175049
0.07678555697202682
0.07668647170066833
0.07640423625707626
0.07670418173074722
0.07676694542169571
0.07660064101219177
0.07651229202747345
0.07652749866247177
0.07651742547750473
0.07671965658664703
0.07666967809200287
0.07678437978029251
0.07653027027845383
0.07688392698764801
0.07680734992027283
0.07656150311231613
0.0769016295671463
0.07674829661846161
0.07677266746759415
0.07689850777387619
0.07665848731994629
0.076766736805439
0.07686188817024231
0.07713724672794342
0.07736999541521072
0.07746956497430801
0.07754220068454742
0.07712322473526001
0.07712787389755249
0.07664639502763748
0.07669635862112045
0.07664908468723297
0.07683397084474564
0.07685185968875885
0.07675963640213013
0.07670307904481888
0.07686744630336761
0.0770389661192894
0.0772639662027359
0.07714088261127472
0.07734109461307526
0.07789603620767593
0.07781845331192017
0.07791575789451599
0.07773461937904358
0.07779502123594284
0.077434241771698
0.0776037722826004
0.07769420742988586
0.07800782471895218
0.07788777351379395
0.07807569205760956
0.07821030169725418
0.07839645445346832
0.07845789939165115
0.07864776998758316
0.0785413533449173
0.07868056744337082
0.07872447371482849
0.07881990075111389
0.07923639565706253
0.0786450207233429
0.07853621244430542
0.07836002111434937
0.07868102192878723
0.07876607775688171
0.07861731201410294
0.07853793352842331
0.07865611463785172
0.07900216430425644
0.07967813313007355
0.08015461266040802
0.08046162128448486
0.08035565167665482
0.08034733682870865
0.08002878725528717
0.08017802238464355
0.08036937564611435
0.08073046058416367
0.08065418899059296
0.08058822154998779
0.08093340694904327
0.08056797087192535
0.08091230690479279
0.08092190325260162
0.08138801902532578
0.08117642253637314
0.08140598237514496
0.08190509676933289
0.08228501677513123
0.08223839104175568
0.08246812224388123
0.08237071335315704
0.08284884691238403
0.08316996693611145
0.08280861377716064
0.08237528055906296
0.08226729929447174
0.08304210752248764
0.08281665295362473
0.08260694146156311
0.0827099159359932
0.0828656405210495
0.08321541547775269
0.08346578478813171
0.08380662649869919
0.08410792052745819
0.08352412283420563
0.08364007622003555
0.08384178578853607
0.08448255807161331
0.08436809480190277
0.08407457172870636
0.0842176005244255
0.08458373695611954
0.08435080945491791
0.08542142063379288
0.08519557863473892
0.0857144296169281
0.08589093387126923
0.08628032356500626
0.08631560206413269
0.08682877570390701
0.08695719391107559
0.08704570680856705
0.08685321360826492
0.08726918697357178
0.08725997805595398
0.08759086579084396
0.08769386261701584
0.0875745490193367
0.08802443742752075
0.0879647359251976
0.08787921071052551
0.08803654462099075
0.08921138942241669
0.09021592885255814
0.09031018614768982
0.09072219580411911
0.09074593335390091
0.09018777310848236
0.09025710821151733
0.0898163765668869
0.08984973281621933
0.09019101411104202
0.09075058996677399
0.09150385111570358
0.09135983884334564
0.09111892431974411
0.09220530092716217
0.09230980277061462
0.09349488466978073
0.09306121617555618
0.09227219969034195
0.09260620921850204
0.0929565280675888
0.09349475055932999
0.09447940438985825
0.09452177584171295
0.09417061507701874
0.094138003885746
0.09478742629289627
0.09372209012508392
0.09463655948638916
0.09458887577056885
0.0945834219455719
0.09546521306037903
0.09629905968904495
0.0969163328409195
0.09762688726186752
0.09739147126674652
0.09757275134325027
0.09689649194478989
0.09724199026823044
0.09724190831184387
0.09697087109088898
0.09704423695802689
0.09745733439922333
0.09723363816738129
0.0974382609128952
0.09834545105695724
0.09869357943534851
0.09921123832464218
0.09927254915237427
0.09940039366483688
0.10076677799224854
0.10087627917528152
0.10083145648241043
0.1006135642528534
0.10080747306346893
0.10064127296209335
0.10102841258049011
0.1015697792172432
0.10219331085681915
0.10225160419940948
0.10205996036529541
0.10241691023111343
0.1028643399477005
0.10263583064079285
0.1022612452507019
0.10271908342838287
0.10352692008018494
0.10298723727464676
0.10342305898666382
0.10447121411561966
0.10425669699907303
0.10460612177848816
0.10467690974473953
0.10504360496997833
0.10525430738925934
0.10645587742328644
0.10693226009607315
0.10707034915685654
0.10633652657270432
0.10618266463279724
0.10680156946182251
0.10798298567533493
0.10813429206609726
0.10857582092285156
0.10939282923936844
0.1092819944024086
0.11026051640510559
0.10956601053476334
0.10983577370643616
0.10956168919801712
0.10990554839372635
0.11079803854227066
0.11041636765003204
0.11064974218606949
0.11075534671545029
0.11109883338212967
0.11142771691083908
0.11221857368946075
0.11242400109767914
0.11315548419952393
0.11330993473529816
0.1142464131116867
0.11521067470312119
0.1159135177731514
0.11572745442390442
0.1165025606751442
0.11636636406183243
0.11595183610916138
0.11575697362422943
0.11672557890415192
0.11651232838630676
0.11591892689466476
0.11615338921546936
0.11570236086845398
0.11656177043914795
0.1170118972659111
0.11700434982776642
0.11713610589504242
0.11746717989444733
0.11832763999700546
0.11890661716461182
0.11845976114273071
0.11934973299503326
0.11935118585824966
0.11925399303436279
0.11905841529369354
0.11923114955425262
0.12010139226913452
0.12070049345493317
0.12157332897186279
0.12167101353406906
0.12134302407503128
0.12186825275421143
0.12201135605573654
0.1217302456498146
0.1223672404885292
0.12346543371677399
0.12351778149604797
0.12390434741973877
0.12444227933883667
0.12529921531677246
0.1247873604297638
0.12518569827079773
0.12576471269130707
0.12618985772132874
0.12642890214920044
0.12691903114318848
0.12736044824123383
0.12819981575012207
0.12808091938495636
0.12836945056915283
0.1284841150045395
0.12953732907772064
0.13001945614814758
0.13018189370632172
0.1296873539686203
0.13025805354118347
0.13004319369792938
0.12996017932891846
0.1306007206439972
0.13137561082839966
0.1324019432067871
0.13122887909412384
0.13207539916038513
0.1324823498725891
0.13287432491779327
0.1321040242910385
0.13329190015792847
0.13359183073043823
0.13400885462760925
0.13451363146305084
0.13413220643997192
0.13472843170166016
0.13490605354309082
0.1354694962501526
0.13574060797691345
0.1370885819196701
0.13767993450164795
0.13759881258010864
0.13710349798202515
0.1378510743379593
0.1380300372838974
0.13860595226287842
0.1392582803964615
0.1389596313238144
0.13875700533390045
0.13912779092788696
0.13955028355121613
0.13863539695739746
0.13872548937797546
0.13893522322177887
0.1395672857761383
0.1399352252483368
0.1396295428276062
0.14024618268013
0.14108067750930786
0.14129871129989624
0.1425006240606308
0.14283980429172516
0.14384137094020844
0.14425992965698242
0.1442241668701172
0.1434512734413147
0.14439022541046143
0.14463280141353607
0.14441318809986115
0.1450788527727127
0.1450612097978592
0.1448606550693512
0.1449563354253769
0.14559900760650635
0.14526300132274628
0.14507445693016052
0.1452600210905075
0.14586593210697174
0.146499365568161
0.14696097373962402
0.14742659032344818
0.1486247330904007
0.1501241773366928
0.14994806051254272
0.149759903550148
0.15004105865955353
0.14984455704689026
0.1504662185907364
0.15032225847244263
0.15028877556324005
0.1505550891160965
0.15107591450214386
0.1514027714729309
0.15077432990074158
0.1518310308456421
0.15234430134296417
0.15339519083499908
0.1531585305929184
0.15487439930438995
0.15514083206653595
0.15503734350204468
0.15563254058361053
0.1562303602695465
0.15737684071063995
0.15733516216278076
0.15800465643405914
0.15817220509052277
0.15791797637939453
0.15836907923221588
0.1585444062948227
0.15854592621326447
0.15947557985782623
0.16022929549217224
0.1609397679567337
0.16033147275447845
0.15957844257354736
0.1600985825061798
0.16032978892326355
0.15991561114788055
0.16002435982227325
0.15968337655067444
0.159596249461174
0.1603982299566269
0.16039548814296722
0.1603897362947464
0.16060484945774078
0.1617627590894699
0.16238681972026825
0.1635330319404602
0.16388054192066193
0.1648738533258438
0.16419453918933868
0.16472290456295013
0.1648247390985489
0.16451016068458557
0.1647588014602661
0.1643020361661911
0.16490356624126434
0.16529613733291626
0.16526103019714355
0.1657143086194992
0.1666213423013687
0.16651573777198792
0.16673551499843597
0.16723871231079102
0.1684228628873825
0.1688482165336609
0.16836300492286682
0.16874347627162933
0.168598473072052
0.16990451514720917
0.170421302318573
0.17038659751415253
0.17073848843574524
0.17114441096782684
0.17054139077663422
0.17133688926696777
0.17192193865776062
0.17284010350704193
0.17303074896335602
0.17343375086784363
0.17378917336463928
0.1736706644296646
0.1735851913690567
0.17343059182167053
0.17374925315380096
0.17444385588169098
0.17435890436172485
0.17563790082931519
0.17660868167877197
0.17683443427085876
0.17636801302433014
0.17735444009304047
0.17773866653442383
0.17806904017925262
0.17873525619506836
0.17914852499961853
0.17900574207305908
0.1791033297777176
0.18051095306873322
0.18102048337459564
0.1814385950565338
0.18149630725383759
0.18176983296871185
0.18218956887722015
0.18296095728874207
0.18298768997192383
0.18280749022960663
0.18265189230442047
0.1832807958126068
0.18290016055107117
0.18389193713665009
0.1847143918275833
0.18494199216365814
0.18526746332645416
0.18527482450008392
0.18567556142807007
0.18640074133872986
0.18681541085243225
0.18751594424247742
0.1874367892742157
0.18727512657642365
0.1883293241262436
0.18936192989349365
0.18952909111976624
0.18999676406383514
0.19009332358837128
0.19020454585552216
0.19009360671043396
0.19038255512714386
0.1910153478384018
0.19097527861595154
0.1906387060880661
0.1911759078502655
0.19095194339752197
0.1907188445329666
0.19198021292686462
0.1922467201948166
0.1928260326385498
0.19174949824810028
0.19207997620105743
0.1916073113679886
0.19302287697792053
0.19337457418441772
0.1940942406654358
0.1928333342075348
0.19384770095348358
0.19438882172107697
0.19452211260795593
0.19457542896270752
0.19517949223518372
0.19539737701416016
0.19556297361850739
0.19639147818088531
0.1968531459569931
0.19746030867099762
0.19771024584770203
0.1978377252817154
0.19786249101161957
0.19831420481204987
0.19842080771923065
0.1992161124944687
0.1993771642446518
0.1998128741979599
0.1997484564781189
0.20022784173488617
0.20058901607990265
0.20113149285316467
0.20194105803966522
0.20167911052703857
0.20296327769756317
0.20289666950702667
0.20300647616386414
0.20352627336978912
0.20365022122859955
0.2034675031900406
0.20398621261119843
0.20437316596508026
0.20573297142982483
0.20569288730621338
0.20538440346717834
0.20489996671676636
0.20588944852352142
0.20622071623802185
0.20674744248390198
0.20744748413562775
0.207439586520195
0.2071213722229004
0.20804427564144135
0.2081701010465622
0.20862896740436554
0.20906810462474823
0.209916889667511
0.2101806402206421
0.2105632871389389
0.21038849651813507
0.211090549826622
0.21130432188510895
0.2112828642129898
0.2122591733932495
0.2108386904001236
0.21129821240901947
0.21170346438884735
0.21265916526317596
0.21180126070976257
0.21235255897045135
0.21259738504886627
0.2131211906671524
0.21365122497081757
0.21523745357990265
0.21459315717220306
0.21487952768802643
0.21440786123275757
0.2143627256155014
0.2140885889530182
0.21365059912204742
0.21493397653102875
0.21515774726867676
0.21606017649173737
0.216872438788414
0.21736058592796326
0.2177014946937561
0.21811747550964355
0.2198115885257721
0.2207210212945938
0.22081133723258972
0.22065839171409607
0.22059501707553864
0.22104337811470032
0.22090092301368713
0.22002284228801727
0.21997413039207458
0.221031054854393
0.22232568264007568
0.2214500457048416
0.22152398526668549
0.22133202850818634
0.22121423482894897
0.22109611332416534
0.22154679894447327
0.2221737504005432
0.22283437848091125
0.22289937734603882
0.2234613001346588
0.22464649379253387
0.22535772621631622
0.2255825698375702
0.22562316060066223
0.22650417685508728
0.22581106424331665
0.22531408071517944
0.2256249040365219
0.22690923511981964
0.22731029987335205
0.22692057490348816
0.2275039106607437
0.22779136896133423
0.2279633730649948
0.2281491905450821
0.2288416028022766
0.2291211485862732
0.22933998703956604
0.2291320413351059
0.2291218638420105
0.22895167768001556
0.22853125631809235
0.2296207845211029
0.23036013543605804
0.230546772480011
0.2305404394865036
0.23072274029254913
0.2310490906238556
0.23182915151119232
0.23177191615104675
0.23195242881774902
0.2323588728904724
0.2320483773946762
0.23231466114521027
0.23250961303710938
0.2322191298007965
0.2324686050415039
0.2318113148212433
0.23237749934196472
0.23287568986415863
0.23305243253707886
0.23376521468162537
0.23340409994125366
0.23388300836086273
0.23445136845111847
0.2346561849117279
0.23568688333034515
0.2365405261516571
0.23748798668384552
0.23696847259998322
0.23726093769073486
0.2366093099117279
0.2363111525774002
0.23782585561275482
0.23922577500343323
0.23923425376415253
0.23964442312717438
0.24014505743980408
0.24017123878002167
0.24031083285808563
0.24164199829101562
0.24250651895999908
0.24205680191516876
0.2428017258644104
0.24299193918704987
0.24235330522060394
0.24333412945270538
0.24270862340927124
0.2431388795375824
0.24364791810512543
0.2437271922826767
0.24385656416416168
0.24459467828273773
0.24454320967197418
0.24475423991680145
0.24468185007572174
0.2449115514755249
0.2451162487268448
0.2454480528831482
0.2455061376094818
0.24649682641029358
0.2473982870578766
0.24649447202682495
0.2465147078037262
0.24673296511173248
0.24655239284038544
0.2468993365764618
0.24749250710010529
0.2480287402868271
0.24744580686092377
0.2481706589460373
0.24836157262325287
0.2489282190799713
0.24930207431316376
0.24911785125732422
0.2495424747467041
0.24979276955127716
0.25008195638656616
0.25100359320640564
0.2509289085865021
0.25110700726509094
0.2519655227661133
0.25251367688179016
0.25273633003234863
0.25271040201187134
0.2515754997730255
0.25146913528442383
0.2520338296890259
0.25258591771125793
0.25247082114219666
0.2526822090148926
0.25254005193710327
0.25281456112861633
0.2528415024280548
0.2531968653202057
0.2534346580505371
0.2542431354522705
0.2539839744567871
0.2537004053592682
0.2534308135509491
0.2539592683315277
0.25362738966941833
0.2546549141407013
0.2551465332508087
0.25438418984413147
0.2547908127307892
0.25465530157089233
0.2550516128540039
0.2555859386920929
0.2567775845527649
0.2567158043384552
0.2562342584133148
0.2564634382724762
0.2568477690219879
0.25793343782424927
0.25804877281188965
0.2582474946975708
0.258539617061615
0.2584839463233948
0.2586967349052429
0.25989246368408203
0.26037919521331787
0.2594892978668213
0.26015499234199524
0.25974157452583313
0.2606526017189026
0.2603227496147156
0.26056787371635437
0.26125290989875793
0.26121506094932556
0.26155006885528564
0.26094427704811096
0.2608909010887146
0.26182958483695984
0.26188528537750244
0.2625178098678589
0.2609878480434418
0.2625793218612671
0.26253950595855713
0.2631312310695648
0.2634165585041046
0.2628617286682129
0.26237723231315613
0.2629275321960449
0.26330292224884033
0.2639588415622711
0.2643164396286011
0.2639493942260742
0.2644284665584564
0.2645295262336731
0.2649131417274475
0.2655230164527893
0.2652657628059387
0.2654087245464325
0.26529446244239807
0.2663632929325104
0.2669164538383484
0.2672989070415497
0.2676134407520294
0.26757192611694336
0.2672482132911682
0.2668423354625702
0.266044020652771
0.26550260186195374
0.2650224268436432
0.2661397457122803
0.2684464156627655
0.26775887608528137
0.2689875662326813
0.26944026350975037
0.26922929286956787
0.268922358751297
0.26799264550209045
0.2680889368057251
0.26754412055015564
0.26790133118629456
0.26888078451156616
0.2698092758655548
0.2694760859012604
0.2698512673377991
0.26992467045783997
0.26955920457839966
0.2699429392814636
0.2706970274448395
0.2706436514854431
0.27069246768951416
0.27077698707580566
0.2718297839164734
0.2724630534648895
0.2725095748901367
0.2726868689060211
0.2723065912723541
0.2727765142917633
0.2729473412036896
0.27282628417015076
0.273724228143692
0.2747032344341278
0.2751286029815674
0.27391883730888367
0.27334731817245483
0.2734833061695099
0.2738316059112549
0.27419161796569824
0.2744525969028473
0.27438247203826904
0.2755390405654907
0.27482402324676514
0.2757558524608612
0.2754210829734802
0.275628924369812
0.27667275071144104
0.27596527338027954
0.2762633264064789
0.2761983275413513
0.2756022810935974
0.276281476020813
0.2763167917728424
0.27641400694847107
0.2763936519622803
0.27687186002731323
0.277190625667572
0.27692505717277527
0.2762487828731537
0.27703359723091125
0.277028888463974
0.2762315273284912
0.27727970480918884
0.2776656448841095
0.2770555019378662
0.27666324377059937
0.2771960198879242
0.2772989273071289
0.27748918533325195
0.2774585485458374
0.277771919965744
0.2782554030418396
0.27849021553993225
0.2779252231121063
0.2780758738517761
0.2783781886100769
0.2791438102722168
0.27893126010894775
0.2795167565345764
0.27931395173072815
0.27880898118019104
0.2784784138202667
0.2786499261856079
0.27909916639328003
0.2782442271709442
0.2790597081184387
0.27970805764198303
0.2794104218482971
0.2788691520690918
0.27865803241729736
0.27904051542282104
0.27951204776763916
0.27860933542251587
0.27938202023506165
0.27848565578460693
0.279028981924057
0.2797929048538208
0.2798222601413727
0.27988845109939575
0.27920612692832947
0.27937304973602295
0.2795582413673401
0.2789005637168884
0.2793036997318268
0.27961301803588867
0.2791893780231476
0.27941572666168213
0.27938202023506165
0.2808586061000824
0.2820192873477936
0.2813546359539032
0.2822304964065552
0.2821170687675476
0.28304070234298706
0.2828925848007202
0.28264909982681274
0.2839401662349701
0.2837649881839752
0.2844984233379364
0.2850615382194519
0.28408142924308777
0.2843979001045227
0.28469058871269226
0.28360235691070557
0.2840869426727295
0.284601092338562
0.28512293100357056
0.28585314750671387
0.28476208448410034
0.284789502620697
0.28530263900756836
0.28572624921798706
0.2858426570892334
0.2869061231613159
0.28672629594802856
0.28678417205810547
0.2870979905128479
0.2859281003475189
0.2850792109966278
0.28431156277656555
0.28381842374801636
0.2835412919521332
0.28472229838371277
0.2853606641292572
0.2853575050830841
0.28533369302749634
0.28482478857040405
0.2852186858654022
0.2847318649291992
0.284589946269989
0.2855912446975708
0.28428173065185547
0.28431206941604614
0.2847368121147156
0.2845187783241272
0.2845267653465271
0.2850169241428375
0.28564298152923584
0.28554511070251465
0.2854975461959839
0.2851352095603943
0.28479108214378357
0.2848568260669708
0.28556230664253235
0.2852186858654022
0.2856825590133667
0.2873802185058594
0.2879160940647125
0.2885318398475647
0.2887589633464813
0.2890586256980896
0.2889789640903473
0.28906580805778503
0.2893647253513336
0.2896747589111328
0.28920021653175354
0.28944075107574463
0.28872570395469666
0.2892442047595978
0.28855282068252563
0.28880104422569275
0.2886295020580292
0.28815898299217224
0.2881810665130615
0.28805050253868103
0.2883304953575134
0.28740206360816956
0.2873004674911499
0.28739655017852783
0.28699618577957153
0.287323921918869
0.287725567817688
0.2876737713813782
0.2879626154899597
0.2880248427391052
0.2883464992046356
0.288677453994751
0.28794431686401367
0.2873814105987549
0.2869813144207001
0.28741613030433655
0.2868853509426117
0.28664591908454895
0.2867264747619629
0.2871186137199402
0.28676509857177734
0.286927193403244
0.2870683968067169
0.28682246804237366
0.2874132990837097
0.2873932421207428
0.2881139814853668
0.2882537841796875
0.28844985365867615
0.28865158557891846
0.288174033164978
0.2880313992500305
0.28856703639030457
0.2881726920604706
0.28774237632751465
0.287085622549057
0.28780800104141235
0.2872364819049835
0.28748825192451477
0.2878827750682831
0.28715696930885315
0.2871173620223999
0.2873448431491852
0.28797128796577454
0.28765565156936646
0.28685757517814636
0.28785812854766846
0.2866568863391876
0.28591397404670715
0.2861725091934204
0.28613972663879395
0.2862797677516937
0.2872413098812103
0.2865216135978699
0.2872373163700104
0.28771016001701355
0.28772661089897156
0.2867262363433838
0.2869609594345093
0.285979688167572
0.28584715723991394
0.2859943211078644
0.28614670038223267
0.2857571244239807
0.2858501076698303
0.28658005595207214
0.2860705554485321
0.2858736217021942
0.28641098737716675
0.28640857338905334
0.2861891984939575
0.2861042320728302
0.2858656346797943
0.2864254117012024
0.2859220504760742
0.28582069277763367
0.28516072034835815
0.2858189344406128
0.28548356890678406
0.28586333990097046
0.28637951612472534
0.28639131784439087
0.28538978099823
0.28606051206588745
0.28679078817367554
0.28713205456733704
0.2874065041542053
0.2865608036518097
0.2855401337146759
0.2850821912288666
0.2840409576892853
0.28480127453804016
0.2848666310310364
0.2844966650009155
0.28430381417274475
0.28528234362602234
0.2846560776233673
0.28372249007225037
0.28373193740844727
0.284655898809433
0.2846111059188843
0.2842824161052704
0.28461116552352905
0.28465181589126587
0.28423115611076355
0.28420549631118774
0.2832601070404053
0.2829996645450592
0.28297388553619385
0.2823405861854553
0.28288790583610535
0.28212642669677734
0.2828231155872345
0.2840671241283417
0.2838696539402008
0.2840588688850403
0.28469547629356384
0.2845410108566284
0.28473058342933655
0.2840970754623413
0.2842806279659271
0.28360092639923096
0.28335875272750854
0.2841353416442871
0.2841488718986511
0.2833159267902374
0.28451138734817505
0.2830129861831665
0.2820932865142822
0.282120019197464
0.2824358344078064
0.28265151381492615
0.2826390564441681
0.28290513157844543
0.28261032700538635
0.2829837203025818
0.28301140666007996
0.28274956345558167
0.28214770555496216
0.2823275327682495
0.2826334536075592
0.28250670433044434
0.28248903155326843
0.28232163190841675
0.2813270688056946
0.2818743884563446
0.2815096080303192
0.28126242756843567
0.2816688120365143
0.28262028098106384
0.28213992714881897
0.2822323441505432
0.2815089523792267
0.2800857722759247
0.2806949317455292
0.2806515097618103
0.28176477551460266
0.28196799755096436
0.28142842650413513
0.2812581956386566
0.28048375248908997
0.281366765499115
0.2821594476699829
0.2811131775379181
0.28073716163635254
0.2803548574447632
0.2801794409751892
0.28024452924728394
0.2797025740146637
0.28005826473236084
0.2794220447540283
0.2802659273147583
0.28036946058273315
0.28047722578048706
0.2809275686740875
0.2812793552875519
0.2795841097831726
0.27953264117240906
0.279048353433609
0.2795061469078064
0.28002575039863586
0.27924737334251404
0.2792011797428131
0.2804149389266968
0.28030529618263245
0.2799784541130066
0.2797319293022156
0.2792336046695709
0.27834969758987427
0.27830269932746887
0.27905941009521484
0.27948519587516785
0.27966275811195374
0.2784285545349121
0.2784286439418793
0.2781592011451721
0.2790743112564087
0.2790493071079254
0.2785538136959076
0.2782379686832428
0.27838534116744995
0.2785782516002655
0.27768051624298096
0.27799633145332336
0.2780461311340332
0.2784322500228882
0.27750447392463684
0.2776668071746826
0.27767378091812134
0.2768309414386749
0.27672627568244934
0.27713245153427124
0.2768740952014923
0.27708449959754944
0.2763248085975647
0.2755477726459503
0.274978905916214
0.2748478949069977
0.2746456265449524
0.2746921479701996
0.2738220989704132
0.27443236112594604
0.2748218774795532
0.27427563071250916
0.2735489010810852
0.274840772151947
0.27456873655319214
0.2749430537223816
0.27511581778526306
0.2738650441169739
0.27417445182800293
0.2739195227622986
0.273353636264801
0.2736492156982422
0.27267107367515564
0.2726011574268341
0.2723100483417511
0.2726306617259979
0.27280205488204956
0.2730785608291626
0.273313045501709
0.2732410728931427
0.27227267622947693
0.27199000120162964
0.2719367742538452
0.2723243832588196
0.2723406255245209
0.2725408375263214
0.2733312249183655
0.2717320919036865
0.2719218134880066
0.27164557576179504
0.2705223858356476
0.27012503147125244
0.26935476064682007
0.26922866702079773
0.26906275749206543
0.26827770471572876
0.26835113763809204
0.2686578929424286
0.26826342940330505
0.26767003536224365
0.2678920328617096
0.2681155800819397
0.26802554726600647
0.26849091053009033
0.2679727375507355
0.26776760816574097
0.2684008479118347
0.2682410478591919
0.2684842646121979
0.268115371465683
0.2669883370399475
0.26800093054771423
0.2680787742137909
0.26797547936439514
0.2679521441459656
0.2663925886154175
0.26687315106391907
0.2670769691467285
0.266877144575119
0.2675619125366211
0.26682794094085693
0.26701587438583374
0.266060471534729
0.2652198076248169
0.26392972469329834
0.26347771286964417
0.26278823614120483
0.26301270723342896
0.26356029510498047
0.2631760835647583
0.2635328471660614
0.2640603184700012
0.2637317180633545
0.26343122124671936
0.2629168629646301
0.26336830854415894
0.2632143497467041
0.263639897108078
0.26353561878204346
0.2632852792739868
0.2633460760116577
0.2624570429325104
0.2624650299549103
0.2622320055961609
0.2615451514720917
0.2608797252178192
0.2620444595813751
0.26090431213378906
0.2603287994861603
0.2602441608905792
0.2609238922595978
0.2612172067165375
0.26099729537963867
0.2605661153793335
0.2601728141307831
0.26029103994369507
0.2610572576522827
0.26037245988845825
0.2602473497390747
0.25940006971359253
0.25897517800331116
0.2595532536506653
0.25970596075057983
0.2597884237766266
0.25940603017807007
0.25880756974220276
0.2583945691585541
0.2590096890926361
0.25794726610183716
0.25795483589172363
0.25721657276153564
0.25738096237182617
0.257760226726532
0.25721704959869385
0.2572021186351776
0.2565876543521881
0.2558864951133728
0.25468385219573975
0.25511598587036133
0.2550741732120514
0.2544875741004944
0.25423911213874817
0.25353217124938965
0.2543695867061615
0.2546747326850891
0.2546107769012451
0.25466832518577576
0.2557521164417267
0.25430828332901
0.25377124547958374
0.2538774311542511
0.25391602516174316
0.2541292905807495
0.25337040424346924
0.25375619530677795
0.2538006007671356
0.2540387213230133
0.25379231572151184
0.2530522346496582
0.25331130623817444
0.2536022961139679
0.25264304876327515
0.25269603729248047
0.2526708245277405
0.2521786093711853
0.2520236074924469
0.251342236995697
0.24992169439792633
0.25023898482322693
0.24927020072937012
0.2488105446100235
0.24959689378738403
0.24903544783592224
0.24918219447135925
0.24864044785499573
0.24855473637580872
0.24808061122894287
0.24861672520637512
0.24888673424720764
0.24822720885276794
0.24777469038963318
0.24729810655117035
0.2466645985841751
0.24587106704711914
0.2464505136013031
0.24638062715530396
0.24694383144378662
0.24703449010849
0.24675117433071136
0.24645866453647614
0.24604611098766327
0.24553628265857697
0.24513283371925354
0.2456444799900055
0.2462945282459259
0.2455303966999054
0.24577488005161285
0.2451169788837433
0.24449680745601654
0.2445911467075348
0.2449747920036316
0.2445654720067978
0.24383333325386047
0.24407494068145752
0.24442912638187408
0.24480198323726654
0.24475868046283722
0.24447359144687653
0.24471814930438995
0.2442009598016739
0.24437308311462402
0.2451297640800476
0.2437460869550705
0.2430727779865265
0.2425825446844101
0.24172650277614594
0.24146313965320587
0.2415439337491989
0.24108248949050903
0.24043670296669006
0.24053621292114258
0.23986458778381348
0.24000702798366547
0.240231454372406
0.2394762933254242
0.23945525288581848
0.23842009902000427
0.238270103931427
0.2379603236913681
0.23761117458343506
0.2380557507276535
0.23851464688777924
0.23806579411029816
0.23745088279247284
0.23700979351997375
0.236328586935997
0.2367197424173355
0.23633867502212524
0.23626002669334412
0.23497377336025238
0.23484505712985992
0.23479889333248138
0.23457574844360352
0.23516845703125
0.23432716727256775
0.23445257544517517
0.2346436083316803
0.23496000468730927
0.2353845238685608
0.23433947563171387
0.2347099632024765
0.23409949243068695
0.23413334786891937
0.2343732863664627
0.2338833212852478
0.2348116934299469
0.2340853363275528
0.23327970504760742
0.23161526024341583
0.23067405819892883
0.23101380467414856
0.23083625733852386
0.23065601289272308
0.23026594519615173
0.22988513112068176
0.2294028103351593
0.22884789109230042
0.22923317551612854
0.22894465923309326
0.2298392951488495
0.22996196150779724
0.22907106578350067
0.22890892624855042
0.22902682423591614
0.22764956951141357
0.2272663116455078
0.22730055451393127
0.22728615999221802
0.2267886847257614
0.22598695755004883
0.2257971167564392
0.22580492496490479
0.22561785578727722
0.2248733788728714
0.22488614916801453
0.22462622821331024
0.224199578166008
0.223435640335083
0.22278089821338654
0.22329863905906677
0.2235914170742035
0.22326239943504333
0.22315581142902374
0.22306214272975922
0.22248733043670654
0.2229682356119156
0.22211167216300964
0.2227315455675125
0.22316700220108032
0.22243979573249817
0.22175507247447968
0.22166740894317627
0.2218918353319168
0.22105680406093597
0.22036229074001312
0.22059214115142822
0.22045867145061493
0.21964968740940094
0.22053977847099304
0.2207847386598587
0.21965336799621582
0.21906252205371857
0.21825507283210754
0.2183498591184616
0.2176923304796219
0.21798069775104523
0.21788059175014496
0.2163480669260025
0.21537360548973083
0.21474124491214752
0.21510592103004456
0.2156534194946289
0.21620605885982513
0.2155081182718277
0.21583901345729828
0.21578894555568695
0.2165903002023697
0.2162306159734726
0.21588382124900818
0.21570450067520142
0.21588566899299622
0.21558471024036407
0.2151050716638565
0.21482568979263306
0.21408620476722717
0.2137104868888855
0.21381202340126038
0.21361173689365387
0.2134198397397995
0.21285900473594666
0.2123030722141266
0.2120731621980667
0.21183253824710846
0.21187902987003326
0.21150067448616028
0.21104596555233002
0.21111424267292023
0.20981761813163757
0.2097572684288025
0.2090502381324768
0.2086179256439209
0.20878489315509796
0.2089216411113739
0.20797814428806305
0.20791387557983398
0.20732615888118744
0.2074267566204071
0.20695805549621582
0.20735760033130646
0.20641930401325226
0.20679183304309845
0.20640571415424347
0.20557785034179688
0.20521874725818634
0.205183207988739
0.2051887959241867
0.20506992936134338
0.2049494981765747
0.20509293675422668
0.20552703738212585
0.2053855061531067
0.20407091081142426
0.2038884311914444
0.20324468612670898
0.20276229083538055
0.20272453129291534
0.20276564359664917
0.20270758867263794
0.20260438323020935
0.2017415463924408
0.20209193229675293
0.2009410262107849
0.20071421563625336
0.2011491060256958
0.20043939352035522
0.20032459497451782
0.1998855024576187
0.19903843104839325
0.1994200348854065
0.19855965673923492
0.19895458221435547
0.19800196588039398
0.1974957287311554
0.19733983278274536
0.1983916014432907
0.19769391417503357
0.19682630896568298
0.19764851033687592
0.19675587117671967
0.196360781788826
0.19596776366233826
0.19596165418624878
0.19486768543720245
0.19442038238048553
0.19369442760944366
0.19381138682365417
0.19391119480133057
0.19442613422870636
0.19475965201854706
0.1942409723997116
0.1931581199169159
0.19271047413349152
0.19258691370487213
0.19288639724254608
0.19217097759246826
0.19183769822120667
0.19159479439258575
0.19249340891838074
0.1922188550233841
0.19248324632644653
0.19324569404125214
0.19276082515716553
0.19256995618343353
0.19133234024047852
0.19089792668819427
0.19049155712127686
0.1904747039079666
0.19009114801883698
0.1893162876367569
0.18907731771469116
0.18900874257087708
0.18760275840759277
0.18722978234291077
0.18689987063407898
0.1871551126241684
0.18702247738838196
0.18650484085083008
0.1873006820678711
0.18639661371707916
0.18548201024532318
0.18607556819915771
0.18652541935443878
0.18627431988716125
0.1860388219356537
0.1856779307126999
0.18470540642738342
0.18394021689891815
0.18348318338394165
0.18358662724494934
0.18411703407764435
0.18426071107387543
0.18463824689388275
0.18395625054836273
0.18376953899860382
0.1840212047100067
0.1852550357580185
0.18407008051872253
0.18230018019676208
0.1818142980337143
0.18103817105293274
0.18068797886371613
0.1813880205154419
0.18200233578681946
0.1818591058254242
0.18041037023067474
0.1804703325033188
0.18042175471782684
0.18016378581523895
0.1795034259557724
0.17913754284381866
0.17866763472557068
0.17823325097560883
0.1778586059808731
0.1768113374710083
0.1771659404039383
0.1767360419034958
0.17650462687015533
0.1769573986530304
0.17603956162929535
0.17571237683296204
0.1759403496980667
0.17625361680984497
0.17578081786632538
0.17593111097812653
0.1756647825241089
0.17450450360774994
0.17409346997737885
0.17388804256916046
0.17310424149036407
0.172869473695755
0.17266467213630676
0.1726854294538498
0.1722503900527954
0.17173300683498383
0.17126108705997467
0.1701643317937851
0.1705484837293625
0.1705554574728012
0.17040972411632538
0.17011283338069916
0.1706329882144928
0.17091457545757294
0.17035724222660065
0.16987767815589905
0.17011360824108124
0.170570969581604
0.1702180653810501
0.16975997388362885
0.16850025951862335
0.16808560490608215
0.167343869805336
0.16725723445415497
0.16686072945594788
0.16695158183574677
0.16661934554576874
0.16621728241443634
0.1656370759010315
0.16548465192317963
0.16474910080432892
0.16439658403396606
0.16407090425491333
0.1645836979150772
0.16437232494354248
0.1649361103773117
0.16367724537849426
0.1651334911584854
0.16474124789237976
0.16483579576015472
0.16453149914741516
0.16405203938484192
0.16324381530284882
0.16206152737140656
0.1619422286748886
0.16245967149734497
0.16166074573993683
0.16276732087135315
0.16250428557395935
0.16249261796474457
0.1612788438796997
0.16001005470752716
0.15941639244556427
0.15839534997940063
0.15956027805805206
0.15990200638771057
0.15898777544498444
0.15854837000370026
0.15746983885765076
0.15691538155078888
0.15644045174121857
0.15618950128555298
0.15558329224586487
0.15554116666316986
0.15530472993850708
0.15582741796970367
0.1549338698387146
0.1544056236743927
0.15503494441509247
0.15475817024707794
0.15456610918045044
0.15436676144599915
0.15383662283420563
0.15512973070144653
0.15438832342624664
0.15443314611911774
0.15481798350811005
0.15448012948036194
0.15375369787216187
0.15358664095401764
0.15283773839473724
0.1530454456806183
0.1529385894536972
0.15320134162902832
0.15329976379871368
0.15289607644081116
0.1532450020313263
0.15335902571678162
0.15332533419132233
0.15241874754428864
0.15141236782073975
0.15083745121955872
0.15033547580242157
0.14911524951457977
0.148178830742836
0.14811763167381287
0.14768579602241516
0.14761033654212952
0.14798904955387115
0.14823345839977264
0.14762593805789948
0.1471189707517624
0.14676332473754883
0.1463966816663742
0.14728522300720215
0.147081658244133
0.14761611819267273
0.14723551273345947
0.1465340554714203
0.14652495086193085
0.1461697369813919
0.14518234133720398
0.14401309192180634
0.14487335085868835
0.145477756857872
0.14504852890968323
0.1450127512216568
0.14444153010845184
0.1432815045118332
0.1427021026611328
0.14172659814357758
0.14212748408317566
0.14273248612880707
0.14256349205970764
0.1427493393421173
0.14248540997505188
0.1418633759021759
0.14153128862380981
0.14121085405349731
0.1410551369190216
0.1409601867198944
0.1410747766494751
0.1404450386762619
0.14018219709396362
0.14003132283687592
0.139845609664917
0.13928866386413574
0.13917165994644165
0.1395297795534134
0.13864639401435852
0.13810300827026367
0.13701239228248596
0.13635790348052979
0.13665159046649933
0.13754916191101074
0.13743546605110168
0.13716915249824524
0.13618020713329315
0.1367589682340622
0.1366608738899231
0.13598839938640594
0.13581371307373047
0.1350468546152115
0.13537901639938354
0.1353585571050644
0.1363935023546219
0.13597871363162994
0.135263130068779
0.1356191635131836
0.13493376970291138
0.13498808443546295
0.13453935086727142
0.13350029289722443
0.13293273746967316
0.13250236213207245
0.13202381134033203
0.1316259205341339
0.13212251663208008
0.13210704922676086
0.13254469633102417
0.13253425061702728
0.13147251307964325
0.13143165409564972
0.13178525865077972
0.1316559910774231
0.13170674443244934
0.13167065382003784
0.13096527755260468
0.13118815422058105
0.12975484132766724
0.1295892894268036
0.12974607944488525
0.13017456233501434
0.13019266724586487
0.12989504635334015
0.12964744865894318
0.12918344140052795
0.1286676526069641
0.12861855328083038
0.12810418009757996
0.12795066833496094
0.12783554196357727
0.12773075699806213
0.1275216042995453
0.12725892663002014
0.12765054404735565
0.12728987634181976
0.12692953646183014
0.12642736732959747
0.12616875767707825
0.12639333307743073
0.12642894685268402
0.12631376087665558
0.12612798810005188
0.12580831348896027
0.12555506825447083
0.12541361153125763
0.12463301420211792
0.12452047318220139
0.12385113537311554
0.12412429600954056
0.12400045245885849
0.12389635294675827
0.12393981218338013
0.12423631548881531
0.12499645352363586
0.12421443313360214
0.12400957942008972
0.12364222854375839
0.12258657068014145
0.12228886038064957
0.1217549741268158
0.12227871268987656
0.12202717363834381
0.12179392576217651
0.1211763247847557
0.12069953978061676
0.12046588957309723
0.12009970843791962
0.12023613601922989
0.12031393498182297
0.12010594457387924
0.11978184431791306
0.11897870898246765
0.11933496594429016
0.11915618181228638
0.11953351646661758
0.11881409585475922
0.11895772069692612
0.11871358007192612
0.11858469992876053
0.11833222210407257
0.11824838817119598
0.11852369457483292
0.11846316605806351
0.11816608905792236
0.11826073378324509
0.11768939346075058
0.11724436283111572
0.11759844422340393
0.11738249659538269
0.11804421246051788
0.11814680695533752
0.11812752485275269
0.11729326099157333
0.11728358268737793
0.1166296973824501
0.11658668518066406
0.11590317636728287
0.11547810584306717
0.11580885946750641
0.11552876234054565
0.11582331359386444
0.11588578671216965
0.11568127572536469
0.11589840799570084
0.11547746509313583
0.11491763591766357
0.11477174609899521
0.11460472643375397
0.11478669941425323
0.11482835561037064
0.11463309824466705
0.11434511840343475
0.11453085392713547
0.11366143822669983
0.1133527085185051
0.1138153076171875
0.11328758299350739
0.11319305002689362
0.11359455436468124
0.11313089728355408
0.11279194802045822
0.11265754699707031
0.11220178008079529
0.11233875155448914
0.11220492422580719
0.11281661689281464
0.11258307099342346
0.11262568831443787
0.11289466172456741
0.11250416934490204
0.11223133653402328
0.11202938109636307
0.1117074191570282
0.11140771210193634
0.11172208935022354
0.11160982400178909
0.11123065650463104
0.11102388054132462
0.1107712835073471
0.11047923564910889
0.1104828342795372
0.1103866770863533
0.10999230295419693
0.1101238951086998
0.11002705246210098
0.10946120321750641
0.10977671295404434
0.10995679348707199
0.10992474853992462
0.10985105484724045
0.11000925302505493
0.10974468290805817
0.10950721800327301
0.1096019521355629
0.10969748347997665
0.10959360003471375
0.10948336869478226
0.10925706475973129
0.10896391421556473
0.1083722859621048
0.10858240723609924
0.10833390057086945
0.10816636681556702
0.10821257531642914
0.10816151648759842
0.10832725465297699
0.10853927582502365
0.10790639370679855
0.10768995434045792
0.1077917218208313
0.10821676254272461
0.10807210952043533
0.10761969536542892
0.1075093001127243
0.10703153908252716
0.10691934823989868
0.10701008141040802
0.10695235431194305
0.1071053147315979
0.10734499990940094
0.10725672543048859
0.10719163715839386
0.10643989592790604
0.10651877522468567
0.10660818964242935
0.10680333524942398
0.10662844777107239
0.10586817562580109
0.10601720958948135
0.10635046660900116
0.1059616208076477
0.10601920634508133
0.10594237595796585
0.10597943514585495
0.10584888607263565
0.10548298805952072
0.10520724952220917
0.10550791025161743
0.1052318885922432
0.10525315254926682
0.10511637479066849
0.10482137650251389
0.10462436079978943
0.10434012860059738
0.10441940277814865
0.10432365536689758
0.10470493882894516
0.10506337136030197
0.10564883053302765
0.10537280142307281
0.10502196848392487
0.10447867214679718
0.10427294671535492
0.10464119166135788
0.10467717796564102
0.10450492799282074
0.10458606481552124
0.10458388924598694
0.10425885021686554
0.10425897687673569
0.10384412109851837
0.10395237803459167
0.10342058539390564
0.10357028245925903
0.10311238467693329
0.10346704721450806
0.10367070883512497
0.10383906960487366
0.1041627824306488
0.10403016209602356
0.10400734841823578
0.10366308689117432
0.10353565961122513
0.10367456078529358
0.10365819931030273
0.10383175313472748
0.1035655066370964
0.10334327071905136
0.10323489457368851
0.10355991870164871
0.10318835079669952
0.10303931683301926
0.10335182398557663
0.10313691943883896
0.10243427008390427
0.10263233631849289
0.10294836014509201
0.10264154523611069
0.10293634235858917
0.1031271293759346
0.10306985676288605
0.10268448293209076
0.10233629494905472
0.10220285505056381
0.10222162306308746
0.10242853313684464
0.10279302299022675
0.10248199850320816
0.10226421803236008
0.10211310535669327
0.10221917927265167
0.10212568193674088
0.10240490734577179
0.10253311693668365
0.10250445455312729
0.10212714970111847
0.10207214951515198
0.10214456170797348
0.10220104455947876
0.10234205424785614
0.10214585065841675
0.10160733014345169
0.10145039111375809
0.10155605524778366
0.10162615031003952
0.10178632289171219
0.10197281092405319
0.10208944976329803
0.10194416344165802
0.10193362832069397
0.10203402489423752
0.10187450051307678
0.10196412354707718
0.10173961520195007
0.10173334181308746
0.10176626592874527
0.10154122859239578
0.10142002254724503
0.10142858326435089
0.10107915103435516
0.10104316473007202
0.10091342777013779
0.10097348690032959
0.10130297392606735
0.10161096602678299
0.10170730203390121
0.10166035592556
0.10170041769742966
0.10120847821235657
0.10114481300115585
0.10138560831546783
0.10172683000564575
0.10146111994981766
0.10168185830116272
0.10150661319494247
0.10151529312133789
0.10160161554813385
0.10160580277442932
0.10187068581581116
0.101749949157238
0.10180899500846863
0.10167765617370605
0.10152575373649597
0.10117726027965546
0.10070914030075073
0.10089711099863052
0.10114796459674835
0.10119922459125519
0.10119190067052841
0.10115791112184525
0.10102703422307968
0.10114674270153046
0.10095219314098358
0.10117673873901367
0.100709468126297
0.10090269893407822
0.10100678354501724
0.10115905851125717
0.10117851942777634
0.1010354608297348
0.10121190547943115
0.10104646533727646
0.10115271806716919
0.10127957910299301
0.10126033425331116
0.1015581488609314
0.10144133120775223
0.10136069357395172
0.10145749896764755
0.10145827382802963
0.10129151493310928
0.10115720331668854
0.10111503303050995
0.10128992795944214
0.10156931728124619
0.10157687962055206
0.1015394926071167
0.10199367254972458
0.10190065950155258
0.10193004459142685
0.10195860266685486
0.101755291223526
0.10127298533916473
0.10145524889230728
0.10152344405651093
0.1012568473815918
0.10165779292583466
0.10161811858415604
0.10139220207929611
0.1013680100440979
0.10138171166181564
0.10176458954811096
0.10171147435903549
0.10179022699594498
0.10188838094472885
0.10175439715385437
0.10199212282896042
0.1020294651389122
0.10225226730108261
0.10192269086837769
0.10164304822683334
0.10164626687765121
0.10168930888175964
0.10186558216810226
0.10165413469076157
0.1017036959528923
0.10202044248580933
0.10180274397134781
0.10163755714893341
0.10134169459342957
0.10131776332855225
0.10158046334981918
0.10146158933639526
0.10142461210489273
0.10142149776220322
0.10149282217025757
0.10189639031887054
0.10194514691829681
0.10194568336009979
0.10205870121717453
0.10214655101299286
0.10205664485692978
0.10205992311239243
0.1023717150092125
0.10235201567411423
0.10224175453186035
0.10242853313684464
0.10250820219516754
0.10242034494876862
0.10241466015577316
0.10253825038671494
0.10296165198087692
0.10259410738945007
0.10269280523061752
0.10275208950042725
0.10285139828920364
0.10310184210538864
0.10316865146160126
0.10307462513446808
0.10320160537958145
0.10317590087652206
0.10303602367639542
0.10285952687263489
0.10287754982709885
0.10311316698789597
0.10307584702968597
0.10308238118886948
0.10313791036605835
0.10336107015609741
0.10337679088115692
0.10347849875688553
0.10352939367294312
0.10334660857915878
0.10351593792438507
0.10390479117631912
0.10373659431934357
0.10357791185379028
0.10334692150354385
0.10332150757312775
0.1035667136311531
0.10364366322755814
0.10374421626329422
0.10397692769765854
0.10362424701452255
0.1034926027059555
0.10360074788331985
0.10359779000282288
0.10351593792438507
0.10358454287052155
0.10405595600605011
0.10412350296974182
0.1039661318063736
0.10405425727367401
0.10397762060165405
0.10410833358764648
0.10416746139526367
0.10405580699443817
0.10420025885105133
0.10443581640720367
0.1043602004647255
0.10452061891555786
0.10452581197023392
0.10472411662340164
0.10460330545902252
0.10450673848390579
0.10465981811285019
0.10477348417043686
0.10476522892713547
0.1047968864440918
0.10503538697957993
0.10483477264642715
0.10457714647054672
0.10439662635326385
0.10459858924150467
0.10462265461683273
0.1046581044793129
0.10464794188737869
0.1048605889081955
0.1049269437789917
0.10490778833627701
0.10504815727472305
0.10515361279249191
0.10521853715181351
0.10517814755439758
0.10543808341026306
0.10550785809755325
0.10542520135641098
0.10552822053432465
0.10571350157260895
0.10577496141195297
0.10601159185171127
0.10572844743728638
0.10591191053390503
0.10580354928970337
0.1061481460928917
0.10633039474487305
0.10648167878389359
0.1065480038523674
0.10656411200761795
0.10642536729574203
0.10651256889104843
0.10681741684675217
0.10686307400465012
0.10678820312023163
0.1069272831082344
0.10694598406553268
0.10697904229164124
0.1068529561161995
0.10698259621858597
0.10722816735506058
0.10735193639993668
0.10739785432815552
0.10742826759815216
0.10736015439033508
0.10741270333528519
0.10728609561920166
0.1072624921798706
0.10717594623565674
0.10738721489906311
0.1075279489159584
0.10738788545131683
0.10772291570901871
0.10764992982149124
0.10770736634731293
0.107768215239048
0.10811280459165573
0.10843008011579514
0.10819926112890244
0.10824223607778549
0.10821551084518433
0.10812925547361374
0.10794913023710251
0.10813359171152115
0.10810540616512299
0.10816192626953125
0.10847988724708557
0.10840024799108505
0.1086210161447525
0.10859932005405426
0.10861939936876297
0.10853312164545059
0.10852490365505219
0.1085822731256485
0.10854237526655197
0.10868209600448608
0.10868225991725922
0.10911660641431808
0.10921010375022888
0.1093040406703949
0.10925990343093872
0.10927784442901611
0.10976813733577728
0.10980768501758575
0.10967706888914108
0.10976624488830566
0.10982499271631241
0.10976522415876389
0.10982610285282135
0.10991775989532471
0.10973947495222092
0.10953694581985474
0.10965939611196518
0.10992886126041412
0.10994727164506912
0.10981206595897675
0.10990142077207565
0.10999462753534317
0.11031579226255417
0.11036478728055954
0.11025218665599823
0.1103731021285057
0.11061105877161026
0.11090166121721268
0.11103316396474838
0.11125508695840836
0.11132262647151947
0.11145023256540298
0.11146499216556549
0.11141351610422134
0.11181439459323883
0.11168750375509262
0.11172491312026978
0.11183135956525803
0.11176853626966476
0.11195981502532959
0.11202477663755417
0.11186884343624115
0.11216539144515991
0.11236744374036789
0.11235922574996948
0.1123046875
0.11229149997234344
0.1123935654759407
0.11277644336223602
0.11244305223226547
0.11232348531484604
0.11240609735250473
0.11252881586551666
0.11263290792703629
0.11282569915056229
0.11268706619739532
0.11269322037696838
0.11262211203575134
0.11267538368701935
0.11307550221681595
0.1127968579530716
0.11290455609560013
0.11311320215463638
0.11322517693042755
0.11342041939496994
0.11354570090770721
0.11375389248132706
0.11392191797494888
0.11376791447401047
0.11368685960769653
0.11375681310892105
0.11369581520557404
0.1138581708073616
0.11422411352396011
0.11440550535917282
0.11472667008638382
0.11447770893573761
0.11472904682159424
0.11475573480129242
0.11474764347076416
0.11496022343635559
0.11488574743270874
0.11514228582382202
0.11523652821779251
0.11527374386787415
0.11526814848184586
0.11529399454593658
0.1153448298573494
0.11537002772092819
0.1151900365948677
0.11521115154027939
0.11532668024301529
0.11524856835603714
0.11505994945764542
0.1151057556271553
0.1149086132645607
0.11511527746915817
0.11525436490774155
0.11546948552131653
0.11581918597221375
0.11610451340675354
0.11618160456418991
0.11597868800163269
0.11592555791139603
0.11601512134075165
0.11627794802188873
0.11643971502780914
0.11634507030248642
0.11653465777635574
0.11621183902025223
0.11638185381889343
0.11655393987894058
0.11639104038476944
0.11648029088973999
0.11650839447975159
0.11684805154800415
0.11685939133167267
0.11689367890357971
0.11702508479356766
0.11730669438838959
0.11734654754400253
0.11756528913974762
0.11736036837100983
0.1172550842165947
0.11756261438131332
0.1180625855922699
0.11789939552545547
0.11815495043992996
0.11839793622493744
0.11861412972211838
0.11880263686180115
0.11894429475069046
0.11915715783834457
0.11892444640398026
0.11931127309799194
0.11935722827911377
0.1195003017783165
0.11954043805599213
0.11975210905075073
0.11981968581676483
0.11953745037317276
0.11930951476097107
0.11910902708768845
0.11937421560287476
0.11955559998750687
0.11975155770778656
0.1197197362780571
0.1197688952088356
0.1195964366197586
0.1199934110045433
0.11975761502981186
0.11987719684839249
0.11967881768941879
0.11990337818861008
0.12016734480857849
0.12020912021398544
0.12042421102523804
0.1206653043627739
0.12090613692998886
0.1205572858452797
0.12082452327013016
0.12099889665842056
0.12089572846889496
0.12123588472604752
0.12110120803117752
0.12092228978872299
0.12060070782899857
0.12095709145069122
0.12121372669935226
0.12172018736600876
0.12183062732219696
0.1220361515879631
0.121938057243824
0.12198477983474731
0.12223205715417862
0.12236709892749786
0.12256540358066559
0.12249203771352768
0.12259270250797272
0.12269522994756699
0.12287452071905136
0.1230076402425766
0.12300869822502136
0.12296754121780396
0.12309885025024414
0.12350507080554962
0.12324937433004379
0.12301430106163025
0.12318723648786545
0.12352322041988373
0.12349548190832138
0.12360015511512756
0.12342154234647751
0.12357061356306076
0.12327524274587631
0.12323687970638275
0.12316771596670151
0.12298624217510223
0.12327326834201813
0.12352602183818817
0.12369474768638611
0.12391335517168045
0.12418482452630997
0.12394185364246368
0.12443801015615463
0.12450926005840302
0.12462954968214035
0.12474726140499115
0.12485920637845993
0.12481819838285446
0.1250346302986145
0.12492714822292328
0.1251409500837326
0.12495464831590652
0.12468080967664719
0.12475509941577911
0.12502051889896393
0.12542614340782166
0.12528473138809204
0.12535929679870605
0.12545374035835266
0.1251891851425171
0.12512291967868805
0.12532547116279602
0.1256638467311859
0.12588141858577728
0.12613239884376526
0.12597231566905975
0.1258733719587326
0.12610867619514465
0.1262805312871933
0.12609723210334778
0.1261492818593979
0.12641113996505737
0.12670835852622986
0.12697698175907135
0.12690255045890808
0.12700465321540833
0.1272839903831482
0.12717612087726593
0.12696437537670135
0.1269240528345108
0.12689003348350525
0.12686441838741302
0.1268247812986374
0.12671270966529846
0.12664200365543365
0.12615017592906952
0.1258966028690338
0.12593914568424225
0.12634845077991486
0.12667693197727203
0.1270775943994522
0.12712299823760986
0.12704330682754517
0.12708896398544312
0.12738876044750214
0.12766066193580627
0.12758246064186096
0.12790903449058533
0.12791751325130463
0.1278175413608551
0.12791305780410767
0.12805499136447906
0.1283174455165863
0.12831099331378937
0.12810157239437103
0.12873978912830353
0.1286657303571701
0.12863288819789886
0.1288590133190155
0.12909844517707825
0.12952516973018646
0.1295921504497528
0.1293668895959854
0.12914806604385376
0.12927033007144928
0.1292884647846222
0.1294865608215332
0.12955285608768463
0.12947282195091248
0.12951041758060455
0.12985119223594666
0.12981195747852325
0.1299314647912979
0.12996040284633636
0.12978270649909973
0.12996482849121094
0.1301068663597107
0.1301359087228775
0.13054677844047546
0.13045118749141693
0.13046474754810333
0.13072603940963745
0.13086938858032227
0.13091860711574554
0.130884051322937
0.1307803839445114
0.13099636137485504
0.13092738389968872
0.13109812140464783
0.1309559941291809
0.1311623454093933
0.1312279999256134
0.13142864406108856
0.13076937198638916
0.13089776039123535
0.1307908594608307
0.13101209700107574
0.13147220015525818
0.1317441314458847
0.1318177878856659
0.13125810027122498
0.13152527809143066
0.13179956376552582
0.13194112479686737
0.13213089108467102
0.1322440803050995
0.1320597380399704
0.1318555772304535
0.13154050707817078
0.13180406391620636
0.1316383183002472
0.13199691474437714
0.1324281245470047
0.13227716088294983
0.13218864798545837
0.13241080939769745
0.1323435753583908
0.13260722160339355
0.13289792835712433
0.13268513977527618
0.13237544894218445
0.1326531320810318
0.13301213085651398
0.13338354229927063
0.13320212066173553
0.13325241208076477
0.1334492564201355
0.1333865523338318
0.13349902629852295
0.13343948125839233
0.13342049717903137
0.1336822807788849
0.13371244072914124
0.133323535323143
0.13340507447719574
0.1336250901222229
0.13395743072032928
0.13368800282478333
0.1334523856639862
0.13344210386276245
0.13386742770671844
0.13383296132087708
0.13389991223812103
0.1337394267320633
0.13394391536712646
0.13397154211997986
0.13453322649002075
0.1345198154449463
0.13449284434318542
0.13480526208877563
0.13463878631591797
0.13468338549137115
0.13488543033599854
0.13479064404964447
0.13486243784427643
0.1350976675748825
0.13502073287963867
0.13505209982395172
0.13494481146335602
0.13499440252780914
0.1352328062057495
0.13557744026184082
0.13576734066009521
0.13603255152702332
0.1361713707447052
0.13613703846931458
0.136185422539711
0.13610747456550598
0.1362018585205078
0.1362849771976471
0.13640454411506653
0.13634032011032104
0.13605636358261108
0.13627828657627106
0.13642829656600952
0.1369783878326416
0.13733063638210297
0.13712504506111145
0.13666439056396484
0.1362123340368271
0.13644932210445404
0.13628970086574554
0.13656342029571533
0.1366328001022339
0.13685467839241028
0.13688933849334717
0.13676629960536957
0.13689137995243073
0.13705742359161377
0.1375497430562973
0.1373094916343689
0.1376875340938568
0.13759641349315643
0.13774587213993073
0.13754741847515106
0.13784711062908173
0.1380549818277359
0.13800431787967682
0.1380252093076706
0.13810878992080688
0.13829214870929718
0.1378953456878662
0.13793329894542694
0.13796012103557587
0.13813190162181854
0.1381518542766571
0.13844038546085358
0.1387379914522171
0.13863658905029297
0.13823197782039642
0.13800297677516937
0.13809047639369965
0.13862957060337067
0.13844649493694305
0.1386180967092514
0.13894958794116974
0.13912653923034668
0.13919246196746826
0.13929037749767303
0.13932615518569946
0.1394256353378296
0.13913577795028687
0.13913767039775848
0.13890865445137024
0.1391102373600006
0.13887254893779755
0.1393933743238449
0.13946156203746796
0.13974207639694214
0.1400710493326187
0.13966691493988037
0.13937701284885406
0.13970918953418732
0.13987478613853455
0.14034706354141235
0.13977579772472382
0.14030233025550842
0.14057031273841858
0.14069189131259918
0.14035186171531677
0.14000165462493896
0.14036831259727478
0.14055192470550537
0.14057636260986328
0.14049212634563446
0.14060042798519135
0.14082354307174683
0.14117468893527985
0.14129012823104858
0.14089669287204742
0.14096254110336304
0.14127126336097717
0.141195610165596
0.14130352437496185
0.14133679866790771
0.14119823276996613
0.14148293435573578
0.14127123355865479
0.14117811620235443
0.14087004959583282
0.14088590443134308
0.14070238173007965
0.14093917608261108
0.14099864661693573
0.14131833612918854
0.1412843018770218
0.14101119339466095
0.14167284965515137
0.14164875447750092
0.1419699639081955
0.14210942387580872
0.14264510571956635
0.14277687668800354
0.14270266890525818
0.142219677567482
0.14188724756240845
0.14198532700538635
0.14226922392845154
0.1423441767692566
0.1420474797487259
0.1418968290090561
0.14214269816875458
0.14189748466014862
0.14234493672847748
0.14254888892173767
0.14237600564956665
0.14260900020599365
0.14245522022247314
0.14254991710186005
0.14286617934703827
0.14344510436058044
0.14345085620880127
0.1437789797782898
0.1439090371131897
0.14412438869476318
0.14366208016872406
0.14359751343727112
0.1433682143688202
0.14353212714195251
0.14380906522274017
0.14413833618164062
0.14396074414253235
0.14394621551036835
0.14402678608894348
0.14387744665145874
0.14395667612552643
0.14396868646144867
0.1435713917016983
0.14342953264713287
0.1431542932987213
0.14341363310813904
0.14377117156982422
0.14394858479499817
0.1441611498594284
0.14384588599205017
0.144015371799469
0.14405272901058197
0.1441834419965744
0.14373938739299774
0.14398892223834991
0.14460736513137817
0.14454321563243866
0.14490555226802826
0.14490675926208496
0.14491447806358337
0.1449539065361023
0.14484955370426178
0.14522269368171692
0.14527419209480286
0.1455247402191162
0.14540068805217743
0.145438551902771
0.14556658267974854
0.14551255106925964
0.14560499787330627
0.1458248347043991
0.14618906378746033
0.14647920429706573
0.14625798165798187
0.14636826515197754
0.14586392045021057
0.14534378051757812
0.14555594325065613
0.14577586948871613
0.14602358639240265
0.14632976055145264
0.1459609866142273
0.145501047372818
0.1449652463197708
0.14439299702644348
0.14441978931427002
0.1451524794101715
0.14514876902103424
0.14510738849639893
0.14496268332004547
0.14535363018512726
0.14492657780647278
0.1452242136001587
0.14483797550201416
0.1451924592256546
0.14542712271213531
0.14599475264549255
0.14592917263507843
0.14648360013961792
0.14672984182834625
0.1466013342142105
0.14675070345401764
0.1467570662498474
0.14663974940776825
0.14705587923526764
0.1467835158109665
0.1468338668346405
0.1466839611530304
0.14656557142734528
0.14678500592708588
0.14721491932868958
0.14688174426555634
0.14719423651695251
0.14706869423389435
0.14743945002555847
0.14753064513206482
0.14779017865657806
0.14791059494018555
0.14817050099372864
0.14816045761108398
0.14835062623023987
0.14826412498950958
0.14814253151416779
0.1486160010099411
0.14816035330295563
0.14775103330612183
0.14793983101844788
0.1483609676361084
0.14813466370105743
0.14839977025985718
0.14806242287158966
0.14829549193382263
0.1481475979089737
0.1478845179080963
0.14790333807468414
0.14759084582328796
0.14789749681949615
0.14783354103565216
0.14817702770233154
0.1481664627790451
0.14790761470794678
0.14822041988372803
0.14855362474918365
0.1486693173646927
0.14904789626598358
0.14866743981838226
0.14876455068588257
0.14923737943172455
0.1494206339120865
0.149183988571167
0.14905722439289093
0.14934426546096802
0.14934463798999786
0.14935046434402466
0.1491789072751999
0.14947429299354553
0.14960788190364838
0.1500571072101593
0.15002495050430298
0.14996299147605896
0.15001733601093292
0.1504148542881012
0.15030132234096527
0.1501966118812561
0.14975491166114807
0.1495630145072937
0.14969873428344727
0.14910854399204254
0.14896473288536072
0.14903321862220764
0.14943324029445648
0.15023553371429443
0.15035447478294373
0.14993609488010406
0.1499042958021164
0.15046121180057526
0.1505693793296814
0.15060225129127502
0.15012721717357635
0.15009136497974396
0.15014643967151642
0.1497805267572403
0.14968323707580566
0.14942830801010132
0.1491854041814804
0.14930486679077148
0.14975999295711517
0.15006810426712036
0.15047824382781982
0.15026278793811798
0.15051564574241638
0.1506175547838211
0.15050724148750305
0.15064109861850739
0.15071110427379608
0.15106230974197388
0.15116851031780243
0.15083420276641846
0.15038223564624786
0.15046954154968262
0.15091301500797272
0.15012061595916748
0.15070274472236633
0.1505819857120514
0.1504187285900116
0.15078021585941315
0.1504770815372467
0.15036307275295258
0.15015605092048645
0.14994123578071594
0.14947348833084106
0.14922498166561127
0.14933905005455017
0.15002435445785522
0.15032653510570526
0.15034015476703644
0.1501740664243698
0.15061670541763306
0.15016059577465057
0.1504688411951065
0.15056301653385162
0.15047290921211243
0.15040849149227142
0.1506473273038864
0.1508522778749466
0.1512008160352707
0.15136918425559998
0.15151135623455048
0.1513732373714447
0.1515258550643921
0.15193375945091248
0.1514521837234497
0.15123684704303741
0.15149515867233276
0.15113815665245056
0.15170538425445557
0.1523342728614807
0.1518029421567917
0.15164251625537872
0.1515953540802002
0.15158794820308685
0.15189452469348907
0.1514403074979782
0.1518232226371765
0.15172655880451202
0.15230050683021545
0.15184442698955536
0.15134607255458832
0.15191854536533356
0.15243326127529144
0.15235881507396698
0.15236860513687134
0.15260910987854004
0.1525786817073822
0.15271155536174774
0.1531907171010971
0.15307366847991943
0.15269392728805542
0.15237243473529816
0.1527043730020523
0.15290959179401398
0.15277908742427826
0.15278887748718262
0.15274864435195923
0.15277217328548431
0.15310055017471313
0.15291249752044678
0.15285974740982056
0.1527104526758194
0.15298837423324585
0.1531151980161667
0.15326069295406342
0.15292328596115112
0.15320424735546112
0.15286388993263245
0.15275326371192932
0.15292470157146454
0.15307584404945374
0.15346106886863708
0.15296578407287598
0.1531132310628891
0.15356728434562683
0.15392224490642548
0.1538863480091095
0.1540210098028183
0.1540752798318863
0.15390709042549133
0.1539478451013565
0.15430498123168945
0.1545160859823227
0.15430516004562378
0.15365998446941376
0.15357713401317596
0.1533159613609314
0.15299321711063385
0.15334416925907135
0.15378275513648987
0.15340584516525269
0.15345166623592377
0.15398341417312622
0.1538470834493637
0.15419496595859528
0.1540348380804062
0.15395420789718628
0.1540873944759369
0.1537911295890808
0.15404750406742096
0.15384291112422943
0.15390506386756897
0.1538493037223816
0.1541048139333725
0.15372227132320404
0.15394820272922516
0.1541595757007599
0.1542021781206131
0.15435351431369781
0.15444916486740112
0.15442883968353271
0.15499190986156464
0.15456733107566833
0.15423548221588135
0.1544511914253235
0.1547464281320572
0.15455599129199982
0.15478460490703583
0.1548672467470169
0.15473902225494385
0.15481683611869812
0.15488187968730927
0.15486036241054535
0.15458762645721436
0.15440566837787628
0.15417203307151794
0.15428520739078522
0.15463057160377502
0.15410146117210388
0.15423573553562164
0.15494948625564575
0.15496480464935303
0.15553389489650726
0.15567271411418915
0.15526695549488068
0.15541808307170868
0.1550840139389038
0.15523779392242432
0.15484844148159027
0.1547868549823761
0.15477801859378815
0.15455061197280884
0.15464885532855988
0.15400411188602448
0.1549498587846756
0.15495243668556213
0.15438762307167053
0.15479911863803864
0.15476153790950775
0.15464559197425842
0.15485072135925293
0.15476852655410767
0.15454350411891937
0.1551881581544876
0.15487243235111237
0.15554505586624146
0.15505558252334595
0.1546810418367386
0.1546298861503601
0.15472783148288727
0.15480902791023254
0.15519942343235016
0.1552008092403412
0.15553733706474304
0.15530292689800262
0.15523239970207214
0.1555635631084442
0.15544122457504272
0.15586663782596588
0.15585541725158691
0.15559925138950348
0.15568023920059204
0.1561698615550995
0.1559543013572693
0.15574686229228973
0.15554797649383545
0.15595220029354095
0.15619798004627228
0.15588614344596863
0.15549075603485107
0.15526892244815826
0.15520386397838593
0.15524818003177643
0.15507806837558746
0.15552937984466553
0.15497271716594696
0.15457385778427124
0.15435053408145905
0.15436477959156036
0.15472862124443054
0.15452907979488373
0.15473993122577667
0.15462689101696014
0.15450885891914368
0.15441124141216278
0.15449844300746918
0.1551334261894226
0.1550384908914566
0.15544261038303375
0.1545369029045105
0.154489204287529
0.15419672429561615
0.15396159887313843
0.15446147322654724
0.15450429916381836
0.15484605729579926
0.15526139736175537
0.15524330735206604
0.1549031138420105
0.1551716923713684
0.15522925555706024
0.15535354614257812
0.15482667088508606
0.15446950495243073
0.15428943932056427
0.15439410507678986
0.15493011474609375
0.15480288863182068
0.1547914445400238
0.15509416162967682
0.1556691974401474
0.15557269752025604
0.15535497665405273
0.15528321266174316
0.15531392395496368
0.15523415803909302
0.15448486804962158
0.1548737734556198
0.15436618030071259
0.1544785499572754
0.15453888475894928
0.15458571910858154
0.15454021096229553
0.1545502096414566
0.1549343466758728
0.15529067814350128
0.15554888546466827
0.1555461287498474
0.1557113081216812
0.1557273268699646
0.15643353760242462
0.15661686658859253
0.15659958124160767
0.1570308655500412
0.1566716730594635
0.15636886656284332
0.15671584010124207
0.15705160796642303
0.15694132447242737
0.15715688467025757
0.15675701200962067
0.15707920491695404
0.15669304132461548
0.1564081609249115
0.15597382187843323
0.1554809957742691
0.1552320271730423
0.15570010244846344
0.15544886887073517
0.1558314710855484
0.1557253748178482
0.1558167189359665
0.1563235968351364
0.15673008561134338
0.1572636514902115
0.15719297528266907
0.15692467987537384
0.15686368942260742
0.15671928226947784
0.15667939186096191
0.15665817260742188
0.1562711000442505
0.15633723139762878
0.15612541139125824
0.15590457618236542
0.1560734212398529
0.1557251214981079
0.15547090768814087
0.15570613741874695
0.15484070777893066
0.15491287410259247
0.1549941450357437
0.15463688969612122
0.15475447475910187
0.15467174351215363
0.1547681987285614
0.1550569236278534
0.15461993217468262
0.15392284095287323
0.1535375863313675
0.1534077227115631
0.15432223677635193
0.15478891134262085
0.15454599261283875
0.15512461960315704
0.15547125041484833
0.15543650090694427
0.15527477860450745
0.15508966147899628
0.15534289181232452
0.15525196492671967
0.1549786776304245
0.1546602100133896
0.15536369383335114
0.1549573540687561
0.15511693060398102
0.15504226088523865
0.15464238822460175
0.15513330698013306
0.15508052706718445
0.15513263642787933
0.1555728018283844
0.15590232610702515
0.15576428174972534
0.15500900149345398
0.15482519567012787
0.1542479395866394
0.15436744689941406
0.15404148399829865
0.15434108674526215
0.15458005666732788
0.15434087812900543
0.15431375801563263
0.1542009711265564
0.1544032096862793
0.15477460622787476
0.1548401415348053
0.1552879363298416
0.15506625175476074
0.15518710017204285
0.15504160523414612
0.1553981751203537
0.1549646109342575
0.15511563420295715
0.15516290068626404
0.1545717716217041
0.15471616387367249
0.1552092283964157
0.15522006154060364
0.15524506568908691
0.1552581936120987
0.15527068078517914
0.1553417593240738
0.1552816480398178
0.15470299124717712
0.15455535054206848
0.154957115650177
0.15516161918640137
0.15516424179077148
0.15530765056610107
0.15489234030246735
0.1546499878168106
0.15502946078777313
0.15563534200191498
0.15565994381904602
0.15528684854507446
0.15498894453048706
0.1551697999238968
0.15430951118469238
0.15449324250221252
0.15456032752990723
0.15472804009914398
0.15529391169548035
0.15489733219146729
0.15442723035812378
0.15472742915153503
0.15480372309684753
0.1550247073173523
0.15497098863124847
0.1550261378288269
0.15499015152454376
0.15482354164123535
0.15474995970726013
0.1549273282289505
0.15516585111618042
0.15487103164196014
0.15478430688381195
0.15497666597366333
0.15553416311740875
0.15538690984249115
0.15525826811790466
0.15510372817516327
0.15474720299243927
0.1542918086051941
0.1540549248456955
0.15419168770313263
0.15441660583019257
0.15468493103981018
0.15453730523586273
0.15502695739269257
0.15562181174755096
0.15537966787815094
0.1550973355770111
0.15506397187709808
0.15481019020080566
0.1544743925333023
0.1547105461359024
0.15429386496543884
0.15478265285491943
0.1539870947599411
0.1541597694158554
0.15403610467910767
0.1540306657552719
0.1541481614112854
0.15418149530887604
0.15390901267528534
0.1533910185098648
0.15356987714767456
0.1536036729812622
0.15367881953716278
0.15348608791828156
0.15368390083312988
0.15297815203666687
0.15315741300582886
0.15314410626888275
0.15336593985557556
0.1533551663160324
0.15364547073841095
0.1538652777671814
0.15421071648597717
0.15427401661872864
0.15361693501472473
0.15385986864566803
0.15368731319904327
0.15328527987003326
0.1531970202922821
0.15263354778289795
0.15228132903575897
0.15229716897010803
0.15219558775424957
0.15205401182174683
0.15220315754413605
0.15256889164447784
0.1527852565050125
0.15285614132881165
0.15288974344730377
0.1530396044254303
0.1526002734899521
0.15294863283634186
0.15281715989112854
0.15307438373565674
0.1530362069606781
0.15255442261695862
0.1522536277770996
0.15239955484867096
0.15296673774719238
0.15268073976039886
0.15260039269924164
0.15237268805503845
0.15253891050815582
0.15275883674621582
0.15287739038467407
0.1522495299577713
0.15205799043178558
0.15218918025493622
0.15214522182941437
0.15236686170101166
0.15238091349601746
0.1522885262966156
0.15253515541553497
0.151730477809906
0.1524098962545395
0.15202751755714417
0.15233874320983887
0.15153542160987854
0.15149930119514465
0.1518465131521225
0.1525135189294815
0.1528589427471161
0.15301018953323364
0.15253476798534393
0.15302279591560364
0.1533259153366089
0.1531108170747757
0.15308162569999695
0.15273423492908478
0.15314935147762299
0.15333032608032227
0.15314777195453644
0.153176411986351
0.15272602438926697
0.15229432284832
0.1521596610546112
0.15268711745738983
0.1524430811405182
0.15298140048980713
0.15294097363948822
0.15301723778247833
0.1527601182460785
0.15243852138519287
0.15222479403018951
0.15166893601417542
0.1515456736087799
0.15134769678115845
0.15197865664958954
0.15198452770709991
0.15249767899513245
0.15216057002544403
0.15192574262619019
0.1520775854587555
0.15203514695167542
0.1515316367149353
0.15135203301906586
0.1515280157327652
0.15124574303627014
0.1513046771287918
0.15127459168434143
0.1517300307750702
0.15130069851875305
0.1505148857831955
0.15078428387641907
0.15094654262065887
0.15068365633487701
0.1513696312904358
0.15164746344089508
0.1517276167869568
0.15119268000125885
0.15100136399269104
0.15085512399673462
0.1510055512189865
0.15116114914417267
0.15034326910972595
0.15034249424934387
0.15036989748477936
0.1501890867948532
0.15006525814533234
0.15042315423488617
0.15002182126045227
0.15039540827274323
0.15045329928398132
0.15070901811122894
0.15049409866333008
0.1504761278629303
0.15062221884727478
0.15049497783184052
0.15026213228702545
0.15053297579288483
0.15068691968917847
0.15084174275398254
0.15085501968860626
0.15030893683433533
0.15010800957679749
0.1498238891363144
0.14972788095474243
0.1497403085231781
0.1499270498752594
0.1503342241048813
0.15008971095085144
0.14971710741519928
0.15017569065093994
0.15028946101665497
0.14983871579170227
0.14930981397628784
0.14894558489322662
0.14921776950359344
0.14979705214500427
0.14984199404716492
0.1506601870059967
0.15115830302238464
0.15104064345359802
0.15148666501045227
0.15190717577934265
0.15147879719734192
0.1514844000339508
0.15078087151050568
0.15092000365257263
0.15116335451602936
0.15041713416576385
0.15142662823200226
0.15079538524150848
0.1510193794965744
0.15119719505310059
0.15074776113033295
0.1507703959941864
0.1501290500164032
0.15092545747756958
0.15059000253677368
0.15076816082000732
0.1512184888124466
0.1512104868888855
0.15122316777706146
0.15095141530036926
0.1510942280292511
0.15117736160755157
0.15060225129127502
0.1503673493862152
0.14991405606269836
0.149714395403862
0.14980603754520416
0.14933039247989655
0.1498555690050125
0.15014368295669556
0.15043750405311584
0.15043476223945618
0.15067711472511292
0.1499783992767334
0.15012650191783905
0.1503184735774994
0.15018217265605927
0.15013955533504486
0.15003177523612976
0.15033744275569916
0.15025323629379272
0.14984871447086334
0.15003128349781036
0.14957498013973236
0.14938654005527496
0.14947494864463806
0.14928437769412994
0.1485159993171692
0.14915040135383606
0.15023207664489746
0.15011416375637054
0.14927133917808533
0.1489866077899933
0.14866690337657928
0.14927449822425842
0.14898993074893951
0.1489347368478775
0.14863452315330505
0.14893443882465363
0.14839009940624237
0.14867694675922394
0.148391455411911
0.14886829257011414
0.14914098381996155
0.14823009073734283
