0.04584918171167374
0.04799666255712509
0.04900263622403145
0.048314716666936874
0.04786286875605583
0.04744328185915947
0.04725734144449234
0.047097161412239075
0.04709026962518692
0.04690752923488617
0.04643914848566055
0.04582773894071579
0.04573473334312439
0.04551791772246361
0.04540938884019852
0.044975489377975464
0.0449620857834816
0.04477260261774063
0.04473447427153587
0.0448698028922081
0.04518091306090355
0.04471578449010849
0.045266225934028625
0.04520780220627785
0.04534431919455528
0.04498148337006569
0.044836461544036865
0.04487845301628113
0.04467445984482765
0.04430297389626503
0.044283173978328705
0.04425344243645668
0.044218290597200394
0.04416060447692871
0.044478412717580795
0.04482439160346985
0.04489332437515259
0.04510049149394035
0.04496212676167488
0.04485340416431427
0.04501949995756149
0.04502236098051071
0.04503503814339638
0.045192282646894455
0.045479752123355865
0.045059725642204285
0.04503948241472244
0.04476679861545563
0.04488150030374527
0.0444621667265892
0.044889628887176514
0.04493727535009384
0.04505341500043869
0.04510439932346344
0.04476325213909149
0.04451989382505417
0.04470345377922058
0.04428211227059364
0.04432593286037445
0.04409381374716759
0.04335169866681099
0.0435241274535656
0.04371174797415733
0.043904680758714676
0.04458737000823021
0.04466250166296959
0.04485996067523956
0.04486653208732605
0.04417570307850838
0.044194839894771576
0.044165514409542084
0.04426360875368118
0.04404987022280693
0.04385213553905487
0.044047947973012924
0.04411211609840393
0.044176843017339706
0.04452095925807953
0.04443776234984398
0.04443076625466347
0.044418107718229294
0.04436156898736954
0.04438132792711258
0.04438157379627228
0.044726885855197906
0.044385429471731186
0.0446249321103096
0.04468740150332451
0.044060301035642624
0.04381135106086731
0.04389118403196335
0.04391176626086235
0.04407743364572525
0.04393715038895607
0.044065263122320175
0.044055208563804626
0.0442623607814312
0.04378402605652809
0.04364374652504921
0.043803006410598755
0.0436486154794693
0.04400702565908432
0.04380510747432709
0.04346022382378578
0.04395991936326027
0.04376247152686119
0.04386147856712341
0.044036444276571274
0.04335809871554375
0.0432673878967762
0.0430084764957428
0.043417297303676605
0.04371022805571556
0.04383981600403786
0.044089123606681824
0.04429158940911293
0.04389374703168869
0.04374043270945549
0.043486472219228745
0.043104033917188644
0.043178997933864594
0.043199170380830765
0.04310522601008415
0.04313855245709419
0.0431637205183506
0.04310663416981697
0.04359797388315201
0.043944504112005234
0.04369863122701645
0.04338376224040985
0.04259093850851059
0.04254685714840889
0.042673174291849136
0.04283149912953377
0.04311758652329445
0.043133482336997986
0.04308808594942093
0.04372064396739006
0.04375336319208145
0.0441940613090992
0.04402875527739525
0.043724674731492996
0.043594736605882645
0.04342528432607651
0.043206773698329926
0.04277500510215759
0.04315565153956413
0.04326234757900238
0.04320456087589264
0.04305563122034073
0.042953234165906906
0.04286259040236473
0.0429299995303154
0.04290414974093437
0.042921021580696106
0.043423667550086975
0.04341116175055504
0.04355180263519287
0.043518319725990295
0.043138861656188965
0.043322592973709106
0.043089766055345535
0.04349634051322937
0.04357266053557396
0.043006740510463715
0.04297453165054321
0.04329107701778412
0.04320719093084335
0.04307212308049202
0.043031446635723114
0.043110404163599014
0.042951080948114395
0.042931247502565384
0.04291646182537079
0.04299076274037361
0.04253165051341057
0.04268855229020119
0.042689982801675797
0.042828112840652466
0.04266412556171417
0.04271593689918518
0.04253309220075607
0.043025363236665726
0.04255712404847145
0.042375195771455765
0.041865527629852295
0.041809506714344025
0.041311442852020264
0.04157690703868866
0.04161182790994644
0.04196395352482796
0.04202678054571152
0.04192758724093437
0.04199831560254097
0.04232104867696762
0.04235547035932541
0.042455513030290604
0.04232164844870567
0.04239765927195549
0.04251926392316818
0.04241282492876053
0.042578354477882385
0.04249458387494087
0.04227234050631523
0.04240820184350014
0.0422513447701931
0.04216694459319115
0.04216088354587555
0.0420253612101078
0.04240914061665535
0.04250398278236389
0.04224560409784317
0.042046938091516495
0.04205230996012688
0.041338492184877396
0.04133765771985054
0.041739705950021744
0.04140124469995499
0.04145851358771324
0.04158894717693329
0.04178875684738159
0.04197094216942787
0.04203099012374878
0.04204489290714264
0.04168281331658363
0.041680023074150085
0.04175841808319092
0.04183317348361015
0.041813403367996216
0.04169022664427757
0.041855670511722565
0.04182468354701996
0.04140550270676613
0.041871607303619385
0.04187638312578201
0.042010992765426636
0.04225640743970871
0.04241884499788284
0.04228603467345238
0.042420241981744766
0.0430324487388134
0.04282025620341301
0.042656127363443375
0.04283449053764343
0.04274256154894829
0.042049385607242584
0.041775137186050415
0.04180803522467613
0.04166228324174881
0.041756968945264816
0.0414527989923954
0.04114637151360512
0.04147417098283768
0.04130397364497185
0.041405461728572845
0.04127117618918419
0.04121877998113632
0.040936797857284546
0.04142094776034355
0.04151631146669388
0.041555698961019516
0.04139905795454979
0.0412021242082119
0.041340842843055725
0.041377779096364975
0.041493840515613556
0.04174491763114929
0.04169028624892235
0.041647784411907196
0.041490670293569565
0.041244685649871826
0.041490305215120316
0.04167415574193001
0.04172230511903763
0.041829295456409454
0.04189329221844673
0.04167773574590683
0.04145902767777443
0.04159301891922951
0.041479188948869705
0.04148923605680466
0.04140849411487579
0.04162832722067833
0.041812025010585785
0.042189501225948334
0.04208626598119736
0.04191511496901512
0.04162098839879036
0.04160027578473091
0.041765421628952026
0.0418485663831234
0.04191531613469124
0.04193738102912903
0.041851721704006195
0.04198332503437996
0.041686393320560455
0.04173339530825615
0.04170113429427147
0.0416853092610836
0.0414600633084774
0.0414191409945488
0.04169147089123726
0.041372835636138916
0.04154510796070099
0.041631560772657394
0.04167142137885094
0.04113858938217163
0.04123867303133011
0.04149274155497551
0.041495129466056824
0.0409756638109684
0.04060922563076019
0.04081791639328003
0.04088455066084862
0.04092530906200409
0.040852028876543045
0.04104921966791153
0.04100672900676727
0.04091111943125725
0.04081268236041069
0.04062294587492943
0.0405406691133976
0.04011980816721916
0.040089402347803116
0.040169164538383484
0.040202539414167404
0.04016364738345146
0.040187522768974304
0.04025008901953697
0.04019813612103462
0.04075540974736214
0.04087674245238304
0.040972284972667694
0.04116018861532211
0.04104900360107422
0.0409109853208065
0.04111750051379204
0.040744662284851074
0.04077785834670067
0.04068077728152275
0.04061035439372063
0.04043637961149216
0.040325019508600235
0.04019665718078613
0.03999319300055504
0.040158022195100784
0.04056047648191452
0.04034343361854553
0.040232207626104355
0.03998458757996559
0.040270593017339706
0.04032554849982262
0.04054998606443405
0.040666110813617706
0.04053213447332382
0.04040278494358063
0.04053259268403053
0.0403311662375927
0.040093597024679184
0.040435560047626495
0.040476951748132706
0.04072757810354233
0.040552299469709396
0.040433745831251144
0.04018627479672432
0.04000232741236687
0.0404309406876564
0.040321364998817444
0.04051971063017845
0.04058189317584038
0.04050692543387413
0.04047400504350662
0.04023393988609314
0.04046881943941116
0.040128279477357864
0.03941437602043152
0.03927979990839958
0.039569318294525146
0.03966280817985535
0.040295567363500595
0.039863333106040955
0.0394892580807209
0.039547715336084366
0.0393013097345829
0.039496682584285736
0.039758529514074326
0.0403071790933609
0.04019363597035408
0.04032706841826439
0.040548067539930344
0.040265198796987534
0.04035046324133873
0.0401778444647789
0.04062617942690849
0.04062819480895996
0.0401691272854805
0.040279991924762726
0.039749626070261
0.03998815640807152
0.040041156113147736
0.039970528334379196
0.039949964731931686
0.04029355198144913
0.040325384587049484
0.040153808891773224
0.04021546244621277
0.03985585644841194
0.040105190128088
0.04005276784300804
0.040127240121364594
0.039834603667259216
0.03945693001151085
0.03995327278971672
0.04002034664154053
0.03987680748105049
0.03926059603691101
0.03938674554228783
0.03931751474738121
0.039458878338336945
0.039426229894161224
0.0392775796353817
0.03923114761710167
0.03923996910452843
0.039070986211299896
0.03922590985894203
0.03943461924791336
0.03999151289463043
0.03965722396969795
0.039616648107767105
0.03957941010594368
0.039302002638578415
0.03928491473197937
0.0392535999417305
0.039335984736680984
0.03909517824649811
0.039021655917167664
0.03922707214951515
0.039221037179231644
0.03879217803478241
0.03882230445742607
0.03903665393590927
0.0390404649078846
0.0389871671795845
0.03887978941202164
0.03875422105193138
0.038820553570985794
0.03870546072721481
0.03858594223856926
0.03863324597477913
0.03906739875674248
0.03920429199934006
0.03895033895969391
0.03880142793059349
0.03887830302119255
0.038738857954740524
0.03872730955481529
0.03860855847597122
0.03874915838241577
0.03854840621352196
0.03852153569459915
0.03867446631193161
0.03825793415307999
0.03777245059609413
0.03821655735373497
0.038174305111169815
0.038132086396217346
0.03816071152687073
0.03838646784424782
0.03904755041003227
0.038787342607975006
0.03813673183321953
0.038026176393032074
0.0379546582698822
0.03831179067492485
0.03840290755033493
0.03812609240412712
0.038110699504613876
0.03814997524023056
0.03855043277144432
0.03876466304063797
0.038592249155044556
0.038750745356082916
0.038842927664518356
0.0389641709625721
0.03905337303876877
0.03934407979249954
0.038995224982500076
0.039132311940193176
0.038919076323509216
0.03896687924861908
0.039150893688201904
0.038917820900678635
0.039081066846847534
0.0386887826025486
0.03809506818652153
0.03796038404107094
0.03780120238661766
0.038131531327962875
0.0382736511528492
0.038355693221092224
0.038190413266420364
0.03804913908243179
0.038380689918994904
0.038247596472501755
0.03821927309036255
0.038429196923971176
0.03821350261569023
0.03858669847249985
0.03846469521522522
0.03857248276472092
0.03880609571933746
0.03882887214422226
0.03885381668806076
0.038606513291597366
0.038341209292411804
0.03841913864016533
0.03850489482283592
0.03833793103694916
0.038282476365566254
0.03821784630417824
0.038176923990249634
0.038538433611392975
0.03845911845564842
0.03872229903936386
0.038320764899253845
0.03857285529375076
0.03845753148198128
0.03847159817814827
0.038727231323719025
0.038888514041900635
0.03867906704545021
0.0385533906519413
0.03852146491408348
0.03822877258062363
0.037546105682849884
0.03737431392073631
0.03706899657845497
0.037235505878925323
0.036880724132061005
0.03667299821972847
0.0366714708507061
0.03692759573459625
0.03682895749807358
0.03728215768933296
0.037840455770492554
0.037773389369249344
0.037797536700963974
0.03789718821644783
0.03797145187854767
0.03769613802433014
0.03797108680009842
0.03778054192662239
0.037944696843624115
0.0382704883813858
0.038676079362630844
0.03840348869562149
0.038464952260255814
0.038443051278591156
0.03819318488240242
0.037378497421741486
0.03725941851735115
0.037184618413448334
0.03725343197584152
0.0374099500477314
0.03746124729514122
0.0372907891869545
0.037075549364089966
0.03709772229194641
0.03686866536736488
0.036965444684028625
0.037148840725421906
0.036900125443935394
0.036596283316612244
0.03638169541954994
0.036315180361270905
0.03646241873502731
0.036314837634563446
0.036533188074827194
0.03678563982248306
0.03653499856591225
0.0368540957570076
0.03693622723221779
0.03703930228948593
0.03683823347091675
0.03699786588549614
0.036981452256441116
0.036956049501895905
0.0370648130774498
0.03732021152973175
0.037151120603084564
0.03705623373389244
0.037426676601171494
0.037584297358989716
0.03712334856390953
0.03731357306241989
0.0374031588435173
0.03755636513233185
0.03762711212038994
0.037580911070108414
0.037801098078489304
0.03754071518778801
0.03736621141433716
0.037627555429935455
0.03768021613359451
0.03720685839653015
0.03707234188914299
0.036654032766819
0.03674664348363876
0.03689612075686455
0.03707965835928917
0.037190817296504974
0.03747052699327469
0.03742686286568642
0.03753150254487991
0.037840768694877625
0.03729759901762009
0.03746083378791809
0.037278518080711365
0.03725457563996315
0.03775244951248169
0.03780505433678627
0.03732927143573761
0.037215493619441986
0.03724491968750954
0.0372023731470108
0.037255916744470596
0.03746918961405754
0.037172142416238785
0.03721282258629799
0.03712606430053711
0.03701511770486832
0.037176623940467834
0.03690428286790848
0.03722750023007393
0.03738865628838539
0.03711426630616188
0.037254322320222855
0.03687015920877457
0.03721335530281067
0.03694436699151993
0.03676611930131912
0.0366399809718132
0.036539964377880096
0.03645029664039612
0.03637302666902542
0.03687790408730507
0.037069860845804214
0.03683307394385338
0.03698994591832161
0.03653789684176445
0.036571159958839417
0.03692731261253357
0.03714065998792648
0.037033408880233765
0.03684908151626587
0.03716921806335449
0.036839596927165985
0.03683941811323166
0.03684888035058975
0.03726477921009064
0.037244763225317
0.03683019429445267
0.037259288132190704
0.037038009613752365
0.036968786269426346
0.036623265594244
0.03688406944274902
0.03716450557112694
0.03719519451260567
0.0367659293115139
0.03681397810578346
0.03679169341921806
0.03623998910188675
0.036383070051670074
0.03612881526350975
0.03569583222270012
0.03564487770199776
0.03574793040752411
0.03589390218257904
0.03580093756318092
0.03586858510971069
0.03617247939109802
0.03621520474553108
0.036339614540338516
0.036180946975946426
0.03624242916703224
0.036316629499197006
0.0364961177110672
0.036651674658060074
0.03679952770471573
0.036816321313381195
0.03662275895476341
0.03636210039258003
0.036807890981435776
0.03611569106578827
0.035876620560884476
0.03592091426253319
0.03634747490286827
0.03614301607012749
0.036365311592817307
0.03639320656657219
0.03601803258061409
0.036392562091350555
0.036595843732357025
0.036622416228055954
0.03694092854857445
0.03670387342572212
0.03674023225903511
0.036484431475400925
0.03625204414129257
0.036256611347198486
0.035793546587228775
0.036127641797065735
0.036481086164712906
0.03650015592575073
0.03637063503265381
0.03625185042619705
0.03612193837761879
0.03614642098546028
0.036144405603408813
0.03664769232273102
0.036459874361753464
0.03630611672997475
0.03632389008998871
0.03667280450463295
0.03652514889836311
0.03619108349084854
0.03618689998984337
0.03649076819419861
0.03635965287685394
0.03623020648956299
0.03614373505115509
0.0360739603638649
0.035773761570453644
0.035928934812545776
0.035673998296260834
0.03561466932296753
0.03589443489909172
0.03620745614171028
0.03600247576832771
0.035989608615636826
0.035901717841625214
0.03578455373644829
0.03588557615876198
0.03575119376182556
0.036116354167461395
0.03617783263325691
0.03602461889386177
0.03566665202379227
0.035641953349113464
0.035914916545152664
0.035887718200683594
0.035792168229818344
0.03595208004117012
0.03596213832497597
0.03606479614973068
0.03589630126953125
0.035763490945100784
0.035399097949266434
0.03514143079519272
0.0355910062789917
0.03575018420815468
0.03587869927287102
0.03550591692328453
0.03595275059342384
0.036098990589380264
0.03633077070116997
0.0363222174346447
0.03593141585588455
0.036053720861673355
0.03630911186337471
0.03620701655745506
0.036261849105358124
0.03618229180574417
0.03597521409392357
0.03598007187247276
0.03568924218416214
0.03548911213874817
0.035665933042764664
0.035613175481557846
0.03592774644494057
0.036250948905944824
0.03638220578432083
0.03605819121003151
0.035982873290777206
0.03591395169496536
0.03588709980249405
0.03516602888703346
0.03560284152626991
0.036333516240119934
0.03603585436940193
0.03601217269897461
0.03582308813929558
0.03575883060693741
0.03558270260691643
0.035648148506879807
0.03550718352198601
0.035387687385082245
0.035517193377017975
0.03530191257596016
0.0349205881357193
0.035367995500564575
0.03533495217561722
0.034881122410297394
0.0346699096262455
0.034778572618961334
0.03448500111699104
0.034748103469610214
0.03528019040822983
0.03512181341648102
0.035306014120578766
0.035299260169267654
0.03544624149799347
0.03538735955953598
0.03537923842668533
0.035208508372306824
0.03529892861843109
0.034973204135894775
0.03516121581196785
0.035412419587373734
0.03533383458852768
0.035379353910684586
0.0355420745909214
0.03578449785709381
0.03522920235991478
0.03527092561125755
0.035595476627349854
0.035558491945266724
0.03571992740035057
0.03553806617856026
0.03558192402124405
0.03570793941617012
0.035559218376874924
0.03569479286670685
0.03590559586882591
0.03591568022966385
0.03579505905508995
0.035834576934576035
0.035986948758363724
0.035597145557403564
0.0352611243724823
0.035628654062747955
0.03556640446186066
0.03557420149445534
0.035403091460466385
0.0353580117225647
0.03521135076880455
0.03503949195146561
0.03483617305755615
0.03527350723743439
0.03507596254348755
0.03504227101802826
0.03488606587052345
0.03472897782921791
0.0347040630877018
0.035014860332012177
0.035397324711084366
0.035274479538202286
0.03525576740503311
0.035392362624406815
0.03551454097032547
0.03558140993118286
0.0354534275829792
0.03487199544906616
0.03522774204611778
0.03537631407380104
0.0352320559322834
0.03504963219165802
0.03475027531385422
0.03464706242084503
0.035184264183044434
0.035075873136520386
0.03485614433884621
0.03502323850989342
0.03503801301121712
0.03482702001929283
0.03437759727239609
0.03447796404361725
0.03440474346280098
0.03487212955951691
0.03479865565896034
0.034861546009778976
0.03500062972307205
0.0346536822617054
0.034396618604660034
0.034446194767951965
0.034547775983810425
0.03462328389286995
0.034710031002759933
0.034817520529031754
0.035118069499731064
0.0351547971367836
0.035165607929229736
0.03482656180858612
0.03475814685225487
0.035070691257715225
0.035226866602897644
0.03511488810181618
0.03517456725239754
0.03499830514192581
0.03570546209812164
0.03537546843290329
0.03528973087668419
0.03556719794869423
0.03575882688164711
0.03530193492770195
0.03540097922086716
0.03523917496204376
0.03505958244204521
0.03526807203888893
0.03554795682430267
0.035383496433496475
0.03535213693976402
0.035376954823732376
0.03534288704395294
0.03488762304186821
0.034805335104465485
0.03481294587254524
0.0350026860833168
0.035315919667482376
0.03541240468621254
0.035557787865400314
0.03582167252898216
0.036227159202098846
0.03646618500351906
0.036435022950172424
0.03619331866502762
0.03592011332511902
0.03565291315317154
0.03571553900837898
0.035457443445920944
0.035248052328825
0.03536250814795494
0.0352061428129673
0.03526369854807854
0.03566921874880791
0.03618999570608139
0.035958193242549896
0.035606756806373596
0.03525087982416153
0.03529234230518341
0.035693757236003876
0.035478223115205765
0.03573830425739288
0.03577432036399841
0.03573746606707573
0.03592703863978386
0.03569253534078598
0.03552955389022827
0.035579945892095566
0.03537486493587494
0.03540170192718506
0.03509991243481636
0.035322170704603195
0.03521568700671196
0.03523527458310127
0.03492090851068497
0.03495417907834053
0.034961551427841187
0.03501579537987709
0.03512577340006828
0.03525540605187416
0.03539988398551941
0.03531148284673691
0.03533172979950905
0.035666316747665405
0.03522538021206856
0.03524306043982506
0.03506312891840935
0.035547949373722076
0.035324547439813614
0.03496546298265457
0.034897830337285995
0.0348975844681263
0.03512229025363922
0.034835439175367355
0.034973178058862686
0.03472708910703659
0.03465039283037186
0.03451930359005928
0.03448834270238876
0.03459081053733826
0.03456024080514908
0.03456857427954674
0.034672241657972336
0.03456423804163933
0.03458258509635925
0.034333549439907074
0.03405612334609032
0.03426194190979004
0.03446512296795845
0.034101106226444244
0.03418973833322525
0.034429438412189484
0.03489184379577637
0.035023417323827744
0.03482774272561073
0.03476827219128609
0.03474888205528259
0.0346568264067173
0.034621383994817734
0.03442907705903053
0.03460165858268738
0.034583013504743576
0.034734368324279785
0.03476102277636528
0.034812137484550476
0.03484686464071274
0.034651391208171844
0.03462431579828262
0.03441638872027397
0.034537676721811295
0.0344894640147686
0.034416209906339645
0.034576743841171265
0.03490223363041878
0.03514061123132706
0.035222020000219345
0.035103924572467804
0.034958332777023315
0.03445586934685707
0.03479517996311188
0.03472629189491272
0.034660704433918
0.034423623234033585
0.034301407635211945
0.034424539655447006
0.03450540080666542
0.034448835998773575
0.03445025905966759
0.03479112312197685
0.034682873636484146
0.034680817276239395
0.034200094640254974
0.03417060524225235
0.03402740880846977
0.03397906571626663
0.03397142142057419
0.03436315059661865
0.034355733543634415
0.034359224140644073
0.03484630957245827
0.034804172813892365
0.03488922864198685
0.03477375954389572
0.0350065603852272
0.034791894257068634
0.03559722378849983
0.03546376898884773
0.035352203994989395
0.035239554941654205
0.03542506322264671
0.03538073971867561
0.03530080243945122
0.03540487214922905
0.03509702906012535
0.0348614864051342
0.03447871282696724
0.03447144106030464
0.0345514714717865
0.034687601029872894
0.034664854407310486
0.03471121937036514
0.03460600972175598
0.034994568675756454
0.0355391651391983
0.03543535992503166
0.03527379408478737
0.03507891669869423
0.03466290235519409
0.03465946391224861
0.034899935126304626
0.034901347011327744
0.03476790711283684
0.03464910760521889
0.03463197872042656
0.03451574966311455
0.03506435453891754
0.035130053758621216
0.035339903086423874
0.03542328253388405
0.03510783985257149
0.03502197936177254
0.03513059765100479
0.03483295068144798
0.03461611270904541
0.03462386131286621
0.034849151968955994
0.03463622182607651
0.034339215606451035
0.03419136628508568
0.03438323736190796
0.03460853174328804
0.03479848802089691
0.034936632961034775
0.034617044031620026
0.03484872356057167
0.03480476886034012
0.03491805121302605
0.035029470920562744
0.0351095087826252
0.03503035753965378
0.034965720027685165
0.035059407353401184
0.03509598970413208
0.035179801285266876
0.0353301502764225
0.03543198108673096
0.03490649163722992
0.035069189965724945
0.035010725259780884
0.034819524735212326
0.0351351760327816
0.035139333456754684
0.03530736640095711
0.03503551334142685
0.035351164638996124
0.03480977192521095
0.0349515900015831
0.03478419408202171
0.03449432924389839
0.03447016328573227
0.034672271460294724
0.034479524940252304
0.03463282808661461
0.034756604582071304
0.0349494107067585
0.034811507910490036
0.03518145531415939
0.035143837332725525
0.03523116558790207
0.03506619110703468
0.03516101464629173
0.03474217653274536
0.0346590057015419
0.034908875823020935
0.03497478365898132
0.03497758507728577
0.034783005714416504
0.03436274826526642
0.033892251551151276
0.03427037596702576
0.03438166156411171
0.03430284187197685
0.03422737121582031
0.03430377319455147
0.034211110323667526
0.03436243161559105
0.034166108816862106
0.03415821120142937
0.034461937844753265
0.034571751952171326
0.03464224562048912
0.03460606187582016
0.03454471752047539
0.0345156155526638
0.03466888144612312
0.03457742929458618
0.03441951423883438
0.03411372750997543
0.034253571182489395
0.03433099016547203
0.034234028309583664
0.034707535058259964
0.03455761447548866
0.034774187952280045
0.03473501652479172
0.03459553048014641
0.03453341871500015
0.03478902950882912
0.03474661335349083
0.03495565429329872
0.03504377603530884
0.03518901765346527
0.03536006063222885
0.034855592995882034
0.034788358956575394
0.03478178754448891
0.03472043573856354
0.03462705388665199
0.034421198070049286
0.03477328270673752
0.034876950085163116
0.03493232652544975
0.034985192120075226
0.034945402294397354
0.03486711159348488
0.03459705039858818
0.03467448428273201
0.03462569788098335
0.03433319181203842
0.034528303891420364
0.034457672387361526
0.03443538025021553
0.03425800800323486
0.034158602356910706
0.034436360001564026
0.03470925986766815
0.0343911312520504
0.034459006041288376
0.03485645353794098
0.03475649282336235
0.035068828612565994
0.035052258521318436
0.03530765324831009
0.03537805378437042
0.03519682586193085
0.0349724143743515
0.03505336120724678
0.03471047803759575
0.03467665985226631
0.03456338495016098
0.03476553410291672
0.034744393080472946
0.03467220813035965
0.03463299572467804
0.034644726663827896
0.034496065229177475
0.03442928194999695
0.03440317139029503
0.034201472997665405
0.034168388694524765
0.03403647989034653
0.033690888434648514
0.033983658999204636
0.03400764614343643
0.03392355889081955
0.03428318724036217
0.034484636038541794
0.03459560498595238
0.03491254150867462
0.034807682037353516
0.0347745306789875
0.034512631595134735
0.03447147458791733
0.03444872051477432
0.03455956280231476
0.03430619463324547
0.034296710044145584
0.03447281941771507
0.03449602425098419
0.03494067117571831
0.03558076545596123
0.03563281521201134
0.03553178533911705
0.035476911813020706
0.03528745099902153
0.03528224304318428
0.03511115163564682
0.03471485152840614
0.03490707278251648
0.034778594970703125
0.03454214707016945
0.03479478135704994
0.03492565080523491
0.03486613556742668
0.03529239818453789
0.03528714179992676
0.03516285493969917
0.035131365060806274
0.03519749641418457
0.03542031720280647
0.03566165640950203
0.03552538901567459
0.03562282398343086
0.03516778349876404
0.03520037978887558
0.03497493267059326
0.03514690324664116
0.035255368798971176
0.035343654453754425
0.03534175083041191
0.03528045862913132
0.035277873277664185
0.03524758666753769
0.03532028943300247
0.03515670448541641
0.035021934658288956
0.03476935625076294
0.03474023565649986
0.034848738461732864
0.03529277443885803
0.035058218985795975
0.03487658128142357
0.03473547473549843
0.03501712903380394
0.03518613055348396
0.03517221286892891
0.03481271117925644
0.03485790640115738
0.03507888689637184
0.03520510718226433
0.03513363003730774
0.034926410764455795
0.03460172191262245
0.03477019444108009
0.034998949617147446
0.035233188420534134
0.0352339930832386
0.03522251546382904
0.03498685732483864
0.0350264236330986
0.03550323471426964
0.03524425998330116
0.03511786833405495
0.03493451327085495
0.035009000450372696
0.03503997251391411
0.035130903124809265
0.03480741009116173
0.034910593181848526
0.03496119752526283
0.034969594329595566
0.03497606888413429
0.03515318036079407
0.035124219954013824
0.03487193584442139
0.035250287503004074
0.0351421944797039
0.0354924201965332
0.03550637140870094
0.03505560755729675
0.03506995365023613
0.03497161343693733
0.03483534976840019
0.034705329686403275
0.03492768853902817
0.034952983260154724
0.03515429049730301
0.035045456141233444
0.035342421382665634
0.03535076230764389
0.03540981560945511
0.035186443477869034
0.0349714532494545
0.0352170504629612
0.03519132360816002
0.03527860343456268
0.03523082658648491
0.03523186221718788
0.03519761934876442
0.035390835255384445
0.03540883585810661
0.03532654419541359
0.03525587543845177
0.03522036224603653
0.035166215151548386
0.03484654799103737
0.034732885658741
0.03523564711213112
0.03492019698023796
0.03508445993065834
0.03525552526116371
0.035088665783405304
0.03501556068658829
0.03468717262148857
0.0347319059073925
0.03454605117440224
0.03471213951706886
0.0349639393389225
0.03525495529174805
0.03540509194135666
0.03545045852661133
0.035363443195819855
0.035255029797554016
0.03517027199268341
0.035458970814943314
0.03545621410012245
0.03541840612888336
0.03544721007347107
0.03512970730662346
0.035356760025024414
0.03551993519067764
0.03568962961435318
0.035690128803253174
0.03564806282520294
0.03550838306546211
0.03519764170050621
0.03530386835336685
0.03520563989877701
0.03494158759713173
0.035073887556791306
0.034923866391181946
0.03522156551480293
0.03556550666689873
0.035464558750391006
0.03528469800949097
0.03519883006811142
0.03520911931991577
0.03499023616313934
0.034882672131061554
0.034991636872291565
0.03495229780673981
0.035009924322366714
0.03522671386599541
0.034819215536117554
0.03533180430531502
0.035402704030275345
0.03536572307348251
0.03557950258255005
0.03549865633249283
0.03517402336001396
0.03547240421175957
0.03510049730539322
0.03540151193737984
0.03556454926729202
0.03564760088920593
0.03567963093519211
0.035876981914043427
0.03590494766831398
0.0357414111495018
0.035767633467912674
0.035905033349990845
0.03604815527796745
0.03584242984652519
0.03568325191736221
0.035674940794706345
0.035798754543066025
0.0361153669655323
0.036559101194143295
0.03659877926111221
0.036348648369312286
0.03612673655152321
0.03624660149216652
0.0361429788172245
0.03590227663516998
0.03571470454335213
0.03576181083917618
0.03545155003666878
0.03514277935028076
0.03543594107031822
0.035256724804639816
0.0352989062666893
0.0351712591946125
0.035130880773067474
0.03494749218225479
0.035132866352796555
0.03500406816601753
0.034853775054216385
0.03495408967137337
0.03484726697206497
0.035116296261548996
0.034964121878147125
0.035130683332681656
0.035478122532367706
0.03548950329422951
0.035273753106594086
0.035214003175497055
0.03525245189666748
0.035497456789016724
0.035512734204530716
0.035709988325834274
0.03568459674715996
0.03605974093079567
0.035996127873659134
0.0359710231423378
0.03565903753042221
0.03568670153617859
0.03551678732037544
0.03540986776351929
0.03555966913700104
0.03562208637595177
0.03577207773923874
0.03581087291240692
0.03590536490082741
0.03578200191259384
0.036126378923654556
0.03585038706660271
0.03537805378437042
0.035345833748579025
0.03504108265042305
0.03521937504410744
0.03513989970088005
0.035423796623945236
0.03560240939259529
0.03561484068632126
0.03515184298157692
0.03532661870121956
0.0350058376789093
0.035222116857767105
0.03510851785540581
0.035035088658332825
0.03499550372362137
0.03485948219895363
0.034873466938734055
0.03496824577450752
0.035013023763895035
0.03492433950304985
0.03529113903641701
0.035585664212703705
0.03541736304759979
0.03512644022703171
0.035574208945035934
0.0360134094953537
0.03613466024398804
0.03615840524435043
0.03575349226593971
0.0358772799372673
0.03576907515525818
0.035928379744291306
0.03558022156357765
0.03598873317241669
0.03589162230491638
0.03597218170762062
0.03603720664978027
0.03606472909450531
0.035786084830760956
0.035969674587249756
0.03558740019798279
0.03595273569226265
0.035893697291612625
0.03615696728229523
0.036177847534418106
0.03607910871505737
0.035943906754255295
0.03646326810121536
0.036622095853090286
0.036927081644535065
0.036876779049634933
0.03675873205065727
0.03656426817178726
0.036945831030607224
0.037127308547496796
0.03693931922316551
0.0367623046040535
0.03640398755669594
0.03670058771967888
0.03658394515514374
0.036543846130371094
0.036005642265081406
0.036240048706531525
0.03592846542596817
0.0359329916536808
0.03564842417836189
0.035855866968631744
0.03581596910953522
0.03580532968044281
0.03587426245212555
0.035802021622657776
0.03582070395350456
0.036107826977968216
0.03620394319295883
0.03571760281920433
0.03553343564271927
0.03544167801737785
0.0351521335542202
0.035479042679071426
0.035396356135606766
0.035685472190380096
0.036034438759088516
0.03618985041975975
0.03618749976158142
0.0361432284116745
0.03640807047486305
0.036044634878635406
0.036056600511074066
0.036303579807281494
0.0364408977329731
0.03672531992197037
0.03667440265417099
0.0363943912088871
0.036189839243888855
0.036036230623722076
0.036327339708805084
0.036096323281526566
0.03648323938250542
0.03669308125972748
0.03668893128633499
0.03670603409409523
0.03668864443898201
0.036855749785900116
0.03691338747739792
0.03674600273370743
0.03678074851632118
0.036646079272031784
0.03659655153751373
0.03668483346700668
0.03662756085395813
0.03670860454440117
0.03696108236908913
0.03696645051240921
0.03687778860330582
0.037121836096048355
0.03730402886867523
0.037068843841552734
0.03692056983709335
0.03686092793941498
0.03700919821858406
0.037032127380371094
0.03641888126730919
0.037086814641952515
0.03684365376830101
0.03684042766690254
0.036785662174224854
0.036802101880311966
0.0366341732442379
0.0367036908864975
0.03657384589314461
0.036634743213653564
0.03667250648140907
0.036983996629714966
0.03699229285120964
0.03693405166268349
0.0366707518696785
0.036402273923158646
0.036465853452682495
0.03654016926884651
0.036688223481178284
0.036747802048921585
0.03660828620195389
0.03650485724210739
0.03629143908619881
0.03640101104974747
0.036760956048965454
0.03657154738903046
0.036497436463832855
0.037076059728860855
0.037404999136924744
0.03735094517469406
0.037390679121017456
0.03720695897936821
0.037252213805913925
0.03721633180975914
0.03708077222108841
0.036898013204336166
0.03681657090783119
0.03653965890407562
0.03646694868803024
0.03644520044326782
0.03649533540010452
0.03655193746089935
0.03647672384977341
0.036678291857242584
0.03679986670613289
0.03701310232281685
0.03716080263257027
0.03705975413322449
0.03728298842906952
0.03729096055030823
0.03715154901146889
0.03726864978671074
0.03691023588180542
0.037031903862953186
0.03706802800297737
0.03700551018118858
0.037143051624298096
0.03721429035067558
0.037400778383016586
0.03712703660130501
0.03678794950246811
0.03642002493143082
0.036187559366226196
0.036758385598659515
0.03677933290600777
0.03678705170750618
0.036709029227495193
0.036721885204315186
0.03665874898433685
0.0364263691008091
0.03634553402662277
0.03664213791489601
0.03612086549401283
0.03617515787482262
0.036214277148246765
0.03621102496981621
0.03645851090550423
0.0364999994635582
0.03656076267361641
0.03677188232541084
0.036543380469083786
0.03663035109639168
0.03650769218802452
0.0366683192551136
0.03657056391239166
0.0367756113409996
0.03689999878406525
0.03710624575614929
0.03682505711913109
0.03664971515536308
0.03660052642226219
0.036273643374443054
0.036517009139060974
0.03661157935857773
0.0366288386285305
0.03655686229467392
0.03621606528759003
0.036327119916677475
0.03658825159072876
0.036698468029499054
0.0367528535425663
0.03663119673728943
0.036539703607559204
0.03659175708889961
0.036800533533096313
0.036984045058488846
0.03651467338204384
0.03688601031899452
0.036905575543642044
0.0371071882545948
0.03706425055861473
0.0371084064245224
0.037093110382556915
0.03721994534134865
0.03723377734422684
0.03735612705349922
0.037471361458301544
0.03735078498721123
0.03728673234581947
0.03729402273893356
0.03701712191104889
0.037108249962329865
0.03749297186732292
0.03734033554792404
0.037427209317684174
0.03733434900641441
0.037217386066913605
0.037528570741415024
0.03744294121861458
0.03752853721380234
0.037559833377599716
0.037619318813085556
0.03748777508735657
0.0373564139008522
0.036982834339141846
0.03717231750488281
0.0372224785387516
0.037598442286252975
0.03768478333950043
0.0375647097826004
0.03746386617422104
0.037577033042907715
0.03765274956822395
0.037873297929763794
0.03772757574915886
0.03789256513118744
0.03787940368056297
0.03810775279998779
0.03786393627524376
0.03803960978984833
0.037648238241672516
0.03722282871603966
0.03739895299077034
0.03766082599759102
0.03817605972290039
0.03828240558505058
0.0380091592669487
0.03796544298529625
0.03795526176691055
0.03763633966445923
0.03754739835858345
0.03774258866906166
0.03744063153862953
0.03794755041599274
0.0378677137196064
0.03792231157422066
0.03791268542408943
0.03817505016922951
0.038342539221048355
0.03832806274294853
0.038075242191553116
0.03816252574324608
0.038248054683208466
0.03818133473396301
0.03808075189590454
0.03806784376502037
0.038451388478279114
0.03793919458985329
0.03790378198027611
0.03783451020717621
0.03773004934191704
0.0375538244843483
0.03727540746331215
0.03716855123639107
0.037557393312454224
0.03772617131471634
0.037717387080192566
0.037594083696603775
0.03807597607374191
0.038214728236198425
0.03821486234664917
0.03812171891331673
0.038146451115608215
0.03799761086702347
0.038039807230234146
0.03816424682736397
0.03837208077311516
0.03842354565858841
0.03850996494293213
0.03838691487908363
0.03809208795428276
0.0381876640021801
0.03829103708267212
0.03821820393204689
0.03835616260766983
0.03849329426884651
0.03839006647467613
0.03804393857717514
0.038166873157024384
0.03829885274171829
0.03833781182765961
0.03791208192706108
0.03790731355547905
0.037772633135318756
0.03766653686761856
0.03757684305310249
0.037966471165418625
0.03786655515432358
0.03780684620141983
0.037801485508680344
0.037500470876693726
0.03775523230433464
0.03769442439079285
0.03765755146741867
0.037787064909935
0.03784036263823509
0.0377451553940773
0.03849102556705475
0.03833652287721634
0.03865388408303261
0.038492146879434586
0.03828242048621178
0.038498539477586746
0.03820717707276344
0.0384012795984745
0.038505978882312775
0.038240160793066025
0.03821660950779915
0.03853607922792435
0.03878207504749298
0.03856000676751137
0.03872627019882202
0.03891339525580406
0.03857225179672241
0.038742490112781525
0.03848337009549141
0.03845415264368057
0.03802237659692764
0.03837322071194649
0.038430195301771164
0.038377538323402405
0.03812596946954727
0.03783083334565163
0.0376741848886013
0.03755588084459305
0.03778544068336487
0.03790847584605217
0.03815244883298874
0.03807792440056801
0.03825726732611656
0.03823418915271759
0.03782215714454651
0.038302648812532425
0.038376107811927795
0.03854035586118698
0.0388796329498291
0.03894159570336342
0.03877062723040581
0.038741763681173325
0.03894561156630516
0.039057835936546326
0.038938749581575394
0.03936438262462616
0.03887969255447388
0.03852575644850731
0.03808680921792984
0.03827722743153572
0.0386059433221817
0.0385192409157753
0.03825782239437103
0.038371890783309937
0.03850379213690758
0.038510337471961975
0.03878166526556015
0.03864434361457825
0.03851372003555298
0.038721390068531036
0.038770731538534164
0.038746561855077744
0.03856555372476578
0.038566362112760544
0.03868553042411804
0.038989946246147156
0.038903411477804184
0.039098504930734634
0.03936917707324028
0.03942473977804184
0.03923565894365311
0.039159562438726425
0.03934602439403534
0.03948318585753441
0.03917139396071434
0.03869839757680893
0.038634296506643295
0.03879113122820854
0.038741689175367355
0.038455527275800705
0.03883880376815796
0.038951195776462555
0.03881201893091202
0.038504183292388916
0.038420867174863815
0.03836647421121597
0.038637444376945496
0.03878797963261604
0.03865160793066025
0.03845435008406639
0.03827605023980141
0.03867186978459358
0.038818906992673874
0.039035629481077194
0.038808673620224
0.03869127109646797
0.038749322295188904
0.03865182399749756
0.038478147238492966
0.038593776524066925
0.03879835456609726
0.038880158215761185
0.0388990193605423
0.03876003250479698
0.03864894434809685
0.03868680074810982
0.038301512598991394
0.03853347525000572
0.03853161260485649
0.038857217878103256
0.03900231793522835
0.03943994268774986
0.03965943306684494
0.03931016847491264
0.0392267107963562
0.03922826424241066
0.0391753613948822
0.038906682282686234
0.038964446634054184
0.03981854021549225
0.03944240137934685
0.03948746994137764
0.03938118368387222
0.03929009661078453
0.03939094394445419
0.03927343338727951
0.03917878121137619
0.03936546668410301
0.03931650519371033
0.039405256509780884
0.03947945311665535
0.03930884972214699
0.039372220635414124
0.03935856372117996
0.039473436772823334
0.03952072560787201
0.03938385844230652
0.0393616184592247
0.039332352578639984
0.03928491473197937
0.039003510028123856
0.03930022567510605
0.03941715136170387
0.03952564671635628
0.03956862539052963
0.039678748697042465
0.03954896330833435
0.03960542008280754
0.03935609757900238
0.03964513540267944
0.03963122144341469
0.03976479172706604
0.03946433961391449
0.03915243595838547
0.039227716624736786
0.039139099419116974
0.03894702345132828
0.039061594754457474
0.0391811802983284
0.039032310247421265
0.039272673428058624
0.0392504520714283
0.03929394856095314
0.03941504284739494
0.03941350802779198
0.039382100105285645
0.039153631776571274
0.039187025278806686
0.03945781663060188
0.03956052288413048
0.039720095694065094
0.039620302617549896
0.03940704092383385
0.03959339112043381
0.0395660363137722
0.03974095359444618
0.0395684689283371
0.039894361048936844
0.040034372359514236
0.040082454681396484
0.03990109637379646
0.039463263005018234
0.03960135951638222
0.039562519639730453
0.03974837437272072
0.039685141295194626
0.03969624638557434
0.03978414833545685
0.040180932730436325
0.04036479443311691
0.040014028549194336
0.040462594479322433
0.0404772013425827
0.040443047881126404
0.040506571531295776
0.04038994759321213
0.040304359048604965
0.04042685776948929
0.04012665897607803
0.039864666759967804
0.039764728397130966
0.03981776535511017
0.040137290954589844
0.04049176722764969
0.04066360741853714
0.0408439040184021
0.04063479229807854
0.04055803269147873
0.04019760712981224
0.04055120423436165
0.04027622565627098
0.04003673419356346
0.040291108191013336
0.04054819792509079
0.040246739983558655
0.039986543357372284
0.03987043723464012
0.03970078006386757
0.039661508053541183
0.04008961468935013
0.03990462049841881
0.039976075291633606
0.03975699841976166
0.03959941491484642
0.03951897472143173
0.039929185062646866
0.04007888585329056
0.039905283600091934
0.03994571790099144
0.04039126634597778
0.04051616042852402
0.040435031056404114
0.04029568284749985
0.040426913648843765
0.040297605097293854
0.04089296609163284
0.04063646122813225
0.04094189032912254
0.0404449924826622
0.040467455983161926
0.04054004326462746
0.04026202857494354
0.04012122005224228
0.04055854305624962
0.04008716344833374
0.04048515856266022
0.04072384536266327
0.04083559662103653
0.040870301425457
0.04114912077784538
0.04097647964954376
0.04095809906721115
0.04095348343253136
0.04102150723338127
0.040908947587013245
0.040667738765478134
0.04049214720726013
0.04036552831530571
0.040549784898757935
0.04064354673027992
0.04101168364286423
0.04140365496277809
0.04117182642221451
0.0408664271235466
0.040847573429346085
0.040787823498249054
0.04095747694373131
0.040858883410692215
0.041027069091796875
0.04105120524764061
0.0409868061542511
0.04064295068383217
0.040492571890354156
0.04046744853258133
0.040583234280347824
0.04093029722571373
0.04097862169146538
0.04115375876426697
0.04099218174815178
0.04139561206102371
0.04124343767762184
0.041351813822984695
0.04111647605895996
0.04126724973320961
0.041197486221790314
0.041774146258831024
0.04193945601582527
0.04189394786953926
0.041954562067985535
0.04159991815686226
0.04110727459192276
0.04071393981575966
0.04072490707039833
0.04066739231348038
0.0405598059296608
0.0407358817756176
0.04088851064443588
0.04087264463305473
0.040779899805784225
0.04088973253965378
0.04129217565059662
0.04150936007499695
0.04133745655417442
0.04113699123263359
0.040948834270238876
0.04100065305829048
0.04098711907863617
0.04070199280977249
0.04092518240213394
0.041116856038570404
0.040918540209531784
0.041016120463609695
0.04125942289829254
0.04087613895535469
0.041119299829006195
0.041330479085445404
0.04096671938896179
0.041013360023498535
0.04096587002277374
0.04095263406634331
0.041184838861227036
0.0417509563267231
0.04157889634370804
0.04168802499771118
0.04166032373905182
0.041338056325912476
0.04129007086157799
0.041560426354408264
0.041595034301280975
0.04154006019234657
0.041397735476493835
0.04112603887915611
0.04116653650999069
0.04108009487390518
0.04087972268462181
0.04085744917392731
0.040692541748285294
0.04086991026997566
0.04159185290336609
0.04163680970668793
0.0414029136300087
0.041896846145391464
0.041868627071380615
0.04188238084316254
0.04208367317914963
0.04220583662390709
0.04197481647133827
0.042011700570583344
0.04173726588487625
0.04130144044756889
0.04142924025654793
0.041741978377103806
0.04215933009982109
0.04210967943072319
0.042080022394657135
0.04173656925559044
0.04158724471926689
0.04180217534303665
0.04224183410406113
0.04204389825463295
0.04227624088525772
0.0421912856400013
0.04237191006541252
0.04202103614807129
0.04231972247362137
0.04248368367552757
0.04226228967308998
0.042401254177093506
0.04259316250681877
0.04228603094816208
0.04260978102684021
0.04326624795794487
0.043132487684488297
0.042965587228536606
0.042643286287784576
0.042302150279283524
0.04246363043785095
0.0421602800488472
0.04217725247144699
0.04237271100282669
0.04231030121445656
0.041855502873659134
0.042157839983701706
0.042231298983097076
0.042499128729104996
0.04227844625711441
0.04232005402445793
0.04235447943210602
0.042598068714141846
0.04230979084968567
0.0425930991768837
0.042638491839170456
0.042447011917829514
0.04224587604403496
0.042153000831604004
0.04226475954055786
0.04213647544384003
0.042246319353580475
0.04217946156859398
0.042338572442531586
0.04241881147027016
0.0427289754152298
0.04309467971324921
0.04306948930025101
0.04293521121144295
0.042975522577762604
0.04299747571349144
0.04352932050824165
0.043570853769779205
0.04370088502764702
0.04364155977964401
0.04376453533768654
0.04374537244439125
0.0436687134206295
0.04370134696364403
0.043456755578517914
0.04300307855010033
0.043059445917606354
0.04329564422369003
0.043430354446172714
0.043621987104415894
0.043480344116687775
0.043648894876241684
0.043196551501750946
0.0432305745780468
0.04297766461968422
0.04313915967941284
0.04281695932149887
0.04313023388385773
0.04286583885550499
0.042728714644908905
0.04290254786610603
0.04318910464644432
0.043369825929403305
0.044232357293367386
0.0439571775496006
0.04382304102182388
0.043282754719257355
0.04342266917228699
0.043425485491752625
0.043665897101163864
0.04330673813819885
0.043281011283397675
0.04357260838150978
0.043297432363033295
0.043336980044841766
0.04328777641057968
0.043397288769483566
0.04343729466199875
0.043446023017168045
0.043972838670015335
0.04378422722220421
0.043748993426561356
0.04402076452970505
0.04431229084730148
0.04386337101459503
0.04396600276231766
0.043830756098032
0.044417429715394974
0.04400095343589783
0.04325837641954422
0.043335482478141785
0.043456047773361206
0.043392907828092575
0.04347795993089676
0.04319344088435173
0.043111056089401245
0.04333095997571945
0.04332901909947395
0.04323389381170273
0.04329961910843849
0.04320786893367767
0.04350864887237549
0.04351161792874336
0.04362822324037552
0.04411378502845764
0.04407435655593872
0.044024284929037094
0.04330996796488762
0.043068137019872665
0.04345889016985893
0.04336161911487579
0.04332301765680313
0.04330526292324066
0.04340935871005058
0.043501511216163635
0.0436491034924984
0.043830759823322296
0.04369285702705383
0.04372221231460571
0.043834786862134933
0.04380518198013306
0.04366772994399071
0.043529387563467026
0.04376496374607086
0.04435373842716217
0.044634297490119934
0.044315606355667114
0.044212643057107925
0.04406885430216789
0.044101521372795105
0.043943244963884354
0.04381181299686432
0.043894294649362564
0.044199928641319275
0.044144682586193085
0.04437393695116043
0.04435940831899643
0.04403748735785484
0.044047560542821884
0.04413232207298279
0.044175103306770325
0.044429291039705276
0.04426560923457146
0.04446518421173096
0.04446308687329292
0.044767994433641434
0.04453125223517418
0.04424344375729561
0.04449858516454697
0.04398880526423454
0.04412488266825676
0.04439865052700043
0.0441775843501091
0.04416359215974808
0.044143080711364746
0.044329799711704254
0.044761087745428085
0.04471350088715553
0.044710781425237656
0.04483221098780632
0.044526875019073486
0.04450680688023567
0.044441670179367065
0.04494908079504967
0.04490222781896591
0.04510991647839546
0.04541881009936333
0.04515212029218674
0.0453345812857151
0.04528161883354187
0.04517015442252159
0.04544251412153244
0.04568507894873619
0.04589732736349106
0.04576936364173889
0.04511170834302902
0.044776491820812225
0.04525041580200195
0.045147646218538284
0.04570889100432396
0.04527701810002327
0.04530157148838043
0.04511794447898865
0.0453617163002491
0.04557152837514877
0.04530159384012222
0.04549988731741905
0.04504263401031494
0.04519796743988991
0.04563940316438675
0.045179300010204315
0.04525075852870941
0.04478469863533974
0.04500418156385422
0.04514399915933609
0.045248664915561676
0.04516136646270752
0.045073483139276505
0.04508607089519501
0.04525620490312576
0.045065365731716156
0.04456415772438049
0.044349268078804016
0.04445528984069824
0.044705528765916824
0.04478198289871216
0.04447232931852341
0.04445739462971687
0.044162407517433167
0.04421291500329971
0.04456070065498352
0.04446958750486374
0.04459899291396141
0.044866759330034256
0.045403920114040375
0.04526636376976967
0.04575140401721001
0.045744311064481735
0.04571961611509323
0.04550563544034958
0.045479826629161835
0.04582184925675392
0.0458204410970211
0.04599912092089653
0.0460149347782135
0.046261709183454514
0.04598904773592949
0.04601801931858063
0.045805297791957855
0.04607510194182396
0.04607895016670227
0.04559304192662239
0.04595441371202469
0.045756738632917404
0.04609312117099762
0.04641252011060715
0.04650091752409935
0.046353645622730255
0.0463113859295845
0.04630580544471741
0.04663076624274254
0.04635017365217209
0.04611620306968689
0.046046387404203415
0.046215616166591644
0.046231865882873535
0.046346720308065414
0.04665496200323105
0.04701819270849228
0.04749154672026634
0.0473242811858654
0.04762682318687439
0.04722084477543831
0.0466940775513649
0.0465741865336895
0.046470966190099716
0.04643294960260391
0.0459938608109951
0.046158332377672195
0.04640702158212662
0.046557653695344925
0.046867094933986664
0.047040797770023346
0.04652338847517967
0.04609623923897743
0.04609899967908859
0.046317439526319504
0.046202532947063446
0.04619530215859413
0.04645156487822533
0.04610230028629303
0.046195074915885925
0.04618342965841293
0.04635674133896828
0.04633867368102074
0.046023935079574585
0.0466313362121582
0.04681104049086571
0.04664800688624382
0.04677557200193405
0.04712287336587906
0.0475832000374794
0.04772762954235077
0.04749062657356262
0.04738565534353256
0.0472230464220047
0.04737597331404686
0.04702548682689667
0.04648536443710327
0.04655696451663971
0.04649370536208153
0.046392396092414856
0.0461646132171154
0.046644508838653564
0.04620105400681496
0.04586559161543846
0.04593038558959961
0.04578632488846779
0.046208642423152924
0.04637352004647255
0.04642614349722862
0.04628535732626915
0.04582788050174713
0.04635778069496155
0.0463436096906662
0.046456802636384964
0.04657379537820816
0.04682040959596634
0.0471070297062397
0.04734349995851517
0.04686857387423515
0.04736711457371712
0.047254353761672974
0.047050174325704575
0.04727083817124367
0.04768681898713112
0.04785666614770889
0.0480550155043602
0.04755917564034462
0.04759812355041504
0.047609444707632065
0.0474010705947876
0.047440845519304276
0.04767019674181938
0.04715520143508911
0.04702914506196976
0.047153014689683914
0.04717295989394188
0.04725908860564232
0.04726564884185791
0.046970903873443604
0.047053463757038116
0.04724498838186264
0.047421108931303024
0.04733170196413994
0.04704764485359192
0.047073911875486374
0.047309279441833496
0.04733612760901451
0.047330211848020554
0.04738757759332657
0.047605715692043304
0.04773156717419624
0.047869011759757996
0.04801839590072632
0.04782039672136307
0.048227570950984955
0.047849930822849274
0.04795033857226372
0.04774138331413269
0.04757901653647423
0.048108141869306564
0.04867975786328316
0.04854947701096535
0.04824203997850418
0.04826846346259117
0.04828591272234917
0.048339005559682846
0.04826520383358002
0.04773441329598427
0.04769531264901161
0.047534842044115067
0.047825850546360016
0.0477418415248394
0.04767673835158348
0.04800077900290489
0.04826590418815613
0.04833262041211128
0.04798812419176102
0.04847099259495735
0.04828796908259392
0.047961097210645676
0.047948144376277924
0.04784703999757767
0.04848334565758705
0.048177413642406464
0.04826546832919121
0.04858551174402237
0.04868420213460922
0.048922862857580185
0.04926038160920143
0.04929284751415253
0.048785846680402756
0.04837418347597122
0.048881322145462036
0.048988502472639084
0.048775576055049896
0.04881703481078148
0.048900384455919266
0.04879596456885338
0.04892024025321007
0.04869246110320091
0.048788174986839294
0.048890747129917145
0.04861212521791458
0.048594824969768524
0.04850205034017563
0.04864102974534035
0.048443518579006195
0.04860459640622139
0.04801513999700546
0.04822372645139694
0.04822823032736778
0.04860804229974747
0.04791456088423729
0.048171091824769974
0.04811974614858627
0.04758279770612717
0.0478583388030529
0.04833031818270683
0.04819640517234802
0.04844539240002632
0.048226870596408844
0.048246633261442184
0.0489535927772522
0.04924611747264862
0.04941657558083534
0.04903235286474228
0.04900693520903587
0.04955269768834114
0.049097295850515366
0.04879721999168396
0.04901129752397537
0.04928559064865112
0.04948851838707924
0.04889117553830147
0.04920920729637146
0.04908455163240433
0.048951491713523865
0.04877534508705139
0.04887097701430321
0.04898455739021301
0.04897035285830498
0.049041468650102615
0.04889165610074997
0.04898644983768463
0.048855122178792953
0.048954833298921585
0.048989638686180115
0.04892214015126228
0.04872315004467964
0.04900338128209114
0.048981718719005585
0.04921092465519905
0.04898502305150032
0.04942227900028229
0.04952942952513695
0.049902454018592834
0.04997550696134567
0.04984435811638832
0.04942908138036728
0.04956241324543953
0.04998638480901718
0.049771200865507126
0.05000802129507065
0.05005074292421341
0.049421582370996475
0.049545638263225555
0.04983815550804138
0.0495559424161911
0.049619439989328384
0.04976210743188858
0.0494127981364727
0.04924090579152107
0.04923251271247864
0.04894610494375229
0.04919356852769852
0.049149882048368454
0.04954604059457779
0.04976097494363785
0.04930507764220238
0.0493788868188858
0.04932251200079918
0.05007297545671463
0.05025205761194229
0.050008125603199005
0.05020458996295929
0.05030158907175064
0.05027949810028076
0.050527460873126984
0.0503910630941391
0.0504719577729702
0.05030868947505951
0.04987228661775589
0.049991730600595474
0.04986562952399254
0.04971953108906746
0.04947560653090477
0.049597516655921936
0.04972101375460625
0.04978052154183388
0.04971254989504814
0.04996144771575928
0.049967844039201736
0.049968380481004715
0.05009658262133598
0.0501435324549675
0.04995042085647583
0.04976661875844002
0.05015414208173752
0.05039452016353607
0.05095387250185013
0.05056997016072273
0.05036597698926926
0.04967080429196358
0.05011632293462753
0.049931157380342484
0.04998517408967018
0.05034004896879196
0.05023927614092827
0.050418395549058914
0.05023892968893051
0.04996383935213089
0.050118573009967804
0.04985770210623741
0.0497598797082901
0.04985993728041649
0.04982868954539299
0.04990678280591965
0.049940064549446106
0.0495978407561779
0.04991559311747551
0.05039955675601959
0.05038665607571602
0.05029716342687607
0.050019703805446625
0.049963563680648804
0.050285518169403076
0.05044027790427208
0.05046955496072769
0.05059873312711716
0.050702691078186035
0.05066340044140816
0.050204645842313766
0.05065289884805679
0.05041152983903885
0.05074301362037659
0.050803449004888535
0.05094888433814049
0.05089101195335388
0.05099837854504585
0.05094524100422859
0.05151606351137161
0.051300279796123505
0.05116228386759758
0.05135628581047058
0.05138203501701355
0.05155204236507416
0.051285140216350555
0.05172472447156906
0.05147787183523178
0.05133785679936409
0.05122032389044762
0.05125340819358826
0.051586221903562546
0.051004428416490555
0.05092818662524223
0.05132845789194107
0.05151224881410599
0.051464397460222244
0.051984090358018875
0.052353572100400925
0.052309758961200714
0.05229306221008301
0.0522053986787796
0.05194472149014473
0.052033353596925735
0.05202176421880722
0.05137248337268829
0.05112912505865097
0.05100104957818985
0.05119753256440163
0.051352422684431076
0.051404114812612534
0.05133172497153282
0.051465023308992386
0.05203670263290405
0.05175881087779999
0.05166603624820709
0.05140358582139015
0.052002597600221634
0.05138520523905754
0.0515868104994297
0.05148864537477493
0.05091375485062599
0.051562391221523285
0.05151936411857605
0.05131446570158005
0.051226213574409485
0.05130487680435181
0.05146867409348488
0.051622021943330765
0.051917385309934616
0.05211566016077995
0.052475523203611374
0.05212269723415375
0.05202753096818924
0.052121859043836594
0.05245000869035721
0.05225455388426781
0.052242983132600784
0.05219849944114685
0.05179135128855705
0.051708072423934937
0.05184892937541008
0.05150507763028145
0.051242388784885406
0.051208801567554474
0.051301103085279465
0.05165296792984009
0.051553577184677124
0.05173690989613533
0.051812075078487396
0.051443204283714294
0.05137262120842934
0.051356397569179535
0.05113493278622627
0.05135314539074898
0.05158613249659538
0.051706597208976746
0.05169917270541191
0.05181911960244179
0.05175352841615677
0.05174564570188522
0.0517180860042572
0.05182177573442459
0.051731664687395096
0.05200107768177986
0.05170940235257149
0.05194402486085892
0.05157036334276199
0.05176413431763649
0.05172005668282509
0.05206726863980293
0.05223696306347847
0.05211436748504639
0.052482642233371735
0.052293892949819565
0.052493367344141006
0.05240553990006447
0.05251153185963631
0.05245735123753548
0.052584342658519745
0.05296693742275238
0.052143167704343796
0.052014607936143875
0.051933906972408295
0.052011001855134964
0.052058231085538864
0.052027225494384766
0.05205988883972168
0.052144914865493774
0.052056971937417984
0.05226879566907883
0.05209701135754585
0.05257495865225792
0.052430082112550735
0.05271224305033684
0.05248064175248146
0.05252871662378311
0.05263737961649895
0.05281572788953781
0.05261377617716789
0.05311700701713562
0.05317513272166252
0.053070150315761566
0.052835918962955475
0.05273718386888504
0.05257954075932503
0.05237094685435295
0.05258113518357277
0.05273221805691719
0.05281694605946541
0.053018711507320404
0.053308188915252686
0.05366500839591026
0.053408704698085785
0.05314480513334274
0.05317361652851105
0.05383486673235893
0.05395236983895302
0.05350220948457718
0.05367637425661087
0.05370146408677101
0.05365521088242531
0.05333895608782768
0.05302760377526283
0.053107477724552155
0.05290786176919937
0.053129471838474274
0.05350613594055176
0.05408367142081261
0.05433505401015282
0.053901784121990204
0.05336935818195343
0.05320673808455467
0.05301421135663986
0.05285312980413437
0.05284668505191803
0.053044721484184265
0.053114015609025955
0.05310078337788582
0.0535416379570961
0.053556282073259354
0.05382436886429787
0.053639769554138184
0.05410711094737053
0.053970638662576675
0.05379197373986244
0.053195565938949585
0.05305776000022888
0.053798023611307144
0.05396173521876335
0.0539594441652298
0.05394134297966957
0.05402275174856186
0.05434076115489006
0.054134439677000046
0.054153408855199814
0.0542379729449749
0.053901828825473785
0.0543278306722641
0.054260171949863434
0.05493030697107315
0.054733265191316605
0.0544542632997036
0.054200343787670135
0.05441262200474739
0.05436289310455322
0.054069794714450836
0.054077018052339554
0.053820960223674774
0.05420215055346489
0.05428946763277054
0.05397026240825653
0.053917549550533295
0.05351906269788742
0.05363543704152107
0.05385999009013176
0.054073914885520935
0.05393708869814873
0.05380360409617424
0.05386483296751976
0.05408748239278793
0.05434836819767952
0.05427473038434982
0.05387934297323227
0.05387382581830025
0.053473856300115585
0.0530746653676033
0.05353282019495964
0.05371112748980522
0.053295839577913284
0.05321495234966278
0.05336568504571915
0.05294128507375717
0.05288755148649216
0.0530349537730217
0.05339571461081505
0.05362114682793617
0.05402033403515816
0.054061438888311386
0.05413633957505226
0.05393034964799881
0.0538741871714592
0.05382613092660904
0.05449426546692848
0.054299257695674896
0.054444730281829834
0.054499223828315735
0.05438244342803955
0.05454122647643089
0.05411776900291443
0.05395058915019035
0.05402669310569763
0.05414561554789543
0.05420997366309166
0.054158471524715424
0.05452507361769676
0.05445239320397377
0.05435849353671074
0.05441724509000778
0.05473566800355911
0.05485869199037552
0.054526589810848236
0.055075690150260925
0.05545484274625778
0.055123910307884216
0.054930463433265686
0.054527007043361664
0.05494920164346695
0.05494718253612518
0.05466018244624138
0.05447737127542496
0.0544574074447155
0.05417324975132942
0.05438542366027832
0.054465338587760925
0.0542442761361599
0.05441325530409813
0.05476861447095871
0.05467021465301514
0.05443854257464409
0.05454264581203461
0.05486148223280907
0.055200181901454926
0.05530311167240143
0.055187124758958817
0.0552966333925724
0.055306389927864075
0.055186137557029724
0.05505043640732765
0.05483314394950867
0.05476444214582443
0.05461927130818367
0.05482735484838486
0.05466846749186516
0.054567042738199234
0.05498497560620308
0.05520977824926376
0.0552925206720829
0.05520842596888542
0.055294718593358994
0.05502775311470032
0.05508536845445633
0.05520392209291458
0.055253300815820694
0.05550253018736839
0.055525533854961395
0.05561496689915657
0.055451344698667526
0.055353857576847076
0.05543261021375656
0.05517541244626045
0.05502352863550186
0.05506378039717674
0.055469680577516556
0.055668141692876816
0.05550939217209816
0.05528704449534416
0.05558065325021744
0.05571799725294113
0.05561000108718872
0.05546347796916962
0.055458106100559235
0.05545753985643387
0.05510956421494484
0.05509570986032486
0.054944075644016266
0.054775454103946686
0.05504434555768967
0.05508596450090408
0.05534489080309868
0.05535383149981499
0.05541151389479637
0.0553540475666523
0.055338986217975616
0.05504630506038666
0.05502139404416084
0.05453666299581528
0.05474749580025673
0.05480024963617325
0.0549168698489666
0.05482197180390358
0.05488113686442375
0.05518146604299545
0.05529002845287323
0.054819874465465546
0.055255793035030365
0.054657939821481705
0.05494237691164017
0.05539153143763542
0.055362001061439514
0.055297791957855225
0.055558860301971436
0.05537484213709831
0.05565087869763374
0.055683527141809464
0.056096602231264114
0.05608973279595375
0.055844247341156006
0.05605923756957054
0.056051190942525864
0.055891383439302444
0.055717792361974716
0.05590079724788666
0.056135814636945724
0.05614425987005234
0.05651766061782837
0.05637399107217789
0.055988091975450516
0.05549616366624832
0.055548522621393204
0.05551857501268387
0.05551769211888313
0.055871281772851944
0.05593767389655113
0.0556524358689785
0.056035105139017105
0.056082677096128464
0.05605410411953926
0.055934254080057144
0.05610394477844238
0.055661775171756744
0.05567358806729317
0.05602313578128815
0.05575711652636528
0.055616918951272964
0.05603911727666855
0.05600810796022415
0.056148163974285126
0.055782001465559006
0.05586465075612068
0.055978309363126755
0.0561501607298851
0.05601608008146286
0.056095752865076065
0.05587465688586235
0.05621253699064255
0.05622739717364311
0.056213803589344025
0.055975671857595444
0.05600782856345177
0.055722177028656006
0.0558956004679203
0.056030161678791046
0.05542999878525734
0.05521038547158241
0.05548219010233879
0.05539068579673767
0.055114325135946274
0.05539806932210922
0.05509689077734947
0.05515100434422493
0.05465071275830269
0.05495350435376167
0.05507948622107506
0.055159419775009155
0.05547492951154709
0.05569693446159363
0.056053079664707184
0.05616862326860428
0.056169431656599045
0.055844925343990326
0.056169990450143814
0.05631250515580177
0.05604745075106621
0.05610604211688042
0.05630408227443695
0.05647126957774162
0.05624016001820564
0.05638567730784416
0.056467995047569275
0.05644584819674492
0.05669156461954117
0.05672943592071533
0.05655350536108017
0.056858353316783905
0.05676400288939476
0.056871283799409866
0.05660371109843254
0.0563664548099041
0.05638789013028145
0.056164320558309555
0.05602961778640747
0.05603983998298645
0.055930670350790024
0.05627530813217163
0.05577193945646286
0.055973220616579056
0.05578171834349632
0.05588259547948837
0.05573367699980736
0.055813830345869064
0.05577065795660019
0.05579269677400589
0.05595381185412407
0.05629730224609375
0.056012485176324844
0.05585137754678726
0.05581033602356911
0.05602119863033295
0.05557415634393692
0.0560101754963398
0.05611175671219826
0.05623942241072655
0.056457601487636566
0.05663692578673363
0.05679183080792427
0.05701257660984993
0.05716535449028015
0.05694242939352989
0.056885406374931335
0.056549254804849625
0.056311629712581635
0.056325241923332214
0.056380655616521835
0.0564909502863884
0.05662564933300018
0.0565437488257885
0.05694803223013878
0.05672311782836914
0.0570407398045063
0.05692731589078903
0.05669085308909416
0.05659278854727745
0.0568566620349884
0.056665658950805664
0.056439079344272614
0.05653989687561989
0.05701253190636635
0.057200003415346146
0.05717979744076729
0.05684502422809601
0.057281743735075
0.05743451416492462
0.057949673384428024
0.0576680526137352
0.0576452761888504
0.05785178393125534
0.057639021426439285
0.057384975254535675
0.05747339874505997
0.05733826383948326
0.05724267289042473
0.056938134133815765
0.05719594284892082
0.05686477944254875
0.05712926387786865
0.05750614404678345
0.057447321712970734
0.05790148302912712
0.05770396441221237
0.05768400430679321
0.05731625482439995
0.05736736208200455
0.057205211371183395
0.05726988986134529
0.05746999382972717
0.05757715180516243
0.057612523436546326
0.05791492760181427
0.057773835957050323
0.058027494698762894
0.05794575437903404
0.05807977169752121
0.057925257831811905
0.05770463868975639
0.057909831404685974
0.05741154029965401
0.057560279965400696
0.05764921009540558
0.05718706548213959
0.057181570678949356
0.05748369172215462
0.057240236550569534
0.05727719888091087
0.057394932955503464
0.05769861862063408
0.057756874710321426
0.057581108063459396
0.05770498141646385
0.05808517709374428
0.05812768265604973
0.057654399424791336
0.057278528809547424
0.05714881047606468
0.057043712586164474
0.05702780559659004
0.057292211800813675
0.0570349395275116
0.057172078639268875
0.05698786675930023
0.0567997545003891
0.05695006996393204
0.05681287497282028
0.056923653930425644
0.056624650955200195
0.05714751034975052
0.057185098528862
0.05698874220252037
0.05704355239868164
0.05709059163928032
0.057193364948034286
0.05720748379826546
0.05732706934213638
0.05709504336118698
0.05706768110394478
0.056810032576322556
0.057082805782556534
0.05712052807211876
0.0564146414399147
0.05617225170135498
0.0564136765897274
0.05620216950774193
0.05657751113176346
0.05692668631672859
0.05688939988613129
0.056567467749118805
0.05675947666168213
0.05640798062086105
0.056250397115945816
0.05634324997663498
0.0565032921731472
0.05666113644838333
0.05698862299323082
0.0574331134557724
0.057497695088386536
0.05734347924590111
0.057409461587667465
0.057048238813877106
0.05669485405087471
0.0570467971265316
0.057423416525125504
0.057804230600595474
0.057625096291303635
0.057806968688964844
0.05784348398447037
0.057634152472019196
0.05771526321768761
0.057628314942121506
0.05741821229457855
0.0572037473320961
0.056999657303094864
0.05710384622216225
0.05715334415435791
0.05728304386138916
0.0575302429497242
0.057397086173295975
0.05725390836596489
0.05742628499865532
0.05780627578496933
0.0577988438308239
0.05770980939269066
0.05741644278168678
0.05809320509433746
0.05807001516222954
0.05798553675413132
0.05747925117611885
0.05792435258626938
0.05783429369330406
0.05754277482628822
0.05776353180408478
0.057608868926763535
0.057493895292282104
0.057398103177547455
0.05719359219074249
0.05747099220752716
0.057673342525959015
0.05750918388366699
0.05753909423947334
0.05763334780931473
0.057795748114585876
0.05752253159880638
0.057516392320394516
0.0574834942817688
0.05747654289007187
0.05754416063427925
0.05764610692858696
0.057797159999608994
0.05768551677465439
0.05789642035961151
0.05762141942977905
0.05730219557881355
0.057098139077425
0.056933075189590454
0.05680467560887337
0.05691583454608917
0.05709986388683319
0.05754762142896652
0.0578635148704052
0.057764749974012375
0.05778776854276657
0.058078788220882416
0.058307383209466934
0.058105431497097015
0.0578782893717289
0.058177970349788666
0.05755822733044624
0.05793829634785652
0.05802442505955696
0.0581539049744606
0.058210745453834534
0.05833690986037254
0.05861829221248627
0.05835539847612381
0.05858374387025833
0.05885704234242439
0.05871070548892021
0.05883545055985451
0.05877777934074402
0.05861550569534302
0.058947354555130005
0.058835502713918686
0.058782078325748444
0.05840912088751793
0.05828860029578209
0.0583176352083683
0.05878478288650513
0.05794438719749451
0.058274634182453156
0.058517877012491226
0.05831260234117508
0.058078546077013016
0.05804060772061348
0.0580018125474453
0.058307431638240814
0.058276113122701645
0.058084070682525635
0.058387454599142075
0.058040644973516464
0.058169301599264145
0.0580836720764637
0.05803539231419563
0.057812243700027466
0.058132752776145935
0.058535318821668625
0.05854179337620735
0.05874684453010559
0.05874495580792427
0.05872615799307823
0.05878540873527527
0.05871638283133507
0.058565229177474976
0.058459989726543427
0.0585896298289299
0.05840936675667763
0.05874726176261902
0.05894709378480911
0.058686692267656326
0.058664772659540176
0.058958906680345535
0.05870823562145233
0.05839678272604942
0.05814630910754204
0.05775284767150879
0.05744333565235138
0.05729151889681816
0.05754610151052475
0.05772404745221138
0.05800037458539009
0.057853616774082184
0.05788459628820419
0.05799958482384682
0.057743243873119354
0.05778297409415245
0.057652734220027924
0.05753198266029358
0.0575135312974453
0.05759556591510773
0.05814684182405472
0.05825886130332947
0.058481790125370026
0.058452896773815155
0.05870901420712471
0.058652374893426895
0.05851291865110397
0.05794312432408333
0.0580093152821064
0.058076903223991394
0.057872604578733444
0.05792749673128128
0.057829611003398895
0.05796562135219574
0.05807770416140556
0.05809318646788597
0.05870978906750679
0.058145999908447266
0.05827900022268295
0.058767836540937424
0.058432795107364655
0.05840325728058815
0.05852712318301201
0.05841239541769028
0.05822787061333656
0.05822928994894028
0.058214813470840454
0.058097176253795624
0.05811597406864166
0.05836848169565201
0.05867581441998482
0.05872683227062225
0.058591317385435104
0.0584578774869442
0.05824001133441925
0.05795510113239288
0.05754132941365242
0.057899679988622665
0.05808930844068527
0.05765048414468765
0.05790125951170921
0.05799249932169914
0.05791588872671127
0.0578596405684948
0.05781908333301544
0.058362726122140884
0.05837668105959892
0.058014120906591415
0.05819650739431381
0.05853873863816261
0.05850018188357353
0.05838727578520775
0.05865361914038658
0.05875646695494652
0.05879538506269455
0.0586952269077301
0.058531880378723145
0.05842893198132515
0.05778282508254051
0.05785343050956726
0.057996463030576706
0.05829060077667236
0.05819239094853401
0.05812190845608711
0.057788267731666565
0.0576125867664814
0.057601768523454666
0.05730387195944786
0.05763126164674759
0.0579301118850708
0.05821339413523674
0.057978469878435135
0.05801030620932579
0.05847455561161041
0.05864294618368149
0.05846982076764107
0.058472972363233566
0.0587444081902504
0.058752238750457764
0.05897057056427002
0.058817341923713684
0.05901089310646057
0.05856379494071007
0.058608319610357285
0.05921352654695511
0.05919831991195679
0.05891779437661171
0.058613620698451996
0.0579935647547245
0.058264195919036865
0.05828341096639633
0.05844457447528839
0.058730002492666245
0.05881692096590996
0.05920327827334404
0.05921459570527077
0.0593487024307251
0.05935365706682205
0.05904766172170639
0.05878789350390434
0.058867573738098145
0.05868811160326004
0.05910155549645424
0.05950428545475006
0.059462178498506546
0.0590953528881073
0.05887492746114731
0.05881243571639061
0.05857907235622406
0.05858168378472328
0.05848138779401779
0.05892927199602127
0.05875751003623009
0.05858941748738289
0.05872379615902901
0.058435503393411636
0.058505669236183167
0.05815187096595764
0.05835932493209839
0.058491792529821396
0.05845148116350174
0.058346234261989594
0.05868058279156685
0.05808694660663605
0.05828388035297394
0.058611150830984116
0.05797404795885086
0.057793356478214264
0.05815921723842621
0.05800161138176918
0.058135610073804855
0.05825933441519737
0.05820119380950928
0.05826156586408615
0.05850417539477348
0.0580170601606369
0.05813797563314438
0.058215659111738205
0.0582679845392704
0.058308765292167664
0.0584888681769371
0.05855265259742737
0.05884557589888573
0.05861566960811615
0.05845913290977478
0.0588432177901268
0.05838485807180405
0.05868075415492058
0.05897204205393791
0.05902297794818878
0.05908612906932831
0.05911877751350403
0.05925986170768738
0.05953144654631615
0.059404294937849045
0.05969391390681267
0.05949174240231514
0.059582773596048355
0.05941038206219673
0.05911863222718239
0.058905769139528275
0.05852816253900528
0.05813821405172348
0.05801860988140106
0.057938672602176666
0.0578228197991848
0.05807831883430481
0.05790740251541138
0.05779707431793213
0.0579359196126461
0.05816512927412987
0.05795164778828621
0.05789197236299515
0.05805008485913277
0.057906560599803925
0.05816010758280754
0.05837002396583557
0.058280594646930695
0.058416690677404404
0.05841738358139992
0.05835305154323578
0.05853723734617233
0.0580441989004612
0.05799713730812073
0.05842870846390724
0.05827643349766731
0.05830474942922592
0.05845039710402489
0.05902209132909775
0.05910123139619827
0.059343371540308
0.05936082825064659
0.059064026921987534
0.05894818529486656
0.05880998075008392
0.05903717502951622
0.05887322500348091
0.0589594691991806
0.05872144177556038
0.05890926718711853
0.05866293981671333
0.058432258665561676
0.058439258486032486
0.05840236693620682
0.05863339081406593
0.05869244411587715
0.05866651237010956
0.05873144790530205
0.05926639959216118
0.05913723632693291
0.058895260095596313
0.05854439362883568
0.058622200042009354
0.058870814740657806
0.058722060173749924
0.05810675770044327
0.058121465146541595
0.058006931096315384
0.05839255824685097
0.05863851681351662
0.05862574651837349
0.059042301028966904
0.058838099241256714
0.058793600648641586
0.058801691979169846
0.058877132833004
0.058724455535411835
0.05841868370771408
0.05840117111802101
0.05834738537669182
0.058113809674978256
0.05835536867380142
0.057890698313713074
0.05803387239575386
0.05822662636637688
0.058338407427072525
0.05811759829521179
0.05837538465857506
0.058277957141399384
0.05862948298454285
0.05839155614376068
0.05853317677974701
0.0587179958820343
0.05884025990962982
0.05880144611001015
0.058943603187799454
0.05849630385637283
0.058423712849617004
0.05875423923134804
0.05879354476928711
0.05868925526738167
0.058563582599163055
0.05842657387256622
0.05827555060386658
0.058501970022916794
0.05854861065745354
0.05824447050690651
0.05815678462386131
0.058169130235910416
0.05789067596197128
0.058109164237976074
0.058321062475442886
0.058423127979040146
0.058278292417526245
0.0578206330537796
0.05815425142645836
0.057851601392030716
0.05821165814995766
0.058219946920871735
0.05804918333888054
0.05813441425561905
0.058289166539907455
0.05826085805892944
0.05807895585894585
0.05799355357885361
0.058107901364564896
0.058260247111320496
0.05853782594203949
0.0585990846157074
0.05859915912151337
0.05885908380150795
0.05891098082065582
0.058702364563941956
0.059030234813690186
0.05891243740916252
0.05841390788555145
0.05883852019906044
0.059143126010894775
0.05933044105768204
0.059208642691373825
0.05892302840948105
0.0582008995115757
0.05801168084144592
0.058105599135160446
0.058297283947467804
0.05823877453804016
0.05850604921579361
0.058608803898096085
0.05838993191719055
0.058372147381305695
0.0580977126955986
0.058346718549728394
0.058439671993255615
0.05829630419611931
0.05815934017300606
0.05849970132112503
0.05842016264796257
0.058513496071100235
0.05863974615931511
0.05890801176428795
0.05935148894786835
0.05940001457929611
0.05930054560303688
0.05890234187245369
0.05895525589585304
0.05894773453474045
0.05888887494802475
0.058891426771879196
0.05852370336651802
0.05824512243270874
0.05816376209259033
0.05854398012161255
0.05862642824649811
0.05837962403893471
0.05783317610621452
0.058082886040210724
0.05839028209447861
0.05805535614490509
0.057885508984327316
0.05803504213690758
0.05841466411948204
0.05843734368681908
0.058361202478408813
0.05842713266611099
0.057924430817365646
0.05777483060956001
0.05764572694897652
0.05809387192130089
0.058067046105861664
0.05830090120434761
0.05793819949030876
0.05780710279941559
0.057436153292655945
0.05745595693588257
0.05816478654742241
0.058125585317611694
0.05820642411708832
0.05819869041442871
0.05821043252944946
0.05868024751543999
0.05869163200259209
0.05857818201184273
0.05811310559511185
0.058024726808071136
0.0579429492354393
0.05747589096426964
0.05754309892654419
0.05779435858130455
0.05788179859519005
0.05802364647388458
0.05791696906089783
0.05778045952320099
0.05799136683344841
0.058294497430324554
0.05871591717004776
0.05884360522031784
0.05860414728522301
0.05841359868645668
0.05809331685304642
0.05785652995109558
0.05809713900089264
0.058687057346105576
0.05857659876346588
0.05879514291882515
0.05878902226686478
0.05877361074090004
0.058778129518032074
0.058893632143735886
0.05935182422399521
0.058990783989429474
0.05926277115941048
0.0593876913189888
0.059265028685331345
0.059327010065317154
0.05942990630865097
0.05904201790690422
0.059168845415115356
0.05881841480731964
0.05885767936706543
0.05874614790081978
0.05894137918949127
0.05876977741718292
0.058682478964328766
0.05872277915477753
0.05865541473031044
0.05882091447710991
0.05865674838423729
0.05852041020989418
0.05837469547986984
0.058468494564294815
0.05897296965122223
0.05934332311153412
0.05923876911401749
0.059028759598731995
0.05934957042336464
0.05882144346833229
0.05855582654476166
0.058402251452207565
0.05847066268324852
0.05802617594599724
0.05808326229453087
0.058198101818561554
0.058078255504369736
0.05817444622516632
0.057874150574207306
0.05779918283224106
0.05790385603904724
0.058305833488702774
0.05839046090841293
0.058315444737672806
0.05821369215846062
0.0580563060939312
0.05779382586479187
0.058204956352710724
0.05804432928562164
0.05791357904672623
0.058303508907556534
0.058165423572063446
0.058790627866983414
0.059171970933675766
0.05877850204706192
0.05826716870069504
0.05847589671611786
0.05860098451375961
0.0583714097738266
0.05824414640665054
0.0582653172314167
0.05824717879295349
0.05798976495862007
0.058109186589717865
0.058088578283786774
0.05832620710134506
0.058204591274261475
0.05816924571990967
0.058035533875226974
0.05814477801322937
0.05829313024878502
0.058115389198064804
0.05832364782691002
0.05831361189484596
0.05845791473984718
0.05845241993665695
0.05863285809755325
0.05849577486515045
0.0587744303047657
0.05926511436700821
0.059193842113018036
0.05878600850701332
0.05847054347395897
0.05848801136016846
0.058977160602808
0.05938086286187172
0.05932089313864708
0.059046775102615356
0.058954644948244095
0.05871213227510452
0.058862775564193726
0.059164099395275116
0.05947184935212135
0.05925948545336723
0.05896896496415138
0.05874408408999443
0.058758001774549484
0.05837364122271538
0.05882887914776802
0.058961305767297745
0.059152938425540924
0.05921022221446037
0.059148430824279785
0.05890987813472748
0.05892057344317436
0.05877472832798958
0.05887608602643013
0.05909144878387451
0.05897102877497673
0.05895798280835152
0.05891413241624832
0.05882412940263748
0.05875925347208977
0.05858616903424263
0.05848449096083641
0.05871928483247757
0.05889255553483963
0.05901974067091942
0.05873224884271622
0.05921291187405586
0.05923207476735115
0.059109434485435486
0.059144653379917145
0.058972153812646866
0.0587334968149662
0.059022434055805206
0.05911261588335037
0.05908063054084778
0.05873634293675423
0.05906574800610542
0.05862126499414444
0.05861866846680641
0.0589694008231163
0.05907736346125603
0.05921648442745209
0.05905143544077873
0.05915483832359314
0.059199947863817215
0.05887201055884361
0.059025708585977554
0.059225741773843765
0.058773886412382126
0.058532606810331345
0.058597877621650696
0.05873993784189224
0.05858544260263443
0.05860855430364609
0.05873478576540947
0.05901375412940979
0.05908362194895744
0.058798227459192276
0.05861702561378479
0.05879398062825203
0.05866000056266785
0.058704178780317307
0.05921046435832977
0.05862728878855705
0.05828692391514778
0.05814311280846596
0.05858625844120979
0.05857483297586441
0.05821898952126503
0.05810576304793358
0.05850338190793991
0.05859561637043953
0.0587339922785759
0.05896715819835663
0.05863511189818382
0.05881017819046974
0.059013064950704575
0.05911725386977196
0.05885303020477295
0.059014108031988144
0.05871835723519325
0.05864471197128296
0.05868852883577347
0.058379895985126495
0.05878865718841553
0.05822379142045975
0.05856337398290634
0.05907604843378067
0.05901041254401207
0.058882005512714386
0.05907857418060303
0.05880246311426163
0.05869193747639656
0.05889003723859787
0.058485761284828186
0.05835834518074989
0.058771468698978424
0.05873781815171242
0.05878302827477455
0.05854096636176109
0.0584157295525074
0.05892745405435562
0.05885378271341324
0.058846697211265564
0.05929572135210037
0.05907013639807701
0.05868389457464218
0.058474428951740265
0.05825016275048256
0.05859833583235741
0.059127867221832275
0.059179309755563736
0.05902663245797157
0.05904383212327957
0.05900712311267853
0.05897585302591324
0.058795101940631866
0.0586533322930336
0.059003014117479324
0.05897804722189903
0.05877638980746269
0.05843380466103554
0.058783870190382004
0.05809715390205383
0.05848660692572594
0.0588226318359375
0.058673638850450516
0.05825106427073479
0.058340784162282944
0.05857750400900841
0.05808548256754875
0.057924915105104446
0.05797921121120453
0.05808784440159798
0.05775889754295349
0.058309491723775864
0.05821651220321655
0.058430932462215424
0.05876517295837402
0.059020183980464935
0.0588403046131134
0.059145666658878326
0.05891181528568268
0.05916405841708183
0.05879373475909233
0.058934856206178665
0.0586417056620121
0.05892997607588768
0.058783892542123795
0.05892818793654442
0.05911591276526451
0.05903609097003937
0.05904151126742363
0.059059981256723404
0.05917214974761009
0.0592203214764595
0.058896251022815704
0.05857319384813309
0.05861836299300194
0.05860485881567001
0.058186549693346024
0.058423180133104324
0.058536428958177567
0.058474160730838776
0.05857650935649872
0.05852251127362251
0.05868300423026085
0.05889379233121872
0.059190452098846436
0.058720458298921585
0.05878976732492447
0.05880289897322655
0.05884772911667824
0.05876708775758743
0.059200942516326904
0.058833446353673935
0.05873582512140274
0.05850255489349365
0.05818767845630646
0.058174021542072296
0.05847924202680588
0.05824027955532074
0.058522868901491165
0.05825265496969223
0.05830138176679611
0.05856024846434593
0.05879943445324898
0.059165872633457184
0.058836452662944794
0.05859210714697838
0.0586007758975029
0.05900029465556145
0.05934050679206848
0.05891072750091553
0.05917630344629288
0.05892050638794899
0.058479245752096176
0.058500565588474274
0.05915208160877228
0.05884295701980591
0.0585755929350853
0.05886120721697807
0.058538634330034256
0.05855226516723633
0.0587361641228199
0.05806353688240051
0.05794471502304077
0.05820637196302414
0.05793144553899765
0.05777864530682564
0.05757296085357666
0.057788748294115067
0.05794578418135643
0.05842713266611099
0.05786559730768204
0.05757884308695793
0.05746668949723244
0.057465896010398865
0.05837547034025192
0.05853741988539696
0.0589371994137764
0.059187326580286026
0.05901361629366875
0.05952804908156395
0.059200581163167953
0.05967922508716583
0.0593801848590374
0.05931803956627846
0.05948740243911743
0.05927025154232979
0.059238653630018234
0.05899248644709587
0.05913369357585907
0.0590667650103569
0.05877188593149185
0.05884676054120064
0.05891367420554161
0.0588890016078949
0.05900097265839577
0.05906108766794205
0.05917855724692345
0.059417687356472015
0.0589025504887104
0.0588139146566391
0.05884767323732376
0.05877089500427246
0.05860920622944832
0.058332305401563644
0.05819762870669365
0.058095648884773254
0.058669254183769226
0.05871966853737831
0.058842677623033524
0.05891343206167221
0.058648742735385895
0.05864952877163887
0.05911019444465637
0.059247858822345734
0.05905519053339958
0.05895198509097099
0.05896412208676338
0.05898880213499069
0.0586547926068306
0.05859079584479332
0.058414530009031296
0.05829369276762009
0.05810348317027092
0.058456115424633026
0.05824046954512596
0.058221157640218735
0.05816252902150154
0.05860652029514313
0.05857551842927933
0.058555517345666885
0.05845794454216957
0.05851568654179573
0.058623526245355606
0.0587456151843071
0.05867999419569969
0.05811181664466858
0.0584050677716732
0.05833104997873306
0.0584479458630085
0.05870947614312172
0.05860533192753792
0.058969102799892426
0.05873961001634598
0.05839867144823074
0.05857095494866371
0.05843444541096687
0.05844511091709137
