0.02970188669860363
0.022209862247109413
0.02228391170501709
0.02269967459142208
0.0229368694126606
0.023048987612128258
0.02316996455192566
0.023298243060708046
0.023392604663968086
0.023448556661605835
0.02354130707681179
0.02354428917169571
0.023543184623122215
0.023610228672623634
0.02362685278058052
0.023676564916968346
0.02372322604060173
0.02378295734524727
0.02376365102827549
0.023802347481250763
0.02376328408718109
0.023697305470705032
0.023629626259207726
0.02365303598344326
0.02362414449453354
0.02355545572936535
0.023515474051237106
0.023476576432585716
0.02356191910803318
0.02356071211397648
0.023450182750821114
0.023477083072066307
0.02345365658402443
0.02349681966006756
0.023494083434343338
0.02350708469748497
0.023515718057751656
0.02354596182703972
0.023494789376854897
0.02343383990228176
0.02348112314939499
0.023420240730047226
0.023348616436123848
0.023417482152581215
0.023318415507674217
0.023294076323509216
0.023256534710526466
0.02322295308113098
0.023250747472047806
0.023348668590188026
0.0232679583132267
0.023240936920046806
0.023224519565701485
0.02321038767695427
0.02321922965347767
0.02317645400762558
0.023176142945885658
0.02318919263780117
0.023215150460600853
0.023174326866865158
0.023149827495217323
0.023271877318620682
0.02325444482266903
0.02329610474407673
0.02335408516228199
0.023357614874839783
0.02346654236316681
0.0233746524900198
0.023293599486351013
0.02325623854994774
0.02330816350877285
0.02321396954357624
0.02319447323679924
0.023137269541621208
0.023096928372979164
0.023076284676790237
0.02317136712372303
0.02312985248863697
0.023191317915916443
0.023136693984270096
0.02321634069085121
0.02315307967364788
0.023075634613633156
0.023073287680745125
0.02301967702805996
0.022930515930056572
0.02296949364244938
0.022903790697455406
0.022952647879719734
0.02301771380007267
0.023030592128634453
0.02304447814822197
0.022968430072069168
0.022980183362960815
0.0230129212141037
0.023061998188495636
0.023090381175279617
0.02302827499806881
0.02293507754802704
0.022916827350854874
0.022993721067905426
0.02302158996462822
0.023006463423371315
0.02294369786977768
0.02289784513413906
0.02300717681646347
0.0229844581335783
0.023107416927814484
0.023025238886475563
0.02305511012673378
0.022941259667277336
0.023001721128821373
0.022958803921937943
0.02292509749531746
0.02294108271598816
0.022921808063983917
0.022937403991818428
0.02284402772784233
0.022900454699993134
0.022870633751153946
0.022843975573778152
0.02282474748790264
0.022728770971298218
0.022821901366114616
0.02279454655945301
0.022800197824835777
0.02273978479206562
0.022839000448584557
0.022729098796844482
0.022755330428481102
0.022796258330345154
0.022826392203569412
0.022780999541282654
0.022723160684108734
0.022675642743706703
0.02273128367960453
0.022741157561540604
0.022758448496460915
0.02280329540371895
0.02278645522892475
0.022701885551214218
0.022666919976472855
0.02272838167846203
0.022815532982349396
0.022821957245469093
0.022784704342484474
0.02268163487315178
0.02268056385219097
0.022684063762426376
0.022618522867560387
0.022593965753912926
0.022593367844820023
0.022572604939341545
0.022617146372795105
0.022542430087924004
0.02250399813055992
0.02253866381943226
0.02251744270324707
0.022574689239263535
0.022710703313350677
0.02266225405037403
0.022622810676693916
0.02253318578004837
0.022529680281877518
0.02251257561147213
0.0225426834076643
0.022569440305233
0.022513698786497116
0.022497976198792458
0.022493649274110794
0.02244683913886547
0.02243053913116455
0.022411203011870384
0.022444723173975945
0.022543668746948242
0.02247973345220089
0.022421984001994133
0.02241775393486023
0.022432805970311165
0.022306974977254868
0.022374434396624565
0.022343263030052185
0.02250628173351288
0.02254025638103485
0.02256304956972599
0.02268959768116474
0.022624295204877853
0.022643042728304863
0.022583944723010063
0.02268310636281967
0.02264672890305519
0.022631894797086716
0.02261088602244854
0.02256597951054573
0.022474879398941994
0.022391153499484062
0.02233816497027874
0.022324685007333755
0.02234569936990738
0.022381547838449478
0.022405387833714485
0.02239755354821682
0.022368313744664192
0.02243778109550476
0.022386804223060608
0.022322678938508034
0.02234075777232647
0.022421643137931824
0.022373000159859657
0.022362912073731422
0.022295059636235237
0.022269457578659058
0.022256849333643913
0.02232358045876026
0.022325333207845688
0.022362494841217995
0.022416921332478523
0.02244977280497551
0.022359782829880714
0.022445017471909523
0.02240651845932007
0.022377777844667435
0.02231290005147457
0.022354619577527046
0.02239198610186577
0.022432709112763405
0.022344142198562622
0.02237565629184246
0.022332806140184402
0.022232890129089355
0.022197354584932327
0.02228233404457569
0.02229997329413891
0.022321922704577446
0.022294731810688972
0.0222579687833786
0.0222307275980711
0.022312933579087257
0.02223723940551281
0.022222990170121193
0.022153841331601143
0.02208649553358555
0.022023331373929977
0.022103440016508102
0.022164685651659966
0.0221395306289196
0.022156571969389915
0.022172631695866585
0.02220192551612854
0.022149493917822838
0.02216252312064171
0.022196542471647263
0.022052045911550522
0.022072719410061836
0.022099114954471588
0.022056953981518745
0.022086836397647858
0.022082969546318054
0.02218036539852619
0.022206272929906845
0.022217033430933952
0.022178513929247856
0.022077105939388275
0.022078897804021835
0.02200709655880928
0.022066056728363037
0.022044114768505096
0.022072646766901016
0.02203522063791752
0.02197580225765705
0.021920274943113327
0.02191658690571785
0.021885372698307037
0.02180882729589939
0.021844664588570595
0.021971480920910835
0.021940477192401886
0.02201061137020588
0.021907009184360504
0.021926013752818108
0.021977752447128296
0.022079726681113243
0.022037681192159653
0.022070489823818207
0.021955450996756554
0.021953850984573364
0.021876588463783264
0.021851636469364166
0.021877706050872803
0.021830705925822258
0.021855708211660385
0.0218355692923069
0.021922824904322624
0.021904872730374336
0.02194303460419178
0.0219962690025568
0.021932195872068405
0.021816235035657883
0.021843045949935913
0.021875780075788498
0.02177523635327816
0.021812481805682182
0.02177186869084835
0.021741032600402832
0.021894970908761024
0.021998116746544838
0.021872952580451965
0.02183970995247364
0.021861156448721886
0.021710921078920364
0.021757928654551506
0.02173594944179058
0.02171456627547741
0.02170950174331665
0.02166912890970707
0.021710136905312538
0.02179655060172081
0.021810010075569153
0.021865032613277435
0.02188899926841259
0.021802278235554695
0.02165205404162407
0.021665161475539207
0.021665072068572044
0.02152886986732483
0.02163073420524597
0.021609079092741013
0.021678663790225983
0.02172696590423584
0.02174444869160652
0.021625055000185966
0.02163044363260269
0.021680321544408798
0.02171773836016655
0.021618669852614403
0.02167355641722679
0.02162296324968338
0.021595872938632965
0.021635647863149643
0.021640902385115623
0.021585511043667793
0.02158541791141033
0.02144361287355423
0.021485771983861923
0.021566251292824745
0.02144310623407364
0.021432792767882347
0.021497339010238647
0.021608689799904823
0.021622372791171074
0.021606165915727615
0.02158547192811966
0.021589457988739014
0.021577531471848488
0.02160404995083809
0.021505946293473244
0.0215293001383543
0.02158699557185173
0.021487442776560783
0.02154361829161644
0.021627983078360558
0.021583236753940582
0.021548574790358543
0.021442759782075882
0.02148364670574665
0.02146969735622406
0.021442493423819542
0.021417664363980293
0.021328411996364594
0.02134747989475727
0.021341094747185707
0.021400626748800278
0.021442947909235954
0.021499114111065865
0.02145027369260788
0.021523872390389442
0.0215781070291996
0.02155129984021187
0.021533235907554626
0.021631436422467232
0.021698221564292908
0.0217107143253088
0.02160799130797386
0.021573921665549278
0.02150052785873413
0.021437302231788635
0.021463828161358833
0.02147088199853897
0.021551456302404404
0.021614644676446915
0.021572889760136604
0.021464459598064423
0.0214877650141716
0.021458780393004417
0.021480146795511246
0.0214536115527153
0.021394848823547363
0.02137397788465023
0.02143579162657261
0.021561309695243835
0.021557269617915154
0.02151801623404026
0.02150784060359001
0.021424461156129837
0.02134695090353489
0.021487653255462646
0.021410895511507988
0.02140575833618641
0.02143862284719944
0.021279925480484962
0.021405939012765884
0.02139059081673622
0.02138100005686283
0.021292082965373993
0.021351177245378494
0.02153034694492817
0.021553780883550644
0.02157564088702202
0.021481165662407875
0.0214065108448267
0.02134321816265583
0.021242424845695496
0.0212357547134161
0.0211477167904377
0.021223170682787895
0.02132534421980381
0.021241020411252975
0.021431181579828262
0.021442588418722153
0.02145869843661785
0.021436192095279694
0.021493026986718178
0.021449899300932884
0.02149072475731373
0.0213785283267498
0.02145003154873848
0.021418496966362
0.021323155611753464
0.021305538713932037
0.02136870287358761
0.021304989233613014
0.02129562571644783
0.021225398406386375
0.021230686455965042
0.021228492259979248
0.021233875304460526
0.02123696357011795
0.02127631939947605
0.021285120397806168
0.021254681050777435
0.02125588431954384
0.021325737237930298
0.02124669961631298
0.02130056358873844
0.021356554701924324
0.02132587321102619
0.02130994200706482
0.021230434998869896
0.02120892144739628
0.021240802481770515
0.021246561780571938
0.021335111930966377
0.021475760266184807
0.021371975541114807
0.021441495046019554
0.02131764218211174
0.021327106282114983
0.02130313217639923
0.021171484142541885
0.021221835166215897
0.021212846040725708
0.02123412676155567
0.02117176726460457
0.021121392026543617
0.021039428189396858
0.021073583513498306
0.021128535270690918
0.02114245668053627
0.02107986994087696
0.021116333082318306
0.021082762628793716
0.021003281697630882
0.02114737033843994
0.021319923922419548
0.021281929686665535
0.021263647824525833
0.021297281607985497
0.021262379363179207
0.021183505654335022
0.021103454753756523
0.021226227283477783
0.021231835708022118
0.021229762583971024
0.02135438472032547
0.021282576024532318
0.021305516362190247
0.021252905949950218
0.021186772733926773
0.021080758422613144
0.02101147547364235
0.021021390333771706
0.021046604961156845
0.021104518324136734
0.021075299009680748
0.021086735650897026
0.021202176809310913
0.02110305055975914
0.021096648648381233
0.021111512556672096
0.021002834662795067
0.02101379819214344
0.020978135988116264
0.021036695688962936
0.020980220288038254
0.020950114354491234
0.0208811666816473
0.02107616700232029
0.021040648221969604
0.021059390157461166
0.02105044759809971
0.021086517721414566
0.02100451849400997
0.02102118544280529
0.02100345492362976
0.02101617492735386
0.02094469591975212
0.021025873720645905
0.02109374850988388
0.02123996615409851
0.021064570173621178
0.021033085882663727
0.020941725000739098
0.021001504734158516
0.02098672278225422
0.020871946588158607
0.021054623648524284
0.021132487803697586
0.020959917455911636
0.020996510982513428
0.020944923162460327
0.020963598042726517
0.021004218608140945
0.0210532546043396
0.021027427166700363
0.02112087421119213
0.021157512441277504
0.021179988980293274
0.021092604845762253
0.0210445336997509
0.021018264815211296
0.020979564636945724
0.020891448482871056
0.020859943702816963
0.02092757076025009
0.020947860553860664
0.020967135205864906
0.020898276939988136
0.020948702469468117
0.021007530391216278
0.02103108912706375
0.02115931734442711
0.021005041897296906
0.02108241245150566
0.02111312560737133
0.02100464329123497
0.020984593778848648
0.02103489264845848
0.021064352244138718
0.020971931517124176
0.020916711539030075
0.020769156515598297
0.020768439397215843
0.020853858441114426
0.020862314850091934
0.020757269114255905
0.020834363996982574
0.02080455608665943
0.021001243963837624
0.021008992567658424
0.02102770283818245
0.021061617881059647
0.021001962944865227
0.021003177389502525
0.02101817913353443
0.020981626585125923
0.021015742793679237
0.02097332291305065
0.020924804732203484
0.02085818722844124
0.020923390984535217
0.020891865715384483
0.02082451432943344
0.0207766592502594
0.020863115787506104
0.020884206518530846
0.020896336063742638
0.0207920391112566
0.020769836381077766
0.020865188911557198
0.020854586735367775
0.020875105634331703
0.020840317010879517
0.020812753587961197
0.02078765258193016
0.020797600969672203
0.020752115175127983
0.02081415243446827
0.020895550027489662
0.020939365029335022
0.021023094654083252
0.020905520766973495
0.020815787836909294
0.020817860960960388
0.02085084840655327
0.020954178646206856
0.020816970616579056
0.020894426852464676
0.020955776795744896
0.02102021500468254
0.021112294867634773
0.021195707842707634
0.021165190264582634
0.02108805812895298
0.02102009393274784
0.020933829247951508
0.0210991520434618
0.020903130993247032
0.021007835865020752
0.020950820297002792
0.020913152024149895
0.020999619737267494
0.021012598648667336
0.020984312519431114
0.020976485684514046
0.020920058712363243
0.021079303696751595
0.02102755755186081
0.021007215604186058
0.020930323749780655
0.020889196544885635
0.020703719928860664
0.020825674757361412
0.02087235078215599
0.02083638310432434
0.020904263481497765
0.02088051848113537
0.020819302648305893
0.02087833173573017
0.021007662639021873
0.02096240594983101
0.021012866869568825
0.02106124721467495
0.021030642092227936
0.02085844799876213
0.02090328559279442
0.020875684916973114
0.020882446318864822
0.02101174369454384
0.02110862173140049
0.021140409633517265
0.020963232964277267
0.020860014483332634
0.020955219864845276
0.02091861329972744
0.021061528474092484
0.02097010798752308
0.021016277372837067
0.020969903096556664
0.020933637395501137
0.020951537415385246
0.021069617941975594
0.020953891798853874
0.020943135023117065
0.020781340077519417
0.020807260647416115
0.020879901945590973
0.020913004875183105
0.02100379578769207
0.02096780575811863
0.020917680114507675
0.02091708779335022
0.020875073969364166
0.020899001508951187
0.02093929797410965
0.020921897143125534
0.021015556529164314
0.021036546677350998
0.020955147221684456
0.020913884043693542
0.02102232538163662
0.020933745428919792
0.020973939448595047
0.020963899791240692
0.020937489345669746
0.02089511975646019
0.02098209224641323
0.0210182536393404
0.020952265709638596
0.02083345502614975
0.020928313955664635
0.020990654826164246
0.021028617396950722
0.020966406911611557
0.020922398194670677
0.021061426028609276
0.021111438050866127
0.02105705812573433
0.02106677182018757
0.020976893603801727
0.020910220220685005
0.021046845242381096
0.021124979481101036
0.02109101228415966
0.02093381993472576
0.02099134586751461
0.021072929725050926
0.021053070202469826
0.02092752233147621
0.020934777334332466
0.02095772884786129
0.020837968215346336
0.020879998803138733
0.020791703835129738
0.02081247605383396
0.020924437791109085
0.021076103672385216
0.021219782531261444
0.021351303905248642
0.021268974989652634
0.02122286707162857
0.021187156438827515
0.02122010663151741
0.02119743451476097
0.0211873147636652
0.021008063107728958
0.021108124405145645
0.021012082695961
0.020885691046714783
0.02093392424285412
0.02100687101483345
0.021036725491285324
0.02098671905696392
0.021035345271229744
0.020885448902845383
0.02087177336215973
0.020873088389635086
0.021093888208270073
0.02112145908176899
0.021136881783604622
0.021089568734169006
0.02117091603577137
0.021085133776068687
0.02106979861855507
0.021206818521022797
0.021166471764445305
0.021173367276787758
0.021373527124524117
0.021368587389588356
0.02129119448363781
0.021269144490361214
0.02113421820104122
0.021172985434532166
0.02108430489897728
0.021220635622739792
0.02111673727631569
0.021113106980919838
0.02113967575132847
0.02101913094520569
0.02097298577427864
0.021061213687062263
0.020970560610294342
0.021171655505895615
0.021108904853463173
0.021098779514431953
0.02104932814836502
0.02093733288347721
0.021042073145508766
0.021041786298155785
0.02094707451760769
0.020990464836359024
0.021028008311986923
0.021007655188441277
0.020955095067620277
0.02096676453948021
0.021066881716251373
0.021118782460689545
0.02104879543185234
0.021098721772432327
0.021058879792690277
0.02107366919517517
0.02096640318632126
0.021085252985358238
0.02105536498129368
0.02100617066025734
0.020967168733477592
0.02105914056301117
0.021093962714076042
0.021145133301615715
0.021265853196382523
0.021260349079966545
0.021333996206521988
0.02135816588997841
0.02120303362607956
0.02118637226521969
0.021116048097610474
0.021114028990268707
0.021142516285181046
0.021170973777770996
0.02111264504492283
0.021064363420009613
0.02119656279683113
0.0212530717253685
0.021235724911093712
0.02127772569656372
0.02140980027616024
0.021255146712064743
0.021171262487769127
0.021108010783791542
0.021174471825361252
0.021305710077285767
0.02137162536382675
0.021305182948708534
0.02117953635752201
0.021217161789536476
0.021263422444462776
0.0212264284491539
0.02112261950969696
0.021168794482946396
0.021133843809366226
0.02120896801352501
0.02111063152551651
0.020993463695049286
0.021027307957410812
0.020985957235097885
0.02110775001347065
0.02110162191092968
0.021109864115715027
0.02109108865261078
0.021130884066224098
0.021126482635736465
0.021065959706902504
0.02124643512070179
0.021186377853155136
0.021367134526371956
0.02134263701736927
0.021185966208577156
0.021152561530470848
0.02130225859582424
0.021417992189526558
0.021469231694936752
0.021359983831644058
0.021322185173630714
0.021434172987937927
0.02156040072441101
0.021531686186790466
0.02152986079454422
0.021444253623485565
0.021428005769848824
0.021368389949202538
0.02137579396367073
0.021364636719226837
0.021366288885474205
0.021482275798916817
0.02152208797633648
0.02152036502957344
0.021543188020586967
0.021374108269810677
0.021394578740000725
0.021466979756951332
0.021436139941215515
0.02144111879169941
0.021438615396618843
0.021299585700035095
0.021391253918409348
0.021393712610006332
0.021429605782032013
0.02130216546356678
0.02129206247627735
0.021181633695960045
0.021228021010756493
0.021209632977843285
0.02121090330183506
0.021145816892385483
0.02131238766014576
0.021284768357872963
0.021345777437090874
0.02108406461775303
0.021029770374298096
0.02114911563694477
0.021178601309657097
0.021261705085635185
0.02105715312063694
0.021104393526911736
0.021203162148594856
0.021160876378417015
0.0210141409188509
0.02102172188460827
0.02108149230480194
0.021249787881970406
0.021171551197767258
0.021159619092941284
0.02126455120742321
0.021168619394302368
0.02126704715192318
0.021270398050546646
0.021110352128744125
0.021102413535118103
0.021116632968187332
0.021082421764731407
0.021046960726380348
0.021218225359916687
0.02132258005440235
0.02131021022796631
0.02127809263765812
0.021327055990695953
0.02124028466641903
0.021365730091929436
0.021443920210003853
0.021458500996232033
0.021577466279268265
0.021513760089874268
0.02145913429558277
0.021473940461874008
0.021411728113889694
0.02144456095993519
0.021555930376052856
0.021538445726037025
0.021445760503411293
0.021472066640853882
0.021456552669405937
0.021568257361650467
0.021577641367912292
0.02142740786075592
0.021416088566184044
0.021413903683423996
0.021311793476343155
0.02127986215054989
0.021278511732816696
0.021286772564053535
0.021318983286619186
0.02140204980969429
0.02146671526134014
0.021392274647951126
0.021431423723697662
0.021302010864019394
0.02128019370138645
0.02139364182949066
0.021376898512244225
0.0214807391166687
0.02149522304534912
0.02147463709115982
0.02138015441596508
0.021412383764982224
0.021552471444010735
0.021602367982268333
0.021558932960033417
0.021696165204048157
0.021848034113645554
0.021782161667943
0.02183772437274456
0.021817849949002266
0.021730320528149605
0.02157793939113617
0.02155441790819168
0.02166270837187767
0.021718377247452736
0.021799162030220032
0.02188510075211525
0.021829774603247643
0.021989023312926292
0.021808624267578125
0.021834149956703186
0.02160702459514141
0.021498672664165497
0.021533308550715446
0.02158276177942753
0.021755775436758995
0.021778123453259468
0.021654672920703888
0.021504748612642288
0.02149244025349617
0.021413786336779594
0.021392205730080605
0.02157931961119175
0.02162228524684906
0.021472271531820297
0.02152438275516033
0.021580049768090248
0.021487072110176086
0.021478591486811638
0.021436350420117378
0.021550985053181648
0.02150515653192997
0.021566515788435936
0.021580176427960396
0.02171669527888298
0.021619299426674843
0.021683434024453163
0.021816560998558998
0.021700195968151093
0.02166770026087761
0.021601255983114243
0.021616114303469658
0.021523939445614815
0.021524611860513687
0.021412966772913933
0.021344931796193123
0.02131614089012146
0.021327128633856773
0.021511871367692947
0.02153189294040203
0.02171449363231659
0.021769274026155472
0.021597163751721382
0.02166193723678589
0.02164895087480545
0.021637793630361557
0.021660946309566498
0.021537603810429573
0.0216284841299057
0.021610362455248833
0.021628225222229958
0.021536508575081825
0.02151276357471943
0.021662279963493347
0.02175367809832096
0.021713418886065483
0.021684447303414345
0.021746313199400902
0.02183348871767521
0.021932031959295273
0.021780824288725853
0.021759936586022377
0.02178744412958622
0.021622633561491966
0.02172478288412094
0.021817021071910858
0.021865878254175186
0.021852465346455574
0.021766535937786102
0.02179013006389141
0.021965591236948967
0.021889526396989822
0.021981295198202133
0.02197386510670185
0.021890755742788315
0.021908702328801155
0.021905822679400444
0.02190547250211239
0.02167431265115738
0.021525561809539795
0.021511990576982498
0.021537017077207565
0.021402401849627495
0.021553197875618935
0.02158195711672306
0.02155829593539238
0.021599167957901955
0.02173750288784504
0.02177293784916401
0.021717749536037445
0.021694926545023918
0.021875835955142975
0.021825656294822693
0.021742304787039757
0.02194511517882347
0.02208935096859932
0.02209477126598358
0.02210519276559353
0.02220458909869194
0.02221720479428768
0.022148430347442627
0.022174585610628128
0.022134611383080482
0.022075101733207703
0.022109616547822952
0.022156575694680214
0.021971549838781357
0.02204437181353569
0.022012874484062195
0.021895358338952065
0.021878516301512718
0.021797163411974907
0.02178090624511242
0.021974796429276466
0.02181074768304825
0.021791812032461166
0.02203775756061077
0.022124851122498512
0.022104788571596146
0.02197183668613434
0.02208520472049713
0.022198183462023735
0.022198112681508064
0.02219577506184578
0.02223784849047661
0.022104337811470032
0.022002555429935455
0.022090179845690727
0.02202773280441761
0.022141998633742332
0.022190099582076073
0.022043311968445778
0.022014427930116653
0.021993199363350868
0.02203420177102089
0.022047536447644234
0.022064391523599625
0.02199738472700119
0.02207031659781933
0.022083096206188202
0.02207724191248417
0.021941052749753
0.02185390330851078
0.021991679444909096
0.022066457197070122
0.022100871428847313
0.022065788507461548
0.0221266970038414
0.022217029705643654
0.022144656628370285
0.022236138582229614
0.022064674645662308
0.022226955741643906
0.022109461948275566
0.022405672818422318
0.022523270919919014
0.022354761138558388
0.022321341559290886
0.022407956421375275
0.022353079169988632
0.022352099418640137
0.0223078653216362
0.02223677933216095
0.02215554378926754
0.02219979278743267
0.022044964134693146
0.02225242555141449
0.022450102493166924
0.022557836025953293
0.022609388455748558
0.02261851355433464
0.022556466981768608
0.022502131760120392
0.022507624700665474
0.022452473640441895
0.02241138182580471
0.022522086277604103
0.022333092987537384
0.02242252230644226
0.022143259644508362
0.022151872515678406
0.022213174030184746
0.022026320919394493
0.021980108693242073
0.02198854833841324
0.021876422688364983
0.022106019780039787
0.022349322214722633
0.02230382151901722
0.022358303889632225
0.022427836433053017
0.022240908816456795
0.022369040176272392
0.022336246445775032
0.022247154265642166
0.02231697551906109
0.0222433153539896
0.02217363938689232
0.022198587656021118
0.0221419595181942
0.02220958098769188
0.021924827247858047
0.022015441209077835
0.02211630716919899
0.022055596113204956
0.02214529551565647
0.022258147597312927
0.022197235375642776
0.022221332415938377
0.022238202393054962
0.022410064935684204
0.022510986775159836
0.02241702936589718
0.02248481661081314
0.0222860686480999
0.022396184504032135
0.02228805236518383
0.02209743671119213
0.022175345569849014
0.02209971658885479
0.022137043997645378
0.022075174376368523
0.022234469652175903
0.022200332954525948
0.022340184077620506
0.02229921519756317
0.022230278700590134
0.02221217006444931
0.022157732397317886
0.02226206287741661
0.022203072905540466
0.02240881137549877
0.022485757246613503
0.02256862446665764
0.022401249036192894
0.022349486127495766
0.022309130057692528
0.022315001115202904
0.022385401651263237
0.02227645553648472
0.022351928055286407
0.022349145263433456
0.022221630439162254
0.022244473919272423
0.02217676490545273
0.022171111777424812
0.022396931424736977
0.022370468825101852
0.022451087832450867
0.022565431892871857
0.02249121107161045
0.022474585101008415
0.02258875221014023
0.02258593589067459
0.02258596383035183
0.02268238365650177
0.02261294797062874
0.02259235270321369
0.02259679138660431
0.022541968151926994
0.022556599229574203
0.02248357981443405
0.022393343970179558
0.022359132766723633
0.022266797721385956
0.022259574383497238
0.022185029461979866
0.02220804989337921
0.022422179579734802
0.022581178694963455
0.022625993937253952
0.022728117182850838
0.022761685773730278
0.022674251347780228
0.02255086973309517
0.022703804075717926
0.022639574483036995
0.022669129073619843
0.022503625601530075
0.022484760731458664
0.02256588079035282
0.022581638768315315
0.02237441949546337
0.022624675184488297
0.022466789931058884
0.022485937923192978
0.02243536338210106
0.022331535816192627
0.02245694398880005
0.0223026555031538
0.022271929308772087
0.022586055099964142
0.022605501115322113
0.022701790556311607
0.022562867030501366
0.02247074991464615
0.02252011001110077
0.022517625242471695
0.022524608299136162
0.022465545684099197
0.022544067353010178
0.02254539541900158
0.02262982912361622
0.022720400243997574
0.022508375346660614
0.02246755175292492
0.022666804492473602
0.022498879581689835
0.022503718733787537
0.022398030385375023
0.02248246595263481
0.022577909752726555
0.02262699045240879
0.022564075887203217
0.022474175319075584
0.02255295403301716
0.022443007677793503
0.022450987249612808
0.02265871874988079
0.02263103425502777
0.02257549948990345
0.022572293877601624
0.022685473784804344
0.022742560133337975
0.02249056287109852
0.02247956581413746
0.022420331835746765
0.022429727017879486
0.022713739424943924
0.022801829501986504
0.022681454196572304
0.022521743550896645
0.022637875750660896
0.022634761407971382
0.022549962624907494
0.02264995314180851
0.022731071338057518
0.022912420332431793
0.022724982351064682
0.022776026278734207
0.02252819575369358
0.022574791684746742
0.022682668641209602
0.022675057873129845
0.02288638800382614
0.022982317954301834
0.022895727306604385
0.02311619184911251
0.022929660975933075
0.022937128320336342
0.022986486554145813
0.02312909997999668
0.023086698725819588
0.02296825684607029
0.02286563627421856
0.022851385176181793
0.022926058620214462
0.02281353808939457
0.0229621734470129
0.023041989654302597
0.02312496490776539
0.023062271997332573
0.023031016811728477
0.022965865209698677
0.022996729239821434
0.02308787778019905
0.023090176284313202
0.02312145195901394
0.02304534614086151
0.02298174612224102
0.022915467619895935
0.022927461192011833
0.023017441853880882
0.023103507235646248
0.02326037921011448
0.023300908505916595
0.023104917258024216
0.02313200943171978
0.022957585752010345
0.023132147267460823
0.023132622241973877
0.023160427808761597
0.023146044462919235
0.022989340126514435
0.02290215715765953
0.02278817817568779
0.022866349667310715
0.023048164322972298
0.02310338243842125
0.023100076243281364
0.023159092292189598
0.023037182167172432
0.02305854670703411
0.023105118423700333
0.023062482476234436
0.023161306977272034
0.023210544139146805
0.023136047646403313
0.023138178512454033
0.02313816174864769
0.02304943837225437
0.02301579900085926
0.022933397442102432
0.023135174065828323
0.023089416325092316
0.022822121158242226
0.022788984701037407
0.022809723392128944
0.022709783166646957
0.022618159651756287
0.022636787965893745
0.022520262748003006
0.022486068308353424
0.022545956075191498
0.022541748359799385
0.02269521914422512
0.02272902987897396
0.02276390977203846
0.022701382637023926
0.022762730717658997
0.022754788398742676
0.022798452526330948
0.022880064323544502
0.022858796641230583
0.022914709523320198
0.022780366241931915
0.02310936525464058
0.02313188835978508
0.023045936599373817
0.02303844876587391
0.02286606654524803
0.02281101606786251
0.02285320870578289
0.02286999486386776
0.022963443771004677
0.022956136614084244
0.02296873740851879
0.023075304925441742
0.02298552729189396
0.02308514155447483
0.023200351744890213
0.023167448118329048
0.023024434223771095
0.023011943325400352
0.02301691100001335
0.02284097671508789
0.022868426516652107
0.0227363221347332
0.022998541593551636
0.02316334657371044
0.023087212815880775
0.02311544679105282
0.022923942655324936
0.02296101115643978
0.023137975484132767
0.023289786651730537
0.023462370038032532
0.023357892408967018
0.023361293599009514
0.023357290774583817
0.023461006581783295
0.023213516920804977
0.02316422387957573
0.023238856345415115
0.023266591131687164
0.023187950253486633
0.023059360682964325
0.023117365315556526
0.022904619574546814
0.022899538278579712
0.022853435948491096
0.0228359866887331
0.022921880707144737
0.023053273558616638
0.02298072911798954
0.023027198389172554
0.022929515689611435
0.02292579598724842
0.023105166852474213
0.02302253432571888
0.023043138906359673
0.023035865277051926
0.023038966581225395
0.02296966314315796
0.02298611029982567
0.023044193163514137
0.022993184626102448
0.022999122738838196
0.02304859459400177
0.022925788536667824
0.02294180542230606
0.0229631494730711
0.022986548021435738
0.02300010249018669
0.022976286709308624
0.022849341854453087
0.02304486557841301
0.023072000592947006
0.022963443771004677
0.023013846948742867
0.02317539043724537
0.02319949120283127
0.023078061640262604
0.023126665502786636
0.02299422211945057
0.022957932204008102
0.02290976420044899
0.022976523265242577
0.02303043007850647
0.022977331653237343
0.023064374923706055
0.023091886192560196
0.023122338578104973
0.023146498948335648
0.023100819438695908
0.023196034133434296
0.023045169189572334
0.022919142618775368
0.022982286289334297
0.02306276001036167
0.02318018116056919
0.02323725074529648
0.023134073242545128
0.023133859038352966
0.02310905046761036
0.023306187242269516
0.0231251772493124
0.02309885434806347
0.02296508476138115
0.023028001189231873
0.02306431345641613
0.023054802790284157
0.02321040816605091
0.023175008594989777
0.023151539266109467
0.023312294855713844
0.023144282400608063
0.023004455491900444
0.023101063445210457
0.023179559037089348
0.02333763800561428
0.023311492055654526
0.023335855454206467
0.023444347083568573
0.02330295369029045
0.02332462929189205
0.023303145542740822
0.02358926087617874
0.02365095727145672
0.023511894047260284
0.02328496240079403
0.023161981254816055
0.023336388170719147
0.02336098812520504
0.023474277928471565
0.023415086790919304
0.023310450837016106
0.023242322728037834
0.023399274796247482
0.02345571666955948
0.023464428260922432
0.023406103253364563
0.023331964388489723
0.023287862539291382
0.023193687200546265
0.023076510056853294
0.02327744849026203
0.023309066891670227
0.023268593475222588
0.023396331816911697
0.02340584620833397
0.023314762860536575
0.023265402764081955
0.023105373606085777
0.022863196209073067
0.02292674221098423
0.023011261597275734
0.023092633113265038
0.023044606670737267
0.022921578958630562
0.022944049909710884
0.022908492013812065
0.022841935977339745
0.02292417362332344
0.022968873381614685
0.022978072986006737
0.02302091009914875
0.02293439954519272
0.023107042536139488
0.023124564439058304
0.023233043029904366
0.023334523662924767
0.023211989551782608
0.023217055946588516
0.023047883063554764
0.02309245988726616
0.0230876412242651
0.023049267008900642
0.023053042590618134
0.02295742928981781
0.023155957460403442
0.023325573652982712
0.023216523230075836
0.02323456108570099
0.023163678124547005
0.022960659116506577
0.022990578785538673
0.02314673736691475
0.023246578872203827
0.02330036275088787
0.023296141996979713
0.023107681423425674
0.02312879078090191
0.023399757221341133
0.023219961673021317
0.023212511092424393
0.023231538012623787
0.02307933196425438
0.02297719195485115
0.02309351973235607
0.023242849856615067
0.02324841171503067
0.023169945925474167
0.02321900613605976
0.023195156827569008
0.02321716398000717
0.023236000910401344
0.02321663685142994
0.02326229400932789
0.023280831053853035
0.02328271046280861
0.023264862596988678
0.023240653797984123
0.02322332374751568
0.023135172203183174
0.023276999592781067
0.023331599310040474
0.023183612152934074
0.02305658347904682
0.023107275366783142
0.023017391562461853
0.02297741360962391
0.022956430912017822
0.02295972965657711
0.023077942430973053
0.023155774921178818
0.02328472025692463
0.023227760568261147
0.02327665127813816
0.02323448657989502
0.023236388340592384
0.023101264610886574
0.023228591307997704
0.02317555993795395
0.023183288052678108
0.023470720276236534
0.023465950042009354
0.023229140788316727
0.02324029989540577
0.023184295743703842
0.023188414052128792
0.023180123418569565
0.022934572771191597
0.022814279422163963
0.022829994559288025
0.022778786718845367
0.022821612656116486
0.02280183508992195
0.022982077673077583
0.022898385301232338
0.022948672994971275
0.022914381697773933
0.02290116809308529
0.022855699062347412
0.02284223958849907
0.022933954373002052
0.02302599512040615
0.02314629592001438
0.022974392399191856
0.02318686433136463
0.023282956331968307
0.023199576884508133
0.022960785776376724
0.02314503863453865
0.023170240223407745
0.023102810606360435
0.02313476800918579
0.023035293444991112
0.022986888885498047
0.022987039759755135
0.02309662476181984
0.023209765553474426
0.023306725546717644
0.023219961673021317
0.023205911740660667
0.023282716050744057
0.023226900026202202
0.0232015922665596
0.023180169984698296
0.023148605599999428
0.023103222250938416
0.023261241614818573
0.023220671340823174
0.023295238614082336
0.023405814543366432
0.023308036848902702
0.023345010355114937
0.02333984524011612
0.023291807621717453
0.02342514507472515
0.023380551487207413
0.02342028170824051
0.02333936281502247
0.02335117757320404
0.023401442915201187
0.023375285789370537
0.023462379351258278
0.02357643097639084
0.02333066239953041
0.023265715688467026
0.023244867101311684
0.02328219637274742
0.023347098380327225
0.023343482986092567
0.02334669977426529
0.023374926298856735
0.02327217347919941
0.023204779252409935
0.02316746488213539
0.023097051307559013
0.022980408743023872
0.022915922105312347
0.023152701556682587
0.023212531581521034
0.02317632921040058
0.02321493811905384
0.023244380950927734
0.023131856694817543
0.023038875311613083
0.023064443841576576
0.023117009550333023
0.023089198395609856
0.022990629076957703
0.02297833561897278
0.022964492440223694
0.023065773770213127
0.023229366168379784
0.02324053831398487
0.023311037570238113
0.023312583565711975
0.023211564868688583
0.023156696930527687
0.023065155372023582
0.023100094869732857
0.023116784170269966
0.02322154864668846
0.023237276822328568
0.0231604166328907
0.023330826312303543
0.023298604413866997
0.023170117288827896
0.023223957046866417
0.02302784100174904
0.0230035912245512
0.022978488355875015
0.02285284735262394
0.02292458340525627
0.02299507148563862
0.02295554056763649
0.023028289899230003
0.022923076525330544
0.02286500111222267
0.02285078540444374
0.02307141199707985
0.023122549057006836
0.02302512712776661
0.02311643585562706
0.02314186841249466
0.023280402645468712
0.023309051990509033
0.02336655743420124
0.023488260805606842
0.023427201434969902
0.023336248472332954
0.02339937910437584
0.023310251533985138
0.023288235068321228
0.023263458162546158
0.02310788258910179
0.023120759055018425
0.023184262216091156
0.023081177845597267
0.023111652582883835
0.023393182083964348
0.02326694130897522
0.02307334542274475
0.023037120699882507
0.02312813326716423
0.023006673902273178
0.022995484992861748
0.023070145398378372
0.023078981786966324
0.023045362904667854
0.023168399930000305
0.023150328546762466
0.023131417110562325
0.02312319725751877
0.023191863670945168
0.023432523012161255
0.023274820297956467
0.023289291188120842
0.023310286924242973
0.023275330662727356
0.023198917508125305
0.02317522093653679
0.023231279104948044
0.02329196222126484
0.02332707680761814
0.023265156894922256
0.023243935778737068
0.02325582131743431
0.023202545940876007
0.023216288536787033
0.023034757003188133
0.022936727851629257
0.0230588149279356
0.023118432611227036
0.02295907773077488
0.023119943216443062
0.023122157901525497
0.023090550675988197
0.023061838001012802
0.023161152377724648
0.023011408746242523
0.022922661155462265
0.022953763604164124
0.022932790219783783
0.0227366890758276
0.022789089009165764
0.022806376218795776
0.022879790514707565
0.02287670224905014
0.022643402218818665
0.022731855511665344
0.022873101755976677
0.022964835166931152
0.02298690937459469
0.02303067035973072
0.023018663749098778
0.023197684437036514
0.02310810424387455
0.022962113842368126
0.022983040660619736
0.023023981600999832
0.022989554330706596
0.022923031821846962
0.022889384999871254
0.0228134673088789
0.02279801107943058
0.022639958187937737
0.02284487523138523
0.022811289876699448
0.02301626093685627
0.023098144680261612
0.023102430626749992
0.023078562691807747
0.02295330911874771
0.023115171119570732
0.023172451183199883
0.023038143292069435
0.022993650287389755
0.02283439412713051
0.022894280031323433
0.022756360471248627
0.0227874256670475
0.022873593494296074
0.02288403920829296
0.02271800860762596
0.022855965420603752
0.02282915823161602
0.022849783301353455
0.022925272583961487
0.022806614637374878
0.022788913920521736
0.02278919145464897
0.02281942404806614
0.022740425541996956
0.022764984518289566
0.022810297086834908
0.022920791059732437
0.023102745413780212
0.022911276668310165
0.023132767528295517
0.023101530969142914
0.023119382560253143
0.023116715252399445
0.022907255217432976
0.022795921191573143
0.022764312103390694
0.02265593223273754
0.02259286679327488
0.022693807259202003
0.02274257130920887
0.022656751796603203
0.022550027817487717
0.02268557995557785
0.022712204605340958
0.022901363670825958
0.02282370813190937
0.022788533940911293
0.022955672815442085
0.02287907712161541
0.02304719388484955
0.023152729496359825
0.023046087473630905
0.022859107702970505
0.02279406599700451
0.022860048338770866
0.022818973287940025
0.022675197571516037
0.022709110751748085
0.02287428081035614
0.022880421951413155
0.022898754104971886
0.023053625598549843
0.023086484521627426
0.022991398349404335
0.023015616461634636
0.02320382185280323
0.023083912208676338
0.023090636357665062
0.02300378307700157
0.022979920729994774
0.02300308458507061
0.023061519488692284
0.023026933893561363
0.023018769919872284
0.022880807518959045
0.022850409150123596
0.022716151550412178
0.022769032046198845
0.022827472537755966
0.022707736119627953
0.02281787060201168
0.022969936951994896
0.022879233583807945
0.02293568104505539
0.022846702486276627
0.0227718036621809
0.022854743525385857
0.022882090881466866
0.02279716357588768
0.022949598729610443
0.023008093237876892
0.02294105477631092
0.023060813546180725
0.022895431146025658
0.02281087078154087
0.022828346118330956
0.022768940776586533
0.02270054630935192
0.02273586578667164
0.022944288328289986
0.022910166531801224
0.02286912500858307
0.022793646901845932
0.022754937410354614
0.022858252748847008
0.022830436006188393
0.02275356836616993
0.02277987077832222
0.022637220099568367
0.022585419937968254
0.022387243807315826
0.022471904754638672
0.022527845576405525
0.022506998851895332
0.022503862157464027
0.02257208153605461
0.022638294845819473
0.022665904834866524
0.022682316601276398
0.022616131231188774
0.022610748186707497
0.022769808769226074
0.02287435159087181
0.022883165627717972
0.0228210911154747
0.02281554415822029
0.022817667573690414
0.022753670811653137
0.022463129833340645
0.022540904581546783
0.02247767522931099
0.022406836971640587
0.022320611402392387
0.022280732169747353
0.022342780604958534
0.022490303963422775
0.022436242550611496
0.02247701585292816
0.022474447265267372
0.02251911163330078
0.02262159436941147
0.0226333886384964
0.02278904616832733
0.02277793362736702
0.022794459015130997
0.022835854440927505
0.02279590629041195
0.022854795679450035
0.022705644369125366
0.022504303604364395
0.022449931129813194
0.022333800792694092
0.02235500141978264
0.022475237026810646
0.02258164808154106
0.02251678705215454
0.022587571293115616
0.02264038287103176
0.022597352042794228
0.022699547931551933
0.022647935897111893
0.02269425056874752
0.02272476628422737
0.022685380652546883
0.022692007943987846
0.02270381711423397
0.022664213553071022
0.022875891998410225
0.022738052532076836
0.022766681388020515
0.022689688950777054
0.022667264565825462
0.02269163727760315
0.02258569933474064
0.022673556581139565
0.02252570539712906
0.022474199533462524
0.022579064592719078
0.022556209936738014
0.022608695551753044
0.02251487225294113
0.022580232471227646
0.022639881819486618
0.022668683901429176
0.022588711231946945
0.022487768903374672
0.022533047944307327
0.022534644231200218
0.02252347767353058
0.02244468219578266
0.022402610629796982
0.022323045879602432
0.02244654856622219
0.022482749074697495
0.022396501153707504
0.02232958935201168
0.022351939231157303
0.022402243688702583
0.022381240501999855
0.02249613218009472
0.022412942722439766
0.022279685363173485
0.022235846146941185
0.022353241220116615
0.02232968434691429
0.022443924099206924
0.022465264424681664
0.022434839978814125
0.022398509085178375
0.022476740181446075
0.0224180668592453
0.022433320060372353
0.02246316708624363
0.022583145648241043
0.022469518706202507
0.022362645715475082
0.02229706011712551
0.022403482347726822
0.022447261959314346
0.022333383560180664
0.022509373724460602
0.022516384720802307
0.022596051916480064
0.022535473108291626
0.022510606795549393
0.02250078320503235
0.02251148410141468
0.022636093199253082
0.02256191521883011
0.02255900390446186
0.02242949977517128
0.02254374325275421
0.02247668243944645
0.022390825673937798
0.022310379892587662
0.02229492738842964
0.02227064222097397
0.022360909730196
0.022316092625260353
0.022312982007861137
0.022358939051628113
0.02233489789068699
0.02235579304397106
0.022440241649746895
0.022429542616009712
0.022537074983119965
0.022527027875185013
0.02246430702507496
0.022511612623929977
0.022549310699105263
0.022323094308376312
0.02234851010143757
0.02218453213572502
0.02217540703713894
0.02218620479106903
0.02216990850865841
0.022241996601223946
0.02237728051841259
0.022313011810183525
0.022273646667599678
0.022223567590117455
0.022288156673312187
0.022415582090616226
0.022375278174877167
0.022280050441622734
0.022220175713300705
0.022115204483270645
0.022152863442897797
0.022242819890379906
0.022258218377828598
0.022247308865189552
0.02220531366765499
0.02206285484135151
0.022135799750685692
0.022200804203748703
0.022201858460903168
0.02218855358660221
0.022110993042588234
0.022191613912582397
0.022070055827498436
0.02224137634038925
0.022215930745005608
0.022151868790388107
0.022165173664689064
0.02218141220510006
0.02218562364578247
0.022165490314364433
0.02219226211309433
0.022202152758836746
0.022148923948407173
0.022221028804779053
0.022141488268971443
0.02210433967411518
0.02209010161459446
0.022099880501627922
0.02200918085873127
0.022070756182074547
0.021963179111480713
0.022032437846064568
0.022062262520194054
0.022125927731394768
0.022058935835957527
0.0220221895724535
0.022117624059319496
0.021969113498926163
0.021902920678257942
0.0218171589076519
0.021863728761672974
0.02186312898993492
0.021949782967567444
0.021932754665613174
0.02194890007376671
0.02198384702205658
0.021937424317002296
0.021972253918647766
0.022032538428902626
0.022104652598500252
0.022144045680761337
0.022236797958612442
0.022196978330612183
0.022146988660097122
0.022078320384025574
0.02217116765677929
0.022118106484413147
0.02206312119960785
0.022152433171868324
0.022163765504956245
0.0220769252628088
0.022090017795562744
0.022160377353429794
0.022256819531321526
0.022274727001786232
0.02225887030363083
0.022126788273453712
0.02206871099770069
0.022059673443436623
0.022028710693120956
0.02211364544928074
0.022152218967676163
0.022214576601982117
0.02226448617875576
0.022165926173329353
0.022177165374159813
0.02215411514043808
0.02212168090045452
0.022193891927599907
0.022249704226851463
0.02218494936823845
0.02217761240899563
0.022157303988933563
0.02236853539943695
0.022203508764505386
0.022169670090079308
0.022082172334194183
0.022121183574199677
0.02214587666094303
0.022210076451301575
0.022223951295018196
0.022243522107601166
0.02217923291027546
0.022233828902244568
0.02224896103143692
0.02220177836716175
0.02231583371758461
0.02221517078578472
0.022269511595368385
0.022327708080410957
0.022209532558918
0.022126419469714165
0.022181350737810135
0.022067513316869736
0.022166354581713676
0.021997252479195595
0.02205527573823929
0.021888334304094315
0.02194979600608349
0.021952318027615547
0.021893810480833054
0.021980250254273415
0.02187035232782364
0.021806936711072922
0.021735994145274162
0.021837249398231506
0.0218343585729599
0.021702246740460396
0.021707862615585327
0.02161780185997486
0.021543407812714577
0.021569648757576942
0.02170015685260296
0.021736817434430122
0.021716434508562088
0.02174660749733448
0.021791715174913406
0.02180653065443039
0.02187526971101761
0.021928586065769196
0.021975841373205185
0.021850967779755592
0.02189018949866295
0.021898364648222923
0.021738193929195404
0.021879736334085464
0.021863318979740143
0.02194877341389656
0.022015895694494247
0.021940626204013824
0.022023774683475494
0.021896909922361374
0.021941490471363068
0.021855656057596207
0.02175697311758995
0.021714672446250916
0.02177683636546135
0.021709876134991646
0.021820250898599625
0.021879341453313828
0.021730054169893265
0.021889355033636093
0.021935664117336273
0.021906837821006775
0.021931439638137817
0.02199883759021759
0.021947715431451797
0.021931614726781845
0.02194291725754738
0.021950719878077507
0.021848086267709732
0.02168026939034462
0.021603839471936226
0.021658439189195633
0.02164570614695549
0.0215812586247921
0.021612631157040596
0.02175024524331093
0.02171633392572403
0.021664785221219063
0.02171744965016842
0.021639343351125717
0.021633237600326538
0.02156791090965271
0.02158793807029724
0.02162296324968338
0.021717067807912827
0.021670371294021606
0.02176469750702381
0.02168094366788864
0.02171633392572403
0.021744195371866226
0.0217237900942564
0.021714668720960617
0.021635668352246284
0.02164037711918354
0.021556846797466278
0.021565599367022514
0.02159610390663147
0.021548761054873466
0.021491557359695435
0.021614864468574524
0.021523287519812584
0.02153358794748783
0.021570133045315742
0.021672924980521202
0.021625593304634094
0.021601399406790733
0.021726030856370926
0.02168111689388752
0.021690737456083298
0.0217165295034647
0.02169860154390335
0.021657811477780342
0.02168867737054825
0.021520264446735382
0.021471334621310234
0.021662041544914246
0.02167346328496933
0.021775562316179276
0.021738693118095398
0.02170141600072384
0.02169225551187992
0.02167505770921707
0.02174660749733448
0.021869376301765442
0.021759051829576492
0.021703843027353287
0.021746765822172165
0.021828114986419678
0.021739745512604713
0.021777955815196037
0.02171255461871624
0.021638059988617897
0.02162393182516098
0.02169295772910118
0.021734457463026047
0.021751768887043
0.021731847897171974
0.021587485447525978
0.021512243896722794
0.021546926349401474
0.021592790260910988
0.02156040258705616
0.02157720737159252
0.021567268297076225
0.021693922579288483
0.021633939817547798
0.021706698462367058
0.021578194573521614
0.021603960543870926
0.021523797884583473
0.021540598943829536
0.0216357484459877
0.02160130999982357
0.02162282168865204
0.021566348150372505
0.02158563956618309
0.021680129691958427
0.021808121353387833
0.021807275712490082
0.021681277081370354
0.021692054346203804
0.021738504990935326
0.021684598177671432
0.021535424515604973
0.02149977535009384
0.02149837650358677
0.021450772881507874
0.021554945036768913
0.021645942702889442
0.02162916027009487
0.02168082818388939
0.021610086783766747
0.021640349179506302
0.021607927978038788
0.021539606153964996
0.02152113988995552
0.021529212594032288
0.021443070843815804
0.021424129605293274
0.02142823301255703
0.02132704295217991
0.021316347643733025
0.021330837160348892
0.02129211649298668
0.02136916294693947
0.021436292678117752
0.02138643153011799
0.021393321454524994
0.02140708453953266
0.021457254886627197
0.021522551774978638
0.021435609087347984
0.021379675716161728
0.021468324586749077
0.02135385200381279
0.02134120650589466
0.02127315104007721
0.02132333070039749
0.021304333582520485
0.02140149474143982
0.02159534953534603
0.021555820479989052
0.021535499021410942
0.02154899574816227
0.021543346345424652
0.021391181275248528
0.021472765132784843
0.02142503671348095
0.02141341008245945
0.021407198160886765
0.021426133811473846
0.021303609013557434
0.021388277411460876
0.021506620571017265
0.021503614261746407
0.021418025717139244
0.021367080509662628
0.021471839398145676
0.02138347178697586
0.021455345675349236
0.02146928943693638
0.021602801978588104
0.021506544202566147
0.021542644128203392
0.02151273749768734
0.02154373750090599
0.02148115448653698
0.021492289379239082
0.021387651562690735
0.02137874625623226
0.021404273808002472
0.021263640373945236
0.021260451525449753
0.021277420222759247
0.021302785724401474
0.02128513716161251
0.021237246692180634
0.021144548431038857
0.02102329023182392
0.021139318123459816
0.0211621206253767
0.02116376906633377
0.021106280386447906
0.02101188153028488
0.02102860063314438
0.021020229905843735
0.02103341370820999
0.02110280655324459
0.021199559792876244
0.021185027435421944
0.021284684538841248
0.021354297176003456
0.02135496214032173
0.02131645381450653
0.021386347711086273
0.021366717293858528
0.021351629868149757
0.02137373760342598
0.021308770403265953
0.02115224115550518
0.021234622225165367
0.02123824693262577
0.021250076591968536
0.021285297349095345
0.021262584254145622
0.021200895309448242
0.021247001364827156
0.021184537559747696
0.02124709077179432
0.021320322528481483
0.021321944892406464
0.021346528083086014
0.021331973373889923
0.021401191130280495
0.021431894972920418
0.021364785730838776
0.021460769698023796
0.021338021382689476
0.021337246522307396
0.021464284509420395
0.021446119993925095
0.021438665688037872
0.021335210651159286
0.021434376016259193
0.021391231566667557
0.021293310448527336
0.02125915139913559
0.021182840690016747
0.021266145631670952
0.021220341324806213
0.021276889368891716
0.02115929126739502
0.02113005891442299
0.02119169756770134
0.02120339125394821
0.021093115210533142
0.021129626780748367
0.021103810518980026
0.021212274208664894
0.021186891943216324
0.02124704420566559
0.021264830604195595
0.021222567185759544
0.021189836785197258
0.02130163088440895
0.021314987912774086
0.02137516252696514
0.021296996623277664
0.021280784159898758
0.0212729349732399
0.02122383564710617
0.021162277087569237
0.021273041144013405
0.021146252751350403
0.02119624800980091
0.021258391439914703
0.02118346467614174
0.021093133836984634
0.02108810283243656
0.0210389643907547
0.021057739853858948
0.021029822528362274
0.021100357174873352
0.02111329324543476
0.021104762330651283
0.021171029657125473
0.021185917779803276
0.02111632376909256
0.021156156435608864
0.021150125190615654
0.021200010553002357
0.021185122430324554
0.02121308073401451
0.02114950865507126
0.02124739997088909
0.021274788305163383
0.02126237563788891
0.021244771778583527
0.021166270598769188
0.02121635153889656
0.021107204258441925
0.021143708378076553
0.021065806970000267
0.020992539823055267
0.021130049601197243
0.021109633147716522
0.021112579852342606
0.021168716251850128
0.021186335012316704
0.02120332047343254
0.02119062840938568
0.02111264131963253
0.021133963018655777
0.021131567656993866
0.021082164719700813
0.021098002791404724
0.021081384271383286
0.021267618983983994
0.021298710256814957
0.02135707624256611
0.021233361214399338
0.021160967648029327
0.02107219770550728
0.021042348816990852
0.02112787775695324
0.02115478180348873
0.02118891291320324
0.021209167316555977
0.021414663642644882
0.021341759711503983
0.02132934145629406
0.021205920726060867
0.02104850858449936
0.02120382711291313
0.021167729049921036
0.02114236354827881
0.02117919921875
0.021193990483880043
0.02116219513118267
0.021227339282631874
0.02111135423183441
0.021127736195921898
0.021182207390666008
0.021092981100082397
0.0210186205804348
0.021052448078989983
0.020960919559001923
0.020978230983018875
0.02089584246277809
0.02100251615047455
0.020970948040485382
0.020983969792723656
0.021097373217344284
0.021207837387919426
0.021177755668759346
0.021263591945171356
0.021315021440386772
0.02128378115594387
0.021335400640964508
0.021419622004032135
0.021536648273468018
0.02143865078687668
0.02149326168000698
0.021426796913146973
0.021525943651795387
0.02167198434472084
0.021554812788963318
0.02150203101336956
0.021315915510058403
0.02123921923339367
0.021326597779989243
0.021330751478672028
0.021283376961946487
0.02120080217719078
0.02126062475144863
0.021212389692664146
0.02116919681429863
0.021260006353259087
0.021147605031728745
0.02099517732858658
0.020945392549037933
0.021052725613117218
0.021010220050811768
0.02105707861483097
0.021062390878796577
0.02098884992301464
0.02115655317902565
0.0211348757147789
0.02106216922402382
0.021019820123910904
0.021081125363707542
0.02100565657019615
0.02095874398946762
0.021107304841279984
0.021076425909996033
0.021112609654664993
0.021166259422898293
0.02119934931397438
0.021212352439761162
0.02122994139790535
0.021196633577346802
0.02114521525800228
0.02114376239478588
0.02103186585009098
0.021122299134731293
0.021049408242106438
0.021190611645579338
0.021144287660717964
0.021134940907359123
0.021118219941854477
0.02112565003335476
0.021094929426908493
0.021163545548915863
0.021236689761281013
0.021164532750844955
0.021279694512486458
0.02140655927360058
0.02137857861816883
0.021392902359366417
0.021441472694277763
0.021446118131279945
0.021598996594548225
0.02151121012866497
0.02153618074953556
0.021585850045084953
0.021495142951607704
0.021458767354488373
0.021411580964922905
0.021391503512859344
0.02140107750892639
0.021542197093367577
0.02148197405040264
0.021404486149549484
0.021454032510519028
0.021361907944083214
0.021373601630330086
0.021255528554320335
0.021294083446264267
0.021181341260671616
0.02110283076763153
0.021098071709275246
0.021122265607118607
0.020968789234757423
0.020989926531910896
0.02097010798752308
0.02102619595825672
0.021063316613435745
0.02108752727508545
0.021162623539566994
0.02108638361096382
0.02104799821972847
0.021148571744561195
0.021299436688423157
0.021276718005537987
0.02133277617394924
0.021282106637954712
0.021323058754205704
0.021289648488163948
0.021270960569381714
0.02113771252334118
0.021083328872919083
0.02114129438996315
0.021138163283467293
0.02114814706146717
0.021114477887749672
0.021124733611941338
0.02114061266183853
0.021107567474246025
0.021095285192131996
0.021051188930869102
0.021090036258101463
0.02111443690955639
0.021089497953653336
0.02111644670367241
0.02128480188548565
0.02124721370637417
0.021239565685391426
0.021343927830457687
0.02133139781653881
0.021408094093203545
0.02139480598270893
0.021497365087270737
0.02136608399450779
0.021234385669231415
0.021333688870072365
0.021426357328891754
0.021443957462906837
0.021504012867808342
0.021316900849342346
0.021427644416689873
0.02141246199607849
0.02124849520623684
0.02124990150332451
0.021181520074605942
0.021237501874566078
0.021246111020445824
0.02116350643336773
0.021266741678118706
0.021292775869369507
0.02128099650144577
0.021368253976106644
0.021305536851286888
0.021340087056159973
0.021404428407549858
0.021425794810056686
0.021391289308667183
0.021457884460687637
0.021406792104244232
0.021435057744383812
0.02133200876414776
0.021480627357959747
0.02138691209256649
0.021301114931702614
0.021143054589629173
0.02111779898405075
0.021173356100916862
0.02128155156970024
0.02110413834452629
0.021060673519968987
0.021034840494394302
0.021010320633649826
0.020944001153111458
0.020912321284413338
0.021032873541116714
0.02088487520813942
0.021055083721876144
0.021055765450000763
0.020966198295354843
0.02109428495168686
0.021018490195274353
0.02091001719236374
0.021004756912589073
0.021102814003825188
0.021094530820846558
0.02104468084871769
0.021075939759612083
0.02124904841184616
0.02124403789639473
0.021206051111221313
0.021342109888792038
0.02120642177760601
0.021220581606030464
0.02117578312754631
0.02135707437992096
0.021410658955574036
0.021401429548859596
0.021231509745121002
0.021337393671274185
0.021458812057971954
0.021395767107605934
0.021329417824745178
0.021406764164566994
0.02131492644548416
0.02132372371852398
0.021594908088445663
0.021504942327737808
0.021531619131565094
0.021500861272215843
0.02143758535385132
0.021327566355466843
0.021339204162359238
0.02125317044556141
0.021254632622003555
0.02123970352113247
0.02131817303597927
0.021301187574863434
0.02132904715836048
0.02143186330795288
0.021400222554802895
0.021367453038692474
0.02148217149078846
0.02141900546848774
0.02150844782590866
0.02153007499873638
0.021379616111516953
0.021319057792425156
0.021321263164281845
0.021198898553848267
0.021201085299253464
0.021173644810914993
0.021263880655169487
0.021210843697190285
0.021242212504148483
0.021118707954883575
0.021076446399092674
0.021211307495832443
0.021157095208764076
0.021181218326091766
0.0212137121707201
0.021338146179914474
0.02135976403951645
0.02126823551952839
0.021152313798666
0.021094731986522675
0.02118230238556862
0.0210540983825922
0.021306365728378296
0.02119876816868782
0.021243991330266
0.021231282502412796
0.021209662780165672
0.021147891879081726
0.021268296986818314
0.021454304456710815
0.02151516079902649
0.02152392454445362
0.021589204668998718
0.021458830684423447
0.021577300503849983
0.021552830934524536
0.021669048815965652
0.02172371745109558
0.021790696308016777
0.02187882736325264
0.021739304065704346
0.0218467116355896
0.02177409827709198
0.021504348143935204
0.02142171934247017
0.021447395905852318
0.021341662853956223
0.02133273333311081
0.02139236405491829
0.021477092057466507
0.02151717245578766
0.021574141457676888
0.02164440043270588
0.02156572788953781
0.02161278948187828
0.021509945392608643
0.021347612142562866
0.02120998129248619
0.02121829241514206
0.021139075979590416
0.021215137094259262
0.021134356036782265
0.02111581340432167
0.02126796543598175
0.021389884874224663
0.021397719159722328
0.02146989107131958
0.02158598229289055
0.021500682458281517
0.02163507230579853
0.02172818034887314
0.021596329286694527
0.021588554605841637
0.02151397056877613
0.021571923047304153
0.021522803232073784
0.02144002541899681
0.021568065509200096
0.02151268720626831
0.021559901535511017
0.0214557908475399
0.021655544638633728
0.02157426066696644
0.02158229798078537
0.021580789238214493
0.02139340154826641
0.02161896787583828
0.021700287237763405
0.02175837755203247
0.02163458801805973
0.021664347499608994
0.021916940808296204
0.021870126947760582
0.021866420283913612
0.021772371605038643
0.021851368248462677
0.021839916706085205
0.021840376779437065
0.02178754284977913
0.021718010306358337
0.021617062389850616
0.02160543203353882
0.021423866972327232
0.021468713879585266
0.021369265392422676
0.021539049223065376
0.021493777632713318
0.021476848050951958
0.021697355434298515
0.021678967401385307
0.021431814879179
0.021472975611686707
0.021606002002954483
0.021695002913475037
0.021770482882857323
0.021785054355859756
0.021708691492676735
0.021637437865138054
0.02151840552687645
0.02146637998521328
0.0216058362275362
0.02157905325293541
0.02164466120302677
0.02166539803147316
0.021582262590527534
0.02162785455584526
0.02158469706773758
0.021791912615299225
0.021748555824160576
0.021892601624131203
0.021719980984926224
0.021710515022277832
0.021710669621825218
0.021718600764870644
0.02185545675456524
0.021952688694000244
0.021829046308994293
0.02179158478975296
0.021871786564588547
0.022037964314222336
0.022127870470285416
0.02212522178888321
0.022071855142712593
0.022020848467946053
0.022032324224710464
0.021924102678894997
0.021769892424345016
0.021818391978740692
0.021767904981970787
0.021808505058288574
0.021898137405514717
0.02198873832821846
0.022006560117006302
0.021830545738339424
0.021753553301095963
0.021660247817635536
0.021730981767177582
0.021759068593382835
0.021528789773583412
0.021622613072395325
0.02166374772787094
0.02175321616232395
0.021669011563062668
0.021602170541882515
0.021644078195095062
0.021641066297888756
0.021741455420851707
0.021795151755213737
0.021660128608345985
0.021710580214858055
0.021782325580716133
0.021742261946201324
0.021867165341973305
0.021814890205860138
0.021822398528456688
0.021853532642126083
0.021984888240695
0.022010795772075653
0.022031355649232864
0.021943533793091774
0.02193296328186989
0.021881144493818283
0.021851327270269394
0.021891847252845764
0.021862290799617767
0.021797753870487213
0.021849162876605988
0.021731320768594742
0.021832207217812538
0.021854549646377563
0.021879084408283234
0.02193877473473549
0.02207256481051445
0.022256925702095032
0.02241516299545765
0.022477686405181885
0.022412395104765892
0.022412259131669998
0.02239796333014965
0.02244015783071518
0.022190440446138382
0.022115543484687805
0.022084323689341545
0.022270450368523598
0.022126052528619766
0.022035934031009674
0.02183835580945015
0.021660199388861656
0.021911248564720154
0.021839242428541183
0.02184193767607212
0.02157023176550865
0.021647481247782707
0.021829068660736084
0.021848618984222412
0.02181249111890793
0.021764270961284637
0.021840432658791542
0.02172163501381874
0.021773280575871468
0.021895568817853928
0.02198740281164646
0.022072918713092804
0.02222294732928276
0.022303922101855278
0.02230498567223549
0.022296451032161713
0.022339722141623497
0.022371012717485428
0.022473208606243134
0.02248971536755562
0.02239496074616909
0.022530224174261093
0.022346902638673782
0.022538594901561737
0.022531770169734955
0.022317057475447655
0.022349108010530472
0.022193562239408493
0.02223110757768154
0.02211720310151577
0.02231113612651825
0.022174682468175888
0.022208038717508316
0.02240608073771
0.022481638938188553
0.022230885922908783
0.02236606366932392
0.022141769528388977
0.021821048110723495
0.021739406511187553
0.022006331011652946
0.022154545411467552
0.02218359336256981
0.022523285821080208
0.022497769445180893
0.02251536026597023
0.02259203977882862
0.022481659427285194
0.022381706163287163
0.022258924320340157
0.02239120379090309
0.022348791360855103
0.022419370710849762
0.02257351204752922
0.02250722236931324
0.022367723286151886
0.022405564785003662
0.022423025220632553
0.02239633910357952
0.0223605427891016
0.02216855064034462
0.02213166281580925
0.02238035388290882
0.022436978295445442
0.02253442257642746
0.022597331553697586
0.022733284160494804
0.02275877073407173
0.022642061114311218
0.02264632098376751
0.022602418437600136
0.02231144905090332
0.022404365241527557
0.02244371362030506
0.022437745705246925
0.022566091269254684
0.02245757170021534
0.022452259436249733
0.022274555638432503
0.02239215187728405
0.022293465211987495
0.02216131053864956
0.02228655479848385
0.022167237475514412
0.022132612764835358
0.02219744585454464
0.022348159924149513
0.022449690848588943
0.02253989689052105
0.022473381832242012
0.022409869357943535
0.022482573986053467
0.022572111338377
0.022529475390911102
0.02252473682165146
0.02248956263065338
0.02241143211722374
0.02240462601184845
0.022522298619151115
0.022645821794867516
0.022620856761932373
0.02263275720179081
0.02268623746931553
0.022638047114014626
0.02243994176387787
0.02242353931069374
0.02267778106033802
0.022620446979999542
0.022669726982712746
0.022812118753790855
0.022671014070510864
0.022600119933485985
0.02259480580687523
0.022708937525749207
0.022632231935858727
0.0226270891726017
0.022641925141215324
0.022573279216885567
0.02270609326660633
0.022979721426963806
0.023042241111397743
0.022832775488495827
0.022826556116342545
0.022768761962652206
0.02277565188705921
0.022817155346274376
0.022808847948908806
0.022833911702036858
0.022869324311614037
0.02260964922606945
0.02271646447479725
0.022726276889443398
0.022707432508468628
0.0225051362067461
0.022585364058613777
0.02255883626639843
0.022362450137734413
0.022350190207362175
0.02263583056628704
0.022626163437962532
0.022526942193508148
0.022646956145763397
0.022747818380594254
0.022883543744683266
0.022726159542798996
0.02300306223332882
0.023088853806257248
0.02300400100648403
0.023123014718294144
0.023171549662947655
0.02299278974533081
0.022915083914995193
0.0229299645870924
0.023158922791481018
0.02318502403795719
0.023009561002254486
0.023114727810025215
0.023107916116714478
0.02296455390751362
0.023212598636746407
0.023129994049668312
0.02317219041287899
0.023388858884572983
0.023471757769584656
0.023631229996681213
0.02350757271051407
0.023415490984916687
0.0234847255051136
0.023288194090127945
0.023148471489548683
0.023117421194911003
0.02293013036251068
0.023053333163261414
0.023353824391961098
0.02318437211215496
0.023207062855362892
0.023214206099510193
0.02318531461060047
0.02331582084298134
0.023359423503279686
0.023405712097883224
0.02334637939929962
0.0232427679002285
0.022961357608437538
0.022919509559869766
0.023135069757699966
0.023164136335253716
0.023135202005505562
0.023294437676668167
0.023368364199995995
0.023159315809607506
0.023325828835368156
0.023413723334670067
0.023341894149780273
0.023615079000592232
0.023295337334275246
0.022997630760073662
0.023131610825657845
0.023032914847135544
0.022842779755592346
0.022853605449199677
0.02296653389930725
0.022976096719503403
0.022992519661784172
0.022947967052459717
0.02259526215493679
0.022647293284535408
0.022914862260222435
0.022776303812861443
0.02288931794464588
0.023081006482243538
0.02314804494380951
0.023243127390742302
0.023342501372098923
0.023146234452724457
0.023093122988939285
0.023136889562010765
0.023268746212124825
0.023129645735025406
0.022983558475971222
0.02303139492869377
0.022938385605812073
0.02311883494257927
0.023228095844388008
0.023228837177157402
0.02310333400964737
0.02323666773736477
0.02309085987508297
0.02288585528731346
0.022952735424041748
0.022934192791581154
0.023113640025258064
0.022988324984908104
0.023092640563845634
0.023158324882388115
0.0232939962297678
0.02317383885383606
0.023295823484659195
0.02311473898589611
0.02337048016488552
0.023492712527513504
0.023309582844376564
0.023351317271590233
0.023477457463741302
0.023548582568764687
0.023692701011896133
0.02383887954056263
0.02363368682563305
0.023735402151942253
0.023955952376127243
0.023708155378699303
0.023633450269699097
0.023602275177836418
0.023510141298174858
0.02375856600701809
0.023808080703020096
0.0236663781106472
0.02388603240251541
0.023711685091257095
0.023759542033076286
0.023741919547319412
0.023523973301053047
0.023533882573246956
0.023341698572039604
0.02348317950963974
0.02353179082274437
0.023470547050237656
0.023486075922846794
0.023360082879662514
0.023513801395893097
0.02362017333507538
0.023496467620134354
0.023380639031529427
0.023446224629878998
0.023363616317510605
0.023466410115361214
0.023593734949827194
0.023623239248991013
0.023536406457424164
0.023561330512166023
0.023716850206255913
0.02365010417997837
0.023872049525380135
0.023700295016169548
0.023644333705306053
0.02377382665872574
0.023738861083984375
0.023648815229535103
0.023616433143615723
0.023586075752973557
0.023751959204673767
0.023617705330252647
0.0236812736839056
0.023655742406845093
0.023690590634942055
0.02375129424035549
0.023692157119512558
0.023787280544638634
0.024000033736228943
0.023916294798254967
0.02387431263923645
0.02412240020930767
0.0242026187479496
0.02424025908112526
0.024175427854061127
0.02410438098013401
0.02397613599896431
0.024058811366558075
0.023891953751444817
0.02395017445087433
0.023901253938674927
0.02383498288691044
0.024052409455180168
0.02432481199502945
0.024271296337246895
0.024379555135965347
0.02428598329424858
0.02451760321855545
0.02418811060488224
0.02383768931031227
0.023997213691473007
0.023917587473988533
0.02383297123014927
0.023785805329680443
0.024021560326218605
0.024058833718299866
0.02403854764997959
0.02398073486983776
0.023908255621790886
0.023986658081412315
0.023920727893710136
0.023880736902356148
0.023781396448612213
0.023655502125620842
0.02377956174314022
0.023677509278059006
0.02392694726586342
0.02366034872829914
0.023687593638896942
0.023806612938642502
0.023955710232257843
0.02405056357383728
0.024118484929203987
0.024256939068436623
0.024181688204407692
0.02428627200424671
0.024351563304662704
0.024247892200946808
0.02430100552737713
0.024303898215293884
0.02406960353255272
0.024210946634411812
0.02407918870449066
0.024116598069667816
0.024034414440393448
0.023884007707238197
0.023868244141340256
0.024218441918492317
0.023985782638192177
0.023948203772306442
0.023774385452270508
0.023774530738592148
0.02368212305009365
0.023704947903752327
0.023857541382312775
0.023904060944914818
0.023919308558106422
0.023968398571014404
0.024151282384991646
0.024630673229694366
0.02440120466053486
0.024313634261488914
0.024291355162858963
0.024480286985635757
0.02437697723507881
0.02436443231999874
0.02425115928053856
0.02441747672855854
0.024431470781564713
0.024186739698052406
0.024114683270454407
0.024336425587534904
0.02444854937493801
0.02450060471892357
0.024535786360502243
0.024671686813235283
0.024397140368819237
0.02435225248336792
0.024530313909053802
0.02464676834642887
0.02448681928217411
0.024392206221818924
0.02428344264626503
0.024393830448389053
0.02440319024026394
0.024275636300444603
0.024508805945515633
0.024653563275933266
0.02463601343333721
0.02448931708931923
0.024584321305155754
0.02468888834118843
0.024645304307341576
0.024492906406521797
0.024592923000454903
0.024644961580634117
0.024786528199911118
0.02470429055392742
0.024932613596320152
0.02497328259050846
0.02505137026309967
0.025061560794711113
0.024859484285116196
0.024824121966958046
0.024967219680547714
0.024929506704211235
0.02505224384367466
0.02503284253180027
0.024954358115792274
0.024921497330069542
0.025046013295650482
0.025125611573457718
0.025067728012800217
0.024817535653710365
0.0248691588640213
0.02503288723528385
0.025001710280776024
0.02514260821044445
0.02501564472913742
0.02539588324725628
0.025542594492435455
0.025295989587903023
0.02536163665354252
0.02539868652820587
0.025232816115021706
0.02525721862912178
0.02539960667490959
0.025166353210806847
0.02501661330461502
0.025054575875401497
0.025153551250696182
0.025255920365452766
0.025111861526966095
0.025562506169080734
0.02538101002573967
0.025451287627220154
0.025391437113285065
0.025348303839564323
0.02523859404027462
0.025275150313973427
0.025256294757127762
0.02500813640654087
0.02495681308209896
0.02527710795402527
0.025114739313721657
0.02524249628186226
0.025096820667386055
0.024720555171370506
0.024784671142697334
0.024883637204766273
0.024911118671298027
0.025156037881970406
0.025402594357728958
0.02546977624297142
0.025469141080975533
0.0253719761967659
0.02554621547460556
0.025594474747776985
0.02546801045536995
0.025502245873212814
0.02572629414498806
0.025572219863533974
0.025715239346027374
0.025913069024682045
0.025700673460960388
0.025650685653090477
0.02566041797399521
0.02546093240380287
0.025302095338702202
0.025016356259584427
0.025459349155426025
0.025508938357234
0.025557957589626312
0.025296324864029884
0.025557944551110268
0.02570212446153164
0.025639725849032402
0.025616127997636795
0.025443585589528084
0.025469457730650902
0.025495363399386406
0.02561437524855137
0.02585885487496853
0.025464363396167755
0.025329841300845146
0.025235528126358986
0.025203632190823555
0.025266991928219795
0.025432676076889038
0.02545779012143612
0.025526192039251328
0.025545634329319
0.02578125335276127
0.025783509016036987
0.02581491880118847
0.02576499432325363
0.025831544771790504
0.02581936866044998
0.02544580027461052
0.02579990029335022
0.025801096111536026
0.025724614039063454
0.025629829615354538
0.02541377954185009
0.025274040177464485
0.024985382333397865
0.024469798430800438
0.024531329050660133
0.024786604568362236
0.024756167083978653
0.024911995977163315
0.025009965524077415
0.02527526393532753
0.02537129446864128
0.025097521021962166
0.02530781924724579
0.025786636397242546
0.025756601244211197
0.025811750441789627
0.02571110427379608
0.02579549327492714
0.025816479697823524
0.02571629360318184
0.02562660537660122
