0.15776567161083221
0.16173596680164337
0.16397759318351746
0.16519472002983093
0.16543306410312653
0.16615009307861328
0.1669933795928955
0.16755607724189758
0.1681259274482727
0.16833284497261047
0.16830407083034515
0.16840016841888428
0.16900812089443207
0.16923578083515167
0.16940872371196747
0.17021407186985016
0.1701785773038864
0.16950088739395142
0.16941925883293152
0.17046710848808289
0.17031057178974152
0.17090287804603577
0.17089730501174927
0.17130056023597717
0.17161394655704498
0.17178282141685486
0.1718875765800476
0.17210516333580017
0.1726776510477066
0.17323578894138336
0.1740274429321289
0.17459964752197266
0.17472606897354126
0.17471399903297424
0.17372779548168182
0.17405083775520325
0.1741672158241272
0.1747279316186905
0.17497093975543976
0.175197035074234
0.1754295378923416
0.17591868340969086
0.17608638107776642
0.17650680243968964
0.17686183750629425
0.17712143063545227
0.17784443497657776
0.17800964415073395
0.17756794393062592
0.1776365488767624
0.17727074027061462
0.17832329869270325
0.17851366102695465
0.17846156656742096
0.17872074246406555
0.17897336184978485
0.17937177419662476
0.1800563633441925
0.18014377355575562
0.1805117428302765
0.18064957857131958
0.18139836192131042
0.1813793033361435
0.1818358153104782
0.18228572607040405
0.1820431649684906
0.18191860616207123
0.18211470544338226
0.1822245717048645
0.18225444853305817
0.1830361932516098
0.18327870965003967
0.1842026710510254
0.18427735567092896
0.1839321255683899
0.18443171679973602
0.18497568368911743
0.1850072294473648
0.18563954532146454
0.1853501945734024
0.18525616824626923
0.18543359637260437
0.18598349392414093
0.18623805046081543
0.18572998046875
0.18624141812324524
0.18639297783374786
0.1864820122718811
0.18663425743579865
0.18696242570877075
0.18732117116451263
0.1873294562101364
0.18738853931427002
0.18768806755542755
0.18789629638195038
0.18842381238937378
0.18916486203670502
0.1891215294599533
0.1893918216228485
0.18971773982048035
0.18964669108390808
0.1901094764471054
0.19011017680168152
0.19002431631088257
0.19088728725910187
0.19109097123146057
0.19129207730293274
0.1912274956703186
0.19169430434703827
0.1915881335735321
0.19126591086387634
0.19134142994880676
0.1919211447238922
0.1927018016576767
0.19291605055332184
0.19352826476097107
0.19376090168952942
0.1942213922739029
0.19446317851543427
0.19448386132717133
0.19465404748916626
0.19549348950386047
0.19572973251342773
0.19634638726711273
0.19659936428070068
0.19629763066768646
0.19655321538448334
0.19656533002853394
0.19688449800014496
0.1973968893289566
0.1973254680633545
0.1974741667509079
0.19773589074611664
0.19808128476142883
0.1990101933479309
0.19865861535072327
0.19932958483695984
0.19941264390945435
0.19941510260105133
0.1997530609369278
0.20004352927207947
0.19980952143669128
0.2007940709590912
0.20077767968177795
0.20135165750980377
0.20178237557411194
0.20174473524093628
0.2016633152961731
0.20206141471862793
0.20232507586479187
0.2025051862001419
0.20340576767921448
0.20379526913166046
0.20416638255119324
0.20422913134098053
0.2042873203754425
0.20362450182437897
0.20442423224449158
0.2047385275363922
0.20490965247154236
0.2050272673368454
0.20525570213794708
0.20578928291797638
0.2055613398551941
0.20571468770503998
0.20653873682022095
0.20640821754932404
0.20665034651756287
0.20663133263587952
0.206589475274086
0.20697243511676788
0.20719332993030548
0.2079569548368454
0.20815224945545197
0.20813502371311188
0.2085714191198349
0.2086481899023056
0.20946407318115234
0.20938259363174438
0.21061845123767853
0.2105397880077362
0.21067190170288086
0.21133218705654144
0.21040432155132294
0.21061797440052032
0.21124190092086792
0.2107136845588684
0.2105482518672943
0.21061374247074127
0.21004267036914825
0.21107976138591766
0.21138882637023926
0.21207967400550842
0.21237803995609283
0.21243295073509216
0.21298730373382568
0.21350553631782532
0.2135532796382904
0.21433576941490173
0.21436066925525665
0.21437981724739075
0.21457722783088684
0.21467043459415436
0.21452943980693817
0.2135520577430725
0.21391966938972473
0.2138911932706833
0.2145616114139557
0.21577656269073486
0.21617785096168518
0.21676844358444214
0.21613731980323792
0.2162255048751831
0.2164698988199234
0.21597802639007568
0.2168741673231125
0.216853067278862
0.21745175123214722
0.21843178570270538
0.21841128170490265
0.2185596078634262
0.2186618596315384
0.21905678510665894
0.21993425488471985
0.21979255974292755
0.21967186033725739
0.22008612751960754
0.2203073650598526
0.22074946761131287
0.22085009515285492
0.22156356275081635
0.22158603370189667
0.22193117439746857
0.22213326394557953
0.22242560982704163
0.22180284559726715
0.2220240980386734
0.22247107326984406
0.22310812771320343
0.22315196692943573
0.22317442297935486
0.2230161428451538
0.22381478548049927
0.22331982851028442
0.22393856942653656
0.22451165318489075
0.224747896194458
0.22525086998939514
0.22566799819469452
0.2249343991279602
0.22568964958190918
0.22633375227451324
0.22738122940063477
0.22840799391269684
0.22830405831336975
0.2281750738620758
0.22837406396865845
0.22777649760246277
0.22832024097442627
0.22870466113090515
0.2284795641899109
0.22846676409244537
0.2291831374168396
0.2296217679977417
0.22999557852745056
0.2307797521352768
0.23085932433605194
0.2313718944787979
0.23143106698989868
0.23205764591693878
0.23227082192897797
0.2318786382675171
0.23212678730487823
0.23172527551651
0.2317104935646057
0.23157227039337158
0.23147758841514587
0.23255936801433563
0.23263226449489594
0.23206424713134766
0.232805073261261
0.23302443325519562
0.23322641849517822
0.2334161251783371
0.2346341758966446
0.23476478457450867
0.23527094721794128
0.23524567484855652
0.235102578997612
0.23565222322940826
0.23591800034046173
0.2353735864162445
0.23592053353786469
0.23575036227703094
0.23648189008235931
0.23648859560489655
0.23675401508808136
0.2373327612876892
0.23799896240234375
0.23920881748199463
0.23930194973945618
0.23939886689186096
0.2395130842924118
0.2406488060951233
0.2407916784286499
0.24134060740470886
0.2411133050918579
0.24125263094902039
0.2416076362133026
0.24215158820152283
0.24227750301361084
0.24285519123077393
0.24286025762557983
0.24357284605503082
0.24342283606529236
0.24332603812217712
0.24280092120170593
0.24282512068748474
0.24278724193572998
0.24231278896331787
0.24280227720737457
0.24214798212051392
0.24255883693695068
0.24267573654651642
0.24324631690979004
0.2442122846841812
0.2444697469472885
0.24451479315757751
0.24418796598911285
0.2438696026802063
0.24423228204250336
0.24436135590076447
0.2446913719177246
0.24520647525787354
0.24531103670597076
0.24527111649513245
0.24569517374038696
0.24641869962215424
0.24672168493270874
0.2468339204788208
0.24705612659454346
0.24723856151103973
0.24764205515384674
0.24789418280124664
0.24859336018562317
0.24929112195968628
0.24997012317180634
0.2492249608039856
0.24919399619102478
0.24994121491909027
0.25005826354026794
0.25001057982444763
0.24995484948158264
0.2501731216907501
0.25006118416786194
0.24984285235404968
0.24998436868190765
0.2506735324859619
0.2505076825618744
0.25057151913642883
0.2507045865058899
0.2513687312602997
0.2518717348575592
0.25149351358413696
0.2509382963180542
0.2509465217590332
0.25084415078163147
0.25178802013397217
0.2513699233531952
0.2518792152404785
0.2523394227027893
0.2526533305644989
0.2527230381965637
0.25317898392677307
0.2531479597091675
0.25358080863952637
0.2538156509399414
0.2545408308506012
0.2553095817565918
0.25573310256004333
0.2554866075515747
0.2548295855522156
0.2555033564567566
0.2565877437591553
0.2571277916431427
0.2576966881752014
0.2582223415374756
0.2582433819770813
0.2581213414669037
0.2571015954017639
0.25768545269966125
0.2591061294078827
0.25961336493492126
0.2592200040817261
0.2596462070941925
0.2601855397224426
0.2603330612182617
0.2604725658893585
0.26089903712272644
0.26139792799949646
0.2614119052886963
0.2619168162345886
0.2617036998271942
0.2605263292789459
0.26105380058288574
0.26102393865585327
0.26114413142204285
0.2611278295516968
0.2605196237564087
0.261015385389328
0.2609271705150604
0.26115864515304565
0.26142898201942444
0.2618037760257721
0.2626498341560364
0.26275908946990967
0.26301512122154236
0.2637951374053955
0.2639322876930237
0.2643180787563324
0.2650812864303589
0.2650151550769806
0.2644534409046173
0.26498305797576904
0.2652580440044403
0.26544344425201416
0.26507332921028137
0.2646160125732422
0.26564300060272217
0.2658863961696625
0.26538676023483276
0.2658240795135498
0.2666979134082794
0.2674631178379059
0.26749199628829956
0.2668609619140625
0.2674444913864136
0.26769232749938965
0.2679068148136139
0.2677726149559021
0.2674767076969147
0.2677845358848572
0.26774898171424866
0.26718670129776
0.2672804594039917
0.26697537302970886
0.26747816801071167
0.2679769992828369
0.26859065890312195
0.26870638132095337
0.2691619396209717
0.2695290446281433
0.2694496810436249
0.26952746510505676
0.27059194445610046
0.27089282870292664
0.2706119418144226
0.27139559388160706
0.27211132645606995
0.2720397710800171
0.27158689498901367
0.27213773131370544
0.2715480625629425
0.2715907692909241
0.2715924084186554
0.2719460129737854
0.27286773920059204
0.27227193117141724
0.2721464931964874
0.27252882719039917
0.2726518511772156
0.2723569869995117
0.27186158299446106
0.2713942229747772
0.2717820703983307
0.2723800241947174
0.2725110650062561
0.2730036675930023
0.2730765640735626
0.27342259883880615
0.2729455530643463
0.2739030122756958
0.27447575330734253
0.27509555220603943
0.2756251096725464
0.27545326948165894
0.2752287983894348
0.2753932774066925
0.2761734426021576
0.276313453912735
0.2765284776687622
0.27631592750549316
0.2764759957790375
0.2759438753128052
0.2754201292991638
0.2759968638420105
0.27617010474205017
0.277363121509552
0.27726757526397705
0.2776585519313812
0.27736538648605347
0.27716585993766785
0.2770424783229828
0.27673888206481934
0.27659255266189575
0.2769777774810791
0.27693116664886475
0.27681076526641846
0.27714481949806213
0.2775926887989044
0.27697762846946716
0.2778676152229309
0.27758318185806274
0.27734169363975525
0.2774505019187927
0.2774176597595215
0.2787928879261017
0.2783632278442383
0.27831771969795227
0.27874523401260376
0.27914583683013916
0.27917033433914185
0.2802882790565491
0.28085067868232727
0.2807539701461792
0.28025883436203003
0.2802179753780365
0.2806483209133148
0.2810119092464447
0.28043362498283386
0.2810191512107849
0.28082558512687683
0.28037044405937195
0.28046080470085144
0.28085941076278687
0.28140199184417725
0.28154194355010986
0.2815302908420563
0.28164640069007874
0.2817847430706024
0.28144729137420654
0.2814810872077942
0.2821163237094879
0.28225648403167725
0.28258016705513
0.2825596332550049
0.2822020649909973
0.28231000900268555
0.2823357880115509
0.28177812695503235
0.28219056129455566
0.2823767364025116
0.28295058012008667
0.28340983390808105
0.28319597244262695
0.283615380525589
0.2835838496685028
0.28338003158569336
0.283845990896225
0.28398028016090393
0.2851211726665497
0.2841537892818451
0.28449365496635437
0.28520315885543823
0.28480827808380127
0.28538939356803894
0.2858668863773346
0.28582140803337097
0.28510627150535583
0.2849673926830292
0.28587350249290466
0.2862442135810852
0.28558555245399475
0.28571078181266785
0.2858181893825531
0.2855105996131897
0.2852945029735565
0.285929799079895
0.2864723801612854
0.2865667939186096
0.28704261779785156
0.2870573401451111
0.28667378425598145
0.28635919094085693
0.2865355610847473
0.28697237372398376
0.2879731059074402
0.2880140542984009
0.28766748309135437
0.28783658146858215
0.2877826392650604
0.2879636883735657
0.2875250577926636
0.2884271740913391
0.2881647050380707
0.2888464033603668
0.2876652777194977
0.2886344790458679
0.2888332009315491
0.288203626871109
0.2883935868740082
0.28792858123779297
0.2880017161369324
0.28801172971725464
0.28796690702438354
0.2875370681285858
0.28800782561302185
0.2876119613647461
0.2878933250904083
0.28863587975502014
0.28904956579208374
0.2892521917819977
0.28952887654304504
0.28969308733940125
0.28922340273857117
0.2897832989692688
0.2906070947647095
0.28989678621292114
0.28939974308013916
0.28864145278930664
0.28905007243156433
0.289101779460907
0.2891230583190918
0.29039764404296875
0.29047685861587524
0.28973954916000366
0.28938525915145874
0.28992390632629395
0.290668249130249
0.2904825508594513
0.2903275489807129
0.28965410590171814
0.28955239057540894
0.2889895439147949
0.28868696093559265
0.2890629172325134
0.2897242307662964
0.28994035720825195
0.2899317741394043
0.29049721360206604
0.29105332493782043
0.29022207856178284
0.29092082381248474
0.2907540500164032
0.29173997044563293
0.2920926511287689
0.2914784550666809
0.29114577174186707
0.29157567024230957
0.29224693775177
0.2917567789554596
0.2915450930595398
0.2916697561740875
0.2908937931060791
0.29099592566490173
0.2902957797050476
0.29037973284721375
0.29087358713150024
0.2913077473640442
0.29213181138038635
0.29283612966537476
0.2926390469074249
0.2922416031360626
0.2921728193759918
0.29152652621269226
0.29252180457115173
0.2919825613498688
0.29136067628860474
0.29153677821159363
0.29155614972114563
0.2912140488624573
0.29148605465888977
0.29140505194664
0.29172441363334656
0.29135581851005554
0.2911093235015869
0.2913160026073456
0.2909078299999237
0.29059889912605286
0.2905987501144409
0.29010075330734253
0.290576696395874
0.2899726629257202
0.2905406057834625
0.2908600866794586
0.2904534339904785
0.29068541526794434
0.29102635383605957
0.29181337356567383
0.2914726734161377
0.2920162081718445
0.29194721579551697
0.2919944226741791
0.2919803857803345
0.2929624021053314
0.2924336791038513
0.29312700033187866
0.29367077350616455
0.2931444048881531
0.29342836141586304
0.2926008999347687
0.29263079166412354
0.29229480028152466
0.29355916380882263
0.2935357987880707
0.29370051622390747
0.29335299134254456
0.29345816373825073
0.2933517098426819
0.29286259412765503
0.2931936979293823
0.2932948172092438
0.29336246848106384
0.2933120131492615
0.2929413616657257
0.29243460297584534
0.2921344041824341
0.29237574338912964
0.29202306270599365
0.2921672463417053
0.2924288809299469
0.29230526089668274
0.2922365367412567
0.29223939776420593
0.2919275462627411
0.2920556962490082
0.2927111089229584
0.2926163077354431
0.29313039779663086
0.29379937052726746
0.29304489493370056
0.2933425307273865
0.2933085858821869
0.29298505187034607
0.29291585087776184
0.2929709851741791
0.29316478967666626
0.2922668755054474
0.29185062646865845
0.29248157143592834
0.2917286455631256
0.29230713844299316
0.293002724647522
0.29274922609329224
0.29324591159820557
0.29244697093963623
0.2919369339942932
0.29145127534866333
0.29218748211860657
0.292705237865448
0.293009877204895
0.29315170645713806
0.2936325669288635
0.29341521859169006
0.2942768335342407
0.2926682233810425
0.29289212822914124
0.292391300201416
0.2923690974712372
0.29170718789100647
0.29191476106643677
0.2919486165046692
0.29184818267822266
0.29135414958000183
0.2915324568748474
0.2918371558189392
0.29135140776634216
0.29165419936180115
0.2909484803676605
0.29170605540275574
0.2928468883037567
0.2927582859992981
0.29194533824920654
0.29236528277397156
0.29178133606910706
0.2920190095901489
0.29224255681037903
0.2928115725517273
0.2924260199069977
0.29305708408355713
0.29285749793052673
0.29237738251686096
0.29163381457328796
0.2920660674571991
0.2919391393661499
0.2914726138114929
0.2908947169780731
0.2905569076538086
0.29063355922698975
0.2906123101711273
0.29108864068984985
0.29030749201774597
0.29023227095603943
0.28982508182525635
0.28949564695358276
0.28933829069137573
0.28914475440979004
0.28962957859039307
0.28926506638526917
0.2891749143600464
0.28926438093185425
0.28922873735427856
0.28838929533958435
0.28849321603775024
0.28877633810043335
0.289092481136322
0.28961166739463806
0.2891552448272705
0.28942233324050903
0.2887789011001587
0.28870388865470886
0.28818899393081665
0.28789275884628296
0.28803354501724243
0.28785189986228943
0.2889070212841034
0.2890439033508301
0.28793835639953613
0.2880074381828308
0.2876374125480652
0.2885863184928894
0.28894540667533875
0.28898152709007263
0.28900066018104553
0.2890335023403168
0.28895244002342224
0.2885218858718872
0.28772348165512085
0.2877342700958252
0.2872232496738434
0.28658509254455566
0.28641751408576965
0.2861132025718689
0.28593337535858154
0.2854299545288086
0.28562062978744507
0.28536224365234375
0.2853224575519562
0.2848816215991974
0.2857304513454437
0.285787433385849
0.28623655438423157
0.2863062918186188
0.2861945629119873
0.28582289814949036
0.2863520383834839
0.28631851077079773
0.2862977087497711
0.2860254943370819
0.285625696182251
0.2855157256126404
0.28550466895103455
0.2856284976005554
0.2859722375869751
0.2860235273838043
0.2868853807449341
0.286275178194046
0.2860822379589081
0.2871008813381195
0.2864442765712738
0.2866576910018921
0.2865426540374756
0.2862257957458496
0.2857658565044403
0.2858031690120697
0.28599241375923157
0.2858850061893463
0.28570812940597534
0.28456783294677734
0.2845609486103058
0.28476548194885254
0.28458747267723083
0.28464481234550476
0.2851383090019226
0.2852022349834442
0.2847839295864105
0.2850259244441986
0.28551626205444336
0.2841722369194031
0.2838350832462311
0.28381407260894775
0.28298506140708923
0.28282293677330017
0.2825901508331299
0.28208422660827637
0.28200915455818176
0.28140023350715637
0.28101590275764465
0.28190329670906067
0.28115761280059814
0.2815011739730835
0.28259941935539246
0.2825416028499603
0.2828482389450073
0.28214049339294434
0.28144896030426025
0.2821651101112366
0.28188157081604004
0.28169623017311096
0.2812410295009613
0.2809591293334961
0.2806837856769562
0.28120535612106323
0.28082913160324097
0.2805928885936737
0.2803877294063568
0.2803666591644287
0.28026920557022095
0.27975067496299744
0.2794715166091919
0.27960294485092163
0.2793373167514801
0.2799265384674072
0.28004953265190125
0.280087947845459
0.2800372242927551
0.27996283769607544
0.27941256761550903
0.2790982127189636
0.27894213795661926
0.280155748128891
0.27975496649742126
0.2793845534324646
0.2798382341861725
0.27982649207115173
0.2782337963581085
0.27842241525650024
0.27816733717918396
0.27905037999153137
0.2792639136314392
0.2794284522533417
0.27921608090400696
0.27858030796051025
0.2783855199813843
0.27861735224723816
0.278898149728775
0.27835169434547424
0.27740946412086487
0.2770247757434845
0.2762344479560852
0.27618280053138733
0.27622678875923157
0.2769068777561188
0.2770528197288513
0.27743321657180786
0.2773999869823456
0.2770817279815674
0.2760509252548218
0.27521026134490967
0.2746565341949463
0.27440163493156433
0.2735247313976288
0.27393606305122375
0.27384087443351746
0.273885041475296
0.2739608883857727
0.27338549494743347
0.27317818999290466
0.2736334800720215
0.27352413535118103
0.2739942967891693
0.27466997504234314
0.27436360716819763
0.2740749418735504
0.27337589859962463
0.2732197344303131
0.2737320065498352
0.2734622657299042
0.27341046929359436
0.2732490301132202
0.273025244474411
0.27264827489852905
0.27207687497138977
0.2718439996242523
0.2717727720737457
0.27214398980140686
0.27257299423217773
0.27267661690711975
0.2734932005405426
0.2731534540653229
0.27317574620246887
0.2728632986545563
0.2723139822483063
0.2724471986293793
0.27154454588890076
0.2716626226902008
0.2711419463157654
0.2711382806301117
0.2701321840286255
0.2697351276874542
0.2699369788169861
0.26992255449295044
0.27008020877838135
0.2702941596508026
0.26961877942085266
0.26987943053245544
0.27055802941322327
0.26982712745666504
0.26935774087905884
0.26843926310539246
0.26868966221809387
0.26819390058517456
0.26799529790878296
0.2679537534713745
0.26824522018432617
0.2678658366203308
0.26781514286994934
0.26847562193870544
0.26791638135910034
0.26833784580230713
0.26816561818122864
0.2664000689983368
0.2670690715312958
0.2671967148780823
0.26704689860343933
0.2665237784385681
0.26672083139419556
0.26634153723716736
0.2667993903160095
0.26701822876930237
0.2671504020690918
0.26659074425697327
0.2673102617263794
0.2662866413593292
0.26506727933883667
0.2651417553424835
0.26490548253059387
0.2637481987476349
0.26421481370925903
0.2632991373538971
0.26322704553604126
0.26355215907096863
0.2635296583175659
0.26372992992401123
0.26365238428115845
0.26378726959228516
0.2635234296321869
0.2624879479408264
0.26305142045021057
0.263438880443573
0.2639450430870056
0.26362165808677673
0.2632838785648346
0.26328012347221375
0.26240232586860657
0.26270392537117004
0.26184192299842834
0.26164084672927856
0.2608823776245117
0.25965970754623413
0.25946301221847534
0.2590063810348511
0.2582100033760071
0.2586352527141571
0.2577444016933441
0.25815755128860474
0.2578319311141968
0.2583976089954376
0.2582598328590393
0.258822500705719
0.25902605056762695
0.258527934551239
0.25862210988998413
0.2587091326713562
0.2587999999523163
0.25863394141197205
0.2582484483718872
0.2575325071811676
0.25771939754486084
0.2580031752586365
0.2574693262577057
0.2568514049053192
0.2562963664531708
0.25626176595687866
0.25553587079048157
0.25572237372398376
0.2557564079761505
0.2552199959754944
0.2549770474433899
0.2548002600669861
0.25530585646629333
0.2549636662006378
0.2551741898059845
0.25539278984069824
0.2548832297325134
0.25458019971847534
0.25391384959220886
0.25321993231773376
0.25334787368774414
0.2537615895271301
0.2535160779953003
0.25293582677841187
0.25251686573028564
0.2522449493408203
0.25223809480667114
0.25253015756607056
0.2530665397644043
0.2524609863758087
0.25213542580604553
0.2518366873264313
0.25119760632514954
0.25047174096107483
0.2510135769844055
0.2509933114051819
0.251444935798645
0.25084513425827026
0.25062862038612366
0.2514992356300354
0.25118568539619446
0.25074633955955505
0.25021597743034363
0.24970409274101257
0.24985811114311218
0.24950318038463593
0.24927915632724762
0.2487182468175888
0.24902553856372833
0.24899724125862122
0.24907134473323822
0.24900603294372559
0.24893875420093536
0.24880969524383545
0.2486996054649353
0.2475532591342926
0.24683374166488647
0.2468949556350708
0.2467588484287262
0.24720197916030884
0.2475893646478653
0.24749010801315308
0.24742110073566437
0.247438445687294
0.2466808706521988
0.2467985600233078
0.24682672321796417
0.24580106139183044
0.245398610830307
0.24468384683132172
0.2443719506263733
0.24422577023506165
0.24394217133522034
0.24422606825828552
0.2442680299282074
0.24391889572143555
0.2432774305343628
0.24285082519054413
0.24302102625370026
0.2426712065935135
0.2420278787612915
0.24246010184288025
0.24247246980667114
0.2422686368227005
0.24198099970817566
0.24172137677669525
0.24202172458171844
0.24187645316123962
0.2413252592086792
0.24079552292823792
0.24096931517124176
0.24128231406211853
0.2404697835445404
0.24021826684474945
0.24015477299690247
0.2398017942905426
0.23946642875671387
0.23931777477264404
0.23952604830265045
0.23889145255088806
0.23777003586292267
0.23722098767757416
0.23666897416114807
0.23720809817314148
0.23675306141376495
0.23728735744953156
0.23726128041744232
0.23671787977218628
0.23627826571464539
0.23624560236930847
0.2364070564508438
0.2361077219247818
0.23603984713554382
0.23640625178813934
0.23598423600196838
0.23534516990184784
0.23504146933555603
0.23425881564617157
0.23400312662124634
0.23401322960853577
0.23429860174655914
0.23418273031711578
0.2344021201133728
0.23410159349441528
0.23385009169578552
0.2331443428993225
0.23379656672477722
0.23389293253421783
0.23321762681007385
0.23314236104488373
0.23334529995918274
0.23359352350234985
0.233480304479599
0.23332686722278595
0.23326943814754486
0.23253056406974792
0.23226550221443176
0.23263782262802124
0.23193933069705963
0.23178645968437195
0.23111826181411743
0.23085130751132965
0.2308228313922882
0.23107656836509705
0.23085081577301025
0.23023900389671326
0.22973406314849854
0.22927427291870117
0.2293563336133957
0.22963564097881317
0.2291145920753479
0.2289537638425827
0.22864459455013275
0.22863031923770905
0.22868268191814423
0.2288515269756317
0.2288813441991806
0.22923129796981812
0.22846612334251404
0.22827796638011932
0.2291277050971985
0.22873596847057343
0.22849728167057037
0.22836224734783173
0.22754554450511932
0.2268969714641571
0.22703175246715546
0.22771285474300385
0.22745373845100403
0.22714051604270935
0.22652578353881836
0.2256491482257843
0.2255832552909851
0.2252705991268158
0.225263774394989
0.22488951683044434
0.2246236652135849
0.22426128387451172
0.22442542016506195
0.22443094849586487
0.22401362657546997
0.2237585335969925
0.2235948145389557
0.2232947051525116
0.22321000695228577
0.22244974970817566
0.2225170135498047
0.22244681417942047
0.22240568697452545
0.22238685190677643
0.2219216525554657
0.22215428948402405
0.22196154296398163
0.22226476669311523
0.22209838032722473
0.22162102162837982
0.22132322192192078
0.22053013741970062
0.2204967737197876
0.2202305942773819
0.21949860453605652
0.2198927104473114
0.21993927657604218
0.2200103998184204
0.2202262431383133
0.21930228173732758
0.21944047510623932
0.2191857546567917
0.219532310962677
0.2187381386756897
0.21879585087299347
0.21810488402843475
0.21759343147277832
0.216802179813385
0.21635818481445312
0.21628355979919434
0.21618248522281647
0.2166292667388916
0.2160339504480362
0.21568548679351807
0.21612194180488586
0.21571485698223114
0.21529138088226318
0.21514423191547394
0.21483886241912842
0.21556025743484497
0.21529339253902435
0.21512441337108612
0.21517141163349152
0.21453052759170532
0.21452200412750244
0.2143440544605255
0.2142931967973709
0.21447815001010895
0.21449051797389984
0.2147756814956665
0.21502645313739777
0.21492239832878113
0.2140190154314041
0.21269242465496063
0.2126132845878601
0.21210020780563354
0.211603581905365
0.2118096798658371
0.2116931527853012
0.2108083963394165
0.21036748588085175
0.21053172647953033
0.20996378362178802
0.20964011549949646
0.20984907448291779
0.2095196396112442
0.20905576646327972
0.20870612561702728
0.20888198912143707
0.20871779322624207
0.20893505215644836
0.20851242542266846
0.20842412114143372
0.20775765180587769
0.20830515027046204
0.2084549367427826
0.2084510773420334
0.20857027173042297
0.20822900533676147
0.20804919302463531
0.20793069899082184
0.20760402083396912
0.20764824748039246
0.2076464295387268
0.20760460197925568
0.20721617341041565
0.20722970366477966
0.20659098029136658
0.20595675706863403
0.20520323514938354
0.20536747574806213
0.2055654674768448
0.20573310554027557
0.20510618388652802
0.20512324571609497
0.2047402709722519
0.20437733829021454
0.2041998952627182
0.20383502542972565
0.2032201588153839
0.20263105630874634
0.20291222631931305
0.20264457166194916
0.2023230344057083
0.2021552324295044
0.2019582986831665
0.2018047571182251
0.2019757777452469
0.20121219754219055
0.20067040622234344
0.20030972361564636
0.20040054619312286
0.20002369582653046
0.20046092569828033
0.20028744637966156
0.20025591552257538
0.2002205103635788
0.2001180797815323
0.19966623187065125
0.20019949972629547
0.19973327219486237
0.19985432922840118
0.20026862621307373
0.20002003014087677
0.2000013291835785
0.19940133392810822
0.1986711621284485
0.19842776656150818
0.19772522151470184
0.19783054292201996
0.19798977673053741
0.19792230427265167
0.19766803085803986
0.19743764400482178
0.19691316783428192
0.19669832289218903
0.19629323482513428
0.19634860754013062
0.19630470871925354
0.19610914587974548
0.19621020555496216
0.19573773443698883
0.19496183097362518
0.1947438269853592
0.19468891620635986
0.19444091618061066
0.19451335072517395
0.19435863196849823
0.19462819397449493
0.19448257982730865
0.19447030127048492
0.19406872987747192
0.19370488822460175
0.19358792901039124
0.1932869404554367
0.19313932955265045
0.19347639381885529
0.19339996576309204
0.19292888045310974
0.19236458837985992
0.19232097268104553
0.19227218627929688
0.19199775159358978
0.19167368113994598
0.19121861457824707
0.191199392080307
0.1911706179380417
0.1913265734910965
0.1908513903617859
0.1906040459871292
0.19030216336250305
0.18982014060020447
0.18994112312793732
0.18943463265895844
0.19010332226753235
0.18986518681049347
0.18963992595672607
0.189303919672966
0.18911854922771454
0.1888187825679779
0.18866881728172302
0.18912358582019806
0.18895792961120605
0.18866419792175293
0.18849223852157593
0.18750737607479095
0.18713749945163727
0.18687283992767334
0.18695257604122162
0.18680442869663239
0.18658234179019928
0.1861400604248047
0.18600840866565704
0.1855875849723816
0.18539008498191833
0.18524448573589325
0.18537643551826477
0.18543924391269684
0.18521736562252045
0.18517287075519562
0.18490664660930634
0.1849995106458664
0.18463025987148285
0.18458178639411926
0.18397200107574463
0.18433783948421478
0.18408210575580597
0.18391157686710358
0.1834554672241211
0.18329204618930817
0.18318982422351837
0.18279439210891724
0.18294894695281982
0.1828022003173828
0.18297447264194489
0.18288956582546234
0.18293218314647675
0.18288777768611908
0.18224972486495972
0.1824834942817688
0.18206247687339783
0.1822994351387024
0.1825362741947174
0.18232238292694092
0.18204659223556519
0.18206484615802765
0.18137240409851074
0.18125614523887634
0.18170516192913055
0.18148654699325562
0.1808110624551773
0.18090105056762695
0.18050171434879303
0.1804320514202118
0.17994040250778198
0.17972446978092194
0.17937099933624268
0.17966333031654358
0.17951881885528564
0.17895399034023285
0.17880719900131226
0.17884784936904907
0.17846335470676422
0.17833605408668518
0.17853772640228271
0.17889149487018585
0.1788361519575119
0.17897510528564453
0.17890039086341858
0.17850014567375183
0.17808400094509125
0.1778012216091156
0.1776534616947174
0.1777239888906479
0.17761775851249695
0.17755155265331268
0.17711690068244934
0.17678916454315186
0.1767735481262207
0.1767372041940689
0.17642374336719513
0.1765235960483551
0.17641519010066986
0.17599692940711975
0.175996333360672
0.17622962594032288
0.17586366832256317
0.17563417553901672
0.17518848180770874
0.17493833601474762
0.1749894618988037
0.17495857179164886
0.17435230314731598
0.1743391454219818
0.1746560037136078
0.17455361783504486
0.17376914620399475
0.1735231876373291
0.17341557145118713
0.1736387312412262
0.17337656021118164
0.17381885647773743
0.17367103695869446
0.173784539103508
0.17293359339237213
0.1730470508337021
0.17289118468761444
0.172675222158432
0.17245249450206757
0.1718904674053192
0.17212195694446564
0.17213712632656097
0.17190201580524445
0.1717265546321869
0.1722249984741211
0.1720769852399826
0.17146866023540497
0.17140185832977295
0.17142920196056366
0.17156700789928436
0.17152264714241028
0.17132686078548431
0.17087194323539734
0.17118962109088898
0.17090946435928345
0.1707361936569214
0.17068301141262054
0.17055077850818634
0.17006972432136536
0.17006613314151764
0.1698795109987259
0.17018400132656097
0.16971661150455475
0.16983158886432648
0.16955967247486115
0.1693587452173233
0.1695593148469925
0.16933003067970276
0.16921532154083252
0.1692030429840088
0.16939280927181244
0.16942182183265686
0.16965141892433167
0.16929425299167633
0.1691666841506958
0.16937227547168732
0.16828879714012146
0.16810952126979828
0.16769061982631683
0.16822996735572815
0.1680872142314911
0.16753968596458435
0.16743391752243042
0.16700376570224762
0.16710762679576874
0.16772037744522095
0.1676936000585556
0.16668951511383057
0.16653931140899658
0.1661459505558014
0.16626928746700287
0.16683897376060486
0.1670675277709961
0.16669857501983643
0.16654852032661438
0.16569197177886963
0.16570402681827545
0.16545438766479492
0.16514363884925842
0.16539537906646729
0.16518670320510864
0.16524337232112885
0.1654409021139145
0.16594716906547546
0.165627583861351
0.16524815559387207
0.1648525446653366
0.16479898989200592
0.16480128467082977
0.16424663364887238
0.16420206427574158
0.16365952789783478
0.16379375755786896
0.1635311096906662
0.16397136449813843
0.16385948657989502
0.16359426081180573
0.1636490821838379
0.16341307759284973
0.16376212239265442
0.16371485590934753
0.16358144581317902
0.1634867936372757
0.16321134567260742
0.16333341598510742
0.16323994100093842
0.16369956731796265
0.16344626247882843
0.1636074036359787
0.16324028372764587
0.16296464204788208
0.1629980355501175
0.16272294521331787
0.1625996232032776
0.16255396604537964
0.16286779940128326
0.16254614293575287
0.16243454813957214
0.16179217398166656
0.16171596944332123
0.1621435284614563
0.16226151585578918
0.1624552607536316
0.16192743182182312
0.1615075170993805
0.16202624142169952
0.16217805445194244
0.16202279925346375
0.16224071383476257
0.16178292036056519
0.16159158945083618
0.16115210950374603
0.1610233187675476
0.1606176644563675
0.16082240641117096
0.1610819697380066
0.1610090434551239
0.16122804582118988
0.16116029024124146
0.16075170040130615
0.16015435755252838
0.15996846556663513
0.15996596217155457
0.16006624698638916
0.16006048023700714
0.15977004170417786
0.15976464748382568
0.15975770354270935
0.15986217558383942
0.15971924364566803
0.15952329337596893
0.1596861481666565
0.1592121720314026
0.15924757719039917
0.15878313779830933
0.15921638906002045
0.15894773602485657
0.15870517492294312
0.15869742631912231
0.1587596982717514
0.15874631702899933
0.15894734859466553
0.15912239253520966
0.15902957320213318
0.15918642282485962
0.15899105370044708
0.15860198438167572
0.15863177180290222
0.1586758941411972
0.15843750536441803
0.15802307426929474
0.15809424221515656
0.15757261216640472
0.15764927864074707
0.15773166716098785
0.1578175574541092
0.1574343889951706
0.1576261967420578
0.15787440538406372
0.15801391005516052
0.1578308790922165
0.157545268535614
0.1576964557170868
0.15741416811943054
0.15740548074245453
0.15722258388996124
0.15711042284965515
0.1568262130022049
0.157023623585701
0.1563437581062317
0.1563226282596588
0.15631549060344696
0.15640658140182495
0.1564142405986786
0.15636186301708221
0.15663661062717438
0.1565297693014145
0.15666458010673523
0.15654394030570984
0.15639221668243408
0.15657342970371246
0.1566942036151886
0.15678009390830994
0.15697160363197327
0.15691611170768738
0.15690775215625763
0.1566910296678543
0.1561243087053299
0.15637817978858948
0.15652507543563843
0.1564856916666031
0.1568586826324463
0.15673917531967163
0.15669727325439453
0.156569242477417
0.15655025839805603
0.15685296058654785
0.1568344533443451
0.1567782610654831
0.15646545588970184
0.15658506751060486
0.15664516389369965
0.1561058908700943
0.15600529313087463
0.15575014054775238
0.1555374413728714
0.15565937757492065
0.1557977795600891
0.15565352141857147
0.1554373800754547
0.15533298254013062
0.15508480370044708
0.1548362374305725
0.15477444231510162
0.15492762625217438
0.15514034032821655
0.15518002212047577
0.15502968430519104
0.15510797500610352
0.15527743101119995
0.15555548667907715
0.15526561439037323
0.15505088865756989
0.1547553688287735
0.15461570024490356
0.1547480672597885
0.15480583906173706
0.15444642305374146
0.15454994142055511
0.15446941554546356
0.1542988121509552
0.15445975959300995
0.15446704626083374
0.15418784320354462
0.15414389967918396
0.1540752351284027
0.15401457250118256
0.15411849319934845
0.1539766788482666
0.1538243442773819
0.15389762818813324
0.1539447158575058
0.1539940983057022
0.15410710871219635
0.15451040863990784
0.15464675426483154
0.1545850932598114
0.15433591604232788
0.1543646603822708
0.15439540147781372
0.15450967848300934
0.154388889670372
0.15429730713367462
0.15417121350765228
0.15420298278331757
0.15417350828647614
0.15405155718326569
0.15412263572216034
0.15407025814056396
0.15406017005443573
0.15416422486305237
0.15403138101100922
0.1539534479379654
0.15393325686454773
0.15398214757442474
0.15407277643680573
0.15407516062259674
0.15393078327178955
0.15421253442764282
0.15429601073265076
0.15412838757038116
0.1544654667377472
0.15434059500694275
0.1546970158815384
0.15454329550266266
0.15445052087306976
0.15424589812755585
0.1544276475906372
0.15454697608947754
0.1545131504535675
0.15481413900852203
0.15492980182170868
0.15479649603366852
0.1546124368906021
0.1545529067516327
0.15458184480667114
0.15497535467147827
0.15519340336322784
0.15519344806671143
0.15508326888084412
0.15485486388206482
0.15508323907852173
0.15502190589904785
0.1548262983560562
0.15462668240070343
0.15475478768348694
0.1546817421913147
0.15430842339992523
0.1541808694601059
0.15430618822574615
0.1543409377336502
0.1544981598854065
0.15465517342090607
0.15453356504440308
0.15438327193260193
0.1547357738018036
0.1549205332994461
0.15459279716014862
0.15471284091472626
0.15464618802070618
0.15465478599071503
0.1543380171060562
0.1541435271501541
0.15432320535182953
0.15429578721523285
0.15436872839927673
0.15441647171974182
0.15439391136169434
0.1544579416513443
0.15458571910858154
0.15481345355510712
0.15488201379776
0.15491077303886414
0.1549038141965866
0.1546097844839096
0.15477068722248077
0.15493549406528473
0.15492677688598633
0.15505345165729523
0.1549125611782074
0.15492591261863708
0.15501566231250763
0.1552143543958664
0.15532083809375763
0.1553337723016739
0.1555236130952835
0.15522773563861847
0.15506263077259064
0.1549844592809677
0.15524424612522125
0.1550596058368683
0.15516997873783112
0.1551922708749771
0.15536275506019592
0.1552778035402298
0.15524150431156158
0.155258908867836
0.15515899658203125
0.1552392989397049
0.15534545481204987
0.15567772090435028
0.1555570662021637
0.15552949905395508
0.15570621192455292
0.15583471953868866
0.1559702455997467
0.15596935153007507
0.15601041913032532
0.1559162586927414
0.15584330260753632
0.15604554116725922
0.15599316358566284
0.15595893561840057
0.15611614286899567
0.15602703392505646
0.15626147389411926
0.15605677664279938
0.15613876283168793
0.15632687509059906
0.15612387657165527
0.1563073992729187
0.15624018013477325
0.1564164012670517
0.15658360719680786
0.15656939148902893
0.15658822655677795
0.15676651895046234
0.1567472517490387
0.15685631334781647
0.15663616359233856
0.15681439638137817
0.15690624713897705
0.15677997469902039
0.15665008127689362
0.15691907703876495
0.1569797396659851
0.15691347420215607
0.1568783074617386
0.1570146530866623
0.1568705290555954
0.15715283155441284
0.15741008520126343
0.15737585723400116
0.1573319137096405
0.1572839915752411
0.15751111507415771
0.15757973492145538
0.15754415094852448
0.1577555537223816
0.15780328214168549
0.15785810351371765
0.15796634554862976
0.1579473614692688
0.1576239913702011
0.15766164660453796
0.15772922337055206
0.1578884869813919
0.1580236703157425
0.15806511044502258
0.15806086361408234
0.15789753198623657
0.15800337493419647
0.15819106996059418
0.1582522839307785
0.15815724432468414
0.15819896757602692
0.15829113125801086
0.15845252573490143
0.1586693525314331
0.15868358314037323
0.15861037373542786
0.15842202305793762
0.1586357057094574
0.15847834944725037
0.15886907279491425
0.1590404063463211
0.15919902920722961
0.15926627814769745
0.15928375720977783
0.15914621949195862
0.15930454432964325
0.15929727256298065
0.15934953093528748
0.15934336185455322
0.15954524278640747
0.15963833034038544
0.1596662849187851
0.15968912839889526
0.15982477366924286
0.16007785499095917
0.16012486815452576
0.15996143221855164
0.16033917665481567
0.16039563715457916
0.16021977365016937
0.16035489737987518
0.16049599647521973
0.1605476438999176
0.1607254445552826
0.16055616736412048
0.16075275838375092
0.16079992055892944
0.16054224967956543
0.16057199239730835
0.16039477288722992
0.1606006920337677
0.1605980098247528
0.16055135428905487
0.16063271462917328
0.16054120659828186
0.16050270199775696
0.16061769425868988
0.16095858812332153
0.16071733832359314
0.16095636785030365
0.160772904753685
0.16065451502799988
0.16054929792881012
0.1607203334569931
0.16082847118377686
0.16075266897678375
0.1611061692237854
0.161110982298851
0.16104060411453247
0.16118769347667694
0.16143600642681122
0.1613290160894394
0.16123288869857788
0.16111870110034943
0.1611255258321762
0.16110233962535858
0.16123607754707336
0.1615995317697525
0.16176867485046387
0.16177913546562195
0.16189423203468323
0.16183412075042725
0.1621585488319397
0.1621176302433014
0.16256749629974365
0.16258180141448975
0.16265790164470673
0.16280697286128998
0.16293896734714508
0.1628444492816925
0.1629895716905594
0.16320864856243134
0.1629641056060791
0.16316096484661102
0.1630299836397171
0.1634666919708252
0.1638340801000595
0.164022296667099
0.16417726874351501
0.16383574903011322
0.16380976140499115
0.1637505292892456
0.1639946550130844
0.16400693356990814
0.16439293324947357
0.1642571985721588
0.16404519975185394
0.16403600573539734
0.1642952561378479
0.16423974931240082
0.16416074335575104
0.1638687252998352
0.16400596499443054
0.16423200070858002
0.16402240097522736
0.16396911442279816
0.1640223264694214
0.16431404650211334
0.16440217196941376
0.16449564695358276
0.16461506485939026
0.16497665643692017
0.16458971798419952
0.16471245884895325
0.16505295038223267
0.1649317592382431
0.16535519063472748
0.16568686068058014
0.16575366258621216
0.16597214341163635
0.16584017872810364
0.16627392172813416
0.16608621180057526
0.166078120470047
0.16613063216209412
0.1663666069507599
0.16663384437561035
0.16668352484703064
0.16674114763736725
0.16672289371490479
0.16674640774726868
0.1667538285255432
0.1668674200773239
0.16704481840133667
0.16705204546451569
0.16731159389019012
0.16708272695541382
0.16710789501667023
0.16727276146411896
0.16777381300926208
0.16776368021965027
0.16763269901275635
0.16722817718982697
0.16721634566783905
0.16711509227752686
0.16714569926261902
0.16724658012390137
0.16733676195144653
0.16748586297035217
0.16762106120586395
0.1676478236913681
0.16761121153831482
0.16753697395324707
0.16734696924686432
0.16772262752056122
0.1680144965648651
0.16803769767284393
0.16807736456394196
0.16796082258224487
0.16820357739925385
0.1681555211544037
0.1684156209230423
0.16871245205402374
0.16889074444770813
0.16886410117149353
0.16897839307785034
0.1689203977584839
0.16897200047969818
0.16923514008522034
0.16921386122703552
0.16942274570465088
0.1694239228963852
0.16952453553676605
0.16930218040943146
0.16929291188716888
0.16904830932617188
0.16892409324645996
0.1689332127571106
0.1691092699766159
0.16913960874080658
0.16951985657215118
0.16955670714378357
0.16950471699237823
0.16980229318141937
0.16972558200359344
0.16968689858913422
0.1697937697172165
0.17020833492279053
0.17046283185482025
0.17046639323234558
0.17076751589775085
0.1708354353904724
0.17119500041007996
0.17146050930023193
0.17146754264831543
0.17134280502796173
0.17130215466022491
0.17095832526683807
0.17085734009742737
0.1707787662744522
0.17073717713356018
0.17072658240795135
0.17085294425487518
0.1708410382270813
0.1712227314710617
0.17132991552352905
0.1712733656167984
0.17125971615314484
0.17100831866264343
0.17114993929862976
0.17144012451171875
0.17165598273277283
0.1721467524766922
0.17219354212284088
0.17208103835582733
0.17258179187774658
0.1728041172027588
0.1730090081691742
0.172956183552742
0.17317281663417816
0.17316123843193054
0.17287616431713104
0.1730562150478363
0.17311839759349823
0.17337265610694885
0.1730266958475113
0.17316415905952454
0.17309588193893433
0.17353732883930206
0.17340873181819916
0.1731385737657547
0.17323893308639526
0.17321796715259552
0.17346230149269104
0.17360088229179382
0.17383921146392822
0.17373163998126984
0.17340992391109467
0.1734769195318222
0.17374758422374725
0.17358586192131042
0.17371420562267303
0.17374682426452637
0.1737847924232483
0.17390337586402893
0.1742151528596878
0.17409494519233704
0.17445221543312073
0.17464393377304077
0.17463767528533936
0.17466305196285248
0.1743159145116806
0.1745249480009079
0.17436745762825012
0.17460928857326508
0.1748625487089157
0.1748121678829193
0.17470118403434753
0.17481295764446259
0.17467612028121948
0.1747935712337494
0.17517441511154175
0.17530347406864166
0.1753719598054886
0.17564480006694794
0.17582286894321442
0.17600543797016144
0.17626984417438507
0.176598459482193
0.17629052698612213
0.17657756805419922
0.17679761350154877
0.17717288434505463
0.17723716795444489
0.17750607430934906
0.177198126912117
0.17746831476688385
0.17741379141807556
0.17732813954353333
0.17708586156368256
0.177217036485672
0.17743882536888123
0.17765693366527557
0.17748820781707764
0.17733216285705566
0.17743250727653503
0.1776391565799713
0.1779879629611969
0.17812079191207886
0.1779438704252243
0.1781323403120041
0.17790548503398895
0.17792345583438873
0.17814022302627563
0.17831207811832428
0.17845644056797028
0.1786556839942932
0.17865075170993805
0.17835108935832977
0.17850859463214874
0.17867052555084229
0.17874345183372498
0.1787368804216385
0.1788894087076187
0.17920437455177307
0.1791834831237793
0.17919881641864777
0.1791558861732483
0.17935577034950256
0.17931392788887024
0.17962978780269623
0.17954562604427338
0.17967639863491058
0.17965567111968994
0.17979128658771515
0.17979198694229126
0.17991559207439423
0.18021467328071594
0.1801220029592514
0.17997312545776367
0.17980000376701355
0.1798005849123001
0.1801072657108307
0.18007518351078033
0.18005752563476562
0.1803479641675949
0.18070556223392487
0.1805296689271927
0.18097777664661407
0.18122424185276031
0.1808658093214035
0.1809326708316803
0.18106967210769653
0.18099045753479004
0.18103788793087006
0.18110020458698273
0.18090392649173737
0.18111112713813782
0.18134288489818573
0.18126805126667023
0.18138664960861206
0.18142427504062653
0.18111872673034668
0.18125468492507935
0.1811898797750473
0.18159259855747223
0.18151238560676575
0.1815369874238968
0.18138594925403595
0.1817576140165329
0.18181531131267548
0.18187537789344788
0.181831493973732
0.18167753517627716
0.18181203305721283
0.181798055768013
0.18199685215950012
0.18225863575935364
0.18203765153884888
0.18190236389636993
0.18233101069927216
0.1823197305202484
0.182230144739151
0.18259361386299133
0.18253441154956818
0.18275441229343414
0.18293312191963196
0.18280914425849915
0.1829572319984436
0.1828710287809372
0.18282939493656158
0.18297529220581055
0.18298819661140442
0.1831304281949997
0.18306563794612885
0.18307772278785706
0.1832762360572815
0.18338602781295776
0.1833457052707672
0.18352538347244263
0.1836492121219635
0.18386487662792206
0.1837800294160843
0.18393999338150024
0.18381837010383606
0.18392153084278107
0.18369415402412415
0.183936208486557
0.1840495765209198
0.18400898575782776
0.18378376960754395
0.18390433490276337
0.18365754187107086
0.18344224989414215
0.1835964322090149
0.1837945133447647
0.1843581199645996
0.18445292115211487
0.18454886972904205
0.18448199331760406
0.18434883654117584
0.1846514344215393
0.1848737597465515
0.18534371256828308
0.18525980412960052
0.18549618124961853
0.18558116257190704
0.18515163660049438
0.18502821028232574
0.18490879237651825
0.18508176505565643
0.185348778963089
0.18556877970695496
0.18567833304405212
0.1858067661523819
0.18565361201763153
0.18557922542095184
0.18584325909614563
0.1855015754699707
0.18571993708610535
0.18574731051921844
0.18583840131759644
0.18595820665359497
0.1856948435306549
0.1858653426170349
0.18615500628948212
0.18658006191253662
0.1867702305316925
0.18670916557312012
0.18639928102493286
0.1865260750055313
0.1867801398038864
0.18667371571063995
0.18685384094715118
0.18699699640274048
0.18701322376728058
0.18703044950962067
0.18705441057682037
0.18686224520206451
0.1867683082818985
0.18678347766399384
0.18724489212036133
0.1872272938489914
0.18725727498531342
0.1871071755886078
0.1870546042919159
0.18740397691726685
0.1874113529920578
0.18746425211429596
0.1878919005393982
0.18769234418869019
0.18766333162784576
0.18814142048358917
0.18816059827804565
0.18832679092884064
0.18845413625240326
0.18808671832084656
0.1882704645395279
0.18816865980625153
0.1884266436100006
0.18877020478248596
0.18877795338630676
0.18869715929031372
0.18883879482746124
0.18883635103702545
0.1889248639345169
0.18912272155284882
0.1887454092502594
0.18914565443992615
0.18922953307628632
0.18912045657634735
0.18917019665241241
0.18923917412757874
0.18908965587615967
0.18905752897262573
0.18892745673656464
0.1888819932937622
0.18893572688102722
0.18935640156269073
0.18935279548168182
0.18934914469718933
0.18982945382595062
0.18959371745586395
0.18977399170398712
0.18970726430416107
0.18973280489444733
0.18981002271175385
0.18945352733135223
0.1896160989999771
0.18994195759296417
0.18983229994773865
0.18980969488620758
0.1899959295988083
0.19035732746124268
0.19054508209228516
0.19059444963932037
0.1904163509607315
0.19035477936267853
0.19043278694152832
0.1904250979423523
0.19026242196559906
0.190242737531662
0.19032958149909973
0.19034692645072937
0.1907859444618225
0.19087767601013184
0.19096851348876953
0.19091983139514923
0.19091454148292542
0.19132037460803986
0.19147764146327972
0.19153985381126404
0.19190314412117004
0.1920480579137802
0.19174227118492126
0.19174279272556305
0.19141842424869537
0.1914607286453247
0.191518172621727
0.1918693333864212
0.1917043924331665
0.1912621557712555
0.19151677191257477
0.19138753414154053
0.1916179209947586
0.19171975553035736
0.19195811450481415
0.19211424887180328
0.1921081244945526
0.19216322898864746
0.19226545095443726
0.19239003956317902
0.19247600436210632
0.19249002635478973
0.19257669150829315
0.19245100021362305
0.19264857470989227
0.1926557719707489
0.19227425754070282
0.19219282269477844
0.1923571079969406
0.19271567463874817
0.19252336025238037
0.19243557751178741
0.19248180091381073
0.19276171922683716
0.19280128180980682
0.19287872314453125
0.19272026419639587
0.19255715608596802
0.19281990826129913
0.19246338307857513
0.1925795078277588
0.19271619617938995
0.193139910697937
0.19295166432857513
0.1925552487373352
0.19252024590969086
0.19245636463165283
0.19257281720638275
0.19230976700782776
0.19201555848121643
0.19239045679569244
0.19216960668563843
0.19260169565677643
0.19303357601165771
0.19292102754116058
0.1931857317686081
0.19342896342277527
0.19314803183078766
0.1930110603570938
0.193278506398201
0.19301646947860718
0.19311295449733734
0.19293862581253052
0.19326142966747284
0.19335567951202393
0.1933278739452362
0.193290576338768
0.19332751631736755
0.19338904321193695
0.19380860030651093
0.19388699531555176
0.1941087394952774
0.19372454285621643
0.19371627271175385
0.19375090301036835
0.19387738406658173
0.1941452920436859
0.1937207728624344
0.19415685534477234
0.1944107711315155
0.19432972371578217
0.1945469081401825
0.19488076865673065
0.19519127905368805
0.19492071866989136
0.19501705467700958
0.19490092992782593
0.1944277286529541
0.1943483054637909
0.19452357292175293
0.19468954205513
0.19471144676208496
0.19466982781887054
0.19478406012058258
0.19475960731506348
0.1949842870235443
0.1955343335866928
0.19546811282634735
0.19573627412319183
0.19551168382167816
0.19566792249679565
0.1957119256258011
0.19545094668865204
0.1952856481075287
0.19535928964614868
0.19540788233280182
0.19530552625656128
0.1952902376651764
0.1950313299894333
0.19483928382396698
0.19542954862117767
0.19534465670585632
0.1956438422203064
0.1960110366344452
0.19558686017990112
0.19549155235290527
0.19603151082992554
0.19604910910129547
0.19593524932861328
0.19591331481933594
0.19593466818332672
0.1957804411649704
0.19581884145736694
0.19589105248451233
0.1956666260957718
0.19594687223434448
0.19572193920612335
0.1960185170173645
0.1963469535112381
0.19576214253902435
0.1958283931016922
0.19593998789787292
0.19619250297546387
0.19634386897087097
0.19646890461444855
0.19634488224983215
0.19612011313438416
0.19612957537174225
0.19606560468673706
0.1958586722612381
0.19599804282188416
0.19596891105175018
0.19644701480865479
0.19643282890319824
0.1962582916021347
0.19624486565589905
0.19638702273368835
0.19614830613136292
0.19641776382923126
0.19631899893283844
0.19676616787910461
0.19702883064746857
0.19710665941238403
0.1972641795873642
0.19726133346557617
0.19731371104717255
0.19756470620632172
0.1973043531179428
0.1972436159849167
0.19786879420280457
0.1979624181985855
0.19825369119644165
0.1982150822877884
0.19798137247562408
0.19827009737491608
0.19803936779499054
0.19810940325260162
0.19825361669063568
0.1983836591243744
0.198018416762352
0.19787894189357758
0.1980099231004715
0.19811494648456573
0.19826431572437286
0.19824248552322388
0.19814054667949677
0.19779373705387115
0.19804111123085022
0.19786013662815094
0.19791455566883087
0.1977601796388626
0.19790956377983093
0.1982409656047821
0.1982298046350479
0.1980513632297516
0.19797773659229279
0.19813275337219238
0.19795465469360352
0.19787417352199554
0.19744132459163666
0.19771966338157654
0.19838577508926392
0.19833414256572723
0.19816474616527557
0.19822750985622406
0.19827528297901154
0.19844605028629303
0.19869373738765717
0.19907692074775696
0.19886139035224915
0.19841381907463074
0.19843633472919464
0.1980891227722168
0.19829916954040527
0.19793131947517395
0.19828014075756073
0.1981925368309021
0.19832327961921692
0.19793327152729034
0.1978004425764084
0.19770248234272003
0.19852308928966522
0.19847171008586884
0.1986592561006546
0.19887986779212952
0.19891487061977386
0.19895720481872559
0.198976069688797
0.19857342541217804
0.1985616385936737
0.1983906328678131
0.19834460318088531
0.1978391855955124
0.19780734181404114
0.19775423407554626
0.1984681487083435
0.1987723708152771
0.1989964097738266
0.19899874925613403
0.19938604533672333
0.19910380244255066
0.19908137619495392
0.19908539950847626
0.19865061342716217
0.19903483986854553
0.19868239760398865
0.1992829442024231
0.19921323657035828
0.19919848442077637
0.19936595857143402
0.19945946335792542
0.19939574599266052
0.19898737967014313
0.19867044687271118
0.1982363611459732
0.1986588090658188
0.19828779995441437
0.19861312210559845
0.19848506152629852
0.1991279125213623
0.19862881302833557
0.1981760561466217
0.19828714430332184
0.19852901995182037
0.19876809418201447
0.19904354214668274
0.19962270557880402
0.19941513240337372
0.19962795078754425
0.1995750367641449
0.1994183212518692
0.19972148537635803
0.20006424188613892
0.20013660192489624
0.1996423453092575
0.19973494112491608
0.20015421509742737
0.19980187714099884
0.19972768425941467
0.2000008374452591
0.200166255235672
0.2003534883260727
0.19995778799057007
0.19979014992713928
0.19983752071857452
0.19986295700073242
0.20008409023284912
0.1997072696685791
0.20008064806461334
0.20000115036964417
0.19995905458927155
0.19989320635795593
0.19989663362503052
0.19960127770900726
0.1996528059244156
0.19947238266468048
0.1993035078048706
0.19971083104610443
0.19971710443496704
0.20003865659236908
0.20015081763267517
0.20000505447387695
0.1999233067035675
0.19979925453662872
0.19982028007507324
0.19978129863739014
0.19992369413375854
0.19962722063064575
0.19946584105491638
0.19947238266468048
0.19968819618225098
0.19950035214424133
0.19932778179645538
0.19942279160022736
0.19924461841583252
0.1998678296804428
0.19987820088863373
0.19983240962028503
0.19954964518547058
0.19954563677310944
0.1997537463903427
0.20020605623722076
0.19991707801818848
0.19994747638702393
0.20041631162166595
0.20016731321811676
0.19989828765392303
0.19985221326351166
0.199681356549263
0.19941703975200653
0.199762225151062
0.20027150213718414
0.2004074901342392
0.19998754560947418
0.20007914304733276
0.19963744282722473
0.19972170889377594
0.19998906552791595
0.19963401556015015
0.20025834441184998
0.20036563277244568
0.20037999749183655
0.20072874426841736
0.20029431581497192
0.20006144046783447
0.20081162452697754
0.2002822458744049
0.2002614289522171
0.20041799545288086
0.20096555352210999
0.20101788640022278
0.2007642686367035
0.20032279193401337
0.2001972496509552
0.20054219663143158
0.20030802488327026
0.2000972032546997
0.20038701593875885
0.20087584853172302
0.20075245201587677
0.20073957741260529
0.20035457611083984
0.20018307864665985
0.19995005428791046
0.19976744055747986
0.2001410275697708
0.2000073939561844
0.20035859942436218
0.20036762952804565
0.2001143991947174
0.20020128786563873
0.20020005106925964
0.2001459002494812
0.20041139423847198
0.20061857998371124
0.20088830590248108
0.20088709890842438
0.2011164277791977
0.20146287977695465
0.20135676860809326
0.20134247839450836
0.20123989880084991
0.20096077024936676
0.20114478468894958
0.20084719359874725
0.2005433291196823
0.20063874125480652
0.2006407082080841
0.2004888951778412
0.20032094419002533
0.20013462007045746
0.20003175735473633
0.20048634707927704
0.2004467099905014
0.20037658512592316
0.20027467608451843
0.20055456459522247
0.2007295787334442
0.20062163472175598
0.2006567418575287
0.20026175677776337
0.20003359019756317
0.19996421039104462
0.20006780326366425
0.19974146783351898
0.19975297152996063
0.20009393990039825
0.19968271255493164
0.19934935867786407
0.19955377280712128
0.1993255615234375
0.19968688488006592
0.1997290700674057
0.19982647895812988
0.19986434280872345
0.20006808638572693
0.20053257048130035
0.20053260028362274
0.20043501257896423
0.19995635747909546
0.19977839291095734
0.1997634321451187
0.1996304988861084
0.19972540438175201
0.19966942071914673
0.19984787702560425
0.1997438371181488
0.19953958690166473
0.1995430886745453
0.1999177634716034
0.19989977777004242
0.20002424716949463
0.1998857706785202
0.19979144632816315
0.19979695975780487
0.19949941337108612
0.19961857795715332
0.198841854929924
0.19892911612987518
0.19887474179267883
0.199239581823349
0.19934000074863434
0.19921565055847168
0.198827862739563
0.19901494681835175
0.19887198507785797
0.1991557627916336
0.1992499828338623
0.1991887241601944
0.19958551228046417
0.1990485042333603
0.1994117796421051
0.19905135035514832
0.19866801798343658
0.19859576225280762
0.19883589446544647
0.19874323904514313
0.19893737137317657
0.19905701279640198
0.1988793909549713
0.19880785048007965
0.19952507317066193
0.1999192088842392
0.20009557902812958
0.20011568069458008
0.20004959404468536
0.20018889009952545
0.19999921321868896
0.20014096796512604
0.20013684034347534
0.199919655919075
0.20022422075271606
0.1999872326850891
0.1994907259941101
0.19953064620494843
0.19947683811187744
0.19929106533527374
0.19936081767082214
0.19975826144218445
0.19944490492343903
0.19931380450725555
0.19923825562000275
0.19916756451129913
0.19830003380775452
0.1982952207326889
0.19824212789535522
0.1977357566356659
0.1979617476463318
0.19816099107265472
0.19804179668426514
0.19844426214694977
0.19838473200798035
0.1981229931116104
0.1977342814207077
0.19741950929164886
0.1977662593126297
0.1975119560956955
0.1972951740026474
0.19688212871551514
0.19760657846927643
0.19742046296596527
0.19786599278450012
0.19807815551757812
0.19833797216415405
0.1980138123035431
0.19767235219478607
0.19778868556022644
0.19760823249816895
0.19814525544643402
0.19827120006084442
0.19830650091171265
0.19793638586997986
0.19767509400844574
0.19742561876773834
0.1971701830625534
0.19720447063446045
0.19719289243221283
0.1973043531179428
0.19727680087089539
0.19705870747566223
0.19717556238174438
0.19694779813289642
0.196692556142807
0.19661477208137512
0.1962003856897354
0.19613580405712128
0.19642412662506104
0.19674763083457947
0.19657117128372192
0.19662036001682281
0.1964351385831833
0.19708530604839325
0.19740965962409973
0.19749461114406586
0.197480246424675
0.1966717541217804
0.1964377909898758
0.195989727973938
0.19609013199806213
0.19636359810829163
0.1963922679424286
0.19606265425682068
0.19607093930244446
0.19575338065624237
0.19583910703659058
0.19585822522640228
0.19546011090278625
0.1960129290819168
0.19586701691150665
0.1954774111509323
0.19598156213760376
0.19626463949680328
0.19631800055503845
0.19621393084526062
0.19642123579978943
0.19620682299137115
0.19624462723731995
0.19607508182525635
0.19592072069644928
0.196234792470932
0.1960783749818802
0.1959049105644226
0.19568361341953278
0.19552719593048096
0.19549399614334106
0.1955065131187439
0.19514118134975433
0.1951684206724167
0.19484904408454895
0.19485889375209808
0.19512253999710083
0.1951477974653244
0.195506751537323
0.19569461047649384
0.19585585594177246
0.19632819294929504
0.19528163969516754
0.19520342350006104
0.1950387805700302
0.19509218633174896
0.19524464011192322
0.19520899653434753
0.19450508058071136
0.194698765873909
0.19410884380340576
0.19427081942558289
0.1938914656639099
0.19415490329265594
0.19434283673763275
0.19427718222141266
0.1946861296892166
0.1947118639945984
0.19436046481132507
0.19465266168117523
0.19463591277599335
0.1940503865480423
0.19442681968212128
0.19440296292304993
0.1942710429430008
0.1939326673746109
0.1938016265630722
0.19339491426944733
0.19362176954746246
0.19397075474262238
0.19393925368785858
0.19420547783374786
0.1941862404346466
0.1936856210231781
0.1939333826303482
0.19347627460956573
0.19353501498699188
0.19349107146263123
0.19315847754478455
0.19339804351329803
0.1934308409690857
0.19354213774204254
0.19313032925128937
0.1929655820131302
0.19265864789485931
0.19244487583637238
0.1923937201499939
0.1924525946378708
0.19261287152767181
0.1927230805158615
0.19270242750644684
0.19271846115589142
0.1929713934659958
0.1928693950176239
0.1931207925081253
0.19310544431209564
0.19293342530727386
0.192499577999115
0.19259363412857056
0.1921132206916809
0.19218029081821442
0.1926521509885788
0.19279827177524567
0.19264408946037292
0.19249075651168823
0.1927546113729477
0.1924586147069931
0.19228051602840424
0.19187453389167786
0.19177091121673584
0.19204725325107574
0.1920406073331833
0.19199906289577484
0.191742941737175
0.1916353702545166
0.1915258914232254
0.19140343368053436
0.1911747306585312
0.1906185746192932
0.19033688306808472
0.19058138132095337
0.19067741930484772
0.190904900431633
0.190980926156044
0.19093655049800873
0.19083169102668762
0.1909063756465912
0.19088876247406006
0.19076724350452423
0.19047805666923523
0.1904987245798111
0.1906859576702118
0.191172793507576
0.1906019151210785
0.19083400070667267
0.19137659668922424
0.19081363081932068
0.1907331645488739
0.1905951052904129
0.19046032428741455
0.19072075188159943
0.19100028276443481
0.1908154934644699
0.19052328169345856
0.19005471467971802
0.19014792144298553
0.18950052559375763
0.18955093622207642
0.18938690423965454
0.18930160999298096
0.18947169184684753
0.18929706513881683
0.18980193138122559
0.189610093832016
0.1897585391998291
0.18929506838321686
0.18941721320152283
0.18956924974918365
0.18983738124370575
0.190220445394516
0.19001084566116333
0.19030985236167908
0.1899135559797287
0.1898491233587265
0.18933376669883728
0.18931423127651215
0.18937499821186066
0.18902158737182617
0.18876299262046814
0.18867939710617065
0.1885785311460495
0.18860989809036255
0.18894100189208984
0.18919280171394348
0.1897265762090683
0.18849973380565643
0.188578799366951
0.18887752294540405
0.1886081099510193
0.18845327198505402
0.18857727944850922
0.1887488216161728
0.1885787844657898
0.18864016234874725
0.18838348984718323
0.1887092888355255
0.18852046132087708
0.18868288397789001
0.18898911774158478
0.1887693554162979
0.18867141008377075
0.18873395025730133
0.18890100717544556
0.18876011669635773
0.18850982189178467
0.18838724493980408
0.18793494999408722
0.18772903084754944
0.18739645183086395
0.18759311735630035
0.18742963671684265
0.18733294308185577
0.1870657354593277
0.18711867928504944
0.18697378039360046
0.18653343617916107
0.18661735951900482
0.18664106726646423
0.18615998327732086
0.1866799294948578
0.18653646111488342
0.18654637038707733
0.18638843297958374
0.1865580677986145
0.18638436496257782
0.18606628477573395
0.18639031052589417
0.1863485723733902
0.18665163218975067
0.1861552894115448
0.18617169559001923
0.18674303591251373
0.1862705647945404
0.18626533448696136
0.1865641325712204
0.18697166442871094
0.1861879527568817
0.18631526827812195
0.18668001890182495
0.18657748401165009
0.18596355617046356
0.18585015833377838
0.1855534166097641
0.1858208030462265
0.1859605461359024
0.18604077398777008
0.18596568703651428
0.1856951266527176
0.18550178408622742
0.1847890019416809
0.1848134696483612
0.18505032360553741
0.18519367277622223
0.18509939312934875
0.1852589100599289
0.18521487712860107
0.18524470925331116
0.18519730865955353
0.18462662398815155
0.1847914308309555
0.1848684400320053
0.18463578820228577
0.18481872975826263
0.18508407473564148
0.18530212342739105
0.18514364957809448
0.18506701290607452
0.1847400665283203
0.18474939465522766
0.1849985420703888
0.18461823463439941
0.1848566234111786
0.1846173256635666
0.18415206670761108
0.18397392332553864
0.18442100286483765
0.1842765212059021
0.18393677473068237
0.18382273614406586
0.18311041593551636
0.1830230951309204
0.18311172723770142
0.18358613550662994
0.18366074562072754
0.183646559715271
0.1839061975479126
0.1840953826904297
0.1838417649269104
0.18385964632034302
0.18378587067127228
0.1834374964237213
0.18357373774051666
0.18306607007980347
0.18315669894218445
0.18324628472328186
0.1828901767730713
0.18286465108394623
0.18209625780582428
0.18209435045719147
0.18184567987918854
0.18213646113872528
0.1821960210800171
0.18252478539943695
0.18268200755119324
0.18236513435840607
0.18180589377880096
0.18146568536758423
0.18138918280601501
0.18152792751789093
0.18177248537540436
0.18201078474521637
0.18265146017074585
0.18205244839191437
0.18193714320659637
0.18195320665836334
0.18148842453956604
0.18150770664215088
0.1823011338710785
0.18210327625274658
0.18145635724067688
0.18104995787143707
0.1812167465686798
0.18126824498176575
0.18146762251853943
0.18143504858016968
0.18154221773147583
0.1816384643316269
0.18153943121433258
0.18135206401348114
0.18155798316001892
0.18139401078224182
0.18148688971996307
0.18136152625083923
0.18102192878723145
0.18095627427101135
0.18135476112365723
0.18123984336853027
0.18151235580444336
0.18170306086540222
0.18172353506088257
0.18122519552707672
0.1813756227493286
0.1811026781797409
0.1810821145772934
0.18105360865592957
0.18089419603347778
0.18029555678367615
0.1803446114063263
0.18039226531982422
0.17977319657802582
0.17973874509334564
0.17997866868972778
0.18015439808368683
0.18036095798015594
0.17998431622982025
0.179856538772583
0.17974089086055756
0.17958463728427887
0.1792648732662201
0.17981263995170593
0.17942385375499725
0.17930859327316284
0.17944306135177612
0.1795998513698578
0.17967461049556732
0.17924430966377258
0.17938469350337982
0.1794072836637497
0.1796606332063675
0.17967192828655243
0.17961570620536804
0.1800432801246643
0.18024922907352448
0.1805487871170044
0.18029744923114777
0.17982886731624603
0.1789831668138504
0.17916470766067505
0.17857599258422852
0.1784430742263794
0.17869427800178528
0.17890189588069916
0.17878152430057526
0.17912404239177704
0.1790419965982437
0.17891861498355865
0.17875486612319946
0.1788705587387085
0.1787870079278946
0.17896798253059387
0.17861796915531158
0.17854030430316925
0.17866313457489014
0.1781528890132904
0.1775229573249817
0.17756257951259613
0.17742569744586945
0.1775834709405899
0.17764587700366974
0.17763565480709076
0.17808979749679565
0.1779695451259613
0.17750243842601776
0.1775224208831787
0.17705892026424408
0.1769607961177826
0.17711469531059265
0.1766076385974884
0.1766289919614792
0.17648383975028992
0.17644855380058289
0.176727756857872
0.17632631957530975
0.17580735683441162
0.17549166083335876
0.1754489243030548
0.17523598670959473
0.17541655898094177
0.17520244419574738
0.1752803921699524
0.17528794705867767
0.17514918744564056
0.17494355142116547
0.17489075660705566
0.17437325417995453
0.17423449456691742
0.1744820475578308
0.1743735522031784
0.17467987537384033
0.17507009208202362
0.17531011998653412
0.1750277280807495
0.17507602274417877
0.17487986385822296
0.1748257577419281
0.17553836107254028
0.17567774653434753
0.17563451826572418
0.1753058284521103
0.1749262809753418
0.1751379519701004
0.1748054325580597
0.17496906220912933
0.17494773864746094
0.175135537981987
0.17464017868041992
0.17414242029190063
0.17418119311332703
0.17424225807189941
0.17336195707321167
0.17375461757183075
0.17382030189037323
0.17355608940124512
0.17339187860488892
0.17314667999744415
0.17346777021884918
0.17334502935409546
0.17388714849948883
0.1742522418498993
0.17405758798122406
0.1739562749862671
0.1739276498556137
0.17385253310203552
0.17331817746162415
0.1733522266149521
0.17358733713626862
0.17371408641338348
0.17305409908294678
0.1730911135673523
0.17350144684314728
0.17329654097557068
0.17271554470062256
0.172424778342247
0.17227403819561005
0.17241674661636353
0.17218731343746185
0.17211729288101196
0.17215821146965027
0.17200510203838348
0.1717391312122345
0.17214834690093994
0.17218869924545288
0.1722029745578766
0.17217600345611572
0.17243638634681702
0.17208980023860931
0.17180894315242767
0.17162872850894928
0.17206376791000366
0.17193187773227692
0.17171074450016022
0.1720091849565506
0.17188096046447754
0.1713946908712387
0.17187783122062683
0.1717870682477951
0.1719120293855667
0.17149612307548523
0.17116552591323853
0.17158013582229614
0.1719222366809845
0.17196692526340485
0.1716783046722412
0.17203731834888458
0.17188748717308044
0.1714322715997696
0.17142824828624725
0.17137686908245087
0.17154794931411743
0.17152205109596252
0.17140384018421173
0.17149387300014496
0.171802818775177
0.17158739268779755
0.17126253247261047
0.17128297686576843
0.1717160940170288
0.171828493475914
0.17162498831748962
0.17175287008285522
0.1715061068534851
0.17138957977294922
0.17157863080501556
0.17155911028385162
0.17117440700531006
0.1709946095943451
0.17045822739601135
0.17068204283714294
0.17113785445690155
0.17071734368801117
0.17022714018821716
0.17034557461738586
0.16997285187244415
0.16984668374061584
0.16975750029087067
0.1702374815940857
0.16966216266155243
0.1700114756822586
0.17086336016654968
0.17075835168361664
0.17038588225841522
0.17057538032531738
0.1703811138868332
0.16978321969509125
0.17009678483009338
0.17040686309337616
0.16996219754219055
0.16987723112106323
0.17044450342655182
0.17061766982078552
0.17027513682842255
0.16998891532421112
0.16960738599300385
0.1694655567407608
0.16947242617607117
0.1695520281791687
0.16977067291736603
0.1697869896888733
0.16964182257652283
0.16916845738887787
0.16931380331516266
0.16936293244361877
0.16898518800735474
0.16902215778827667
0.16857026517391205
0.16888673603534698
0.16939523816108704
0.1691913902759552
0.16914944350719452
0.16924186050891876
0.16919490694999695
0.1688581258058548
0.16829603910446167
0.1690162569284439
0.16854096949100494
0.16818015277385712
0.16783994436264038
0.16799385845661163
0.1678338348865509
0.16860675811767578
0.16812407970428467
0.16812698543071747
0.16777126491069794
0.16788017749786377
0.1680784523487091
0.16792438924312592
0.1680694967508316
0.1683780997991562
0.16827447712421417
0.168427973985672
0.16799409687519073
0.16778291761875153
0.16762913763523102
0.16706089675426483
0.16725599765777588
0.16710808873176575
0.16737644374370575
0.16690100729465485
0.1668207198381424
0.16697807610034943
0.1669730395078659
0.1665492057800293
0.16654133796691895
0.1663157045841217
0.16643984615802765
0.1659824401140213
0.16605307161808014
0.1662440150976181
0.16615575551986694
0.16728100180625916
0.1678711175918579
0.16728763282299042
0.16721808910369873
0.1673956662416458
0.1673220545053482
0.16719189286231995
0.16681568324565887
0.16663631796836853
0.16611029207706451
0.1659712940454483
0.16642706096172333
0.16658222675323486
0.16660530865192413
0.16602641344070435
0.16578242182731628
0.16571101546287537
0.16602185368537903
0.16641178727149963
0.16582025587558746
0.16561320424079895
0.1660463958978653
0.1659044474363327
0.16659164428710938
0.1668282300233841
0.16633184254169464
0.16661681234836578
0.1663966178894043
0.1662522405385971
0.1663234531879425
0.1664310097694397
0.1661914885044098
0.16580241918563843
0.1663120985031128
0.16655133664608002
0.1663428544998169
0.1662394255399704
0.16593189537525177
0.16635869443416595
0.1659807562828064
0.16614031791687012
0.1659054309129715
0.16597777605056763
0.1657944917678833
0.16596727073192596
0.1661873459815979
0.16575945913791656
0.16570529341697693
0.16567443311214447
0.16608814895153046
0.16626444458961487
0.1657457798719406
0.16560867428779602
0.1657605916261673
0.16597314178943634
0.16614340245723724
0.16618797183036804
0.1658554971218109
0.16560369729995728
0.16537068784236908
0.16458933055400848
0.16460011899471283
0.16412043571472168
0.1635591834783554
0.1636725515127182
0.16311630606651306
0.16368047893047333
0.1639058142900467
0.16424621641635895
0.1643187552690506
0.1640002578496933
0.1639908254146576
0.16409052908420563
0.16409221291542053
0.16426976025104523
0.1644430309534073
0.1646297574043274
0.16403958201408386
0.1644858866930008
0.1645510196685791
0.16438733041286469
0.16467560827732086
0.16466136276721954
0.1644616425037384
0.1647205352783203
0.16471965610980988
0.16457197070121765
0.16503170132637024
0.16515083611011505
0.1649685800075531
0.1646963506937027
0.16400966048240662
0.16474375128746033
0.16535234451293945
0.16538271307945251
0.16540762782096863
0.16542069613933563
0.16513597965240479
0.1650431901216507
0.1648738980293274
0.16502805054187775
0.16501419246196747
0.16479477286338806
0.16491474211215973
0.16403749585151672
0.16413898766040802
0.1635688990354538
0.1636844426393509
0.16356875002384186
0.16368621587753296
0.16420313715934753
0.16480836272239685
0.16400925815105438
0.1634427011013031
0.16380710899829865
0.16362451016902924
0.1639670878648758
0.16368669271469116
0.1634739637374878
0.16365544497966766
0.16413499414920807
0.16346317529678345
0.16351483762264252
0.16329294443130493
0.1627425104379654
0.16272063553333282
0.16272062063217163
0.16309399902820587
0.16314667463302612
0.16347487270832062
0.16327004134655
0.1629597693681717
0.16289222240447998
0.16262012720108032
0.162126362323761
0.1631651222705841
0.16365425288677216
0.1635555922985077
0.16342754662036896
0.1638786345720291
0.16380050778388977
0.1640004962682724
0.1644444763660431
0.16438943147659302
0.16461743414402008
0.16419155895709991
0.16412986814975739
0.16380974650382996
0.16420522332191467
0.16435277462005615
0.16483454406261444
0.16446709632873535
0.16443097591400146
0.16462504863739014
0.16500718891620636
0.1649779975414276
0.1647789478302002
0.1652202606201172
0.1649499535560608
0.16503186523914337
0.16442720592021942
0.16403667628765106
0.16375373303890228
0.16354835033416748
0.16405606269836426
0.16453491151332855
0.1646302491426468
0.1642930507659912
0.1642693281173706
0.16401302814483643
0.16355998814105988
0.1630588173866272
0.1628778874874115
0.16239407658576965
0.1622375249862671
0.1621924787759781
0.1632690131664276
0.16331595182418823
0.1636163890361786
0.16391851007938385
0.1632208377122879
0.1627514660358429
0.1622958481311798
0.16265557706356049
0.16335009038448334
0.16331394016742706
0.16372518241405487
0.1637207567691803
0.16362714767456055
0.16358301043510437
0.16399742662906647
0.16356153786182404
0.16367873549461365
0.16365723311901093
0.16412323713302612
0.16511185467243195
0.16510027647018433
0.165097177028656
0.1654156744480133
0.1659201979637146
0.16609662771224976
0.16601945459842682
0.1652841418981552
0.1651115119457245
0.16471880674362183
0.16518841683864594
0.16446074843406677
0.16404558718204498
0.1635168194770813
0.163929745554924
0.1637735515832901
0.1641971617937088
0.16409434378147125
0.16432088613510132
0.16428226232528687
0.16467854380607605
0.16507114470005035
0.16558228433132172
0.16502925753593445
0.16476970911026
0.16474124789237976
0.16528797149658203
0.16439883410930634
0.16449987888336182
0.16523082554340363
0.1649903804063797
0.16481496393680573
0.16484209895133972
0.16500981152057648
0.1651936173439026
0.16523127257823944
0.1655246615409851
0.1662561446428299
0.16594363749027252
0.16582393646240234
0.1662643849849701
0.16600510478019714
0.16600768268108368
0.16613128781318665
0.16601623594760895
0.16637305915355682
0.16656003892421722
0.16662539541721344
0.16615277528762817
0.16609875857830048
0.1668742150068283
0.16616307199001312
0.16646359860897064
0.16654416918754578
0.16652491688728333
0.1671769618988037
0.16701164841651917
0.16701920330524445
0.16628751158714294
0.16611212491989136
0.16604356467723846
0.16634421050548553
0.166171595454216
0.16495832800865173
0.16531328856945038
0.16525310277938843
0.16526499390602112
0.1652439385652542
0.16444657742977142
0.1652897298336029
0.1655181646347046
0.1654701679944992
0.1656133234500885
0.16607952117919922
0.16584458947181702
0.1665094643831253
0.16681164503097534
0.16739846765995026
0.16696198284626007
0.16658726334571838
0.16655205190181732
0.16628968715667725
0.16632089018821716
0.16667737066745758
0.16671182215213776
0.16677606105804443
0.16655917465686798
0.1656380444765091
0.16559813916683197
0.1661224514245987
0.1665453463792801
0.16730639338493347
0.16734905540943146
0.1678004264831543
0.1673951894044876
0.16767826676368713
0.16705374419689178
0.16690599918365479
0.1674250364303589
0.16844801604747772
0.16854244470596313
0.16882313787937164
0.16915227472782135
0.16987057030200958
0.16924534738063812
0.16848215460777283
0.16866350173950195
0.1689763069152832
0.16889029741287231
0.16874095797538757
0.16877441108226776
0.16898678243160248
0.16971330344676971
0.16968898475170135
0.16944029927253723
0.17042317986488342
0.1699771136045456
0.17039695382118225
0.17115075886249542
0.1707354187965393
0.17044289410114288
0.1709660142660141
0.17111408710479736
0.1710546761751175
0.1712491661310196
0.1710405945777893
0.170986607670784
0.17031821608543396
0.16980768740177155
0.16998402774333954
0.16999700665473938
0.17018486559391022
0.17028877139091492
0.1702883392572403
0.1700197011232376
0.1706012636423111
0.17105644941329956
0.171477809548378
0.17025959491729736
0.1701909750699997
0.17051325738430023
0.1705256998538971
0.17033669352531433
0.1706463247537613
0.17106467485427856
0.17078451812267303
0.17115063965320587
0.17157602310180664
0.17182372510433197
0.1718894988298416
0.1715104579925537
0.1713782548904419
0.17198538780212402
0.17249660193920135
0.17267651855945587
0.17225758731365204
0.17215265333652496
0.17240621149539948
0.17199724912643433
0.17209355533123016
0.17275242507457733
0.17298077046871185
0.17409522831439972
0.17402003705501556
0.174073725938797
0.1737782508134842
0.17342717945575714
0.17411531507968903
0.17316767573356628
0.17292137444019318
0.17281830310821533
0.17376044392585754
0.17387796938419342
0.17478184401988983
0.17523854970932007
0.1756453812122345
0.17563240230083466
0.1743369698524475
0.17411211133003235
0.1742629110813141
0.17424456775188446
0.17450375854969025
0.17463165521621704
0.1744042932987213
0.17480097711086273
0.1746828854084015
0.17501157522201538
0.1748989373445511
0.1755976676940918
0.17599371075630188
0.1763768196105957
0.17661911249160767
0.17644242942333221
0.17629872262477875
0.17652688920497894
0.17702564597129822
0.17637285590171814
0.17635470628738403
0.17622627317905426
0.17633700370788574
0.17651619017124176
0.17612875998020172
0.17672845721244812
0.176788330078125
0.17702268064022064
0.17679797112941742
0.17697888612747192
0.17694313824176788
0.17708659172058105
0.17696458101272583
0.17777150869369507
0.1775704026222229
0.17723536491394043
0.17721013724803925
0.17721973359584808
0.17689305543899536
0.177056223154068
0.1777161806821823
0.17812632024288177
0.17852751910686493
0.17883694171905518
0.17908629775047302
0.17947961390018463
0.17925024032592773
0.1791865974664688
0.17888501286506653
0.17865189909934998
0.1790841519832611
0.17954887449741364
0.17934612929821014
0.17958195507526398
0.1797025352716446
0.17991206049919128
0.17974990606307983
0.17990906536579132
0.17975345253944397
0.18028253316879272
0.18081817030906677
0.18064755201339722
0.1805126667022705
0.18049578368663788
0.18144071102142334
0.18166695535182953
0.1814132183790207
0.1812279224395752
0.18145497143268585
0.18118971586227417
0.18085560202598572
0.1811772882938385
0.18121695518493652
0.18106669187545776
0.1811322420835495
0.18173722922801971
0.18156714737415314
0.18198779225349426
0.18245674669742584
0.18250030279159546
0.1828242391347885
0.18329067528247833
0.18301329016685486
0.1831413209438324
0.18325476348400116
0.18345984816551208
0.18375802040100098
0.18336643278598785
0.1830647885799408
0.18296180665493011
0.1831955909729004
0.18360890448093414
0.18335017561912537
0.1839371621608734
0.18336038291454315
0.1838511824607849
0.18452544510364532
0.18483276665210724
0.18409880995750427
0.18373005092144012
0.18447870016098022
0.1838332712650299
0.18431729078292847
0.18444810807704926
0.18445976078510284
0.18432310223579407
0.18458053469657898
0.18509051203727722
0.18484975397586823
0.1853022426366806
0.18552429974079132
0.18590976297855377
0.18558445572853088
0.1857648491859436
0.1854957938194275
0.1857694685459137
0.18527302145957947
0.1864013522863388
0.18618233501911163
0.18647104501724243
