0.14954587817192078
0.25935500860214233
0.32485175132751465
0.36033713817596436
0.3811926543712616
0.3942497968673706
0.40103405714035034
0.4054561257362366
0.4086945652961731
0.4110848903656006
0.4121069014072418
0.41299089789390564
0.41547101736068726
0.4170895218849182
0.4199340343475342
0.4188331663608551
0.41889122128486633
0.4205344617366791
0.42263263463974
0.4230306148529053
0.4237270653247833
0.425494909286499
0.4269168972969055
0.42786794900894165
0.42945995926856995
0.43080976605415344
0.43109726905822754
0.432951956987381
0.43353307247161865
0.4340125620365143
0.4360038936138153
0.43656912446022034
0.4384499490261078
0.4399038553237915
0.4397452771663666
0.4413340091705322
0.44151636958122253
0.44376885890960693
0.44463470578193665
0.44646844267845154
0.44698625802993774
0.4475930631160736
0.44834062457084656
0.448341965675354
0.44928863644599915
0.4498474895954132
0.4507964551448822
0.45092856884002686
0.452726274728775
0.4534686803817749
0.45497533679008484
0.4544866979122162
0.4576542377471924
0.45799770951271057
0.46051761507987976
0.4604392647743225
0.46087872982025146
0.4601059556007385
0.46129316091537476
0.46502429246902466
0.4658443331718445
0.4668988585472107
0.4662996828556061
0.4666791558265686
0.46703219413757324
0.4675664007663727
0.468356192111969
0.46965688467025757
0.47211530804634094
0.4725850522518158
0.4714621901512146
0.47247886657714844
0.4740595817565918
0.47450706362724304
0.47444039583206177
0.4739586114883423
0.4768071472644806
0.47738632559776306
0.47842732071876526
0.48069456219673157
0.48029273748397827
0.4809989631175995
0.48213091492652893
0.48359644412994385
0.4845401644706726
0.485821932554245
0.4855990707874298
0.4857875108718872
0.48658326268196106
0.4874383211135864
0.48788687586784363
0.4891376495361328
0.4894712269306183
0.490346759557724
0.4913647770881653
0.4930426776409149
0.49329492449760437
0.4924038052558899
0.49340564012527466
0.4937642216682434
0.4943241775035858
0.495700865983963
0.4969004690647125
0.4986605942249298
0.49878209829330444
0.49786895513534546
0.4968586564064026
0.49990493059158325
0.5018674731254578
0.5011847019195557
0.5019306540489197
0.5032842755317688
0.5052682757377625
0.5053390264511108
0.5044669508934021
0.50545334815979
0.5059245824813843
0.5051835179328918
0.5068209767341614
0.508085310459137
0.5078697204589844
0.5084993243217468
0.508794903755188
0.5108028650283813
0.5123559236526489
0.5131224989891052
0.5146458745002747
0.5147548913955688
0.5152851343154907
0.5144460797309875
0.5150091648101807
0.5160027742385864
0.5161035060882568
0.5185685753822327
0.5181981921195984
0.5207072496414185
0.5192353129386902
0.5197895169258118
0.5220595598220825
0.5230869650840759
0.5229483246803284
0.523010790348053
0.5234293937683105
0.525626003742218
0.5242329835891724
0.5245748162269592
0.5260164141654968
0.5255663394927979
0.5271227359771729
0.5288020372390747
0.5292224884033203
0.5296688079833984
0.5302775502204895
0.5301079154014587
0.5311130881309509
0.5337556600570679
0.5356448888778687
0.5352792739868164
0.5345044136047363
0.5351694226264954
0.534235954284668
0.5357347726821899
0.5370571613311768
0.5385766625404358
0.5395867228507996
0.5390199422836304
0.5394963622093201
0.5412706136703491
0.5423568487167358
0.5421766042709351
0.5423845052719116
0.5432981252670288
0.5444895029067993
0.5448995232582092
0.5459897518157959
0.5466992855072021
0.5483338832855225
0.547705888748169
0.5479593873023987
0.549960732460022
0.5509135127067566
0.5528593063354492
0.5528448224067688
0.5537716746330261
0.5533663630485535
0.5551386475563049
0.5551536679267883
0.5564504861831665
0.5574579834938049
0.5589660406112671
0.559188187122345
0.5611974000930786
0.560615062713623
0.5609668493270874
0.5609778761863708
0.5600882172584534
0.560893714427948
0.5617676973342896
0.5633082985877991
0.5625612735748291
0.5645115375518799
0.5667511820793152
0.5650177001953125
0.5656606554985046
0.5657414793968201
0.5673431754112244
0.5678479075431824
0.5673567056655884
0.5686004161834717
0.5695074796676636
0.5708085298538208
0.5717316269874573
0.5726407170295715
0.5725976228713989
0.573139488697052
0.5750699639320374
0.5775105357170105
0.5781183242797852
0.5782145261764526
0.5779564380645752
0.5775330662727356
0.5812448859214783
0.5800676345825195
0.5807474255561829
0.5804301500320435
0.5815830826759338
0.5823730826377869
0.5832147002220154
0.5846133232116699
0.5826566219329834
0.5841224789619446
0.5863343477249146
0.5875730514526367
0.5864192247390747
0.5869306921958923
0.5878294110298157
0.5891991257667542
0.591586172580719
0.5928859114646912
0.5925473570823669
0.5930299162864685
0.5941132307052612
0.5948933959007263
0.5954398512840271
0.5958464741706848
0.59538334608078
0.5967774391174316
0.5987151265144348
0.6002011895179749
0.5992819666862488
0.6002168655395508
0.6009854674339294
0.6015273332595825
0.6027718782424927
0.602922260761261
0.6028649806976318
0.6046890616416931
0.6052650213241577
0.6048468947410583
0.6059899926185608
0.6070412993431091
0.6074888706207275
0.6099679470062256
0.6105154752731323
0.6111186742782593
0.6093952059745789
0.6116942167282104
0.6126996874809265
0.6136977672576904
0.6137526035308838
0.6138180494308472
0.6149531602859497
0.6147974133491516
0.6159899234771729
0.6164137721061707
0.6163055896759033
0.6170737147331238
0.617539644241333
0.6192249655723572
0.618860125541687
0.62001633644104
0.6211381554603577
0.6215344071388245
0.6226083040237427
0.6245021820068359
0.6273937225341797
0.6282086372375488
0.6274936199188232
0.628352165222168
0.6298664808273315
0.6297537684440613
0.6299983263015747
0.6315556168556213
0.6315112113952637
0.6325027942657471
0.6317611336708069
0.6330689191818237
0.6345363855361938
0.6354728937149048
0.6348804831504822
0.6353855133056641
0.6348512768745422
0.6368380784988403
0.6372391581535339
0.6376189589500427
0.6380107402801514
0.6390019655227661
0.6400701999664307
0.6419259905815125
0.6431934833526611
0.6439239978790283
0.6457106471061707
0.6457985043525696
0.6464872360229492
0.6486945748329163
0.6486838459968567
0.6481152176856995
0.649927020072937
0.6497368812561035
0.6488467454910278
0.6494516730308533
0.6501904129981995
0.6526822447776794
0.6535818576812744
0.6540538668632507
0.6544217467308044
0.6545287370681763
0.653628408908844
0.6568421125411987
0.6563467383384705
0.657904863357544
0.6582776308059692
0.6592546105384827
0.6594911217689514
0.6607120037078857
0.6620659232139587
0.6620924472808838
0.6633642315864563
0.6642017364501953
0.6642203330993652
0.6647977828979492
0.666205644607544
0.6668894290924072
0.6662546992301941
0.6670647859573364
0.668250322341919
0.6691852807998657
0.6702609062194824
0.6704154014587402
0.671882688999176
0.6724053025245667
0.6729328632354736
0.6748228669166565
0.6754339337348938
0.6754822134971619
0.6762816309928894
0.6774889826774597
0.6777403950691223
0.679348349571228
0.6795728802680969
0.6792380809783936
0.6799178123474121
0.6806427240371704
0.6825822591781616
0.6841493844985962
0.6852396726608276
0.6857188940048218
0.6861268877983093
0.6860949397087097
0.6875515580177307
0.6897017359733582
0.6893033981323242
0.6895889639854431
0.6908666491508484
0.6923335790634155
0.6926178336143494
0.6928727030754089
0.6923007965087891
0.6924399137496948
0.6944716572761536
0.6956017017364502
0.6958479285240173
0.6972481608390808
0.6968461871147156
0.6976715922355652
0.6999623775482178
0.7003477215766907
0.6995863318443298
0.7007666826248169
0.701555609703064
0.7025961875915527
0.703859269618988
0.7038795351982117
0.7061355710029602
0.7078351378440857
0.7074711322784424
0.7074716091156006
0.7105568647384644
0.709579348564148
0.7114840149879456
0.713270366191864
0.7119765281677246
0.7132217288017273
0.7139973044395447
0.7159912586212158
0.7168328166007996
0.7176639437675476
0.717726469039917
0.7194830775260925
0.719400942325592
0.7188138365745544
0.7195755243301392
0.7206124067306519
0.7215480208396912
0.7242178916931152
0.7240262627601624
0.7225247621536255
0.7242193818092346
0.7251076698303223
0.727004885673523
0.7271453142166138
0.7290383577346802
0.7297570109367371
0.7305005192756653
0.7323489785194397
0.7325292229652405
0.7319467067718506
0.7326582670211792
0.7340479493141174
0.7354814410209656
0.7370573282241821
0.7366405725479126
0.7362552881240845
0.7365626096725464
0.7377943992614746
0.7397639155387878
0.7402400970458984
0.7409697771072388
0.7420480847358704
0.7433882355690002
0.7444258332252502
0.7454233169555664
0.744970977306366
0.7440134286880493
0.7466936111450195
0.7469170689582825
0.7472020983695984
0.7493979930877686
0.7501112818717957
0.749508798122406
0.7514199614524841
0.7507914900779724
0.7518516778945923
0.7531180381774902
0.7537432312965393
0.7539610266685486
0.7538161277770996
0.7546406388282776
0.7548180222511292
0.7546504735946655
0.7555426955223083
0.7566787600517273
0.7575278878211975
0.7589594125747681
0.7602299451828003
0.7605907320976257
0.7612752318382263
0.7626273036003113
0.7634416818618774
0.7636210918426514
0.7639729380607605
0.7667397856712341
0.7668390870094299
0.7674740552902222
0.7704533934593201
0.7685906291007996
0.7689811587333679
0.7689341306686401
0.769835352897644
0.7712388634681702
0.7735701203346252
0.7724132537841797
0.7725040912628174
0.7727469801902771
0.7733160257339478
0.7745878100395203
0.7750354409217834
0.7755159735679626
0.778656005859375
0.7788087725639343
0.7787875533103943
0.7790867686271667
0.77963787317276
0.7797630429267883
0.7803916335105896
0.7806621193885803
0.7814846038818359
0.7814063429832458
0.7818025946617126
0.7825406193733215
0.7826730012893677
0.7832126021385193
0.7827602028846741
0.7847802639007568
0.7844774723052979
0.783123254776001
0.7839071154594421
0.7846260666847229
0.785966694355011
0.7856121063232422
0.7851452231407166
0.7856365442276001
0.785950779914856
0.7856405973434448
0.7865948677062988
0.7864221930503845
0.7869387865066528
0.7871775031089783
0.7852164506912231
0.7856570482254028
0.7862746715545654
0.7867740988731384
0.7862652540206909
0.7852575182914734
0.785931408405304
0.7847878932952881
0.7849770784378052
0.7842292785644531
0.7844287157058716
0.7841717004776001
0.7851486802101135
0.7851971983909607
0.7849918603897095
0.7849511504173279
0.7841537594795227
0.7849227786064148
0.7840308547019958
0.7828410267829895
0.7844058871269226
0.7849517464637756
0.7852826118469238
0.7853069305419922
0.7851433753967285
0.7864656448364258
0.7861853241920471
0.7855431437492371
0.7842806577682495
0.783693253993988
0.7847560048103333
0.7854025363922119
0.7861719727516174
0.7857587337493896
0.7863743305206299
0.7857245206832886
0.7860114574432373
0.7852590084075928
0.7850237488746643
0.7848942875862122
0.7853304147720337
0.7866919636726379
0.7890889048576355
0.7866658568382263
0.787381112575531
0.7875862121582031
0.7885854244232178
0.7871337532997131
0.7879500985145569
0.788439929485321
0.7882720828056335
0.7884096503257751
0.7885212302207947
0.7880618572235107
0.7875956296920776
0.7895888090133667
0.7877755761146545
0.7870841026306152
0.7866634130477905
0.7874802350997925
0.7876611948013306
0.7882031202316284
0.7878278493881226
0.7872671484947205
0.7880128026008606
0.7878865003585815
0.7879749536514282
0.7873870730400085
0.7868261933326721
0.7858303785324097
0.7869665026664734
0.7857891321182251
0.7859322428703308
0.7873589396476746
0.7865999937057495
0.7865354418754578
0.7867954969406128
0.7871695756912231
0.7868438959121704
0.7867969870567322
0.7849913239479065
0.7861717939376831
0.7876138687133789
0.785427987575531
0.7828871011734009
0.7834762930870056
0.7839348912239075
0.7842329740524292
0.7839496731758118
0.7823668122291565
0.7829974293708801
0.7832374572753906
0.7818508148193359
0.7819298505783081
0.78249192237854
0.782076358795166
0.7806036472320557
0.7795758843421936
0.7800084948539734
0.780492901802063
0.7788972854614258
0.7772198915481567
0.7767899632453918
0.7762549519538879
0.7753818035125732
0.7757830023765564
0.7756626605987549
0.7748950719833374
0.774379551410675
0.7747186422348022
0.7748501300811768
0.7738926410675049
0.7726643085479736
0.7742217779159546
0.7729243636131287
0.7717365026473999
0.7700628638267517
0.7694442272186279
0.7694061398506165
0.7703278660774231
0.7693432569503784
0.767833411693573
0.7673677206039429
0.766344428062439
0.7663099765777588
0.7655497193336487
0.7645514011383057
0.7633490562438965
0.7618877291679382
0.7614346146583557
0.7616860866546631
0.7611967325210571
0.7622769474983215
0.761725127696991
0.76132732629776
0.7601812481880188
0.7586174011230469
0.7586290240287781
0.7579528093338013
0.7587831020355225
0.7552894949913025
0.7556883096694946
0.7567957639694214
0.754202127456665
0.7551985383033752
0.7530720233917236
0.7527393698692322
0.7519223093986511
0.7496657371520996
0.7509235143661499
0.7505739331245422
0.7490461468696594
0.7487638592720032
0.7468984723091125
0.7494220733642578
0.7491748332977295
0.7487280368804932
0.7497084736824036
0.7481294274330139
0.7467610239982605
0.7436962723731995
0.7434634566307068
0.744188666343689
0.7439311146736145
0.7428709268569946
0.7428708672523499
0.7434259057044983
0.7431424856185913
0.7416406273841858
0.7414737939834595
0.7430861592292786
0.7415368556976318
0.7390895485877991
0.7400073409080505
0.7388070821762085
0.7388643026351929
0.7402055859565735
0.7392750382423401
0.7386831045150757
0.7394408583641052
0.7395843267440796
0.7381634712219238
0.7367970943450928
0.7365682125091553
0.7369375824928284
0.7357686758041382
0.7358065247535706
0.7355379462242126
0.7359058856964111
0.7362720370292664
0.7354812622070312
0.7327439188957214
0.733271598815918
0.7322911024093628
0.7326126098632812
0.7323589324951172
0.7333967089653015
0.7327702045440674
0.732403576374054
0.7315423488616943
0.7316961884498596
0.731387734413147
0.7317473292350769
0.7306662797927856
0.7296633124351501
0.7302926778793335
0.7306709289550781
0.728865385055542
0.7279880046844482
0.728045642375946
0.7289072275161743
0.7291548848152161
0.7283220291137695
0.7286734580993652
0.7280309796333313
0.7269220352172852
0.7268475294113159
0.7268341183662415
0.7270249128341675
0.7269189953804016
0.7271741628646851
0.7257656455039978
0.7263013124465942
0.7246266007423401
0.726089358329773
0.726071834564209
0.7259990572929382
0.7258560657501221
0.7266829013824463
0.7266268134117126
0.7266900539398193
0.7272805571556091
0.7258570194244385
0.7251420617103577
0.7253787517547607
0.7235112190246582
0.7237949967384338
0.7237533330917358
0.7232523560523987
0.7230846285820007
0.7214121222496033
0.7240231037139893
0.7251847386360168
0.7242069244384766
0.7247320413589478
0.7239723801612854
0.723823606967926
0.7232618927955627
0.723503589630127
0.7235709428787231
0.7232268452644348
0.7213572263717651
0.7211676836013794
0.7212573289871216
0.7219752073287964
0.7212352752685547
0.7221001386642456
0.7209974527359009
0.7216824889183044
0.7209484577178955
0.719541609287262
0.7210406064987183
0.7206597328186035
0.7217899560928345
0.7221667766571045
0.7207380533218384
0.719595730304718
0.7198616862297058
0.7194420695304871
0.7203296422958374
0.720893144607544
0.7208650708198547
0.7217556834220886
0.7213132381439209
0.7202157378196716
0.7200264930725098
0.7212110161781311
0.7194249033927917
0.7202774286270142
0.7189414501190186
0.7202773094177246
0.7198759317398071
0.7187610864639282
0.7193015217781067
0.7204164266586304
0.719771683216095
0.7201163172721863
0.7213240265846252
0.7196904420852661
0.719943642616272
0.7199804782867432
0.7189645171165466
0.7172174453735352
0.7187086939811707
0.7203525304794312
0.7196022272109985
0.7185668349266052
0.7189731001853943
0.7196269631385803
0.7184256315231323
0.7178016901016235
0.7177472114562988
0.7178743481636047
0.7179568409919739
0.7169784903526306
0.7174877524375916
0.7167820334434509
0.7161062359809875
0.7167211174964905
0.7178560495376587
0.7187258005142212
0.7205171585083008
0.7208735942840576
0.7199826836585999
0.7175338268280029
0.7166520953178406
0.7160916328430176
0.7154490351676941
0.7152438163757324
0.714237630367279
0.7128846645355225
0.7125608325004578
0.711571455001831
0.7113558053970337
0.7129210829734802
0.7115336060523987
0.7120946645736694
0.7107272744178772
0.7093505859375
0.7089012861251831
0.7080701589584351
0.7089846134185791
0.7096209526062012
0.7082377672195435
0.7083250284194946
0.705846905708313
0.7065945267677307
0.7062130570411682
0.7044012546539307
0.7037394046783447
0.7036969065666199
0.7026563882827759
0.702154278755188
0.7015524506568909
0.7014062404632568
0.6991981863975525
0.6993783712387085
0.7006460428237915
0.6986844539642334
0.6976465582847595
0.6973426342010498
0.6969975829124451
0.696387529373169
0.6958998441696167
0.6954789161682129
0.6956266760826111
0.6951519846916199
0.6968271732330322
0.6960084438323975
0.6954082250595093
0.6954280138015747
0.6938110589981079
0.6932340264320374
0.6916952729225159
0.692327618598938
0.6902648210525513
0.6909240484237671
0.6914564371109009
0.6886003613471985
0.6880780458450317
0.6890457272529602
0.6891942024230957
0.6878455877304077
0.6894508600234985
0.6885441541671753
0.6884686946868896
0.6888023018836975
0.6878011226654053
0.6872610449790955
0.6850517988204956
0.6858903169631958
0.6855896711349487
0.6845887899398804
0.6859350800514221
0.6844805479049683
0.6865912079811096
0.6853559613227844
0.6846174001693726
0.6846779584884644
0.6838716864585876
0.6846209764480591
0.6854810118675232
0.6874109506607056
0.6873272061347961
0.6871379017829895
0.6868123412132263
0.6856899261474609
0.6872907280921936
0.6868277192115784
0.686306357383728
0.6855722665786743
0.6846873760223389
0.6853597164154053
0.6859477758407593
0.6855188012123108
0.6851069331169128
0.6856105923652649
0.6850059032440186
0.6850878000259399
0.6846619844436646
0.685863733291626
0.6865248084068298
0.6863279938697815
0.6841708421707153
0.6837471127510071
0.6849832534790039
0.6840845346450806
0.6859767436981201
0.6856729984283447
0.6858486533164978
0.6859207153320312
0.6859408617019653
0.6855445504188538
0.6851062178611755
0.6855791211128235
0.684373676776886
0.6835835576057434
0.6852598786354065
0.6861100196838379
0.6853486895561218
0.6853660345077515
0.6856786608695984
0.6838886141777039
0.6843264102935791
0.6836299896240234
0.6846514344215393
0.6849427223205566
0.6850062608718872
0.6839191913604736
0.6846075654029846
0.683763861656189
0.683083713054657
0.6845530867576599
0.6834102869033813
0.6825261116027832
0.6818715929985046
0.6826563477516174
0.682148277759552
0.6822336912155151
0.6831763982772827
0.6836605668067932
0.6832209229469299
0.6838290691375732
0.6831474900245667
0.6829804182052612
0.6825933456420898
0.6847699880599976
0.6852325201034546
0.6851882934570312
0.6841111183166504
0.6829847693443298
0.682677149772644
0.6824315190315247
0.6814326047897339
0.6817755103111267
0.6823353171348572
0.6826924681663513
0.6829925775527954
0.6846508383750916
0.6815666556358337
0.6820436120033264
0.6844084858894348
0.6827232241630554
0.682549238204956
0.6845213174819946
0.6848822832107544
0.6829422116279602
0.6822356581687927
0.6825026869773865
0.6817591786384583
0.6807185411453247
0.6828930377960205
0.6832362413406372
0.6824164986610413
0.682578444480896
0.6840015649795532
0.6827917098999023
0.6816783547401428
0.6820252537727356
0.6816472411155701
0.6813915371894836
0.6796844005584717
0.6804844737052917
0.6804759502410889
0.6812523603439331
0.6816933155059814
0.6815597414970398
0.6805171966552734
0.6810048818588257
0.6822702884674072
0.680730938911438
0.6801337599754333
0.6822999715805054
0.680334210395813
0.6789058446884155
0.6786059737205505
0.6789466142654419
0.6786264181137085
0.6788713932037354
0.6791483163833618
0.6806756854057312
0.6801318526268005
0.6791365742683411
0.6787931323051453
0.6785444021224976
0.6775999665260315
0.6776441931724548
0.6776546835899353
0.6776289939880371
0.6764467358589172
0.6783589124679565
0.6773821115493774
0.6768885850906372
0.6783787608146667
0.6793103814125061
0.6796403527259827
0.6790044903755188
0.6773709654808044
0.6781743168830872
0.6777219176292419
0.6777968406677246
0.6781347393989563
0.6789498925209045
0.6795945167541504
0.6778433322906494
0.6791609525680542
0.6793636083602905
0.6796616911888123
0.6787075400352478
0.6774433851242065
0.6774132251739502
0.6764307022094727
0.6765796542167664
0.6765544414520264
0.6776801943778992
0.6752728819847107
0.6753053665161133
0.6765016317367554
0.6785023808479309
0.6777552962303162
0.6769556999206543
0.6760274171829224
0.675701916217804
0.6741609573364258
0.6740242838859558
0.6749873161315918
0.6762546300888062
0.6765658259391785
0.675412654876709
0.6745830178260803
0.6739031672477722
0.6742739677429199
0.6738908290863037
0.6732386946678162
0.672393798828125
0.6725282073020935
0.6740635633468628
0.6749420762062073
0.6744465231895447
0.6740772128105164
0.6739776730537415
0.6721264719963074
0.6734370589256287
0.6729716658592224
0.6742540597915649
0.6735337972640991
0.673715353012085
0.671561598777771
0.6712906360626221
0.6705324053764343
0.6706321239471436
0.6702588200569153
0.6707659363746643
0.6724334359169006
0.6721937656402588
0.6723748445510864
0.6710439920425415
0.6701011061668396
0.6719116568565369
0.6717038750648499
0.6698340773582458
0.6696786284446716
0.6701086759567261
0.6699626445770264
0.6687954664230347
0.6667263507843018
0.6668286323547363
0.6668019890785217
0.667130172252655
0.6679545044898987
0.6665968894958496
0.6675596833229065
0.6691973805427551
0.6675548553466797
0.6671316623687744
0.6684651374816895
0.6690850257873535
0.6681400537490845
0.667191743850708
0.6678577661514282
0.6675208806991577
0.6674480438232422
0.6659078001976013
0.6663236618041992
0.6647488474845886
0.6674116253852844
0.6660909056663513
0.6640124320983887
0.6642656922340393
0.6654567718505859
0.6666465401649475
0.6652252078056335
0.6660794019699097
0.6653047800064087
0.6651184558868408
0.6671106815338135
0.6661453247070312
0.6643874645233154
0.6644769906997681
0.665651798248291
0.6642611026763916
0.6653245687484741
0.6627354621887207
0.6629639267921448
0.6613979339599609
0.662159264087677
0.6616194844245911
0.662871241569519
0.6612367033958435
0.6622993350028992
0.6619133353233337
0.6601717472076416
0.6607899069786072
0.6593915224075317
0.6612041592597961
0.660417377948761
0.6599072217941284
0.6596983075141907
0.6589444875717163
0.6591817736625671
0.6595328450202942
0.6593811511993408
0.6594677567481995
0.6599071025848389
0.6596661806106567
0.6595781445503235
0.6575742959976196
0.6577807664871216
0.6575596332550049
0.6573989987373352
0.6581053137779236
0.6595800518989563
0.6587298512458801
0.6571885347366333
0.6561132669448853
0.6572768688201904
0.6571628451347351
0.6582381725311279
0.6584816575050354
0.6567733287811279
0.6567739248275757
0.6552221179008484
0.6554725766181946
0.6543750762939453
0.6555006504058838
0.6551913619041443
0.6539679765701294
0.655884861946106
0.6561148762702942
0.6554176211357117
0.6539357304573059
0.6528403162956238
0.6540097594261169
0.6544440388679504
0.6540430188179016
0.6539098620414734
0.6533651351928711
0.6531034111976624
0.6520328521728516
0.6538000702857971
0.6521756649017334
0.6534417271614075
0.6524245142936707
0.6534327864646912
0.653160810470581
0.6517186164855957
0.6534169316291809
0.6527560949325562
0.652610719203949
0.6535870432853699
0.6510881781578064
0.6505770087242126
0.6493639349937439
0.6491953134536743
0.6491613388061523
0.6487836241722107
0.6492099165916443
0.6492650508880615
0.6496517062187195
0.6489834785461426
0.6488707661628723
0.649038553237915
0.6498702168464661
0.6491551995277405
0.6470739245414734
0.6464264392852783
0.6466149091720581
0.6453928351402283
0.6468655467033386
0.6482416391372681
0.6478832364082336
0.647350013256073
0.6476369500160217
0.6467850804328918
0.6453661322593689
0.6449599266052246
0.6456851363182068
0.6463313102722168
0.6468708515167236
0.6465676426887512
0.6465838551521301
0.6447449326515198
0.6451101303100586
0.6431412696838379
0.6434226036071777
0.6440380811691284
0.6437191367149353
0.6445576548576355
0.6442279815673828
0.6427982449531555
0.6420601010322571
0.6422597765922546
0.6411232352256775
0.6400873064994812
0.6415271162986755
0.6418138742446899
0.6426711678504944
0.6409497857093811
0.641844630241394
0.6408915519714355
0.6403781771659851
0.6410448551177979
0.6396481394767761
0.6399188041687012
0.6393662095069885
0.6387283802032471
0.6378365755081177
0.6385425329208374
0.639738917350769
0.6388575434684753
0.6395129561424255
0.639319896697998
0.6365789175033569
0.6354289650917053
0.6367092728614807
0.636553168296814
0.6391143202781677
0.6387880444526672
0.6370033025741577
0.6358627676963806
0.636186420917511
0.6365405321121216
0.6348819136619568
0.6350727081298828
0.6365740895271301
0.635744035243988
0.6353498101234436
0.6355149745941162
0.6352559328079224
0.6353630423545837
0.6352405548095703
0.6367629766464233
0.6378350853919983
0.6366602182388306
0.6353650689125061
0.6337588429450989
0.6369558572769165
0.63515305519104
0.6337085962295532
0.6336989998817444
0.6345861554145813
0.6356049180030823
0.6349947452545166
0.6337043642997742
0.634749710559845
0.6336954832077026
0.6331889033317566
0.6314077377319336
0.6316006183624268
0.6325083374977112
0.6345331072807312
0.6338584423065186
0.6348863244056702
0.6343950629234314
0.6343570351600647
0.6326276063919067
0.6335452795028687
0.6335179805755615
0.6336715221405029
0.6316869854927063
0.6300747990608215
0.6298584938049316
0.6304003596305847
0.6324122548103333
0.6302009224891663
0.6314635872840881
0.6317091584205627
0.6317709684371948
0.631481945514679
0.6314050555229187
0.6302651762962341
0.6299217343330383
0.6298542618751526
0.62933349609375
0.6293461918830872
0.6277697682380676
0.6274255514144897
0.6283247470855713
0.63100266456604
0.6292513608932495
0.6295380592346191
0.6264626979827881
0.627912163734436
0.6279738545417786
0.6283305287361145
0.6275742650032043
0.6272354125976562
0.6262308359146118
0.6262797713279724
0.6284070014953613
0.628334641456604
0.6277812123298645
0.626875638961792
0.6276752948760986
0.6260401606559753
0.6261746883392334
0.6242660880088806
0.625685453414917
0.6279374957084656
0.6278571486473083
0.6259238123893738
0.6260449290275574
0.6265842914581299
0.6275416016578674
0.6270487308502197
0.6249740123748779
0.6243029832839966
0.6258118748664856
0.6249645352363586
0.6250032782554626
0.6258052587509155
0.626258909702301
0.6271039247512817
0.6269485354423523
0.6273112893104553
0.6270872950553894
0.6257592439651489
0.6270396709442139
0.6254775524139404
0.6257290244102478
0.6262931227684021
0.6260968446731567
0.6259379982948303
0.6264544725418091
0.6256324052810669
0.626388669013977
0.6261774897575378
0.6260601878166199
0.6254297494888306
0.6253095269203186
0.6272182464599609
0.6254779696464539
0.6230166554450989
0.6240735650062561
0.6231276392936707
0.6240724325180054
0.6242316961288452
0.6246919631958008
0.62394118309021
0.623878002166748
0.6234903335571289
0.6246905326843262
0.6241512894630432
0.6265338659286499
0.6264702677726746
0.625560462474823
0.6262696981430054
0.6251254677772522
0.6245080232620239
0.6251080632209778
0.6222045421600342
0.622722864151001
0.6246356964111328
0.6250462532043457
0.6245239973068237
0.6231743097305298
0.6223925948143005
0.6214863061904907
0.6235288381576538
0.623104453086853
0.6226494312286377
0.6220805644989014
0.6221314072608948
0.6217878460884094
0.6225358247756958
0.6219861507415771
0.6224560737609863
0.6206067204475403
0.6211425065994263
0.6208521127700806
0.6199996471405029
0.6211274862289429
0.6194276213645935
0.6194192171096802
0.6208096742630005
0.6222007274627686
0.6217597723007202
0.6208904981613159
0.6209941506385803
0.6218589544296265
0.6211969256401062
0.6218006610870361
0.6216404438018799
0.6207101941108704
0.6213995218276978
0.6227449178695679
0.6201698184013367
0.6191511154174805
0.6195711493492126
0.6201134920120239
0.6191400289535522
0.6198761463165283
0.6204413771629333
0.6210814714431763
0.6203591823577881
0.6194584965705872
0.6207166910171509
0.6205894351005554
0.6207936406135559
0.6203776001930237
0.6196101903915405
0.619672417640686
0.6204120516777039
0.6211858987808228
0.6209728717803955
0.6211172938346863
0.6221804022789001
0.6211915612220764
0.620216429233551
0.6208044290542603
0.6197110414505005
0.620022177696228
0.6202497482299805
0.6199804544448853
0.6188066005706787
0.6197877526283264
0.6188889741897583
0.6178767681121826
0.6173804998397827
0.6197512149810791
0.6189901232719421
0.6183474659919739
0.6188967227935791
0.6183220148086548
0.6166025400161743
0.6168296337127686
0.617313802242279
0.6170511245727539
0.6165866851806641
0.6176367402076721
0.6182225346565247
0.6196302175521851
0.6183369755744934
0.6180214285850525
0.6181354522705078
0.6169474124908447
0.6194993853569031
0.6198383569717407
0.617192268371582
0.6170453429222107
0.61740642786026
0.6177117228507996
0.6179021000862122
0.6162300705909729
0.617123544216156
0.6159415245056152
0.6150895953178406
0.6158527135848999
0.615149974822998
0.6163778305053711
0.6165885329246521
0.6173545718193054
0.6171883344650269
0.6191924810409546
0.6180347800254822
0.6182603240013123
0.6188425421714783
0.619137704372406
0.6172657608985901
0.6163983345031738
0.6167542338371277
0.6184287667274475
0.6170439720153809
0.6154283285140991
0.6165746450424194
0.6174805164337158
0.6187067031860352
0.616172194480896
0.6149136424064636
0.6150863170623779
0.6146470904350281
0.6147181391716003
0.614717960357666
0.6145828366279602
0.6154682040214539
0.6164551973342896
0.6172600984573364
0.6164688467979431
0.6166077256202698
0.6165133118629456
0.6158074140548706
0.614504337310791
0.6157063841819763
0.6158966422080994
0.6155122518539429
0.6151172518730164
0.6146153807640076
0.6142627596855164
0.6140491366386414
0.6138626337051392
0.6139272451400757
0.6130218505859375
0.6137433648109436
0.6138567924499512
0.6125034093856812
0.6119723916053772
0.6134597063064575
0.6148148775100708
0.6146649718284607
0.6151779890060425
0.6134116649627686
0.6138904690742493
0.6132756471633911
0.6137301921844482
0.6153913736343384
0.6141656041145325
0.6144228577613831
0.61314857006073
0.613635778427124
0.6131694912910461
0.6142188310623169
0.6140961050987244
0.6131494641304016
0.6141008138656616
0.6130207180976868
0.6127158403396606
0.6139320135116577
0.612870454788208
0.6138046383857727
0.6129878759384155
0.6141287684440613
0.6139358878135681
0.6145325899124146
0.6152597069740295
0.6136789917945862
0.6137183308601379
0.6138252019882202
0.6130133867263794
0.6124435067176819
0.6131302118301392
0.6117134690284729
0.6118955016136169
0.6109510660171509
0.6127709150314331
0.613082766532898
0.612227201461792
0.6116187572479248
0.6104777455329895
0.6110610961914062
0.6120060086250305
0.6116577386856079
0.6119916439056396
0.6132027506828308
0.613116979598999
0.6119062900543213
0.6115697026252747
0.6110824346542358
0.612255334854126
0.6113684177398682
0.6117689609527588
0.6117462515830994
0.6125686168670654
0.6115388870239258
0.6121867895126343
0.6119706034660339
0.612489640712738
0.6118950247764587
0.6134713888168335
0.6121837496757507
0.6128875017166138
0.6130585074424744
0.6133248209953308
0.6125034689903259
0.6138573288917542
0.6124985814094543
0.6139643788337708
0.6136138439178467
0.6131299734115601
0.6130200028419495
0.6115924715995789
0.6148383617401123
0.6140150427818298
0.6124039888381958
0.6131107211112976
0.6126368045806885
0.6141750812530518
0.6133334040641785
0.6140519976615906
0.6149343252182007
0.6154862642288208
0.6143500804901123
0.6155329346656799
0.6144136190414429
0.6144384145736694
0.6155638694763184
0.6145319938659668
0.6153247952461243
0.6157773733139038
0.6155977845191956
0.6160977482795715
0.6172357797622681
0.6172162294387817
0.6167666912078857
0.6149598360061646
0.6142881512641907
0.6168096661567688
0.6156796813011169
0.6162747144699097
0.6155140399932861
0.6154940724372864
0.6153231263160706
0.6150421500205994
0.6157594323158264
0.6147611737251282
0.6154278516769409
0.6150385141372681
0.6164182424545288
0.6176976561546326
0.6173704266548157
0.6165667176246643
0.616672158241272
0.6161254048347473
0.6169870495796204
0.6171251535415649
0.6170932650566101
0.6163268089294434
0.6169266700744629
0.617667555809021
0.6179067492485046
0.6177948117256165
0.619164228439331
0.6172947883605957
0.6177949905395508
0.6176168322563171
0.617603600025177
0.6161218881607056
0.6163237690925598
0.6162053346633911
0.6177486777305603
0.6158617734909058
0.6182411313056946
0.6173741817474365
0.6171838045120239
0.6181166172027588
0.6176344752311707
0.6191193461418152
0.6191602349281311
0.6185942888259888
0.6178082823753357
0.617327094078064
0.6183805465698242
0.6174283623695374
0.6174763441085815
0.6165564656257629
0.6181730628013611
0.6174682974815369
0.6178975701332092
0.6177930235862732
0.6181442737579346
0.619384229183197
0.6189021468162537
0.6181543469429016
0.6180338263511658
0.6175540089607239
0.6172459721565247
0.615681529045105
0.6174277067184448
0.6166852116584778
0.6162304878234863
0.6175479292869568
0.6175800561904907
0.6175394058227539
0.6169536113739014
0.6192435026168823
0.6191719770431519
0.6180897951126099
0.6185541749000549
0.6177964210510254
0.6186468601226807
0.617199718952179
0.6186712980270386
0.6185909509658813
0.618776798248291
0.6180526614189148
0.6175377368927002
0.6178075671195984
0.6178721785545349
0.6185637712478638
0.6203441619873047
0.6179143190383911
0.6184903979301453
0.6186018586158752
0.6171947717666626
0.6160187125205994
0.6159800291061401
0.6156005859375
0.6160581707954407
0.6176184415817261
0.6173526644706726
0.6179617643356323
0.6171604990959167
0.6164124011993408
0.6160845160484314
0.6171298027038574
0.6157710552215576
0.6181901693344116
0.6185370683670044
0.6192819476127625
0.6198409199714661
0.6200548410415649
0.6197925209999084
0.6173343658447266
0.6180184483528137
0.6176120042800903
0.6162976026535034
0.6172537803649902
0.6170228123664856
0.616470992565155
0.6153948307037354
0.6148034334182739
0.6152019500732422
0.6170927882194519
0.61882483959198
0.6177558898925781
0.6182287931442261
0.6161930561065674
0.6155987977981567
0.6167709231376648
0.6175567507743835
0.6176778078079224
0.6166083812713623
0.6190541386604309
0.6190383434295654
0.6185407042503357
0.617932140827179
0.6158532500267029
0.6152753829956055
0.6152300238609314
0.6155756711959839
0.6161131858825684
0.6176790595054626
0.6172648668289185
0.6177789568901062
0.6160391569137573
0.6178104877471924
0.6176323890686035
0.6156246066093445
0.6155468225479126
0.616818368434906
0.6158729195594788
0.6147350668907166
0.6160717606544495
0.616705596446991
0.6160948276519775
0.615052342414856
0.6158319711685181
0.6155601143836975
0.616063117980957
0.6152260303497314
0.6146695613861084
0.6170130968093872
0.6169173121452332
0.6177299618721008
0.6175339221954346
0.6171470880508423
0.6162621378898621
0.6166632175445557
0.6168838739395142
0.6165904402732849
0.6167352199554443
0.6182668209075928
0.616773784160614
0.6172652244567871
0.6174985766410828
0.6179015636444092
0.6182115077972412
0.61958247423172
0.6174522042274475
0.6160634160041809
0.6157635450363159
0.6152873039245605
0.617184042930603
0.6156932711601257
0.6155957579612732
0.6156021952629089
0.6168532967567444
0.6158162355422974
0.6155279874801636
0.6158521771430969
0.6162357330322266
0.6165317296981812
0.6154729723930359
0.6149212121963501
0.6151677370071411
0.6140896677970886
0.615955650806427
0.6158198118209839
0.6157205700874329
0.6164039373397827
0.6157864928245544
0.6154502630233765
0.61505526304245
0.6160884499549866
0.6158198118209839
0.6163784265518188
0.6167686581611633
0.6149591207504272
0.6166802048683167
0.6159259080886841
0.6155428290367126
0.6179150342941284
0.6170357465744019
0.6156191825866699
0.6147377490997314
0.6157019138336182
0.6137704849243164
0.6134548187255859
0.614378809928894
0.6131249070167542
0.613527774810791
0.612579345703125
0.6145228147506714
0.6152971386909485
0.6141076683998108
0.6153298020362854
0.6146090030670166
0.615696132183075
0.6144213676452637
0.614488422870636
0.6145524382591248
0.6138647794723511
0.6135768890380859
0.6136412024497986
0.6153231263160706
0.6152849793434143
0.6154688000679016
0.6144324541091919
0.6150246858596802
0.6140931248664856
0.6142732501029968
0.614774763584137
0.6146243214607239
0.6120999455451965
0.6131992936134338
0.6116287112236023
0.6128935813903809
0.6129064559936523
0.6145716905593872
0.6135408878326416
0.613656222820282
0.6128242611885071
0.6133785247802734
0.6135468482971191
0.6125431060791016
0.6134213209152222
0.6120699048042297
0.6127510070800781
0.6110279560089111
0.6110838651657104
0.611964762210846
0.6122304797172546
0.6107308268547058
0.6111130714416504
0.6105431318283081
0.6114064455032349
0.611239492893219
0.6120314002037048
0.6129722595214844
0.6124430298805237
0.6128143668174744
0.6127150654792786
0.6131390929222107
0.6142957806587219
0.6134824156761169
0.610697329044342
0.6108971238136292
0.6115310788154602
0.6119493842124939
0.6124525666236877
0.6132977604866028
0.6122794151306152
0.6140841245651245
0.6136376261711121
0.6135176420211792
0.6138046383857727
0.6137340068817139
0.6117498874664307
0.6119040250778198
0.6121960282325745
0.612157940864563
0.61200350522995
0.6116140484809875
0.6111998558044434
0.6105706095695496
0.6105272173881531
0.6113013625144958
0.6106770634651184
0.6094459891319275
0.611786961555481
0.6122316122055054
0.6120473742485046
0.610609769821167
0.609792172908783
0.6101078987121582
0.6105835437774658
0.6107375621795654
0.6111264228820801
0.6100034117698669
0.6108307838439941
0.6107410192489624
0.6125167012214661
0.6116569638252258
0.6122415065765381
0.6122848391532898
0.6120066046714783
0.6104962229728699
0.6120610237121582
0.6116064786911011
0.6116688251495361
0.6121981143951416
0.611907422542572
0.6113393306732178
0.6100606322288513
0.6106347441673279
0.6115823984146118
0.6117386221885681
0.6117522716522217
0.6101595163345337
0.6080874800682068
0.6097977757453918
0.6100941300392151
0.6103930473327637
0.6105775237083435
0.6102820038795471
0.6091294884681702
0.6077860593795776
0.6076616644859314
0.6082614064216614
0.6084688305854797
0.6080455780029297
0.6085650324821472
0.6091688871383667
0.6127067804336548
0.6114429235458374
0.609868049621582
0.6083081960678101
0.6085858941078186
0.6097774505615234
0.6101508736610413
0.610207200050354
0.6081924438476562
0.6092798709869385
0.6100667715072632
0.6089591979980469
0.6110031604766846
0.6089551448822021
0.6098321080207825
0.6096665859222412
0.6100755929946899
0.6087051630020142
0.6086472272872925
0.6096372008323669
0.6105679869651794
0.6113634705543518
0.6107438802719116
0.6106361746788025
0.6090631484985352
0.6102151274681091
0.6092873811721802
0.6096304059028625
0.6102745532989502
0.6120136380195618
0.6103281378746033
0.6099494099617004
0.6085022687911987
0.6075522303581238
0.6079875230789185
0.6077443361282349
0.6098284125328064
0.6109574437141418
0.61143958568573
0.6103829145431519
0.609891951084137
0.6097590923309326
0.6094992756843567
0.6103150248527527
0.6092219948768616
0.6094540953636169
0.6093232035636902
0.6084500551223755
0.608989953994751
0.6084575653076172
0.6095942258834839
0.6083400249481201
0.6077126860618591
0.6084723472595215
0.610026478767395
0.6105722188949585
0.6103265285491943
0.6103021502494812
0.6091905832290649
0.6084938645362854
0.6094764471054077
0.6093142628669739
0.6078173518180847
0.6075904965400696
0.6090685129165649
0.6094420552253723
0.6097497344017029
0.6081513166427612
0.6088424324989319
0.6085530519485474
0.6087646484375
0.6097984910011292
0.6104874610900879
0.6097995638847351
0.6098319292068481
0.6110120415687561
0.6106339693069458
0.6097131371498108
0.6086077094078064
0.6095398664474487
0.6094540953636169
0.6099904179573059
0.609535276889801
0.6101016402244568
0.6098209023475647
0.6098247766494751
0.6099656820297241
0.6080442070960999
0.6100026965141296
0.6110761165618896
0.6100897192955017
0.6104751825332642
0.612060010433197
0.6107609272003174
0.6102479100227356
0.6098094582557678
0.6092510223388672
0.6095388531684875
0.6097605228424072
0.6086148023605347
0.6108202934265137
0.6104210019111633
0.6115304827690125
0.6110548973083496
0.6106820702552795
0.6093510389328003
0.6089441776275635
0.6083055734634399
0.609147846698761
0.608781635761261
0.611127495765686
0.6099762916564941
0.61204993724823
0.6102926731109619
0.6092634797096252
0.6090559959411621
0.6101544499397278
0.6092778444290161
0.610409677028656
0.6089385747909546
0.6088792681694031
0.6093629598617554
0.6095786690711975
0.6099719405174255
0.6096463799476624
0.6118786931037903
0.611406147480011
0.6122531294822693
0.610454797744751
0.6107020974159241
0.6112117767333984
0.6116601824760437
0.6105208992958069
0.6124629378318787
0.6127524971961975
0.6124774813652039
0.6105732917785645
0.6104642152786255
0.609851598739624
0.6101366877555847
0.6096809506416321
0.6095965504646301
0.6100905537605286
0.6102729439735413
0.6097420454025269
0.6109595894813538
0.6117041707038879
0.6115939021110535
0.6113624572753906
0.6109664440155029
0.6101437211036682
0.6090660095214844
0.6104668378829956
0.610688328742981
0.611407458782196
0.6117603778839111
0.6118904948234558
0.6119871735572815
0.6130825281143188
0.6130691170692444
0.6141612529754639
0.6122696995735168
0.6108375787734985
0.6119194626808167
0.6125180721282959
0.6149042248725891
0.6147797107696533
0.614035427570343
0.6127629280090332
0.6119137406349182
0.6110063195228577
0.6122350096702576
0.6138643026351929
0.612875759601593
0.6122829914093018
0.6128174662590027
0.6128939390182495
0.6126585006713867
0.6123825907707214
0.6121805906295776
0.6139845252037048
0.6126951575279236
0.6134461760520935
0.6137496829032898
0.6142109036445618
0.6132183074951172
0.6126583814620972
0.6141358017921448
0.6142520904541016
0.6131174564361572
0.6137921810150146
0.6155318021774292
0.6152037382125854
0.6145102381706238
0.6145923733711243
0.6149079203605652
0.6148738265037537
0.6140609383583069
0.6139190793037415
0.6135154962539673
0.6151280403137207
0.614816427230835
0.6166205406188965
0.6181469559669495
0.6148110628128052
0.6152769923210144
0.6152474284172058
0.6159581542015076
0.6167895793914795
0.6163954138755798
0.616092324256897
0.6160051822662354
0.6149616241455078
0.6149564385414124
0.6159024834632874
0.6152390837669373
0.6146215796470642
0.6145086288452148
0.6140890121459961
0.6154581308364868
0.615208089351654
0.615811288356781
0.61689293384552
0.6163727045059204
0.6167430877685547
0.6170087456703186
0.6168551445007324
0.6155104637145996
0.6147242784500122
0.614987850189209
0.6148169636726379
0.6145358085632324
0.617074728012085
0.6160175800323486
0.6171097159385681
0.6156988143920898
0.6167656779289246
0.6166138052940369
0.6163287162780762
0.6168871521949768
0.6173271536827087
0.6168943047523499
0.616931676864624
0.6164209246635437
0.6186060905456543
0.6181977391242981
0.6177973747253418
0.6170198321342468
0.6170861124992371
0.6173302531242371
0.6178521513938904
0.6176981329917908
0.6171845197677612
0.6167949438095093
0.6160557270050049
0.6177884936332703
0.6177088022232056
0.6173787713050842
0.6171361804008484
0.6175724267959595
0.6193432807922363
0.6193162202835083
0.6185574531555176
0.6206342577934265
0.6192571520805359
0.6194228529930115
0.6186232566833496
0.6197632551193237
0.6190785765647888
0.6207976341247559
0.6203267574310303
0.621074914932251
0.6208083033561707
0.6213764548301697
0.6216577887535095
0.6216917634010315
0.6219274401664734
0.6202461123466492
0.6209843158721924
0.6198910474777222
0.6215648055076599
0.6217576861381531
0.6221963763237
0.621143102645874
0.6214462518692017
0.6219387054443359
0.6210646033287048
0.6213634014129639
0.6220368146896362
0.6224332451820374
0.6210428476333618
0.6206403970718384
0.6217134594917297
0.6214936971664429
0.6218945384025574
0.6230711936950684
0.6235796213150024
0.6230570673942566
0.6231023669242859
0.6223224997520447
0.6219922304153442
0.6211063265800476
0.6204048991203308
0.6224444508552551
0.6226664185523987
0.6242246031761169
0.6233189105987549
0.6230182647705078
0.6239727139472961
0.6244311332702637
0.6251271963119507
0.6262204647064209
0.625832736492157
0.6257210373878479
0.6223530769348145
0.6236817240715027
0.6234539151191711
0.6246979832649231
0.6253433227539062
0.6255594491958618
0.6239535808563232
0.6256588697433472
0.6256793737411499
0.624472975730896
0.6257557272911072
0.6248824596405029
0.6258720755577087
0.6253770589828491
0.6258544921875
0.624666154384613
0.6258702874183655
0.6261120438575745
0.625200629234314
0.6260069012641907
0.6278976202011108
0.6269832849502563
0.626690149307251
0.6268212199211121
0.6274935007095337
0.6282999515533447
0.6286770701408386
0.6280216574668884
0.6277552843093872
0.6274339556694031
0.6289173364639282
0.6281174421310425
0.6292978525161743
0.6291508674621582
0.6283419728279114
0.6271572113037109
0.6277292370796204
0.6269275546073914
0.6269727945327759
0.6272575259208679
0.6290711760520935
0.628336489200592
0.6294375061988831
0.6295860409736633
0.6282879114151001
0.6296588778495789
0.6312981247901917
0.632297158241272
0.63163822889328
0.6311861276626587
0.6305583119392395
0.6301295161247253
0.6318880915641785
0.6326430439949036
0.6301367282867432
0.6309977769851685
0.6306106448173523
0.6313907504081726
0.6322913765907288
0.6330280900001526
0.6356247067451477
0.6336467266082764
0.6326884627342224
0.632832407951355
0.6339338421821594
0.6350303292274475
0.6352169513702393
0.6340790390968323
0.6330548524856567
0.6342447996139526
0.633223295211792
0.6328029632568359
0.6326137781143188
0.6328166127204895
0.6332939267158508
0.633059024810791
0.6336950063705444
0.6343622207641602
0.6337789297103882
0.6337149143218994
0.63264000415802
0.6334746479988098
0.6336397528648376
0.6357495784759521
0.6356893181800842
0.636079728603363
0.637170135974884
0.6365059018135071
0.6364550590515137
0.6371183395385742
0.6358044743537903
0.6371076703071594
0.637172281742096
0.635124146938324
0.6352238655090332
0.6353186964988708
0.6377291679382324
0.6354373693466187
0.6370806097984314
0.6369033455848694
0.6372445225715637
0.636999785900116
0.6380434632301331
0.6375730037689209
0.6386930346488953
0.6387087106704712
0.6377878785133362
0.6383722424507141
0.6404118537902832
0.641870379447937
0.6403946280479431
0.639254093170166
0.6392418146133423
0.6391759514808655
0.6385800242424011
0.6393770575523376
0.6385544538497925
0.6410868763923645
0.6420809626579285
0.6425378918647766
0.6431194543838501
0.6422170996665955
0.6423183083534241
0.6434966921806335
0.6422292590141296
0.6426476240158081
0.6409107446670532
0.6420249938964844
0.6430063247680664
0.6426303386688232
0.64283686876297
0.6411172747612
0.6437457799911499
0.6449355483055115
0.6441147327423096
0.6444982290267944
0.6464306116104126
0.646727442741394
0.6480120420455933
0.6479666233062744
0.6493707299232483
0.6473891735076904
0.6477786898612976
0.6463029384613037
0.6462525725364685
0.6482663154602051
0.6487035751342773
0.6461552977561951
0.6484812498092651
0.6492693424224854
0.6485884189605713
0.6488630175590515
0.6492432355880737
0.6495031118392944
0.6502082943916321
0.650361180305481
0.6511228084564209
0.6495707631111145
0.6509705781936646
0.6494833827018738
0.6500817537307739
0.651330828666687
0.6494382619857788
0.6504489183425903
0.6501184105873108
0.6518951654434204
0.6510740518569946
0.6513515710830688
0.6526646018028259
0.6520360708236694
0.652089536190033
0.6523780226707458
0.6527156233787537
0.6540064215660095
0.6535103917121887
0.654729425907135
0.6542164087295532
0.6560410857200623
0.6562054753303528
0.6570497155189514
0.6563255786895752
0.6565064787864685
0.6569468379020691
0.6568906307220459
0.655998706817627
0.6581940054893494
0.6585418581962585
0.6576444506645203
0.6580067873001099
0.6577069759368896
0.659078061580658
0.6605245471000671
0.659833550453186
0.6604475378990173
0.65900057554245
0.6586858630180359
0.659315824508667
0.6600937247276306
0.6597662568092346
0.660068690776825
0.6609364151954651
0.6617366671562195
0.6615949273109436
0.6617503762245178
0.6625814437866211
0.6624417304992676
0.6630030870437622
0.6637979745864868
0.664040207862854
0.6646071672439575
0.6650952100753784
0.6652529239654541
0.6650553941726685
0.6669780611991882
0.665531575679779
0.6651561856269836
0.6664578318595886
0.6673019528388977
0.666850745677948
0.6674464344978333
0.6673039197921753
0.6686912178993225
0.6679609417915344
0.6688711643218994
0.6681183576583862
0.6686110496520996
0.6695899367332458
0.6713873744010925
0.6703694462776184
0.6696029305458069
0.6685253381729126
0.6705957651138306
0.6699637770652771
0.6700650453567505
0.671877920627594
0.6718286871910095
0.6720399260520935
0.6700997352600098
0.6709816455841064
0.6714116930961609
0.6738773584365845
0.6732685565948486
0.6740624904632568
0.6719767451286316
0.6720966100692749
0.6736372113227844
0.6742472052574158
0.6736013889312744
0.6738932728767395
0.6736928224563599
0.6739212274551392
0.6745141744613647
0.6755383610725403
0.6756749153137207
0.6767313480377197
0.6778018474578857
0.6754570007324219
0.6750280857086182
0.6766814589500427
0.6768891215324402
0.6789536476135254
0.6782102584838867
0.6765050292015076
0.6777446866035461
0.6779415011405945
0.6799406409263611
0.6791879534721375
0.6792929768562317
0.6806867122650146
0.6808077096939087
0.6800202131271362
0.6809916496276855
0.6815668940544128
0.6816734075546265
0.6804050207138062
0.6823731064796448
0.6843681931495667
0.6836453676223755
0.6849680542945862
0.6843873858451843
0.6838760375976562
0.6857776045799255
0.6842198371887207
0.6856550574302673
0.68501877784729
0.6849174499511719
0.6862461566925049
0.6861462593078613
0.6869754195213318
0.6854655742645264
0.6868286728858948
0.6880583763122559
0.6879914999008179
0.6883599758148193
0.6887307167053223
0.6890525221824646
0.6902157068252563
0.6920005679130554
0.693016767501831
0.6936346888542175
0.6929913759231567
0.6943658590316772
0.6952990889549255
0.6952928304672241
0.6950120329856873
0.6935608983039856
0.6940087080001831
0.6950744390487671
0.6951926946640015
0.6940924525260925
0.6972163915634155
0.6984696984291077
0.6980715394020081
0.6974371671676636
0.6981625556945801
0.697345495223999
0.6972529292106628
0.6974754929542542
0.6974827647209167
0.6986246705055237
0.6983415484428406
0.6995673775672913
0.6996333003044128
0.6989930272102356
0.6977371573448181
0.6998534798622131
0.6997841596603394
0.7009198069572449
0.700890302658081
0.7010785937309265
0.7016318440437317
0.7038573026657104
0.7041789889335632
0.7039084434509277
0.702322781085968
0.7041035890579224
0.7045663595199585
0.7066274881362915
0.7072885632514954
0.7081031799316406
0.7085725665092468
0.7087498307228088
0.7094707489013672
0.7092536687850952
0.7081509232521057
0.7078452110290527
0.7076275944709778
0.7094832062721252
0.7090992331504822
0.7102637887001038
0.7109895944595337
0.7117555141448975
0.7117711305618286
0.7122288346290588
0.7113447785377502
0.7116997838020325
0.7114512324333191
0.7101369500160217
0.7110952734947205
0.7101547122001648
0.7108951210975647
0.7119907140731812
0.7123121023178101
0.7118377685546875
0.7135381102561951
0.7127501368522644
0.7161641120910645
0.7141794562339783
0.7139735221862793
0.7162306308746338
0.7160200476646423
0.7181760668754578
0.716637134552002
0.7174332141876221
0.7177227139472961
0.717388391494751
0.7166547179222107
0.7179412841796875
0.7192879915237427
0.7186573147773743
0.7218402028083801
0.7201537489891052
0.7187650799751282
0.719434916973114
0.7210548520088196
0.7216383218765259
0.7216098308563232
0.7224514484405518
0.722205638885498
0.7219409346580505
0.7226880192756653
0.7230479717254639
0.7232003808021545
0.7217062711715698
0.7240014672279358
0.7231848239898682
0.7240011096000671
0.7263630032539368
0.7251905798912048
0.7268180847167969
0.7262598276138306
0.7268453240394592
0.7263839244842529
0.7276386022567749
0.7266376614570618
0.7271961569786072
0.7269365191459656
0.7269090414047241
0.7261053323745728
0.7276960015296936
0.7290136218070984
0.7310580611228943
0.7305414080619812
0.7317670583724976
0.7324603796005249
0.7324473857879639
0.7324634194374084
0.7312080264091492
0.733690619468689
0.7336488962173462
0.733738899230957
0.7329670786857605
0.7334046959877014
0.7354902625083923
0.736821174621582
0.736496090888977
0.7376670241355896
0.7355481386184692
0.7370083928108215
0.7376320958137512
0.7367189526557922
0.737210750579834
0.7391498684883118
0.7404879927635193
0.7393520474433899
0.7377559542655945
0.7391412854194641
0.7401033043861389
0.7389457821846008
0.7396294474601746
0.7402765154838562
0.7409238219261169
0.7414393424987793
0.741206169128418
0.7414319515228271
0.7409079670906067
0.7422729134559631
0.7420465350151062
0.743346095085144
0.7437665462493896
0.7432883977890015
0.744748592376709
0.7451103329658508
0.7456638813018799
0.7462354898452759
0.7474115490913391
0.7486979961395264
0.7480716705322266
0.74920654296875
0.7489153742790222
0.7494994401931763
0.7497905492782593
0.7487311363220215
0.7479149699211121
0.7467741370201111
0.7486348748207092
0.7502490878105164
0.7511606812477112
0.7513498067855835
0.7513440251350403
0.7504643797874451
0.7483177781105042
0.7496961355209351
0.7512478232383728
0.7524355053901672
0.752214789390564
0.7510913610458374
0.7524096965789795
0.7540028691291809
0.7532896399497986
0.7546161413192749
0.7524880766868591
0.7520040273666382
0.7537897825241089
0.7553481459617615
0.7555344700813293
0.7558271884918213
0.7555030584335327
0.7549269795417786
0.7556124329566956
0.7569615840911865
0.7573425769805908
0.7592339515686035
0.7605337500572205
0.7616836428642273
0.7592048645019531
0.7589429020881653
0.7597554922103882
0.7593121528625488
0.7578986883163452
0.7589432597160339
0.7593511939048767
0.7604808211326599
0.7602642774581909
0.7595316767692566
0.7601438760757446
0.7612209916114807
0.7619094252586365
0.7624062299728394
0.7638246417045593
0.765689492225647
0.7668299078941345
0.7664401531219482
0.765895426273346
0.7669841647148132
0.7666611075401306
0.7667544484138489
0.7680354118347168
0.7665095925331116
0.7677367925643921
0.7676337361335754
0.7694355249404907
0.769789457321167
0.7702346444129944
0.7710636854171753
0.7696818113327026
0.7700461745262146
0.7714025974273682
0.7724855542182922
0.7728831171989441
0.7735256552696228
0.773104190826416
0.7732653617858887
0.7719038724899292
0.772747278213501
0.7729668617248535
0.7728596925735474
0.7731682658195496
0.7744121551513672
0.7762165665626526
0.7759101390838623
0.7756478786468506
0.778156042098999
0.7771368622779846
0.7762756943702698
0.7758945226669312
0.7760506272315979
0.776918888092041
0.7759147882461548
0.7759528160095215
0.776983380317688
0.7771087884902954
0.7783141732215881
0.779400646686554
0.7801962494850159
0.7812879681587219
0.7804391384124756
0.7805231213569641
0.7811916470527649
0.7813839316368103
0.7807769775390625
0.7788133025169373
0.780115008354187
0.7812250852584839
0.781943142414093
0.7818507552146912
0.7838355898857117
0.7840928435325623
0.7848143577575684
0.783785879611969
0.7851901054382324
0.7858068943023682
0.7855996489524841
0.7862799167633057
0.785441517829895
0.785918653011322
0.7870302796363831
0.7870757579803467
0.7870069146156311
0.7864938378334045
0.7863197326660156
0.7878581881523132
0.7884343266487122
0.7908895611763
0.7905835509300232
0.7906486392021179
0.7903342247009277
0.7917276620864868
0.7915303707122803
0.791029691696167
0.7915435433387756
0.7920888662338257
0.7928975820541382
0.7930986881256104
0.791673481464386
0.7921033501625061
0.7911574840545654
0.7914102673530579
0.7924324870109558
0.7929239869117737
0.79486483335495
0.7945756912231445
0.7959268689155579
0.7949017286300659
0.7962074279785156
0.796472430229187
0.7956116199493408
0.797089159488678
0.7977764010429382
0.7983136177062988
0.7968788743019104
0.7963840365409851
0.7980556488037109
0.7976734042167664
0.7976225018501282
0.7981213927268982
0.7986677885055542
0.7976422309875488
0.8002278208732605
0.8013051748275757
0.8005347847938538
0.7995022535324097
0.8010988831520081
0.8002777099609375
0.8018022775650024
0.8024606108665466
0.8016616702079773
0.8011922240257263
0.8025985956192017
0.8045034408569336
0.8028532266616821
0.8031946420669556
0.8047239780426025
0.8042620420455933
0.8042460083961487
0.8041137456893921
0.804912805557251
0.8043900728225708
0.8062160611152649
0.8061594367027283
0.8053503632545471
0.8061308860778809
0.8074371218681335
0.8064866065979004
0.8067163228988647
0.8071169257164001
0.8087167739868164
0.8081161379814148
0.8096714019775391
0.8100983500480652
0.8103290796279907
0.8111680150032043
0.8112965822219849
0.8120444416999817
0.8113747835159302
0.8114206790924072
0.8122199177742004
0.8123166561126709
0.8116942048072815
0.8116036653518677
0.8109117150306702
0.8129104971885681
0.8128169775009155
0.8145145773887634
0.8138542771339417
0.8134332895278931
0.8134981393814087
0.8151916861534119
0.8147858381271362
0.8153938055038452
0.8167228698730469
0.8169614672660828
0.8159651756286621
0.8159452676773071
0.8168532252311707
0.8154319524765015
0.8162611722946167
0.8166351318359375
0.8176055550575256
0.8185598850250244
0.8182955384254456
0.8157125115394592
0.8163750171661377
0.8170983791351318
0.8176066875457764
0.8178786635398865
0.8187241554260254
0.8190664052963257
0.8195987343788147
0.819929838180542
0.819933295249939
0.8190464973449707
0.819648802280426
0.8201408982276917
0.8213056921958923
0.8219300508499146
0.8221474885940552
0.8221986889839172
0.8220747113227844
0.8232109546661377
0.8236914277076721
0.8242773413658142
0.8247717022895813
0.8257060647010803
0.8240530490875244
0.8231638073921204
0.8249987363815308
0.8269832134246826
0.8267233967781067
0.8272792100906372
0.8271259665489197
0.8264249563217163
0.8257271647453308
0.8286721706390381
0.8284727334976196
0.8292425274848938
0.8273694515228271
0.8284802436828613
0.8282560706138611
0.828628659248352
0.8271583914756775
0.8274286985397339
0.8292589783668518
0.8304003477096558
0.8319757580757141
0.8305410146713257
0.8301940560340881
0.8305683732032776
0.829831600189209
0.8290009498596191
0.8313782811164856
0.8327404260635376
0.8339594006538391
0.8332599401473999
0.8320474028587341
0.8322514295578003
0.8329436779022217
0.8342226147651672
0.8339999318122864
0.8342266082763672
0.8344101309776306
0.8338210582733154
0.832976758480072
0.8328761458396912
0.8334327340126038
0.8347045183181763
0.8340872526168823
0.8348187208175659
0.8355501294136047
0.8366033434867859
0.8374196887016296
0.8375902771949768
0.8371507525444031
0.8361384868621826
0.8370407819747925
0.8376142382621765
0.8385123610496521
0.8394151926040649
0.8377504348754883
0.8382068872451782
0.8374295234680176
0.8378304839134216
0.8372688293457031
0.8388507962226868
0.838924765586853
0.8409287333488464
0.8400082588195801
0.8405085802078247
0.8399872183799744
0.8397840261459351
0.8389081954956055
0.8395935893058777
0.8417865037918091
0.8417619466781616
0.8431581854820251
0.8432676196098328
0.842426061630249
0.84245765209198
0.8421788215637207
0.8431139588356018
0.8432360291481018
0.8432369828224182
0.84428870677948
0.8447664380073547
0.844676673412323
0.8458999395370483
0.8461400866508484
0.844598114490509
0.8441652059555054
0.8454811573028564
0.8464435935020447
0.8463873267173767
0.8456276059150696
0.8449179530143738
0.8458647727966309
0.8452684283256531
0.8460717797279358
0.846763014793396
0.8488571047782898
0.8474650382995605
0.8478314280509949
0.8475907444953918
0.8487319946289062
0.8484377264976501
0.8467406034469604
0.8467507362365723
0.8486756086349487
0.8502793908119202
0.850741982460022
0.8506485819816589
0.8494673371315002
0.8498204350471497
0.8513160943984985
0.8500959873199463
0.8508011102676392
0.8516453504562378
0.8525912761688232
0.8515328764915466
0.8537498116493225
0.8517202138900757
0.8513861298561096
0.8520088195800781
0.8519066572189331
0.852245032787323
0.8524789810180664
0.853668749332428
0.8528888821601868
0.8538451194763184
0.8529815077781677
0.8529273271560669
0.8523239493370056
0.8533614277839661
0.8538801074028015
0.8533585667610168
0.8540395498275757
0.8528035879135132
0.8552418947219849
0.8547973036766052
0.8549599647521973
0.8557588458061218
0.8544177412986755
0.8561618328094482
0.8562958240509033
0.8572972416877747
0.8563480377197266
0.8561428189277649
0.856978714466095
0.857052743434906
0.856268584728241
0.8571568131446838
0.8577385544776917
0.8571505546569824
0.8575920462608337
0.8579057455062866
0.8591132164001465
0.8593746423721313
0.859731137752533
0.8591716289520264
0.8583114743232727
0.8580585718154907
0.860173225402832
0.8597252368927002
0.8599482774734497
0.8581678867340088
0.8582271337509155
0.8581841588020325
0.8583009839057922
0.8586862683296204
0.8594727516174316
0.859201192855835
0.860960066318512
0.8601159453392029
0.8595566749572754
0.8590840101242065
0.8606315851211548
0.861197829246521
0.8624320030212402
0.8626923561096191
0.8633610010147095
0.8635664582252502
0.8642333745956421
0.8632088303565979
0.8624747395515442
0.8643512725830078
0.8625249266624451
0.863459050655365
0.864605188369751
0.864226758480072
0.8642948269844055
0.8644178509712219
0.8635533452033997
0.8633399605751038
0.8639465570449829
0.8648027181625366
0.8635669350624084
0.864535391330719
0.8645691871643066
0.8637909889221191
0.8648149371147156
0.8667153120040894
0.8675714135169983
0.8662487864494324
0.8666361570358276
0.8661072850227356
0.8667147159576416
0.866369366645813
0.8660332560539246
0.8657351136207581
0.8664157390594482
0.8664308786392212
0.8660488128662109
0.8673134446144104
0.8687354922294617
0.8682123422622681
0.8676877021789551
0.8673611283302307
0.86655193567276
0.8673434853553772
0.8666136860847473
0.8675059080123901
0.8674256801605225
0.8686790466308594
0.868965208530426
0.8681198358535767
0.8683775663375854
0.8686660528182983
0.868069589138031
0.8692995309829712
