0.1536666601896286
0.14688187837600708
0.14553360641002655
0.1445782482624054
0.143907830119133
0.14325232803821564
0.14336135983467102
0.14263001084327698
0.14259091019630432
0.14264315366744995
0.1424923688173294
0.14274926483631134
0.1424899697303772
0.14267084002494812
0.14304189383983612
0.1432822346687317
0.14346051216125488
0.14356864988803864
0.14393757283687592
0.14455753564834595
0.14453603327274323
0.14476074278354645
0.14478112757205963
0.1448066234588623
0.14473992586135864
0.14428138732910156
0.1441737711429596
0.144097700715065
0.14372238516807556
0.1438627541065216
0.1439322829246521
0.1438213586807251
0.14372295141220093
0.1430996060371399
0.14306004345417023
0.14341570436954498
0.14329589903354645
0.143082857131958
0.1433597058057785
0.14339007437229156
0.14275281131267548
0.14282257854938507
0.14242622256278992
0.14227625727653503
0.14240366220474243
0.14236685633659363
0.1429382562637329
0.1424476057291031
0.14212769269943237
0.14242969453334808
0.14259663224220276
0.14274533092975616
0.14259278774261475
0.14240558445453644
0.14246544241905212
0.14251354336738586
0.14239266514778137
0.1421729475259781
0.14255110919475555
0.14270441234111786
0.1427784413099289
0.14279869198799133
0.14235034584999084
0.142218217253685
0.1426505595445633
0.14211560785770416
0.1423276662826538
0.14209067821502686
0.14205992221832275
0.14242154359817505
0.14195403456687927
0.14137427508831024
0.14123696088790894
0.14138010144233704
0.1414375752210617
0.14157520234584808
0.14183218777179718
0.14183242619037628
0.14207826554775238
0.14240257441997528
0.14233462512493134
0.14238707721233368
0.14213651418685913
0.14203006029129028
0.14199882745742798
0.1417420655488968
0.14202427864074707
0.1418137550354004
0.1416352242231369
0.14138390123844147
0.14094455540180206
0.14059291779994965
0.14069764316082
0.14071159064769745
0.14094863831996918
0.1408684253692627
0.1406134068965912
0.14102840423583984
0.1413133144378662
0.14155930280685425
0.1419704705476761
0.14187008142471313
0.1415749341249466
0.1414925456047058
0.14123307168483734
0.1413637101650238
0.1411515325307846
0.1406468003988266
0.14102445542812347
0.14116597175598145
0.14149446785449982
0.1417645961046219
0.14154505729675293
0.14177924394607544
0.14165811240673065
0.14178317785263062
0.1417301744222641
0.14188438653945923
0.1414514034986496
0.14147022366523743
0.14127486944198608
0.14109967648983002
0.1415531039237976
0.14150385558605194
0.14186760783195496
0.14154493808746338
0.14158186316490173
0.14171165227890015
0.14141419529914856
0.1411939561367035
0.14135219156742096
0.1410515308380127
0.14128851890563965
0.14111195504665375
0.140843465924263
0.1405888944864273
0.14084051549434662
0.14048488438129425
0.1402505487203598
0.14035747945308685
0.1407930701971054
0.1408386528491974
0.14122310280799866
0.14126740396022797
0.1414046585559845
0.14124590158462524
0.14047499001026154
0.14054839313030243
0.14061880111694336
0.1404431313276291
0.1403329223394394
0.14032284915447235
0.14048637449741364
0.14022910594940186
0.13999010622501373
0.13986921310424805
0.13996344804763794
0.14011283218860626
0.14027488231658936
0.14022882282733917
0.14029845595359802
0.14014774560928345
0.14021356403827667
0.14062300324440002
0.1406693160533905
0.1408057063817978
0.14094582200050354
0.14064675569534302
0.14068885147571564
0.1408645510673523
0.14068958163261414
0.14063340425491333
0.14035944640636444
0.13986162841320038
0.13991959393024445
0.14012765884399414
0.14065462350845337
0.14069686830043793
0.14035558700561523
0.1402856856584549
0.14016123116016388
0.14044971764087677
0.1399863362312317
0.14033091068267822
0.1406085044145584
0.1399976760149002
0.13994020223617554
0.1397751122713089
0.13994100689888
0.14015185832977295
0.14020198583602905
0.14062000811100006
0.14131812751293182
0.14054638147354126
0.14062248170375824
0.1405811607837677
0.14020398259162903
0.14049410820007324
0.14054642617702484
0.14063075184822083
0.140522763133049
0.14030838012695312
0.13990189135074615
0.1393965631723404
0.13958561420440674
0.139764204621315
0.14022190868854523
0.1400437355041504
0.1396467536687851
0.13988208770751953
0.13958647847175598
0.1395125538110733
0.13933773338794708
0.13941268622875214
0.14013254642486572
0.14012454450130463
0.1406354159116745
0.14078304171562195
0.1408344805240631
0.14082080125808716
0.14072677493095398
0.14095018804073334
0.14089727401733398
0.14102745056152344
0.14061743021011353
0.14088059961795807
0.14088673889636993
0.14074917137622833
0.14113803207874298
0.1412389576435089
0.1407252848148346
0.14026637375354767
0.14052043855190277
0.1403290033340454
0.14034152030944824
0.14016103744506836
0.14028210937976837
0.14038912951946259
0.14005360007286072
0.14040979743003845
0.14065296947956085
0.1407414823770523
0.14077875018119812
0.14115767180919647
0.14051592350006104
0.14026160538196564
0.14029145240783691
0.1402677297592163
0.14044557511806488
0.14045746624469757
0.14043989777565002
0.1403956562280655
0.1402035802602768
0.14004801213741302
0.13994735479354858
0.1399988830089569
0.1398693323135376
0.14003266394138336
0.13993510603904724
0.14006809890270233
0.13986505568027496
0.1397676020860672
0.13976089656352997
0.13943713903427124
0.13950644433498383
0.139391228556633
0.13915382325649261
0.13926838338375092
0.1391245573759079
0.1389344483613968
0.1390388160943985
0.13899657130241394
0.139234721660614
0.1391235589981079
0.1390889585018158
0.1395593285560608
0.13946384191513062
0.13937345147132874
0.13905049860477448
0.1393708735704422
0.1393454372882843
0.1390800029039383
0.13897573947906494
0.13908261060714722
0.13869832456111908
0.1392558366060257
0.1392827332019806
0.13893911242485046
0.1393676996231079
0.13940875232219696
0.13932916522026062
0.13910430669784546
0.13906453549861908
0.13911303877830505
0.1391705870628357
0.13903309404850006
0.13878406584262848
0.13836896419525146
0.13866537809371948
0.13852658867835999
0.13864850997924805
0.1386469006538391
0.13878387212753296
0.13907048106193542
0.1394224613904953
0.13952307403087616
0.13929946720600128
0.13887657225131989
0.13896939158439636
0.13876184821128845
0.13878674805164337
0.13894866406917572
0.1387353092432022
0.13883283734321594
0.13915590941905975
0.13924095034599304
0.13985329866409302
0.14016202092170715
0.13998009264469147
0.13988685607910156
0.13940782845020294
0.13900671899318695
0.1385774463415146
0.13892607390880585
0.13922271132469177
0.13918724656105042
0.1393463909626007
0.13937120139598846
0.13929806649684906
0.13927382230758667
0.13967499136924744
0.13957610726356506
0.13939981162548065
0.1391899436712265
0.13905328512191772
0.13919119536876678
0.1394786238670349
0.13939811289310455
0.1390938013792038
0.13865934312343597
0.13834962248802185
0.13847772777080536
0.1389036476612091
0.1388418972492218
0.13879190385341644
0.13900649547576904
0.13895975053310394
0.13880543410778046
0.13915210962295532
0.13926635682582855
0.13860438764095306
0.13863115012645721
0.1383754462003708
0.1383197158575058
0.1382722407579422
0.13833260536193848
0.1388503611087799
0.138954758644104
0.13849104940891266
0.13874748349189758
0.13871139287948608
0.1387864351272583
0.1385449916124344
0.13852952420711517
0.1385742574930191
0.1394234150648117
0.13906681537628174
0.1388329416513443
0.13890092074871063
0.13851402699947357
0.1380973607301712
0.13812191784381866
0.13795973360538483
0.1380431354045868
0.13797147572040558
0.13782095909118652
0.13790792226791382
0.13789102435112
0.13832256197929382
0.1383255571126938
0.1385354846715927
0.13890625536441803
0.1389092653989792
0.13854840397834778
0.13855665922164917
0.1386413723230362
0.13863399624824524
0.13860785961151123
0.13846535980701447
0.1380586177110672
0.138313889503479
0.13816682994365692
0.13847292959690094
0.1382240504026413
0.13814957439899445
0.13794007897377014
0.13785655796527863
0.13807757198810577
0.1378643959760666
0.1384585201740265
0.13841159641742706
0.13865332305431366
0.13856883347034454
0.1387978345155716
0.13889047503471375
0.13885633647441864
0.13871446251869202
0.1386530101299286
0.1383598893880844
0.13839222490787506
0.13800148665905
0.13813534379005432
0.1382429301738739
0.13783888518810272
0.13765794038772583
0.13748539984226227
0.1372179388999939
0.13684043288230896
0.13725370168685913
0.13707700371742249
0.13749247789382935
0.1378239542245865
0.1372784823179245
0.13688071072101593
0.13732869923114777
0.13719892501831055
0.13692671060562134
0.13658969104290009
0.13627344369888306
0.136581689119339
0.13665223121643066
0.13722433149814606
0.13781096041202545
0.13769440352916718
0.1376919150352478
0.1375022679567337
0.13790181279182434
0.13781240582466125
0.1379033476114273
0.13785722851753235
0.13789550960063934
0.13805358111858368
0.13788709044456482
0.13830290734767914
0.1384865641593933
0.13823090493679047
0.13831649720668793
0.1382240504026413
0.13762886822223663
0.13739199936389923
0.1369340419769287
0.13690343499183655
0.1370101124048233
0.13673095405101776
0.1371421068906784
0.13761770725250244
0.13766737282276154
0.13753212988376617
0.13767372071743011
0.13748247921466827
0.137466162443161
0.13740557432174683
0.13754414021968842
0.13740123808383942
0.13711492717266083
0.1377239227294922
0.13754113018512726
0.13722039759159088
0.13725414872169495
0.1372060775756836
0.13706962764263153
0.13692213594913483
0.13704673945903778
0.13709349930286407
0.13698047399520874
0.1374366283416748
0.1373487263917923
0.13748808205127716
0.1376669853925705
0.13788214325904846
0.13741976022720337
0.13725709915161133
0.13735981285572052
0.13726522028446198
0.13736988604068756
0.13753612339496613
0.1378825604915619
0.1377234309911728
0.1380881816148758
0.13809996843338013
0.13825596868991852
0.13815274834632874
0.13834688067436218
0.13830973207950592
0.13848170638084412
0.13819298148155212
0.13805516064167023
0.13796493411064148
0.1378849893808365
0.13795511424541473
0.13803784549236298
0.13811320066452026
0.13797211647033691
0.13801045715808868
0.13774628937244415
0.1373361498117447
0.13707710802555084
0.13682976365089417
0.13714000582695007
0.1372070610523224
0.13734006881713867
0.13746224343776703
0.13705287873744965
0.13735026121139526
0.13762271404266357
0.13739916682243347
0.1372002512216568
0.1371477097272873
0.13707299530506134
0.13712404668331146
0.13696514070034027
0.13723045587539673
0.1375097781419754
0.1374443918466568
0.13733947277069092
0.1374739557504654
0.13703405857086182
0.13696718215942383
0.13616475462913513
0.13652125000953674
0.1365772932767868
0.13686539232730865
0.13701599836349487
0.136949822306633
0.13661427795886993
0.13668760657310486
0.13668687641620636
0.13672339916229248
0.13694652915000916
0.13687478005886078
0.13688251376152039
0.13701702654361725
0.13685119152069092
0.1368451565504074
0.13661830127239227
0.13646544516086578
0.1364402174949646
0.13605135679244995
0.13623879849910736
0.1362074911594391
0.13621032238006592
0.1362878829240799
0.13623511791229248
0.1363099217414856
0.13635240495204926
0.1363822966814041
0.135990709066391
0.13610325753688812
0.13605068624019623
0.13625425100326538
0.13591721653938293
0.13612817227840424
0.1362738460302353
0.13620804250240326
0.13601820170879364
0.13581304252147675
0.1362009197473526
0.13613232970237732
0.13631795346736908
0.136894091963768
0.13650891184806824
0.13665802776813507
0.13642945885658264
0.13633868098258972
0.13602983951568604
0.13660404086112976
0.13657599687576294
0.13691258430480957
0.13705527782440186
0.13721366226673126
0.13698460161685944
0.13662515580654144
0.13710534572601318
0.13686901330947876
0.13637889921665192
0.13623663783073425
0.13617950677871704
0.13621582090854645
0.13604217767715454
0.13631485402584076
0.1363227665424347
0.13650965690612793
0.136618971824646
0.13612942397594452
0.13572852313518524
0.13639198243618011
0.13676497340202332
0.13687509298324585
0.13665132224559784
0.13624635338783264
0.13649094104766846
0.1364631950855255
0.13673126697540283
0.13659264147281647
0.13659466803073883
0.13678567111492157
0.1369142234325409
0.1366858333349228
0.1362607330083847
0.13643291592597961
0.13620127737522125
0.13645996153354645
0.13625265657901764
0.13634082674980164
0.1361929178237915
0.13634195923805237
0.1366645097732544
0.1364523321390152
0.13631758093833923
0.13627804815769196
0.13606025278568268
0.1360923796892166
0.13664942979812622
0.1366337090730667
0.1368100345134735
0.13667023181915283
0.13670304417610168
0.13652734458446503
0.136423259973526
0.13629403710365295
0.13575270771980286
0.13596990704536438
0.1357162892818451
0.13553133606910706
0.1356125771999359
0.1357298195362091
0.13620725274085999
0.13576270639896393
0.1356457769870758
0.13556219637393951
0.1353234499692917
0.13554030656814575
0.135755255818367
0.13563917577266693
0.13541527092456818
0.13569530844688416
0.1358714997768402
0.13598020374774933
0.13622894883155823
0.13543401658535004
0.1351679116487503
0.1353759765625
0.13524793088436127
0.13509079813957214
0.1351783573627472
0.13571181893348694
0.13507728278636932
0.13476821780204773
0.13461539149284363
0.13484978675842285
0.13496658205986023
0.1349797248840332
0.13554120063781738
0.13554447889328003
0.13546039164066315
0.13534969091415405
0.13485895097255707
0.1346898376941681
0.13462792336940765
0.13504518568515778
0.1354520171880722
0.13462071120738983
0.13430874049663544
0.1346043199300766
0.13440382480621338
0.13492164015769958
0.1346231997013092
0.13447222113609314
0.1348412036895752
0.13523566722869873
0.13527444005012512
0.13535836338996887
0.13500919938087463
0.13525496423244476
0.13529044389724731
0.13534116744995117
0.13516639173030853
0.13537880778312683
0.13558784127235413
0.13554365932941437
0.13554982841014862
0.13541388511657715
0.1354084312915802
0.13544219732284546
0.1352456957101822
0.13525699079036713
0.1353507936000824
0.13531148433685303
0.1354498565196991
0.1360129863023758
0.13605357706546783
0.13565100729465485
0.13529717922210693
0.1352917104959488
0.13495074212551117
0.1350557655096054
0.1354651004076004
0.13604208827018738
0.13582512736320496
0.13598573207855225
0.13563089072704315
0.1353103667497635
0.13523419201374054
0.1346234381198883
0.13508275151252747
0.13511475920677185
0.13526591658592224
0.13540609180927277
0.13499322533607483
0.13491128385066986
0.13483783602714539
0.13491804897785187
0.13529488444328308
0.13504286110401154
0.13486294448375702
0.13511969149112701
0.13527533411979675
0.135174959897995
0.13482874631881714
0.13483338057994843
0.13473226130008698
0.13448554277420044
0.13475216925144196
0.1348215639591217
0.1343083381652832
0.13443061709403992
0.13449876010417938
0.1342155486345291
0.13432687520980835
0.13443362712860107
0.1347157061100006
0.1352207511663437
0.13492056727409363
0.1349625438451767
0.13438521325588226
0.1346178650856018
0.13432440161705017
0.13402287662029266
0.1344083696603775
0.13424013555049896
0.13421566784381866
0.13442884385585785
0.13437050580978394
0.1343725472688675
0.13459759950637817
0.13435305655002594
0.13463324308395386
0.13457928597927094
0.13493861258029938
0.1347847431898117
0.1343422532081604
0.1346045285463333
0.13456542789936066
0.13491417467594147
0.13473591208457947
0.1343538761138916
0.13426747918128967
0.13415049016475677
0.1341181844472885
0.13408614695072174
0.13368013501167297
0.133727565407753
0.1340133100748062
0.13411079347133636
0.13399089872837067
0.13390207290649414
0.13391439616680145
0.13440220057964325
0.13467317819595337
0.13492551445960999
0.13500024378299713
0.13468632102012634
0.13457459211349487
0.13457486033439636
0.13462013006210327
0.1346963793039322
0.13457030057907104
0.1347196102142334
0.13473299145698547
0.13460911810398102
0.13479967415332794
0.1348685771226883
0.13485956192016602
0.1342902034521103
0.13475489616394043
0.13446195423603058
0.13488472998142242
0.13532492518424988
0.1350618451833725
0.13452693819999695
0.1344967782497406
0.13441148400306702
0.13440467417240143
0.13475313782691956
0.13487079739570618
0.1350613832473755
0.13478665053844452
0.13473401963710785
0.134683296084404
0.13467614352703094
0.13452060520648956
0.13428044319152832
0.13395282626152039
0.13394196331501007
0.13379915058612823
0.13355307281017303
0.1337932050228119
0.13366594910621643
0.1336219757795334
0.13322901725769043
0.13294945657253265
0.13319003582000732
0.13359497487545013
0.13379783928394318
0.13381312787532806
0.13432306051254272
0.1343594491481781
0.13447484374046326
0.13453617691993713
0.13418056070804596
0.1344647854566574
0.1343422681093216
0.13402409851551056
0.13424763083457947
0.13424861431121826
0.13431280851364136
0.1345009058713913
0.13417744636535645
0.13382042944431305
0.1337723582983017
0.13364239037036896
0.13302206993103027
0.13348978757858276
0.13387274742126465
0.13324108719825745
0.132931649684906
0.13357748091220856
0.13359881937503815
0.13373853266239166
0.13396534323692322
0.13386687636375427
0.13412727415561676
0.13389788568019867
0.1342264860868454
0.13390333950519562
0.1341230273246765
0.13420899212360382
0.13438713550567627
0.1343717724084854
0.13413016498088837
0.13363978266716003
0.13377265632152557
0.13383165001869202
0.13415031135082245
0.1338023692369461
0.13437485694885254
0.13457980751991272
0.13478605449199677
0.1345445066690445
0.13384385406970978
0.13388724625110626
0.1338200867176056
0.1335926204919815
0.13391493260860443
0.1337195485830307
0.13347776234149933
0.1333737075328827
0.1333947479724884
0.1334604024887085
0.13344259560108185
0.1333780586719513
0.13302528858184814
0.13323532044887543
0.13344508409500122
0.13341224193572998
0.13313518464565277
0.13320674002170563
0.1334143728017807
0.13288524746894836
0.13292236626148224
0.132502019405365
0.13236980140209198
0.132356196641922
0.13260267674922943
0.13255693018436432
0.1330014169216156
0.13314037024974823
0.13346156477928162
0.1335676610469818
0.1334647536277771
0.13344544172286987
0.1330343782901764
0.13273581862449646
0.13263876736164093
0.13248510658740997
0.1320561319589615
0.13240060210227966
0.13281233608722687
0.1331014186143875
0.1328728049993515
0.13254287838935852
0.1324777454137802
0.13254712522029877
0.1325221210718155
0.13212953507900238
0.13216239213943481
0.13269539177417755
0.1333739459514618
0.13330107927322388
0.1331261396408081
0.1330309510231018
0.13307389616966248
0.13324624300003052
0.13356181979179382
0.133322075009346
0.13316744565963745
0.13305766880512238
0.13235841691493988
0.13230812549591064
0.13226982951164246
0.1327356994152069
0.13291342556476593
0.13277976214885712
0.13361741602420807
0.13301119208335876
0.13313527405261993
0.1333187073469162
0.13302554190158844
0.1330920308828354
0.1330893486738205
0.13358156383037567
0.13354220986366272
0.13361786305904388
0.13351847231388092
0.13372880220413208
0.13359852135181427
0.1332879662513733
0.13303332030773163
0.1330745816230774
0.13329915702342987
0.13317489624023438
0.1331922709941864
0.13316240906715393
0.13316068053245544
0.1332322359085083
0.13265123963356018
0.13238632678985596
0.1329827457666397
0.1325453370809555
0.13249482214450836
0.13251423835754395
0.1321297585964203
0.13243962824344635
0.13203385472297668
0.1322956532239914
0.13261950016021729
0.13226136565208435
0.13272781670093536
0.13305088877677917
0.13315829634666443
0.13277453184127808
0.1335521936416626
0.1330108344554901
0.13259828090667725
0.13228142261505127
0.1318008303642273
0.13195465505123138
0.13215942680835724
0.1325712949037552
0.1322564035654068
0.13226348161697388
0.13281968235969543
0.13240095973014832
0.13271464407444
0.13277482986450195
0.13250386714935303
0.1325034201145172
0.1320997178554535
0.13162393867969513
0.1314619928598404
0.13190408051013947
0.13191398978233337
0.13186772167682648
0.13198433816432953
0.132119283080101
0.13252271711826324
0.13237379491329193
0.13253241777420044
0.13260148465633392
0.13296502828598022
0.1327318698167801
0.1329929679632187
0.13298659026622772
0.1327068954706192
0.1325506567955017
0.13306888937950134
0.13290834426879883
0.13312646746635437
0.1328982710838318
0.1330101042985916
0.13271275162696838
0.13290619850158691
0.13322871923446655
0.1332310438156128
0.13255701959133148
0.1327633261680603
0.13290581107139587
0.13248762488365173
0.1323518604040146
0.1324656754732132
0.13264892995357513
0.13269715011119843
0.13290907442569733
0.1323736608028412
0.13201957941055298
0.13198034465312958
0.13206453621387482
0.13236607611179352
0.13242168724536896
0.13304859399795532
0.13292476534843445
0.13286946713924408
0.13306453824043274
0.13293366134166718
0.13240496814250946
0.13222689926624298
0.13229326903820038
0.13204500079154968
0.13199758529663086
0.13219758868217468
0.13256745040416718
0.1321636587381363
0.1318337321281433
0.13209715485572815
0.131682887673378
0.1319715827703476
0.13186536729335785
0.1320599615573883
0.13225524127483368
0.13215075433254242
0.13297027349472046
0.13279880583286285
0.13312798738479614
0.13289585709571838
0.1323244422674179
0.13239242136478424
0.1323840171098709
0.13275708258152008
0.13268841803073883
0.13246731460094452
0.13223841786384583
0.13246867060661316
0.13233445584774017
0.13197165727615356
0.13220709562301636
0.13230949640274048
0.1321936547756195
0.13214211165905
0.13229230046272278
0.13229894638061523
0.13218025863170624
0.13192880153656006
0.13176403939723969
0.1320810765028
0.1315869241952896
0.13130007684230804
0.13095347583293915
0.1312481313943863
0.13178186118602753
0.13176105916500092
0.13240283727645874
0.13249164819717407
0.132874995470047
0.13320302963256836
0.13337545096874237
0.13283847272396088
0.13303856551647186
0.13284511864185333
0.13239075243473053
0.1324060559272766
0.13246887922286987
0.13195596635341644
0.1323767602443695
0.1320907175540924
0.13175272941589355
0.13216069340705872
0.13227598369121552
0.13253438472747803
0.13247473537921906
0.13275258243083954
0.13236281275749207
0.13241569697856903
0.13243238627910614
0.13221600651741028
0.13244891166687012
0.13255427777767181
0.1328459233045578
0.13293761014938354
0.13302010297775269
0.1329917013645172
0.1327657550573349
0.13278526067733765
0.13297919929027557
0.13276994228363037
0.13253718614578247
0.13234449923038483
0.1324872225522995
0.13225992023944855
0.13212159276008606
0.1318722665309906
0.131825789809227
0.1315474659204483
0.13158370554447174
0.13177837431430817
0.13155458867549896
0.13178938627243042
0.13169662654399872
0.1318456530570984
0.131715327501297
0.13233447074890137
0.1325794905424118
0.13300685584545135
0.1328597366809845
0.13220219314098358
0.13174518942832947
0.1317298263311386
0.13200005888938904
0.13193626701831818
0.13167528808116913
0.13197115063667297
0.13157257437705994
0.13157467544078827
0.13206349313259125
0.13158005475997925
0.13163378834724426
0.13158585131168365
0.13174082338809967
0.13134147226810455
0.13146521151065826
0.13130196928977966
0.13158376514911652
0.1314414143562317
0.13139945268630981
0.13193757832050323
0.1318674087524414
0.1312934011220932
0.13105665147304535
0.13077130913734436
0.13081754744052887
0.1306503713130951
0.13080047070980072
0.13146322965621948
0.13145305216312408
0.13159841299057007
0.13203634321689606
0.13175198435783386
0.1320173293352127
0.13224883377552032
0.13197234272956848
0.1326722800731659
0.1325472742319107
0.1323111653327942
0.1319044679403305
0.1318749040365219
0.13128651678562164
0.1315118670463562
0.1312040537595749
0.13181132078170776
0.1322830468416214
0.13199211657047272
0.13134509325027466
0.13112279772758484
0.13129067420959473
0.13160216808319092
0.13142871856689453
0.1309051364660263
0.13108065724372864
0.13112850487232208
0.13172116875648499
0.13165448606014252
0.1313512772321701
0.13160783052444458
0.13165733218193054
0.13142724335193634
0.1312929093837738
0.13149139285087585
0.1316494196653366
0.13174638152122498
0.13181515038013458
0.1315852552652359
0.131434366106987
0.13105301558971405
0.1311568021774292
0.13121002912521362
0.13143390417099
0.13173502683639526
0.13153286278247833
0.13144035637378693
0.13130463659763336
0.13116846978664398
0.1311812400817871
0.13049820065498352
0.13050596415996552
0.13075534999370575
0.13059015572071075
0.13080359995365143
0.13044726848602295
0.130781352519989
0.13078922033309937
0.13111776113510132
0.13083963096141815
0.13056473433971405
0.13068199157714844
0.13085409998893738
0.1309221386909485
0.1303854137659073
0.1307181715965271
0.13067199289798737
0.13032354414463043
0.13098494708538055
0.13080158829689026
0.13064678013324738
0.13066065311431885
0.13071586191654205
0.130849227309227
0.1305336058139801
0.13058963418006897
0.1310882717370987
0.13120266795158386
0.1312195211648941
0.13104480504989624
0.1308113932609558
0.13093699514865875
0.13068829476833344
0.13079121708869934
0.1308313012123108
0.13108500838279724
0.13149206340312958
0.13177503645420074
0.1312219649553299
0.13135233521461487
0.13132980465888977
0.13094620406627655
0.1309739202260971
0.1311887949705124
0.13082469999790192
0.13091017305850983
0.13046348094940186
0.13047285377979279
0.1308271586894989
0.1307501643896103
0.13061045110225677
0.130311980843544
0.13058097660541534
0.1303805410861969
0.1302189826965332
0.1301158368587494
0.13024193048477173
0.13008002936840057
0.13040894269943237
0.13048556447029114
0.13056808710098267
0.13092489540576935
0.1301763951778412
0.13039164245128632
0.13080096244812012
0.1309104561805725
0.13072657585144043
0.13049420714378357
0.13068389892578125
0.13073717057704926
0.13062702119350433
0.13052672147750854
0.130762979388237
0.13073326647281647
0.1304229199886322
0.1303674429655075
0.1304747760295868
0.1306552290916443
0.13083606958389282
0.1308942288160324
0.13078971207141876
0.13056311011314392
0.1301875114440918
0.13030344247817993
0.12994594871997833
0.13026054203510284
0.13046321272850037
0.13075529038906097
0.13020041584968567
0.1307271420955658
0.13029566407203674
0.13038082420825958
0.1302541345357895
0.13047204911708832
0.1305653303861618
0.13063108921051025
0.13074488937854767
0.13055196404457092
0.13083839416503906
0.1306791752576828
0.12987539172172546
0.12992876768112183
0.12994743883609772
0.1303982138633728
0.13073374330997467
0.13049820065498352
0.13071514666080475
0.130436971783638
0.13011284172534943
0.13027361035346985
0.13024462759494781
0.13006727397441864
0.12992866337299347
0.13040100038051605
0.13035504519939423
0.1306162029504776
0.13090471923351288
0.13076503574848175
0.130747452378273
0.13019810616970062
0.13029535114765167
0.1303175538778305
0.13031738996505737
0.13035808503627777
0.13068895041942596
0.13024184107780457
0.13012737035751343
0.13037852942943573
0.13058865070343018
0.13017086684703827
0.1302335411310196
0.1306273639202118
0.13042235374450684
0.13060879707336426
0.13095243275165558
0.13047702610492706
0.1302996724843979
0.13044635951519012
0.13052527606487274
0.13077861070632935
0.1307900846004486
0.13094229996204376
0.1306256353855133
0.13057541847229004
0.13095350563526154
0.13058194518089294
0.1301288604736328
0.1305842399597168
0.1306927353143692
0.13063429296016693
0.1310226023197174
0.13055217266082764
0.130597785115242
0.13112717866897583
0.13051964342594147
0.13032522797584534
0.13043001294136047
0.13072656095027924
0.13048912584781647
0.13037531077861786
0.13068875670433044
0.13080553710460663
0.13043124973773956
0.1303918957710266
0.13019338250160217
0.1297491490840912
0.1294562667608261
0.1294163018465042
0.12914089858531952
0.1294429749250412
0.12937085330486298
0.1294706016778946
0.1295222043991089
0.12992598116397858
0.13013437390327454
0.12992112338542938
0.12974746525287628
0.12987902760505676
0.13044928014278412
0.13022881746292114
0.13010159134864807
0.13010014593601227
0.13048024475574493
0.1301901936531067
0.13014712929725647
0.12996414303779602
0.13023768365383148
0.13016745448112488
0.13046510517597198
0.1303979456424713
0.13050618767738342
0.13070613145828247
0.13085468113422394
0.13105370104312897
0.13119538128376007
0.13080790638923645
0.13092826306819916
0.13149422407150269
0.13123473525047302
0.13070674240589142
0.1307482272386551
0.13082998991012573
0.13033312559127808
0.1303173154592514
0.1302989423274994
0.13022421300411224
0.13010232150554657
0.13004663586616516
0.1300569325685501
0.1298711597919464
0.13001596927642822
0.12960673868656158
0.13003315031528473
0.1301731914281845
0.1301928460597992
0.12982946634292603
0.1300155073404312
0.13005773723125458
0.1303800493478775
0.13046382367610931
0.1305343210697174
0.1307823210954666
0.1306753158569336
0.13064664602279663
0.13025957345962524
0.13028618693351746
0.13027340173721313
0.1297493875026703
0.12958337366580963
0.12991389632225037
0.12968146800994873
0.12948042154312134
0.12961243093013763
0.12968453764915466
0.1303386092185974
0.13042834401130676
0.12973584234714508
0.13013339042663574
0.13010947406291962
0.12973621487617493
0.13017824292182922
0.12997128069400787
0.12951649725437164
0.12941665947437286
0.12975506484508514
0.12990249693393707
0.12963242828845978
0.1297580599784851
0.1300455927848816
0.1296192854642868
0.12992504239082336
0.13012348115444183
0.1299647092819214
0.1301039308309555
0.13010339438915253
0.13059356808662415
0.13058824837207794
0.13017162680625916
0.1300228089094162
0.13011105358600616
0.13011735677719116
0.1297156810760498
0.1303260326385498
0.13037002086639404
0.13026151061058044
0.13011480867862701
0.1302221417427063
0.13010987639427185
0.13023298978805542
0.13053227961063385
0.13111889362335205
0.1311490535736084
0.13117876648902893
0.1310025453567505
0.130857452750206
0.13077165186405182
0.13020066916942596
0.13062618672847748
0.13070380687713623
0.13064463436603546
0.12971217930316925
0.13034020364284515
0.1306237131357193
0.13029544055461884
0.13017728924751282
0.130437970161438
0.13038909435272217
0.12975504994392395
0.130093052983284
0.129774272441864
0.1300336867570877
0.12967710196971893
0.12970444560050964
0.129505917429924
0.12955567240715027
0.12960927188396454
0.12992580235004425
0.12972882390022278
0.1297447234392166
0.13010567426681519
0.13025575876235962
0.12976904213428497
0.12976622581481934
0.13007989525794983
0.1297912895679474
0.12966199219226837
0.12932108342647552
0.12944135069847107
0.1295209676027298
0.12918423116207123
0.1293840855360031
0.1292276531457901
0.12919385731220245
0.12982186675071716
0.13003239035606384
0.13007251918315887
0.13045209646224976
0.13014601171016693
0.12983565032482147
0.12944486737251282
0.1290273666381836
0.12974895536899567
0.1298988312482834
0.12955890595912933
0.1301361322402954
0.13012509047985077
0.13026784360408783
0.129967600107193
0.1300099641084671
0.13000763952732086
0.12986139953136444
0.12994423508644104
0.12995804846286774
0.13000045716762543
0.12986628711223602
0.1298271119594574
0.1295291930437088
0.12970004975795746
0.13030529022216797
0.1304563581943512
0.130195751786232
0.12984146177768707
0.1296929121017456
0.13006970286369324
0.13031154870986938
0.1303110122680664
0.1300969272851944
0.1301327794790268
0.13011331856250763
0.1299855262041092
0.12984679639339447
0.12949074804782867
0.1299440711736679
0.13025535643100739
0.13040703535079956
0.13069763779640198
0.130313441157341
0.12983623147010803
0.12948735058307648
0.1296839863061905
0.13005807995796204
0.13012878596782684
0.12997591495513916
0.12994568049907684
0.13010267913341522
0.1299959272146225
0.13054251670837402
0.12987294793128967
0.12990181148052216
0.12984465062618256
0.1299864649772644
0.12942728400230408
0.1290830820798874
0.1290842741727829
0.12907305359840393
0.12951087951660156
0.12949804961681366
0.12957070767879486
0.12954412400722504
0.1295728087425232
0.12953920662403107
0.13006442785263062
0.129879429936409
0.13008950650691986
0.13042323291301727
0.1304820328950882
0.1301325559616089
0.1301201730966568
0.130142480134964
0.1301555186510086
0.1299712210893631
0.1300283968448639
0.13033218681812286
0.130515456199646
0.13020387291908264
0.1301862895488739
0.1298018991947174
0.12937505543231964
0.12954142689704895
0.12922504544258118
0.12960250675678253
0.12966185808181763
0.1303321272134781
0.1306934952735901
0.13112488389015198
0.13097456097602844
0.13124357163906097
0.13074015080928802
0.13092245161533356
0.13055002689361572
0.13050654530525208
0.1308789700269699
0.1310015618801117
0.1303889900445938
0.12988947331905365
0.1296781748533249
0.12942254543304443
0.12951086461544037
0.12961237132549286
0.12916214764118195
0.12902264297008514
0.1292147934436798
0.12962038815021515
0.12989448010921478
0.129647359251976
0.12963485717773438
0.12988092005252838
0.13037343323230743
0.1304120272397995
0.13022293150424957
0.12995366752147675
0.12969738245010376
0.13020092248916626
0.1302356868982315
0.13034312427043915
0.13080964982509613
0.13045507669448853
0.13034415245056152
0.1299382746219635
0.13004636764526367
0.13013441860675812
0.13058844208717346
0.13064490258693695
0.13048161566257477
0.13002483546733856
0.1298842877149582
0.13011643290519714
0.12964481115341187
0.13008561730384827
0.1296493113040924
0.12945245206356049
0.12985087931156158
0.12981386482715607
0.12994109094142914
0.130197674036026
0.12988366186618805
0.12991002202033997
0.13003668189048767
0.13034656643867493
0.13039280474185944
0.1299370676279068
0.12971340119838715
0.12971200048923492
0.12949533760547638
0.12917618453502655
0.12885978817939758
0.12930764257907867
0.1293308287858963
0.12879517674446106
0.1288297474384308
0.12931756675243378
0.12930436432361603
0.12927615642547607
0.1292068362236023
0.1295267939567566
0.12954716384410858
0.12949582934379578
0.1298561990261078
0.12992644309997559
0.13002870976924896
0.12989795207977295
0.12960731983184814
0.1298428326845169
0.12978889048099518
0.1297457069158554
0.1295338124036789
0.12934789061546326
0.1294749230146408
0.12965655326843262
0.1294206827878952
0.1297580748796463
0.1298656463623047
0.12970015406608582
0.13005226850509644
0.1300853043794632
0.12989988923072815
0.12962603569030762
0.13023784756660461
0.1303638070821762
0.13034729659557343
0.1303606927394867
0.13041183352470398
0.13066689670085907
0.13063888251781464
0.13009853661060333
0.12976451218128204
0.1297435462474823
0.13032028079032898
0.1304565817117691
0.13004492223262787
0.13058049976825714
0.13012081384658813
0.12993545830249786
0.13059784471988678
0.13002438843250275
0.13042761385440826
0.13046807050704956
0.13026563823223114
0.13033869862556458
0.13047833740711212
0.13002879917621613
0.12979193031787872
0.12952932715415955
0.12993581593036652
0.1301746666431427
0.12988005578517914
0.12943261861801147
0.12926091253757477
0.12914292514324188
0.12915782630443573
0.1294867843389511
0.12964846193790436
0.12980152666568756
0.1300201714038849
0.13004320859909058
0.12993022799491882
0.13028909265995026
0.1298953890800476
0.1300850212574005
0.12956394255161285
0.12953463196754456
0.1289985477924347
0.1293032318353653
0.12994205951690674
0.13003122806549072
0.13026927411556244
0.13036195933818817
0.1307433694601059
0.13047318160533905
0.13021937012672424
0.13009978830814362
0.13022466003894806
0.13046659529209137
0.13052958250045776
0.13067929446697235
0.13057726621627808
0.13028375804424286
0.13058272004127502
0.13031338155269623
0.13015900552272797
0.13025438785552979
0.13015028834342957
0.1300886571407318
0.12968167662620544
0.12963944673538208
0.12983354926109314
0.1303156167268753
0.1302817463874817
0.13016611337661743
0.13018189370632172
0.12987950444221497
0.12969231605529785
0.1297651082277298
0.1297493726015091
0.12999901175498962
0.13019484281539917
0.12991946935653687
0.13015004992485046
0.13033956289291382
0.1304236799478531
0.1309504210948944
0.1307361125946045
0.13046590983867645
0.13018886744976044
0.13012662529945374
0.13013428449630737
0.13017167150974274
0.12988081574440002
0.1299978345632553
0.1303161233663559
0.1301436424255371
0.13013876974582672
0.1303451657295227
0.13036033511161804
0.13121819496154785
0.13100413978099823
0.13101553916931152
0.1311894953250885
0.13093672692775726
0.13103416562080383
0.13104327023029327
0.1307394802570343
0.13083884119987488
0.13077279925346375
0.1305702179670334
0.12997043132781982
0.12993228435516357
0.1298903226852417
0.12997452914714813
0.12960800528526306
0.12985146045684814
0.12990333139896393
0.12995725870132446
0.12990665435791016
0.12988437712192535
0.1299939602613449
0.13014744222164154
0.13057594001293182
0.13018262386322021
0.13000144064426422
0.12966594099998474
0.1294451504945755
0.12953521311283112
0.12970389425754547
0.1297357976436615
0.12978948652744293
0.12979744374752045
0.12996453046798706
0.1303577721118927
0.12999749183654785
0.13010025024414062
0.1300658881664276
0.13041406869888306
0.13038963079452515
0.1303364783525467
0.1300635039806366
0.13021084666252136
0.130062073469162
0.12993767857551575
0.12995053827762604
0.12989871203899384
0.12922486662864685
0.12882483005523682
0.12868113815784454
0.1290150284767151
0.12898476421833038
0.12945979833602905
0.12940098345279694
0.1296626776456833
0.12970338761806488
0.12939932942390442
0.1294068694114685
0.12952715158462524
0.12960849702358246
0.12959323823451996
0.1295495182275772
0.12959657609462738
0.12994880974292755
0.13065309822559357
0.1307564526796341
0.13107042014598846
0.13112887740135193
0.1309690922498703
0.13070210814476013
0.13059969246387482
0.13062837719917297
0.1304054856300354
0.1304548680782318
0.13019198179244995
0.13042081892490387
0.13035087287425995
0.13054461777210236
0.1306060254573822
0.1306466907262802
0.1306939423084259
0.1303076446056366
0.13046230375766754
0.13023726642131805
0.13021017611026764
0.13049501180648804
0.13034725189208984
0.13027483224868774
0.12998250126838684
0.12970396876335144
0.1296786218881607
0.129709854722023
0.12989816069602966
0.13014928996562958
0.13017666339874268
0.130507230758667
0.13038529455661774
0.1303376853466034
0.13020561635494232
0.13023896515369415
0.13049522042274475
0.12999004125595093
0.1300605833530426
0.13037170469760895
0.12981681525707245
0.12997157871723175
0.12963242828845978
0.13012538850307465
0.13020646572113037
0.1299310028553009
0.13020706176757812
0.13011188805103302
0.13026779890060425
0.13021455705165863
0.13015145063400269
0.1303844451904297
0.13046148419380188
0.1306973248720169
0.13104504346847534
0.13080359995365143
0.13083192706108093
0.13075082004070282
0.1305592656135559
0.13018906116485596
0.13037912547588348
0.12994351983070374
0.1298101395368576
0.12947489321231842
0.12928526103496552
0.12953121960163116
0.12942905724048615
0.12936004996299744
0.1291499137878418
0.12939581274986267
0.12910476326942444
0.12904080748558044
0.12880919873714447
0.1287946254014969
0.12894922494888306
0.12876583635807037
0.12877757847309113
0.1293608397245407
0.13007789850234985
0.13002705574035645
0.13018736243247986
0.1300475001335144
0.1297094076871872
0.1299457848072052
0.13034586608409882
0.13033346831798553
0.1301518678665161
0.1305447369813919
0.13041339814662933
0.12991216778755188
0.1302797496318817
0.13020575046539307
0.12994267046451569
0.13002599775791168
0.12993080914020538
0.13010963797569275
0.13040190935134888
0.13063225150108337
0.13050563633441925
0.1309308558702469
0.13106222450733185
0.1310683786869049
0.13059429824352264
0.13045275211334229
0.13096891343593597
0.1311234086751938
0.1309841275215149
0.1318429857492447
0.13167023658752441
0.13133031129837036
0.1309671700000763
0.13145315647125244
0.13182836771011353
0.13132496178150177
0.13084955513477325
0.13124777376651764
0.13126446306705475
0.13097535073757172
0.13098125159740448
0.13072027266025543
0.13086676597595215
0.1305520236492157
0.13062044978141785
0.1304430216550827
0.13113409280776978
0.13126803934574127
0.13098843395709991
0.13090679049491882
0.1302778720855713
0.1300612986087799
0.13003309071063995
0.1304258406162262
0.130193829536438
0.12988148629665375
0.12978945672512054
0.12966088950634003
0.12939178943634033
0.1295129954814911
0.1289520263671875
0.12866845726966858
0.12869520485401154
0.12914122641086578
0.12943831086158752
0.13002844154834747
0.1299944967031479
0.1301601380109787
0.13031503558158875
0.13018256425857544
0.1299917846918106
0.1302681714296341
0.1300981491804123
0.13038386404514313
0.12972430884838104
0.12988124787807465
0.12992960214614868
0.13021568953990936
0.13055267930030823
0.12994976341724396
0.13004785776138306
0.12987640500068665
0.1299063265323639
0.13011448085308075
0.1300288736820221
0.130119189620018
0.13033327460289001
0.1302502453327179
0.1302628219127655
0.13058631122112274
0.13049963116645813
0.1307867169380188
0.13087287545204163
0.130767360329628
0.1308005005121231
0.13047480583190918
0.13066357374191284
0.1308411955833435
0.1313609927892685
0.1309320032596588
0.13043522834777832
0.13102354109287262
0.13066110014915466
0.13118140399456024
0.1313129961490631
0.13080137968063354
0.13095207512378693
0.13046404719352722
0.13079793751239777
0.1305137425661087
0.13026152551174164
0.13042712211608887
0.13040977716445923
0.13061749935150146
0.1304011344909668
0.1299833506345749
0.13024772703647614
0.13023915886878967
0.13063554465770721
0.13040263950824738
0.12992213666439056
0.12992727756500244
0.13006889820098877
0.13034968078136444
0.13022112846374512
0.129832461476326
0.13008931279182434
0.12988819181919098
0.12935292720794678
0.12948085367679596
0.12954653799533844
0.1300622671842575
0.13018278777599335
0.13029050827026367
0.1298172026872635
0.13018301129341125
0.12992176413536072
0.12991653382778168
0.1300085484981537
0.13019879162311554
0.13069772720336914
0.13098450005054474
0.13145452737808228
0.1314842402935028
0.1316618025302887
0.13089768588542938
0.13105975091457367
0.1309441477060318
0.13105952739715576
0.13089457154273987
0.13047516345977783
0.1306350827217102
0.1307317018508911
0.13139237463474274
0.13128307461738586
0.13088974356651306
0.1308557689189911
0.13086581230163574
0.13072186708450317
0.13094286620616913
0.13061298429965973
0.1304764747619629
0.13051797449588776
0.1304396688938141
0.13045480847358704
0.13007380068302155
0.1298709213733673
0.12998613715171814
0.12979300320148468
0.12980394065380096
0.12998537719249725
0.1302945762872696
0.1298854500055313
0.13049665093421936
0.13018906116485596
0.13035254180431366
0.12978516519069672
0.12945742905139923
0.129743292927742
0.13000550866127014
0.12996189296245575
0.13042911887168884
0.13054941594600677
0.1306346356868744
0.13036800920963287
0.13023920357227325
0.13016368448734283
0.13018961250782013
0.13031886518001556
0.13031885027885437
0.13041767477989197
0.1306481510400772
0.13063885271549225
0.13070595264434814
0.13089071214199066
0.13075178861618042
0.13059023022651672
0.13072244822978973
0.1305537223815918
0.13073723018169403
0.13064956665039062
0.13064980506896973
0.1308758705854416
0.131151020526886
0.13111132383346558
0.13091957569122314
0.13083018362522125
0.13040919601917267
0.1307947039604187
0.13082681596279144
0.1312616467475891
0.13090257346630096
0.1308574378490448
0.13112783432006836
0.13097089529037476
0.130903422832489
0.13107481598854065
0.13090837001800537
0.1305278241634369
0.1306862235069275
0.130151629447937
0.13037385046482086
0.13054995238780975
0.1304946094751358
0.13054391741752625
0.13040754199028015
0.13013263046741486
0.13007603585720062
0.13030967116355896
0.13051842153072357
0.13060113787651062
0.1307218074798584
0.13076786696910858
0.1306641548871994
0.13056819140911102
0.13068483769893646
0.13066792488098145
0.13063031435012817
0.1307438611984253
0.13123659789562225
0.1310000717639923
0.1309676468372345
0.1308945119380951
0.1308806985616684
0.13080936670303345
0.13051745295524597
0.13063618540763855
0.13022536039352417
0.1303308606147766
0.1304091364145279
0.1306973248720169
0.13115523755550385
0.1311163455247879
0.1312217265367508
0.13160963356494904
0.13150638341903687
0.1313956081867218
0.1312437802553177
0.13098420202732086
0.13085860013961792
0.13075938820838928
0.13094690442085266
0.13114944100379944
0.13150304555892944
0.1318163275718689
0.1318015605211258
0.13179969787597656
0.1317259520292282
0.1319095939397812
0.13179650902748108
0.13188354671001434
0.13142335414886475
0.13158433139324188
0.1318901777267456
0.1319095939397812
0.13164199888706207
0.13131928443908691
0.13080807030200958
0.13095501065254211
0.1315607875585556
0.13170601427555084
0.13155443966388702
0.13153605163097382
0.13153016567230225
0.13160111010074615
0.131566122174263
0.13138656318187714
0.13170044124126434
0.13155965507030487
0.1319233626127243
0.1319621354341507
0.1318993717432022
0.13162875175476074
0.13108748197555542
0.13083113729953766
0.13050860166549683
0.13095419108867645
0.13129958510398865
0.1312883347272873
0.13108177483081818
0.13111330568790436
0.13127028942108154
0.13114851713180542
0.1312716156244278
0.1317196935415268
0.13165445625782013
0.13171713054180145
0.13158206641674042
0.13116061687469482
0.13136860728263855
0.13100405037403107
0.1312047839164734
0.1310952603816986
0.13107898831367493
0.13125020265579224
0.13129805028438568
0.13113126158714294
0.13137131929397583
0.1311945766210556
0.13112598657608032
0.13133251667022705
0.1310020238161087
0.13047277927398682
0.13024543225765228
0.13039235770702362
0.13048376142978668
0.1308816373348236
0.13072583079338074
0.1308954656124115
0.13087151944637299
0.13108938932418823
0.1314350813627243
0.1315745711326599
0.13181519508361816
0.13213413953781128
0.13216722011566162
0.13207344710826874
0.13196870684623718
0.1320755034685135
0.1325184404850006
0.13214963674545288
0.13224217295646667
0.13212920725345612
0.1322309821844101
0.13219651579856873
0.13261935114860535
0.13229568302631378
0.1325490027666092
0.13189223408699036
0.13194356858730316
0.13196665048599243
0.13144156336784363
0.13152094185352325
0.1313336044549942
0.13133418560028076
0.13131338357925415
0.13069786131381989
0.13080427050590515
0.13080042600631714
0.1309817135334015
0.13130609691143036
0.1308823823928833
0.13102683424949646
0.13045503199100494
0.1310170739889145
0.1311461478471756
0.13104140758514404
0.13113799691200256
0.1315959244966507
0.13196338713169098
0.1322082281112671
0.13216103613376617
0.13210850954055786
0.13210126757621765
0.1322329044342041
0.1317940652370453
0.1319686770439148
0.1319180727005005
0.1318323314189911
0.13174185156822205
0.13156266510486603
0.13110598921775818
0.130923792719841
0.13090918958187103
0.13126826286315918
0.13105511665344238
0.13128703832626343
0.13172291219234467
0.13171511888504028
0.13158969581127167
0.13122309744358063
0.1316159963607788
0.13140973448753357
0.13130494952201843
0.13144022226333618
0.13198496401309967
0.13230717182159424
0.13211338222026825
0.13153396546840668
0.1310965120792389
0.13150188326835632
0.13178765773773193
0.13208402693271637
0.13226822018623352
0.13164140284061432
0.13189586997032166
0.1321628987789154
0.13214194774627686
0.1324077993631363
0.1327013075351715
0.1325407773256302
0.131971538066864
0.1318964809179306
0.13192275166511536
0.13206958770751953
0.13204678893089294
0.13205870985984802
0.1320122480392456
0.1322096437215805
0.13204209506511688
0.132008895277977
0.13157258927822113
0.13177093863487244
0.132449671626091
0.13240279257297516
0.13243789970874786
0.13243994116783142
0.13221128284931183
0.13240133225917816
0.13269497454166412
0.13271766901016235
0.13293424248695374
0.1327870935201645
0.132779061794281
0.13242030143737793
0.13241493701934814
0.13271060585975647
0.13296107947826385
0.13257776200771332
0.13270226120948792
0.13259784877300262
0.13225090503692627
0.13195614516735077
0.13235579431056976
0.13194268941879272
0.13162660598754883
0.1309114247560501
0.13099287450313568
0.13113266229629517
0.1313582956790924
0.1314714103937149
0.1315203458070755
0.13164022564888
0.1313110888004303
0.13123026490211487
0.1314738243818283
0.13152286410331726
0.13133928179740906
0.13141480088233948
0.1317150592803955
0.13174715638160706
0.13164427876472473
0.13163329660892487
0.1317436248064041
0.13232211768627167
0.1328222006559372
0.1326969861984253
0.13264566659927368
0.13260550796985626
0.13262885808944702
0.13241630792617798
0.13207846879959106
0.13205358386039734
0.1319810003042221
0.13203881680965424
0.1320558786392212
0.13206177949905396
0.13221295177936554
0.13184484839439392
0.13210360705852509
0.1325303465127945
0.1318366825580597
0.1319109946489334
0.13188570737838745
0.13222603499889374
0.13236898183822632
0.1328657567501068
0.13262969255447388
0.13290460407733917
0.13276420533657074
0.1322169154882431
0.13247309625148773
0.1323494166135788
0.13233155012130737
0.1324170082807541
0.13207656145095825
0.13256865739822388
0.13269399106502533
0.13255926966667175
0.13240095973014832
0.1321740597486496
0.1319669634103775
0.13244153559207916
0.13258805871009827
0.13270868360996246
0.13234557211399078
0.13241396844387054
0.13207727670669556
0.13189518451690674
0.13208244740962982
0.13215409219264984
0.13296322524547577
0.13267242908477783
0.13219290971755981
0.13224010169506073
0.13216103613376617
0.1325850784778595
0.13248364627361298
0.1327422857284546
0.13294413685798645
0.13244538009166718
0.13233071565628052
0.13246212899684906
0.13253481686115265
0.13335250318050385
0.1328846514225006
0.13306836783885956
0.13255944848060608
0.132314532995224
0.13200955092906952
0.13193005323410034
0.1321389228105545
0.1322498917579651
0.131993368268013
0.13201366364955902
0.13229581713676453
0.1323930025100708
0.13225653767585754
0.1320318877696991
0.13214226067066193
0.1320664882659912
0.1319449245929718
0.13179919123649597
0.13202914595603943
0.1322743147611618
0.13195334374904633
0.13196004927158356
0.13184387981891632
0.13178624212741852
0.1319056898355484
0.13241668045520782
0.1324782371520996
0.13241268694400787
0.13204582035541534
0.13207383453845978
0.1323453038930893
0.13254447281360626
0.1326490342617035
0.13215190172195435
0.1321909874677658
0.13269858062267303
0.13244134187698364
0.13329003751277924
0.13339023292064667
0.13317717611789703
0.13290831446647644
0.13312314450740814
0.13292135298252106
0.13291442394256592
0.13335242867469788
0.13321146368980408
0.13256406784057617
0.13245481252670288
0.1324509084224701
0.13238583505153656
0.13242582976818085
0.13239629566669464
0.13169127702713013
0.1312941312789917
0.13164880871772766
0.1317131668329239
0.13183675706386566
0.13239933550357819
0.1328486055135727
0.13240617513656616
0.13271939754486084
0.1330668032169342
0.1336062103509903
0.13361075520515442
0.1332978755235672
0.13285717368125916
0.1329701989889145
0.13270826637744904
0.13320814073085785
0.13294945657253265
0.1331007182598114
0.13270336389541626
0.1334110051393509
0.13339784741401672
0.13312292098999023
0.1329893171787262
0.13259820640087128
0.1328190118074417
0.13306716084480286
0.1329471617937088
0.13264644145965576
0.1331794708967209
0.1329958438873291
0.1327218860387802
0.1324765980243683
0.13263414800167084
0.1326395720243454
0.13271202147006989
0.13261719048023224
0.13293281197547913
0.13268959522247314
0.13242878019809723
0.13198482990264893
0.13203716278076172
0.13226433098316193
0.1324283480644226
0.13240781426429749
0.13228262960910797
0.13225674629211426
0.13213470578193665
0.13274171948432922
0.13261939585208893
0.1325206607580185
0.1318758875131607
0.13231709599494934
0.13221725821495056
0.13241006433963776
0.13243891298770905
0.13273023068904877
0.13260258734226227
0.13262994587421417
0.1332472264766693
0.1335797756910324
0.13324610888957977
0.1328447312116623
0.13262274861335754
0.1328778862953186
0.13279663026332855
0.13274697959423065
0.13269174098968506
0.13281282782554626
0.13244429230690002
0.13285896182060242
0.1330866515636444
0.13315166532993317
0.1332675814628601
0.13379694521427155
0.13418720662593842
0.13363413512706757
0.13356082141399384
0.13345390558242798
0.13296297192573547
0.13294385373592377
0.1328672170639038
0.13287939131259918
0.13328248262405396
0.13394546508789062
0.13372185826301575
0.1340605616569519
0.13406264781951904
0.1335611194372177
0.1338188499212265
0.13349288702011108
0.1333712786436081
0.13302552700042725
0.13260458409786224
0.13254371285438538
0.1325095146894455
0.1319476068019867
0.13177646696567535
0.13192161917686462
0.13215301930904388
0.13209424912929535
0.13231779634952545
0.13243521749973297
0.13228458166122437
0.13224104046821594
0.1327175498008728
0.13277462124824524
0.13293185830116272
0.13255879282951355
0.13237011432647705
0.13253213465213776
0.13258495926856995
0.1326744705438614
0.13271917402744293
0.1326480507850647
0.13283990323543549
0.13303802907466888
0.1331583857536316
0.13328415155410767
0.13376429677009583
0.13362309336662292
0.13349193334579468
0.1328275352716446
0.13273097574710846
0.13294903934001923
0.13330808281898499
0.1332506239414215
0.13350945711135864
0.13343417644500732
0.1337488740682602
0.1336417943239212
0.1333499401807785
0.1331527680158615
0.13357026875019073
0.13364610075950623
0.13360750675201416
0.1330988109111786
0.13272714614868164
0.13213133811950684
0.13206733763217926
0.13222987949848175
0.13260915875434875
0.13290287554264069
0.13268956542015076
0.1328684687614441
0.13299128413200378
0.1333400458097458
0.13310274481773376
0.1333829015493393
0.13338857889175415
0.13343769311904907
0.1332983523607254
0.13299372792243958
0.1327841877937317
0.13329146802425385
0.13305649161338806
0.13344839215278625
0.13303369283676147
0.13310010731220245
0.1331012099981308
0.13281996548175812
0.13295365869998932
0.1326145976781845
0.13269737362861633
0.1329934149980545
0.13346192240715027
0.1333771049976349
0.13350242376327515
0.13344761729240417
0.1336134821176529
0.13370347023010254
0.13362401723861694
0.13394388556480408
0.13385193049907684
0.13385674357414246
0.1334494799375534
0.13338637351989746
0.13359615206718445
0.13384413719177246
0.13383077085018158
0.13401590287685394
0.1341288685798645
0.13432900607585907
0.1344740241765976
0.13434655964374542
0.13431432843208313
0.13456664979457855
0.1340310126543045
0.13376350700855255
0.13406997919082642
0.13375841081142426
0.1333959996700287
0.13305670022964478
0.13316763937473297
0.13388089835643768
0.13402849435806274
0.1337166279554367
0.13368667662143707
0.13373924791812897
0.13411973416805267
0.13373346626758575
0.1330890953540802
0.13305988907814026
0.13347387313842773
0.13353173434734344
0.13356085121631622
0.13390077650547028
0.1340116262435913
0.13391204178333282
0.1338397115468979
0.1337832361459732
0.1335897594690323
0.1341167837381363
0.13471035659313202
0.13474397361278534
0.13442376255989075
0.1340232491493225
0.13401879370212555
0.1342739760875702
0.1345990002155304
0.13432489335536957
0.13426834344863892
0.13415071368217468
0.13396820425987244
0.13402746617794037
0.13408169150352478
0.13406917452812195
0.13414697349071503
0.1340799480676651
0.13399836421012878
0.1337701827287674
0.13381050527095795
0.13406404852867126
0.1340131312608719
0.1337977796792984
0.13351915776729584
0.1336626410484314
0.1341111958026886
0.13409484922885895
0.13421671092510223
0.13380631804466248
0.134360671043396
0.13407854735851288
0.13375844061374664
0.1339235007762909
0.13395345211029053
0.13394266366958618
0.1342802494764328
0.13450844585895538
0.1343480348587036
0.1343277096748352
0.13413460552692413
0.1341349482536316
0.13439615070819855
0.1339064985513687
0.13401193916797638
0.13364142179489136
0.13388727605342865
0.13383473455905914
0.1335272341966629
0.13376988470554352
0.13329251110553741
0.1332433521747589
0.1333441585302353
0.1332562267780304
0.1331990510225296
0.133977472782135
0.13357937335968018
0.1338971108198166
0.1341204047203064
0.13424180448055267
0.13371813297271729
0.13385900855064392
0.13367301225662231
0.13334041833877563
0.1340159922838211
0.13384707272052765
0.133738711476326
0.13354608416557312
0.13359901309013367
0.1338936686515808
0.13374492526054382
0.13365016877651215
0.13376305997371674
0.1335093080997467
0.133456289768219
0.13324537873268127
0.13308866322040558
0.13316690921783447
0.13318666815757751
0.13288995623588562
0.13315929472446442
0.1336306482553482
0.13375066220760345
0.13328106701374054
0.13366937637329102
0.13399428129196167
0.1339779943227768
0.13386903703212738
0.1340922862291336
0.1342044174671173
0.13383477926254272
0.13424724340438843
0.134214848279953
0.13475297391414642
0.1343497931957245
0.13455413281917572
0.13449561595916748
0.1341237872838974
0.13420218229293823
0.13434676826000214
0.13426220417022705
0.13351298868656158
0.13332287967205048
0.1329641044139862
0.13295747339725494
0.13289733231067657
0.1330173760652542
0.13361576199531555
0.1336284577846527
0.133792906999588
0.13453245162963867
0.13419164717197418
0.13434086740016937
0.1345980316400528
0.13447844982147217
0.13451039791107178
0.134548619389534
0.13419988751411438
0.134148508310318
0.13400417566299438
0.13398244976997375
0.13412225246429443
0.13487990200519562
0.13464303314685822
0.13448134064674377
0.13395418226718903
0.13372178375720978
0.1339932233095169
0.1337129771709442
0.13468025624752045
0.1347428560256958
0.13481104373931885
0.13479119539260864
0.13467171788215637
0.13482801616191864
0.13466471433639526
0.13481204211711884
0.13523411750793457
0.13493259251117706
0.13510051369667053
0.13477759063243866
0.13434532284736633
0.13420404493808746
0.1341553032398224
0.13436591625213623
0.1343102902173996
0.13456247746944427
0.13450904190540314
0.13438187539577484
0.13439983129501343
0.1343010663986206
0.1342296004295349
0.13420212268829346
0.1341104954481125
0.13430732488632202
0.13396234810352325
0.13404037058353424
0.1340717226266861
0.13385838270187378
0.13393534719944
0.13385328650474548
0.1340819150209427
0.1343056559562683
0.1339024156332016
0.13391804695129395
0.13408416509628296
0.1342872977256775
0.13407762348651886
0.1343165636062622
0.13418744504451752
0.13429990410804749
0.13373617827892303
0.13342717289924622
0.13349811732769012
0.13350169360637665
0.13408163189888
0.13346844911575317
0.1335020214319229
0.133425772190094
0.13389217853546143
0.13413015007972717
0.13391408324241638
0.13384903967380524
0.13398465514183044
0.13369281589984894
0.13377512991428375
0.1340383142232895
0.13443030416965485
0.1342625468969345
0.13445286452770233
0.13417330384254456
0.1339980512857437
0.13406722247600555
0.13388384878635406
0.13365888595581055
0.13402913510799408
0.1343085765838623
0.13463091850280762
0.13460303843021393
0.13452118635177612
0.1343373954296112
0.13461391627788544
0.13468694686889648
0.1349778026342392
0.1352156400680542
0.13502205908298492
0.13499389588832855
0.13530278205871582
0.1349250227212906
0.13479194045066833
0.13458360731601715
0.13459151983261108
0.13461360335350037
0.13477247953414917
0.13402950763702393
0.13383711874485016
0.1338888257741928
0.1337186098098755
0.133705735206604
0.13385072350502014
0.13407866656780243
0.13408462703227997
0.13444358110427856
0.13434790074825287
0.13368616998195648
0.13404887914657593
0.13436952233314514
0.13450071215629578
0.13443432748317719
0.13476917147636414
0.13429942727088928
0.1338379979133606
0.1342967450618744
0.1343737244606018
0.13483767211437225
0.13470375537872314
0.1346493661403656
0.13502484560012817
0.1351305991411209
0.13536947965621948
0.13526220619678497
0.13483959436416626
0.13477164506912231
0.13508068025112152
0.13510160148143768
0.13557341694831848
0.13580222427845
0.1354936808347702
0.13518652319908142
0.13512860238552094
0.13479916751384735
0.13507723808288574
0.13495099544525146
0.13499613106250763
0.13543033599853516
0.13529032468795776
0.13506075739860535
0.13472966849803925
0.13456852734088898
0.1343597024679184
0.13468414545059204
0.1343204230070114
0.13485684990882874
0.13492141664028168
0.13498695194721222
0.13519808650016785
0.13547822833061218
0.13516703248023987
0.13473771512508392
0.13506320118904114
0.13525371253490448
0.13501912355422974
0.13487812876701355
0.13506506383419037
0.13521449267864227
0.13537801802158356
0.13513852655887604
0.13483978807926178
0.13477973639965057
0.13469699025154114
0.1342758983373642
0.1344083547592163
0.13418224453926086
0.13436996936798096
0.13435357809066772
0.13437296450138092
0.13401521742343903
0.13435207307338715
0.13440005481243134
0.13488629460334778
0.13497556746006012
0.13482609391212463
0.1346941739320755
0.1351497620344162
0.1352957785129547
0.13505415618419647
0.1349756270647049
0.13512304425239563
0.1350855976343155
0.13494206964969635
0.13530759513378143
0.13519540429115295
0.135014608502388
0.13518576323986053
0.1354270577430725
0.13568823039531708
0.13572187721729279
0.13565097749233246
0.1355709582567215
0.13522982597351074
0.1356227993965149
0.13539697229862213
0.13508468866348267
0.13495494425296783
0.1353321671485901
0.13530974090099335
0.13524533808231354
0.13490799069404602
0.13504929840564728
0.13563747704029083
0.13510014116764069
0.13519853353500366
0.13482309877872467
0.1347181648015976
0.13520586490631104
0.13596601784229279
0.13569943606853485
0.135194793343544
0.1349407285451889
0.13534505665302277
0.1358027309179306
0.13549856841564178
0.13585607707500458
0.13575731217861176
0.13550402224063873
0.13463836908340454
0.13473619520664215
0.13452431559562683
0.1337616890668869
0.13398824632167816
0.13449516892433167
0.13442160189151764
0.1343826800584793
0.13430246710777283
0.1347842514514923
0.1347789764404297
0.13452644646167755
0.13461025059223175
0.1347564458847046
0.13464732468128204
0.1348574012517929
0.13465741276741028
0.13431371748447418
0.13457129895687103
0.13463398814201355
0.13450084626674652
0.13508571684360504
0.13533875346183777
0.13561567664146423
0.13591864705085754
0.13649706542491913
0.13682113587856293
0.1361801028251648
0.13587819039821625
0.1354927122592926
0.13527394831180573
0.13556955754756927
0.1354525089263916
0.1354440301656723
0.135064497590065
0.13514085114002228
0.13465172052383423
0.1346227526664734
0.13480818271636963
0.13467369973659515
0.13444305956363678
0.13446542620658875
0.13433054089546204
0.13438165187835693
0.1346128284931183
0.13443440198898315
0.1348274201154709
0.13505378365516663
0.13500697910785675
0.1348389983177185
0.1354854702949524
0.13552679121494293
0.13573794066905975
0.13519543409347534
0.13511143624782562
0.13521863520145416
0.13518336415290833
0.13467417657375336
0.13499341905117035
0.13509197533130646
0.13536769151687622
0.13530631363391876
0.13525959849357605
0.13532543182373047
0.13574984669685364
0.13588857650756836
0.1359010934829712
0.13604938983917236
0.13648255169391632
0.13626867532730103
0.13594971597194672
0.1354517787694931
0.13545238971710205
0.13549524545669556
0.13544298708438873
0.13517668843269348
0.1354844868183136
0.13541549444198608
0.13544724881649017
0.135600283741951
0.13574253022670746
0.13591299951076508
0.13553351163864136
0.1357211023569107
0.1358821988105774
0.13607197999954224
0.13540200889110565
0.13544629514217377
0.1352728009223938
0.13562144339084625
0.13539595901966095
0.1350948065519333
0.13526101410388947
0.13555172085762024
0.13534784317016602
0.13568425178527832
0.13572977483272552
0.13550804555416107
0.13574384152889252
0.13568252325057983
0.13591374456882477
0.1355673372745514
0.13566361367702484
0.13589516282081604
0.13579198718070984
0.1355220079421997
0.13583362102508545
0.13570775091648102
0.13534517586231232
0.13509854674339294
0.13516563177108765
0.13552717864513397
0.13547101616859436
0.13584955036640167
0.13618922233581543
0.1365259885787964
0.13646498322486877
0.13674083352088928
0.13682132959365845
0.13675101101398468
0.1362132728099823
0.13607822358608246
0.13601228594779968
0.13573072850704193
0.13569968938827515
0.13593046367168427
0.1366521716117859
0.1365392506122589
0.13631530106067657
0.13605786859989166
0.13613584637641907
0.13582941889762878
0.13535386323928833
0.1355462372303009
0.135893777012825
0.13585327565670013
0.13589128851890564
0.13583733141422272
0.1358293741941452
0.13624338805675507
0.1359853297472
0.1357794851064682
0.13583044707775116
0.13579165935516357
0.13608700037002563
0.13571932911872864
0.1355046033859253
0.13535921275615692
0.13563498854637146
0.1355721801519394
0.13569597899913788
0.13538196682929993
0.1350741684436798
0.13508003950119019
0.135280042886734
0.1354668289422989
0.13567745685577393
0.13551826775074005
0.13597983121871948
0.13555990159511566
0.1354048252105713
0.13570980727672577
0.13585485517978668
0.13555625081062317
0.13575387001037598
0.1363610327243805
0.1364772915840149
0.13629744946956635
0.13638651371002197
0.13654088973999023
0.13706982135772705
0.13662979006767273
0.1368042677640915
0.13641826808452606
0.1363380402326584
0.136186882853508
0.1360945701599121
0.13619647920131683
0.13608530163764954
0.13601483404636383
0.13578350841999054
0.13533906638622284
0.13505741953849792
0.1354178935289383
0.1358158141374588
0.13593856990337372
0.1359918713569641
0.13595876097679138
0.135951966047287
0.13609832525253296
0.13639584183692932
0.13639581203460693
0.1367100477218628
0.13717378675937653
0.1368579864501953
0.13641853630542755
0.13644923269748688
0.13599348068237305
0.13616035878658295
0.13635656237602234
0.1359391212463379
0.13584427535533905
0.13591723144054413
0.13611404597759247
0.13651570677757263
0.1365501433610916
0.1366436928510666
0.1364511400461197
0.13681520521640778
0.13684076070785522
0.13706623017787933
0.13686583936214447
0.13655200600624084
0.13658568263053894
0.13621819019317627
0.13671042025089264
0.1369190365076065
0.13670772314071655
0.13687455654144287
0.13650614023208618
0.1366272121667862
0.13655218482017517
0.13652746379375458
0.1367410570383072
0.13666927814483643
0.13716617226600647
0.13665573298931122
0.13665588200092316
0.13683004677295685
0.1369776576757431
0.13653768599033356
0.13626818358898163
0.13571321964263916
0.13612280786037445
0.13623389601707458
0.13629598915576935
0.13564886152744293
0.13598953187465668
0.13593469560146332
0.13584527373313904
0.13590151071548462
0.13610033690929413
0.1360796093940735
0.13605818152427673
0.13592639565467834
0.13551679253578186
0.13563548028469086
0.13575418293476105
0.1360541135072708
0.13595332205295563
0.13634678721427917
0.13643120229244232
0.13622251152992249
0.1366976946592331
0.1365446299314499
0.13675816357135773
0.1363576203584671
0.13611993193626404
0.13653874397277832
0.13673539459705353
0.13636425137519836
0.13642774522304535
0.13668178021907806
0.13649241626262665
0.13636165857315063
0.13624173402786255
0.13567838072776794
0.13563041388988495
0.1356317549943924
0.13561956584453583
0.13618037104606628
0.1364004909992218
0.1360476016998291
0.13609826564788818
0.136285662651062
0.13601996004581451
0.13578976690769196
0.13598647713661194
0.13653752207756042
0.13640230894088745
0.13679610192775726
0.13681042194366455
0.13678666949272156
0.1366196870803833
0.13678917288780212
0.13673563301563263
0.13679073750972748
0.13664297759532928
0.13665451109409332
0.13718731701374054
0.13684429228305817
0.13700923323631287
0.13679704070091248
0.1366092562675476
0.1362999975681305
0.13628850877285004
0.1361059993505478
0.1366351693868637
0.13625900447368622
0.13653945922851562
0.1368652582168579
0.1369113177061081
0.1369306594133377
0.13725697994232178
0.13705582916736603
0.1368769407272339
0.13683052361011505
0.13719823956489563
0.13719159364700317
0.13714095950126648
0.1367514282464981
0.13669992983341217
0.13692079484462738
0.1370718777179718
0.13648755848407745
0.1365060806274414
0.1364283561706543
0.1365518867969513
0.13668124377727509
0.13621510565280914
0.13624751567840576
0.13619954884052277
0.1362651288509369
0.13590803742408752
0.13615304231643677
0.13598188757896423
0.135966494679451
0.13607904314994812
0.13581965863704681
0.1363590955734253
0.13630320131778717
0.136163130402565
0.13603553175926208
0.13654276728630066
0.13664089143276215
0.13632838428020477
0.1363767683506012
0.13654708862304688
0.1363653987646103
0.13688114285469055
0.13665254414081573
0.13598226010799408
0.1363009661436081
0.13617458939552307
0.13600413501262665
0.13611121475696564
0.13607147336006165
0.1360200196504593
0.1363825649023056
0.13676440715789795
0.1365652233362198
0.1368652880191803
0.13682366907596588
0.1370769739151001
0.1372121423482895
0.1372343748807907
0.1375977098941803
0.13734184205532074
0.13746604323387146
0.13776031136512756
0.13743749260902405
0.1374574899673462
0.13786646723747253
0.1377331018447876
0.13710251450538635
0.13673186302185059
0.13706114888191223
0.1371288001537323
0.1369095891714096
0.13695621490478516
0.13686665892601013
0.13698439300060272
0.1371234655380249
0.13699612021446228
0.13664589822292328
0.13658420741558075
0.13654868304729462
0.1364726722240448
0.137112095952034
0.13695554435253143
0.13693788647651672
0.1372327357530594
0.13710163533687592
0.13694387674331665
0.13703857362270355
0.1364964246749878
0.13659003376960754
0.13697481155395508
0.13737115263938904
0.13757926225662231
0.13762792944908142
0.13728579878807068
0.13739493489265442
0.13737519085407257
0.1367473304271698
0.13663317263126373
0.13629385828971863
0.13660970330238342
0.13675551116466522
0.1371469646692276
0.1372630000114441
0.1376563012599945
0.13746900856494904
0.1371108591556549
0.1373092085123062
0.13735619187355042
0.13712237775325775
0.13702136278152466
0.13706374168395996
0.1367712914943695
0.13723872601985931
0.13722233474254608
0.13722985982894897
0.13680578768253326
0.1364409476518631
0.13683561980724335
0.13702797889709473
0.137312114238739
0.1372194141149521
0.13754752278327942
0.13748356699943542
0.13719286024570465
0.13692449033260345
0.13705790042877197
0.13692916929721832
0.1363964080810547
0.13615278899669647
0.13629060983657837
0.13701237738132477
0.1369461715221405
0.13701961934566498
0.13710197806358337
0.13711178302764893
0.1374409794807434
0.13697299361228943
0.1369457095861435
0.1372513473033905
0.13758741319179535
0.13718751072883606
0.13724985718727112
0.13699394464492798
0.13710784912109375
0.13742277026176453
0.13776621222496033
0.1374436765909195
0.13746404647827148
0.13742905855178833
0.1371985375881195
0.13699661195278168
0.1369280219078064
0.137245312333107
0.13749440014362335
0.13768590986728668
0.1379862278699875
0.13776622712612152
0.13752688467502594
0.138042151927948
0.13831301033496857
0.1380583941936493
0.13807779550552368
0.13839736580848694
0.13805556297302246
0.13778765499591827
0.13805273175239563
0.1385549008846283
0.13857747614383698
0.13824434578418732
0.13837827742099762
0.13859592378139496
0.1380525827407837
0.13841356337070465
0.13807091116905212
0.1381806582212448
0.13782235980033875
0.13826964795589447
0.1381751447916031
0.138076052069664
0.1379297524690628
0.13789330422878265
0.13753031194210052
0.13737864792346954
0.13742506504058838
0.13709890842437744
0.13699084520339966
0.13712474703788757
0.13746143877506256
0.13790461421012878
0.13805027306079865
0.1381933093070984
0.13838432729244232
0.13823553919792175
0.13754914700984955
0.13721689581871033
0.13701528310775757
0.1374119222164154
0.13697831332683563
0.13707441091537476
0.13683274388313293
0.13653698563575745
0.13681451976299286
0.13693206012248993
0.1368434578180313
0.13706718385219574
0.1372600793838501
0.13734428584575653
0.13722632825374603
0.13717280328273773
0.13679754734039307
0.13693128526210785
0.1371055543422699
0.13760146498680115
0.1375264823436737
0.13782106339931488
0.13761202991008759
0.13800126314163208
0.13794496655464172
0.1376677304506302
0.13809269666671753
0.1379443258047104
0.13772347569465637
0.13789202272891998
0.13805828988552094
0.13843785226345062
0.13869881629943848
0.13823828101158142
0.13831602036952972
0.13785320520401
0.13773615658283234
0.13766711950302124
0.13755442202091217
0.13775308430194855
0.13757790625095367
0.1378459632396698
0.1375696063041687
0.13721336424350739
0.1376277208328247
0.13776656985282898
0.13797636330127716
0.1379450410604477
0.13843408226966858
0.13842347264289856
0.13830024003982544
0.13822029531002045
0.13806414604187012
0.1379689872264862
0.13762915134429932
0.13757005333900452
0.1372990608215332
0.1373995691537857
0.13772833347320557
0.13782426714897156
0.13751491904258728
0.13763001561164856
0.13791044056415558
0.13804003596305847
0.13754558563232422
0.1371084451675415
0.13694463670253754
0.1375887095928192
0.13788007199764252
0.13796915113925934
0.1383114755153656
0.13880515098571777
0.138412743806839
0.13866578042507172
0.13869354128837585
0.13883087038993835
0.1391419768333435
0.13863492012023926
0.13881443440914154
0.13883845508098602
0.1388874500989914
0.1388239860534668
0.13830314576625824
0.13813696801662445
0.13810940086841583
0.1385708600282669
0.1383839100599289
0.1383693814277649
0.13821084797382355
0.13779190182685852
0.13777035474777222
0.1371828019618988
0.13693171739578247
0.1370600461959839
0.13702081143856049
0.13722248375415802
0.1373365819454193
0.13767610490322113
0.13751232624053955
0.1378324031829834
0.13784198462963104
0.13790170848369598
0.13798809051513672
0.13765056431293488
0.13772228360176086
0.13771040737628937
0.13787637650966644
0.13828179240226746
0.13857634365558624
0.13786137104034424
0.13772143423557281
0.138096421957016
0.13757090270519257
0.13778525590896606
0.1378343552350998
0.1381627768278122
0.13868767023086548
0.13916340470314026
0.13923239707946777
0.13913598656654358
0.13910117745399475
0.13908137381076813
0.13899849355220795
0.1387072205543518
0.13817070424556732
0.13831666111946106
0.13823993504047394
0.13855038583278656
0.13810156285762787
0.1377263069152832
0.1382111757993698
0.13820938766002655
0.13877202570438385
0.13840889930725098
0.13803738355636597
0.13790161907672882
0.13806423544883728
0.13826224207878113
0.1383901685476303
0.1383311003446579
0.13820911943912506
0.13788819313049316
0.1378079056739807
0.13763225078582764
0.1377006322145462
0.13741938769817352
0.13714227080345154
0.13772328197956085
0.13780826330184937
0.13834473490715027
0.13837511837482452
0.13856141269207
0.13859416544437408
0.1382368952035904
0.13799987733364105
0.13780491054058075
0.13793431222438812
0.1378873586654663
0.13769443333148956
0.1382325142621994
0.13811594247817993
0.13865017890930176
0.13860437273979187
0.13897521793842316
0.1386967897415161
0.13890734314918518
0.1388568878173828
0.1390431523323059
0.1389152556657791
0.13901270925998688
0.13889075815677643
0.13839542865753174
0.13822045922279358
0.13780374825000763
0.13762053847312927
0.13769231736660004
0.13763488829135895
0.13740141689777374
0.13717356324195862
0.1377802938222885
0.13806132972240448
0.13797961175441742
0.1379828006029129
0.13812336325645447
0.13808248937129974
0.13816793262958527
0.1389073133468628
0.13880500197410583
0.13891534507274628
0.13913121819496155
0.1392771154642105
0.13949954509735107
0.1391916573047638
0.13910357654094696
0.1389457732439041
0.13938015699386597
0.13891994953155518
0.13899728655815125
0.1391889750957489
0.13914866745471954
0.13918229937553406
0.13911117613315582
0.13916076719760895
0.1389656960964203
0.13862840831279755
0.1383027285337448
0.1381543129682541
0.13794489204883575
0.13796380162239075
0.1377621591091156
0.1376977115869522
0.1374729722738266
0.13775119185447693
0.137894406914711
0.13802500069141388
0.1378815919160843
0.13798213005065918
0.13778617978096008
0.1385929435491562
0.13807131350040436
0.1380874365568161
0.138199582695961
0.1382134109735489
0.13781337440013885
0.13753770291805267
0.137433260679245
0.13813766837120056
0.13832952082157135
0.13831332325935364
0.1380719244480133
0.13830548524856567
0.13823752105236053
0.13828575611114502
0.13825459778308868
0.13819986581802368
0.1383795142173767
0.1383039802312851
0.13805212080478668
0.13864846527576447
0.1392853707075119
0.1396344006061554
0.13983428478240967
0.13919275999069214
0.13910788297653198
0.13935542106628418
0.13880644738674164
0.13878491520881653
0.1389424204826355
0.1387212574481964
0.13820122182369232
0.1381334811449051
0.13837197422981262
0.13837836682796478
0.13861097395420074
0.1387437880039215
0.13890373706817627
0.13898830115795135
0.13885322213172913
0.13881514966487885
0.13921263813972473
0.1389593929052353
0.1388765424489975
0.13912758231163025
0.13884378969669342
0.13917632400989532
0.13924381136894226
0.1386989802122116
0.1384386271238327
0.13913848996162415
0.13957495987415314
0.13939695060253143
0.13924290239810944
0.13930532336235046
0.1395934522151947
0.13957050442695618
0.13990545272827148
0.13954727351665497
0.13935387134552002
0.13946998119354248
0.13923554122447968
0.13894428312778473
0.13914965093135834
0.13936398923397064
0.1393798589706421
0.13926906883716583
0.13963273167610168
0.1391877830028534
0.13919031620025635
0.1392005831003189
0.13918016850948334
0.1393185555934906
0.13937908411026
0.13966374099254608
0.1397022157907486
0.1397867053747177
0.13920076191425323
0.1391642689704895
0.1396767795085907
0.13936427235603333
0.13928866386413574
0.1390901654958725
0.1395781934261322
0.13955500721931458
0.13978181779384613
0.1401696354150772
0.14044848084449768
0.1402009129524231
0.1399986296892166
0.13963191211223602
0.13937228918075562
0.1392502337694168
0.13922791182994843
0.1393013298511505
0.13931888341903687
0.13947489857673645
0.13932593166828156
0.13924075663089752
0.13928928971290588
0.13936157524585724
0.13955172896385193
0.1392427682876587
0.13949759304523468
0.13896511495113373
0.13918174803256989
0.13903820514678955
0.1386035978794098
0.13890108466148376
0.13913597166538239
0.1394083946943283
0.13965298235416412
0.13951051235198975
0.139054074883461
0.13884615898132324
0.13869331777095795
0.13888123631477356
0.13911554217338562
0.13871237635612488
0.13897131383419037
0.13927511870861053
0.13967709243297577
0.1398884803056717
0.13960140943527222
0.13902725279331207
0.1394578218460083
0.13950897753238678
0.1399238109588623
0.13919119536876678
0.1391291618347168
0.13922466337680817
0.13932877779006958
0.1391139179468155
0.1391565054655075
0.13910937309265137
0.13914549350738525
0.1398044228553772
0.1401093602180481
0.13979770243167877
0.13981546461582184
0.13999952375888824
0.13993607461452484
0.14026938378810883
0.1405419111251831
0.13977640867233276
0.13992595672607422
0.13970057666301727
0.13964307308197021
0.13979016244411469
0.13928866386413574
0.1397494524717331
0.1396695077419281
0.13961951434612274
0.13975490629673004
0.13956059515476227
0.13945256173610687
0.13940538465976715
0.1388983577489853
0.1385304033756256
0.13859283924102783
0.1388469785451889
0.1386183202266693
0.13878469169139862
0.13906164467334747
0.13852576911449432
0.13843436539173126
0.1383066028356552
0.13852672278881073
0.1384396106004715
0.1383606493473053
0.1389450877904892
0.13893084228038788
0.13900385797023773
0.13905344903469086
0.13939456641674042
0.13944552838802338
0.13911497592926025
0.13916510343551636
0.13974063098430634
0.1395241618156433
0.13912634551525116
0.13874007761478424
0.1387375444173813
0.138386532664299
0.1383744329214096
0.13854317367076874
0.1390056610107422
0.13901817798614502
0.13904502987861633
0.13921312987804413
0.13929781317710876
0.1392049789428711
0.13935425877571106
0.13901647925376892
0.13940437138080597
0.13991178572177887
0.13991668820381165
0.13986217975616455
0.14002521336078644
0.13939429819583893
0.13970962166786194
0.1396227478981018
0.13947032392024994
0.1392916440963745
0.13916797935962677
0.13947461545467377
0.13948535919189453
0.13980570435523987
0.13964933156967163
0.13898226618766785
0.13895399868488312
0.13924060761928558
0.13889747858047485
0.13910365104675293
0.13936558365821838
0.13956625759601593
0.1395730823278427
0.13970378041267395
0.13977643847465515
0.13946516811847687
0.13922938704490662
0.13973890244960785
0.14010104537010193
0.1399908810853958
0.13986453413963318
0.13976049423217773
0.13952073454856873
0.13946940004825592
0.1396089494228363
0.13988985121250153
0.13983868062496185
0.13939929008483887
0.13960568606853485
0.13990890979766846
0.14019590616226196
0.13994824886322021
0.13965286314487457
0.13960136473178864
0.139582097530365
0.13963574171066284
0.1394520401954651
0.13912664353847504
0.1395496279001236
0.13972115516662598
0.13981471955776215
0.13955022394657135
0.14008276164531708
0.13990551233291626
0.1405288279056549
0.1409551054239273
0.14056456089019775
0.14057223498821259
0.14055588841438293
0.14016668498516083
0.14053672552108765
0.1407439112663269
0.1405588984489441
0.14045201241970062
0.1401936560869217
0.14035101234912872
0.14039745926856995
0.14036038517951965
0.14038904011249542
0.14068977534770966
0.1406792849302292
0.140486478805542
0.14086247980594635
0.14119157195091248
0.14090436697006226
0.14083734154701233
0.1410837322473526
0.14072570204734802
0.1405860334634781
0.14094923436641693
0.14044687151908875
0.14114980399608612
0.14062097668647766
0.14039772748947144
0.13983340561389923
0.13939833641052246
0.13959205150604248
0.14024227857589722
0.1402304619550705
0.13946320116519928
0.139081209897995
0.13969647884368896
0.13979116082191467
0.13982318341732025
0.14011922478675842
0.14032241702079773
0.14053592085838318
0.14076974987983704
0.14080271124839783
0.14061811566352844
0.1410113126039505
0.14124736189842224
0.14110654592514038
0.1409679353237152
0.14067550003528595
0.14074313640594482
0.14084404706954956
0.1405816674232483
0.14081062376499176
0.14055989682674408
0.14042770862579346
0.14006407558918
0.14038296043872833
0.1406676173210144
0.14029689133167267
0.1403084546327591
0.13991910219192505
0.13985313475131989
0.13985688984394073
0.13986240327358246
0.13948464393615723
0.13972309231758118
0.139704167842865
0.13973437249660492
0.13978934288024902
0.13973361253738403
0.13978761434555054
0.13962383568286896
0.13936464488506317
0.13971398770809174
0.13980019092559814
0.14012190699577332
0.14023029804229736
0.13985693454742432
0.13991539180278778
0.13993412256240845
0.14066824316978455
0.14086684584617615
0.14084495604038239
0.14093813300132751
0.14090345799922943
0.14083991944789886
0.1412428617477417
0.14060086011886597
0.14063657820224762
0.1404670774936676
0.14037999510765076
0.14058268070220947
0.14048230648040771
0.14054279029369354
0.14054180681705475
0.14028973877429962
0.14047056436538696
0.14070996642112732
0.1405887007713318
0.1403551548719406
0.14048950374126434
0.13976068794727325
0.1401723176240921
0.14004044234752655
0.14062178134918213
0.1406874805688858
0.14053887128829956
0.14053593575954437
0.14027100801467896
0.14032283425331116
0.13969121873378754
0.1395980566740036
0.1397167295217514
0.140000119805336
0.14032481610774994
0.14044120907783508
0.1407627910375595
0.14131958782672882
0.14109762012958527
0.14097905158996582
0.14114920794963837
0.1410728394985199
0.14056901633739471
0.1404687464237213
0.1406295746564865
0.14041586220264435
0.14055922627449036
0.14074565470218658
0.14081822335720062
0.14093415439128876
0.14043903350830078
0.14019550383090973
0.13997772336006165
0.13997870683670044
0.14011874794960022
0.14061179757118225
0.14041316509246826
0.14009961485862732
0.14050087332725525
0.14019297063350677
0.14000582695007324
0.13964971899986267
0.13981129229068756
0.13961367309093475
0.1397508680820465
0.1396597921848297
0.139570951461792
0.14002875983715057
0.14016082882881165
0.1401471644639969
0.140080988407135
0.13952192664146423
0.13982562720775604
0.14017312228679657
0.13984288275241852
0.14025607705116272
0.14010076224803925
0.14009679853916168
0.1403694748878479
0.14036166667938232
0.1404426097869873
0.14027152955532074
0.1411762237548828
0.14135250449180603
0.14086849987506866
0.14104412496089935
0.1414145529270172
0.14156027138233185
0.14208118617534637
0.1416638344526291
0.14141663908958435
0.14146269857883453
0.14145727455615997
0.14164605736732483
0.1416843980550766
0.14154084026813507
0.14190851151943207
0.14198006689548492
0.14194931089878082
0.14131967723369598
0.14112287759780884
0.1411554217338562
0.1406564861536026
0.1409543752670288
0.14068883657455444
0.14131319522857666
0.1409454047679901
0.14113464951515198
0.14080914855003357
0.14118190109729767
0.1408618837594986
0.14085805416107178
0.1407533586025238
0.14061057567596436
0.14082011580467224
0.1409987062215805
0.14070576429367065
0.14051784574985504
0.1400720626115799
0.1403784602880478
0.14057312905788422
