0.061506159603595734
0.05877691134810448
0.05692863464355469
0.05602188780903816
0.05536207556724548
0.055015720427036285
0.054733820259571075
0.0544181764125824
0.054233696311712265
0.05401429161429405
0.0540931411087513
0.05428275465965271
0.05430552363395691
0.05428137630224228
0.05409707874059677
0.05399274453520775
0.054083190858364105
0.054069578647613525
0.05413767322897911
0.05439566448330879
0.054318059235811234
0.05442487820982933
0.05451152101159096
0.05457984656095505
0.054560765624046326
0.05451498553156853
0.05442440137267113
0.05455504357814789
0.054780665785074234
0.05475994944572449
0.05468899384140968
0.05492614582180977
0.054715316742658615
0.05470961332321167
0.054848384112119675
0.05504751205444336
0.05511968955397606
0.05463283509016037
0.05462373420596123
0.0548182874917984
0.054859764873981476
0.054998159408569336
0.05503099784255028
0.055179089307785034
0.054789233952760696
0.055123187601566315
0.05567789450287819
0.05554884672164917
0.05585566908121109
0.05591975897550583
0.055661316961050034
0.05552590265870094
0.055618539452552795
0.055696990340948105
0.055695049464702606
0.0559878796339035
0.05576493963599205
0.05576040595769882
0.055952057242393494
0.0555197075009346
0.055538393557071686
0.05535687133669853
0.05541180446743965
0.05550727620720863
0.05581103637814522
0.05571760609745979
0.05584178864955902
0.05625629052519798
0.05643543601036072
0.05628462880849838
0.0563032291829586
0.056557513773441315
0.05656727775931358
0.05707985907793045
0.05739334598183632
0.05747228488326073
0.057272616773843765
0.05701909586787224
0.05673372372984886
0.056672051548957825
0.05663856491446495
0.056469064205884933
0.05674557760357857
0.05692289397120476
0.05713072046637535
0.057276464998722076
0.05735725164413452
0.057758186012506485
0.05789284035563469
0.05813855677843094
0.058201029896736145
0.05789750814437866
0.05809668079018593
0.057993870228528976
0.05805933475494385
0.058453045785427094
0.05883844569325447
0.058762822300195694
0.05927649885416031
0.05944570526480675
0.05956357344985008
0.05979081243276596
0.05908731371164322
0.059191543608903885
0.05982282757759094
0.060138899832963943
0.06024841219186783
0.060233891010284424
0.06047791242599487
0.06081269308924675
0.06085693836212158
0.06082411855459213
0.060919441282749176
0.060730744153261185
0.060474857687950134
0.06089997664093971
0.06098659709095955
0.061305686831474304
0.06126709282398224
0.061546690762043
0.06170587241649628
0.061976108700037
0.062126778066158295
0.06233573704957962
0.062114883214235306
0.062057655304670334
0.06219487264752388
0.0627027228474617
0.06261250376701355
0.0633748397231102
0.06370613723993301
0.0637836754322052
0.06432819366455078
0.06427404284477234
0.06445928663015366
0.0643957257270813
0.0643666684627533
0.0634392648935318
0.063881516456604
0.06409206241369247
0.06434351205825806
0.06416158378124237
0.06449846178293228
0.06479766219854355
0.06487441062927246
0.0651005208492279
0.06512702256441116
0.06508133560419083
0.06516210734844208
0.0653175637125969
0.06592484563589096
0.065834641456604
0.06606782972812653
0.06570792198181152
0.06566920131444931
0.06587774306535721
0.06610813736915588
0.06707035005092621
0.06734610348939896
0.06781527400016785
0.06802045553922653
0.06820876151323318
0.06892397254705429
0.06893055886030197
0.06963331997394562
0.06936530023813248
0.06935512274503708
0.06990744918584824
0.06945570558309555
0.06990773975849152
0.07019633054733276
0.07070731371641159
0.07101628184318542
0.0712311640381813
0.07101599872112274
0.07118605822324753
0.07084130495786667
0.07107654958963394
0.0712083950638771
0.07151927053928375
0.07122784107923508
0.07184614986181259
0.0720524862408638
0.07171574234962463
0.07225804775953293
0.07300201803445816
0.07214125990867615
0.07244791835546494
0.07257802039384842
0.07289759069681168
0.0731382742524147
0.07343120127916336
0.07389649748802185
0.07416874170303345
0.07398057729005814
0.07415789365768433
0.07460931688547134
0.0750785544514656
0.0756232813000679
0.07571972161531448
0.07553637772798538
0.07593662291765213
0.07633624970912933
0.07555456459522247
0.07644512504339218
0.07673095166683197
0.07649290561676025
0.07663335651159286
0.07699363678693771
0.07695218920707703
0.07698860764503479
0.07709083706140518
0.07805705815553665
0.07859309762716293
0.07849499583244324
0.0787372812628746
0.07971541583538055
0.0794965922832489
0.08015220612287521
0.08066626638174057
0.08070961385965347
0.08106254041194916
0.08143585175275803
0.081267811357975
0.08188599348068237
0.08205488324165344
0.08252444863319397
0.08224190026521683
0.08282999694347382
0.08305703103542328
0.08283426612615585
0.08306966722011566
0.08332463353872299
0.08357369899749756
0.08405419439077377
0.08425678312778473
0.08503077924251556
0.08494848757982254
0.08516953885555267
0.08550066500902176
0.0850907564163208
0.08563786745071411
0.08530964702367783
0.0850106030702591
0.08514022082090378
0.08516561985015869
0.08507264405488968
0.08598046749830246
0.08619537949562073
0.08620767295360565
0.08700203895568848
0.08688496798276901
0.08676926046609879
0.08726546168327332
0.0878545492887497
0.0886329784989357
0.08909127861261368
0.08861035853624344
0.08942042291164398
0.09090597927570343
0.09105123579502106
0.0906793475151062
0.09079697728157043
0.09105855226516724
0.09127101302146912
0.09090009331703186
0.09177454560995102
0.09179092198610306
0.09138395637273788
0.09132213890552521
0.09101641178131104
0.09113923460245132
0.09198050945997238
0.09246296435594559
0.0925767570734024
0.09246945381164551
0.09298285841941833
0.0939297005534172
0.094046451151371
0.09512559324502945
0.09498423337936401
0.09540797024965286
0.095750592648983
0.09573247283697128
0.09483324736356735
0.09507041424512863
0.0949488952755928
0.09542473405599594
0.09644023329019547
0.0968962013721466
0.09683649986982346
0.09750132262706757
0.09741664677858353
0.09771362692117691
0.098014235496521
0.0985620766878128
0.09945197403430939
0.09940515458583832
0.09908013790845871
0.0990956500172615
0.09936975687742233
0.10040105134248734
0.10038711875677109
0.10059628635644913
0.10093913972377777
0.10054273158311844
0.10047060996294022
0.10099892318248749
0.10194109380245209
0.10215581953525543
0.10198934376239777
0.10250271111726761
0.1029994934797287
0.10326039046049118
0.10361298173666
0.10443431884050369
0.10443375259637833
0.10439886152744293
0.10495483875274658
0.10608527064323425
0.10603358596563339
0.10675310343503952
0.10738357156515121
0.10775443911552429
0.1083574965596199
0.1083601713180542
0.10779159516096115
0.1087091937661171
0.10827233642339706
0.1085161566734314
0.10847952216863632
0.1093662828207016
0.11031883955001831
0.11086010187864304
0.1105244979262352
0.1103835254907608
0.11085682362318039
0.11083515733480453
0.11085912585258484
0.11107536405324936
0.11052600294351578
0.11083284765481949
0.11193300783634186
0.11131603270769119
0.1114816963672638
0.11146534234285355
0.11127546429634094
0.11144586652517319
0.11174678802490234
0.11258401721715927
0.11259140819311142
0.11240988224744797
0.11249613016843796
0.11226124316453934
0.11273307353258133
0.11347746849060059
0.11466312408447266
0.11493616551160812
0.11523594707250595
0.11582344770431519
0.11636962741613388
0.11643903702497482
0.11728810518980026
0.11758650839328766
0.1180465891957283
0.11808857321739197
0.11844785511493683
0.11839368939399719
0.11906202137470245
0.11841081827878952
0.1189853698015213
0.11948873102664948
0.11949307471513748
0.11968255788087845
0.11953182518482208
0.11966922879219055
0.12021355330944061
0.12047803401947021
0.12063615024089813
0.12119562178850174
0.1218259185552597
0.12222826480865479
0.12255733460187912
0.12285807728767395
0.12334773689508438
0.12282880395650864
0.12335114181041718
0.123320572078228
0.1232813149690628
0.12425137311220169
0.1252467781305313
0.12534867227077484
0.1256750077009201
0.12569351494312286
0.12620148062705994
0.12672209739685059
0.12723323702812195
0.12731844186782837
0.1274809092283249
0.1274758130311966
0.12696067988872528
0.12660086154937744
0.12760953605175018
0.12793314456939697
0.12827622890472412
0.12860624492168427
0.1291869431734085
0.12937021255493164
0.1293105036020279
0.1295733004808426
0.1299738585948944
0.13095228374004364
0.13099698722362518
0.13118205964565277
0.13152696192264557
0.13243445754051208
0.13226714730262756
0.13286398351192474
0.1331556886434555
0.13322511315345764
0.13293002545833588
0.13289456069469452
0.13368238508701324
0.13414138555526733
0.13416382670402527
0.13435810804367065
0.1352214366197586
0.13511617481708527
0.13522076606750488
0.13587796688079834
0.1362873911857605
0.13592898845672607
0.13735269010066986
0.13762599229812622
0.13814197480678558
0.13913899660110474
0.1398538202047348
0.14024946093559265
0.14025990664958954
0.1403878778219223
0.14057213068008423
0.14086824655532837
0.14086303114891052
0.14099270105361938
0.14173834025859833
0.14200082421302795
0.14156359434127808
0.14172819256782532
0.1414867341518402
0.14200574159622192
0.14192402362823486
0.1424870491027832
0.1428898125886917
0.14309073984622955
0.14274373650550842
0.14327791333198547
0.1437676101922989
0.1439056545495987
0.1436225175857544
0.1433311402797699
0.14405560493469238
0.1444409340620041
0.14486141502857208
0.1458742469549179
0.14542987942695618
0.1457175314426422
0.1454741358757019
0.1461823731660843
0.1459646373987198
0.1463109701871872
0.14671657979488373
0.14643023908138275
0.14735421538352966
0.1471695452928543
0.1479899138212204
0.14874817430973053
0.14889787137508392
0.14807507395744324
0.14813664555549622
0.14890755712985992
0.14955006539821625
0.14984390139579773
0.15045543015003204
0.15141460299491882
0.15146644413471222
0.1529649943113327
0.15297602117061615
0.15250861644744873
0.1529475897550583
0.15315380692481995
0.153421550989151
0.1533193737268448
0.15380413830280304
0.15411922335624695
0.15489141643047333
0.15537238121032715
0.15503892302513123
0.15534262359142303
0.1551920771598816
0.1550574153661728
0.15578433871269226
0.15609166026115417
0.1570524275302887
0.1571657657623291
0.15740613639354706
0.15673448145389557
0.15692731738090515
0.1574588567018509
0.15754085779190063
0.15805286169052124
0.15853431820869446
0.15878359973430634
0.1596669703722
0.15969370305538177
0.16002807021141052
0.16074343025684357
0.16129738092422485
0.1610267460346222
0.16121163964271545
0.16138556599617004
0.161948561668396
0.16207093000411987
0.16123613715171814
0.1613742560148239
0.16275471448898315
0.16226746141910553
0.16253376007080078
0.16290012001991272
0.16336721181869507
0.16423821449279785
0.16398312151432037
0.1636326164007187
0.16297647356987
0.16332821547985077
0.16375739872455597
0.16389304399490356
0.16407236456871033
0.1643444150686264
0.16474109888076782
0.1651381552219391
0.16500496864318848
0.16581569612026215
0.16573360562324524
0.16596172749996185
0.16560055315494537
0.16620498895645142
0.166921004652977
0.1666984260082245
0.16649509966373444
0.16744689643383026
0.16755953431129456
0.16758248209953308
0.16875582933425903
0.16885346174240112
0.1685629040002823
0.16847968101501465
0.16874341666698456
0.16961975395679474
0.17011262476444244
0.17011089622974396
0.17133308947086334
0.1710032820701599
0.17170104384422302
0.1720743030309677
0.1711786538362503
0.17187422513961792
0.17192819714546204
0.17227743566036224
0.17259158194065094
0.17217348515987396
0.1726197451353073
0.1730061173439026
0.1727583110332489
0.1724039763212204
0.17348547279834747
0.1739543080329895
0.17411477863788605
0.17444784939289093
0.17493826150894165
0.17547565698623657
0.1754618138074875
0.1750662475824356
0.17598877847194672
0.1761530190706253
0.17596639692783356
0.17585411667823792
0.17576071619987488
0.17547370493412018
0.17640133202075958
0.17765496671199799
0.17793169617652893
0.1783469319343567
0.17823603749275208
0.177726611495018
0.17851762473583221
0.17778776586055756
0.17874297499656677
0.17965392768383026
0.1799188256263733
0.17977792024612427
0.17996583878993988
0.18044127523899078
0.18088270723819733
0.18084265291690826
0.18103092908859253
0.18088814616203308
0.18100160360336304
0.18121160566806793
0.18169210851192474
0.18234886229038239
0.1822410225868225
0.18175704777240753
0.1819913238286972
0.18205741047859192
0.18215902149677277
0.18331050872802734
0.18308612704277039
0.18218465149402618
0.18243011832237244
0.1832181066274643
0.18363788723945618
0.18339557945728302
0.18317829072475433
0.18409274518489838
0.18491476774215698
0.18463510274887085
0.18523208796977997
0.18573063611984253
0.1854097992181778
0.18629702925682068
0.18630631268024445
0.18613176047801971
0.186550110578537
0.18679139018058777
0.18695741891860962
0.18706978857517242
0.18671001493930817
0.18709862232208252
0.18753281235694885
0.18771903216838837
0.1876796931028366
0.1874639093875885
0.18733462691307068
0.18790005147457123
0.18929369747638702
0.18957318365573883
0.18949700891971588
0.18940147757530212
0.190538689494133
0.190083846449852
0.19037409126758575
0.19087155163288116
0.19128769636154175
0.1916002333164215
0.19159244000911713
0.1908712536096573
0.1911562830209732
0.19138215482234955
0.1926133632659912
0.1922394335269928
0.19264356791973114
0.19253697991371155
0.19278477132320404
0.19260011613368988
0.1922609657049179
0.1927502155303955
0.19299757480621338
0.19405530393123627
0.1938582807779312
0.19382837414741516
0.19401173293590546
0.19419240951538086
0.1942538619041443
0.19425702095031738
0.19501416385173798
0.19520705938339233
0.19570040702819824
0.19515497982501984
0.19531993567943573
0.1942121982574463
0.19490718841552734
0.1953875720500946
0.19476193189620972
0.19580194354057312
0.195954829454422
0.1966882199048996
0.1970008909702301
0.1974116414785385
0.19742196798324585
0.19791847467422485
0.19711355865001678
0.19724932312965393
0.19807948172092438
0.198440283536911
0.19872350990772247
0.19941242039203644
0.19900117814540863
0.19993163645267487
0.2003813236951828
0.2016773372888565
0.20134341716766357
0.2006356567144394
0.20099923014640808
0.20141083002090454
0.20227712392807007
0.2016274333000183
0.20156210660934448
0.2008703649044037
0.2010292261838913
0.20149539411067963
0.20099075138568878
0.20166771113872528
0.20118725299835205
0.20136573910713196
0.20137159526348114
0.2014864832162857
0.20170600712299347
0.20228926837444305
0.20237042009830475
0.20194871723651886
0.2015426754951477
0.20181989669799805
0.20257830619812012
0.20251359045505524
0.2035548835992813
0.2031102031469345
0.2025870680809021
0.20253896713256836
0.20258021354675293
0.20306387543678284
0.20374254882335663
0.2036585956811905
0.20430123805999756
0.20434287190437317
0.20390205085277557
0.2034684270620346
0.20412488281726837
0.20489546656608582
0.20563139021396637
0.2055327147245407
0.20626899600028992
0.20630916953086853
0.20639905333518982
0.20572876930236816
0.20536355674266815
0.20456667244434357
0.20532339811325073
0.20567657053470612
0.20552074909210205
0.20583078265190125
0.20557524263858795
0.20616157352924347
0.20702260732650757
0.20749643445014954
0.20733577013015747
0.2075919210910797
0.20794108510017395
0.20758368074893951
0.20757243037223816
0.2085387259721756
0.2079210728406906
0.20760749280452728
0.2081293761730194
0.20771187543869019
0.20784646272659302
0.20723284780979156
0.20721283555030823
0.20815855264663696
0.20881867408752441
0.20912443101406097
0.20875701308250427
0.20837697386741638
0.2085309773683548
0.2078978568315506
0.2073865383863449
0.20819827914237976
0.2083207219839096
0.20828814804553986
0.20839755237102509
0.20943515002727509
0.20994479954242706
0.20984555780887604
0.20952458679676056
0.2092239409685135
0.20973023772239685
0.21068313717842102
0.2103792279958725
0.21041810512542725
0.2104170322418213
0.21073342859745026
0.21040046215057373
0.21063558757305145
0.21136975288391113
0.21177886426448822
0.211306631565094
0.21134468913078308
0.21074771881103516
0.2109004557132721
0.21076945960521698
0.2100926786661148
0.20940783619880676
0.20996098220348358
0.20941278338432312
0.21083638072013855
0.21204768121242523
0.21320495009422302
0.21300877630710602
0.21264998614788055
0.21260502934455872
0.2123337686061859
0.21252425014972687
0.2124226987361908
0.2123340666294098
0.2123156636953354
0.21124394237995148
0.21213892102241516
0.21119099855422974
0.2121584117412567
0.2127680629491806
0.21202443540096283
0.21172721683979034
0.21210817992687225
0.2119675725698471
0.21203863620758057
0.21145592629909515
0.21184822916984558
0.21179799735546112
0.21225695312023163
0.21232019364833832
0.21211034059524536
0.21262246370315552
0.21320593357086182
0.21266897022724152
0.2129243016242981
0.2122335433959961
0.21297675371170044
0.21274836361408234
0.21191324293613434
0.21198858320713043
0.2124222368001938
0.21222355961799622
0.2126075029373169
0.2125893533229828
0.21345312893390656
0.21465672552585602
0.21497727930545807
0.21444344520568848
0.2140599936246872
0.21429404616355896
0.21418659389019012
0.21403919160366058
0.2138615846633911
0.21398019790649414
0.21414285898208618
0.214186429977417
0.21465370059013367
0.21444886922836304
0.2143321931362152
0.21413616836071014
0.21432797610759735
0.2148175984621048
0.21420609951019287
0.2145897001028061
0.21414895355701447
0.21403992176055908
0.2143455147743225
0.21428611874580383
0.2146899700164795
0.21520709991455078
0.21503040194511414
0.21593858301639557
0.2152498960494995
0.21541672945022583
0.21506735682487488
0.21389654278755188
0.21390007436275482
0.21385718882083893
0.21391262114048004
0.21357940137386322
0.21335096657276154
0.213754341006279
0.21408416330814362
0.2143900990486145
0.21440519392490387
0.21456138789653778
0.21489468216896057
0.21473632752895355
0.215346097946167
0.21595732867717743
0.21513579785823822
0.2156987488269806
0.21583043038845062
0.2154468297958374
0.21533654630184174
0.2154829055070877
0.21517331898212433
0.21498797833919525
0.2156592458486557
0.21657299995422363
0.216636061668396
0.21644148230552673
0.21554256975650787
0.2149975746870041
0.21539534628391266
0.21546965837478638
0.21438851952552795
0.21390222012996674
0.21446098387241364
0.2141120582818985
0.21369273960590363
0.21449975669384003
0.21443961560726166
0.2148185819387436
0.21508069336414337
0.21551433205604553
0.2149258553981781
0.21536314487457275
0.2155107706785202
0.21640054881572723
0.21628347039222717
0.21683821082115173
0.2165498584508896
0.21647867560386658
0.2153317779302597
0.21548664569854736
0.21463848650455475
0.2150799036026001
0.21493183076381683
0.21512135863304138
0.21479135751724243
0.21442390978336334
0.2157800793647766
0.21594463288784027
0.21579387784004211
0.21562664210796356
0.21545147895812988
0.2158554047346115
0.21521800756454468
0.2155241072177887
0.21552062034606934
0.21529698371887207
0.21469150483608246
0.21498557925224304
0.21509027481079102
0.2155255675315857
0.21464072167873383
0.21538667380809784
0.21623678505420685
0.2172488570213318
0.21671634912490845
0.21670587360858917
0.2167346477508545
0.2164970338344574
0.2166057676076889
0.21727178990840912
0.2168956696987152
0.21677322685718536
0.21513627469539642
0.2147224396467209
0.2140909880399704
0.21460101008415222
0.2147650271654129
0.21389056742191315
0.21488305926322937
0.21513094007968903
0.2152116745710373
0.2155590057373047
0.21512152254581451
0.2155190408229828
0.2161838412284851
0.215971902012825
0.21639180183410645
0.21630875766277313
0.21598903834819794
0.21570433676242828
0.21543079614639282
0.2158564031124115
0.21585267782211304
0.21547652781009674
0.215699702501297
0.21575583517551422
0.21630296111106873
0.21584166586399078
0.21587398648262024
0.21519061923027039
0.21538114547729492
0.21466141939163208
0.21466395258903503
0.21382997930049896
0.21434713900089264
0.21466055512428284
0.21527226269245148
0.21501076221466064
0.21427220106124878
0.21461990475654602
0.2154591679573059
0.21530407667160034
0.21492786705493927
0.21607375144958496
0.21562929451465607
0.2155076563358307
0.2145724594593048
0.21375079452991486
0.21288979053497314
0.21270635724067688
0.2125352919101715
0.21201664209365845
0.21333761513233185
0.21284596621990204
0.2124064713716507
0.2125387191772461
0.21271175146102905
0.21272893249988556
0.21233297884464264
0.2131720632314682
0.21338710188865662
0.21367402374744415
0.21380457282066345
0.2131097912788391
0.21342340111732483
0.2129748910665512
0.21282923221588135
0.2126883864402771
0.21248997747898102
0.21264076232910156
0.21255622804164886
0.212374746799469
0.212487131357193
0.21183426678180695
0.21201959252357483
0.21185782551765442
0.21154172718524933
0.21061033010482788
0.211445614695549
0.2116912603378296
0.2112761288881302
0.2111370712518692
0.2110520452260971
0.21056129038333893
0.21113227307796478
0.2118730992078781
0.21125194430351257
0.21079684793949127
0.2100789099931717
0.2101449966430664
0.20976239442825317
0.21010631322860718
0.21077992022037506
0.21017323434352875
0.2091139256954193
0.208779975771904
0.20916889607906342
0.2090897411108017
0.20963844656944275
0.20883852243423462
0.20806480944156647
0.20872479677200317
0.20899513363838196
0.2095111608505249
0.2099139243364334
0.20927758514881134
0.20956474542617798
0.21020087599754333
0.21089737117290497
0.21049422025680542
0.20980384945869446
0.20985612273216248
0.2092730551958084
0.209019273519516
0.20885281264781952
0.20858418941497803
0.20829901099205017
0.20800341665744781
0.20785699784755707
0.2074505090713501
0.2078046351671219
0.20711472630500793
0.20697462558746338
0.20740188658237457
0.20711247622966766
0.20708613097667694
0.20680731534957886
0.20722554624080658
0.20686647295951843
0.20754016935825348
0.20716239511966705
0.20621567964553833
0.20703350007534027
0.205894336104393
0.20574361085891724
0.2057238668203354
0.20550791919231415
0.20507532358169556
0.20472858846187592
0.20397163927555084
0.2037230283021927
0.20499379932880402
0.20469044148921967
0.20461970567703247
0.20480647683143616
0.2048964500427246
0.20425216853618622
0.2043151557445526
0.20462149381637573
0.20487715303897858
0.20509815216064453
0.20428842306137085
0.20382729172706604
0.20438072085380554
0.20483864843845367
0.20401224493980408
0.20323827862739563
0.2029564082622528
0.20314346253871918
0.20298920571804047
0.203347310423851
0.20301412045955658
0.202948197722435
0.2027941346168518
0.2023392617702484
0.20148465037345886
0.2008206844329834
0.20079101622104645
0.20132990181446075
0.20047931373119354
0.2009361982345581
0.20156016945838928
0.2016545832157135
0.20147797465324402
0.20139294862747192
0.20069903135299683
0.2008332759141922
0.20101496577262878
0.2007182538509369
0.20054613053798676
0.19970296323299408
0.20103640854358673
0.20055073499679565
0.20086704194545746
0.20082707703113556
0.20124207437038422
0.20131054520606995
0.2003069818019867
0.20023168623447418
0.20052263140678406
0.20189039409160614
0.20130176842212677
0.2006475180387497
0.2006097137928009
0.20075339078903198
0.20042413473129272
0.20036479830741882
0.1989155411720276
0.19869464635849
0.197955921292305
0.19753721356391907
0.19707898795604706
0.19698457419872284
0.19638691842556
0.19645339250564575
0.1961842030286789
0.1970824897289276
0.19726364314556122
0.1963115930557251
0.19636256992816925
0.1965913027524948
0.19663918018341064
0.19612671434879303
0.1961219608783722
0.19687119126319885
0.1963520348072052
0.19626089930534363
0.19521908462047577
0.194935142993927
0.19444189965724945
0.1935918927192688
0.19347026944160461
0.1935180127620697
0.19408097863197327
0.19405005872249603
0.19374041259288788
0.19422759115695953
0.1935604363679886
0.19304677844047546
0.19313928484916687
0.19284795224666595
0.19280791282653809
0.19281873106956482
0.1923123300075531
0.19159303605556488
0.19152291119098663
0.1921149492263794
0.19173163175582886
0.1914793998003006
0.19180510938167572
0.19188445806503296
0.19166815280914307
0.19111499190330505
0.19025705754756927
0.19012168049812317
0.19029501080513
0.18989747762680054
0.1899234801530838
0.18941789865493774
0.1893431544303894
0.1890762448310852
0.18909220397472382
0.18943940103054047
0.18880730867385864
0.1887761801481247
0.18845148384571075
0.1888010948896408
0.18764756619930267
0.18747100234031677
0.1881161332130432
0.18768537044525146
0.18681570887565613
0.18681998550891876
0.1876632571220398
0.18709230422973633
0.18685659766197205
0.18663015961647034
0.18641558289527893
0.18620960414409637
0.18558073043823242
0.1864091455936432
0.18592827022075653
0.1855286955833435
0.18566763401031494
0.18509981036186218
0.18379096686840057
0.18287363648414612
0.18277129530906677
0.18316753208637238
0.18302565813064575
0.1830632984638214
0.1823059469461441
0.1825581192970276
0.18287822604179382
0.18322782218456268
0.18336604535579681
0.18277519941329956
0.18284721672534943
0.18199895322322845
0.18127329647541046
0.18130715191364288
0.18147000670433044
0.18128834664821625
0.1805730015039444
0.180425763130188
0.18054872751235962
0.18046985566616058
0.18041492998600006
0.18022839725017548
0.1800510585308075
0.17975690960884094
0.18019132316112518
0.18107062578201294
0.18105000257492065
0.1794142872095108
0.1793472021818161
0.17883409559726715
0.17899996042251587
0.17824147641658783
0.17796453833580017
0.17758223414421082
0.17745265364646912
0.1778332144021988
0.17821483314037323
0.17704899609088898
0.1773877590894699
0.17680591344833374
0.17624443769454956
0.17578208446502686
0.17599992454051971
0.17638863623142242
0.17667068541049957
0.17667175829410553
0.17648696899414062
0.17660509049892426
0.17672596871852875
0.1773674637079239
0.1768007129430771
0.17631123960018158
0.1758337765932083
0.175930917263031
0.17599226534366608
0.17558296024799347
0.17501883208751678
0.1740594506263733
0.17387497425079346
0.1737797111272812
0.17409680783748627
0.1746690273284912
0.1739421933889389
0.17380550503730774
0.17391809821128845
0.17445729672908783
0.17406627535820007
0.17422941327095032
0.17360326647758484
0.173249751329422
0.17322275042533875
0.1727077066898346
0.17243684828281403
0.17177608609199524
0.17078986763954163
0.1707720160484314
0.1714705377817154
0.17129461467266083
0.1719338446855545
0.17126324772834778
0.17180421948432922
0.17152555286884308
0.17102885246276855
0.170664981007576
0.1706520915031433
0.16930973529815674
0.1683538407087326
0.1690763235092163
0.1688547134399414
0.16883693635463715
0.16921643912792206
0.16781704127788544
0.1684507429599762
0.16844576597213745
0.1687946319580078
0.16863492131233215
0.16791628301143646
0.16755512356758118
0.16757261753082275
0.1664031744003296
0.16666516661643982
0.16674278676509857
0.1658235490322113
0.16455769538879395
0.1647529900074005
0.1650746762752533
0.16530199348926544
0.16433538496494293
0.16385386884212494
0.16356626152992249
0.16377931833267212
0.1629345715045929
0.16314315795898438
0.16254156827926636
0.16256704926490784
0.16163580119609833
0.16124337911605835
0.16111181676387787
0.161058709025383
0.16079843044281006
0.1603671759366989
0.1604432910680771
0.16136950254440308
0.1614595353603363
0.1605186015367508
0.1609252542257309
0.16012533009052277
0.16053500771522522
0.1610812097787857
0.16102534532546997
0.16131281852722168
0.16105134785175323
0.15993019938468933
0.16037553548812866
0.16032683849334717
0.16011670231819153
0.1601143181324005
0.15893693268299103
0.15864311158657074
0.15750321745872498
0.15675783157348633
0.1563742607831955
0.1560167819261551
0.15706104040145874
0.15697157382965088
0.15740527212619781
0.15666556358337402
0.15628691017627716
0.15700320899486542
0.15717492997646332
0.1562134027481079
0.15584111213684082
0.15575069189071655
0.1567012071609497
0.15660980343818665
0.1571725606918335
0.1562681943178177
0.15558366477489471
0.15578757226467133
0.1544283926486969
0.15374401211738586
0.15296919643878937
0.15319956839084625
0.15265287458896637
0.15231098234653473
0.15238480269908905
0.1519177109003067
0.15147428214550018
0.15092812478542328
0.1502176821231842
0.1503102034330368
0.15074758231639862
0.150174081325531
0.15026159584522247
0.15042532980442047
0.15049788355827332
0.1505306363105774
0.15026304125785828
0.15023566782474518
0.1501971036195755
0.1498996913433075
0.14971885085105896
0.1493033617734909
0.14932133257389069
0.14876452088356018
0.14893659949302673
0.1489083170890808
0.1488717943429947
0.14833179116249084
0.14799503982067108
0.14756688475608826
0.14823617041110992
0.1484384685754776
0.14861033856868744
0.14790946245193481
0.14760030806064606
0.14599007368087769
0.14616301655769348
0.1456194818019867
0.1451396644115448
0.14510776102542877
0.1443137526512146
0.14410433173179626
0.14402616024017334
0.14334452152252197
0.1431034505367279
0.14317439496517181
0.14296258985996246
0.1434076577425003
0.14326626062393188
0.14303840696811676
0.14232857525348663
0.14216113090515137
0.14166516065597534
0.1421530693769455
0.14142365753650665
0.1413780152797699
0.14087772369384766
0.1406027227640152
0.14000467956066132
0.14052937924861908
0.14002788066864014
0.13991397619247437
0.13918258249759674
0.13905641436576843
0.13918764889240265
0.13901841640472412
0.1386880725622177
0.13863062858581543
0.13793471455574036
0.1375233232975006
0.1372823864221573
0.1382565200328827
0.13808991014957428
0.1370602250099182
0.13643193244934082
0.13571658730506897
0.13592222332954407
0.1359895020723343
0.13660426437854767
0.13661307096481323
0.13627319037914276
0.13624410331249237
0.13649432361125946
0.13592953979969025
0.13579340279102325
0.13567259907722473
0.13528575003147125
0.13540217280387878
0.13497808575630188
0.13447396457195282
0.13468511402606964
0.13437533378601074
0.1341792643070221
0.13433025777339935
0.13411851227283478
0.13446380198001862
0.13295140862464905
0.13298413157463074
0.13244062662124634
0.133133202791214
0.13224169611930847
0.13236242532730103
0.13205046951770782
0.13073401153087616
0.1312730759382248
0.13095664978027344
0.1313161998987198
0.1303815096616745
0.12985943257808685
0.13043828308582306
0.13048094511032104
0.1306430697441101
0.12939201295375824
0.12944385409355164
0.12946905195713043
0.12939512729644775
0.12943346798419952
0.12922954559326172
0.1288602501153946
0.1278565526008606
0.12776383757591248
0.12775099277496338
0.12787365913391113
0.1270626336336136
0.12738752365112305
0.12679938971996307
0.12677298486232758
0.12694613635540009
0.1265798658132553
0.12678936123847961
0.12662695348262787
0.12644001841545105
0.1258319616317749
0.12567800283432007
0.12487935274839401
0.12491007894277573
0.12536336481571198
0.12448962032794952
0.12486851215362549
0.12417992204427719
0.12403056025505066
0.12405868619680405
0.12303078174591064
0.12349693477153778
0.12320447713136673
0.12278388440608978
0.12283052504062653
0.12283727526664734
0.12289579212665558
0.1228201687335968
0.12209101021289825
0.12158577889204025
0.12183093279600143
0.121711365878582
0.12204869836568832
0.12158480286598206
0.12122353911399841
0.12148676067590714
0.12093748152256012
0.12025966495275497
0.1194523498415947
0.11947006732225418
0.11901421844959259
0.11867596209049225
0.1193246990442276
0.11981762945652008
0.11922117322683334
0.11926225572824478
0.11905614286661148
0.11883071810007095
0.1185552105307579
0.11805526167154312
0.11790990829467773
0.11775556206703186
0.11724109202623367
0.11699000746011734
0.11694175004959106
0.11669493466615677
0.11643417179584503
0.11624879390001297
0.11608508974313736
0.11578068882226944
0.11591219902038574
0.11555606126785278
0.11473139375448227
0.1148204654455185
0.11474946141242981
0.11406340450048447
0.11368069797754288
0.11349231749773026
0.11308962851762772
0.11261016130447388
0.11254498362541199
0.11232274770736694
0.1130077913403511
0.112385593354702
0.11241455376148224
0.11230501532554626
0.11177913099527359
0.11164890229701996
0.1112244725227356
0.11121097207069397
0.11133076250553131
0.11129762977361679
0.1110561192035675
0.11113310605287552
0.11081128567457199
0.11036378890275955
0.11016997694969177
0.11025708168745041
0.11085504293441772
0.1107397973537445
0.11081089824438095
0.11008497327566147
0.10925804823637009
0.10945965349674225
0.109562948346138
0.1094256266951561
0.10921717435121536
0.1087682768702507
0.1084020808339119
0.10773878544569016
0.10703053325414658
0.10709824413061142
0.10722100734710693
0.10639029741287231
0.10607647150754929
0.10595373809337616
0.10625586658716202
0.1062321588397026
0.10598181188106537
0.10560451447963715
0.10597416013479233
0.10589147359132767
0.10625478625297546
0.10612299293279648
0.10592751204967499
0.1058703064918518
0.10628589987754822
0.10592246800661087
0.10564613342285156
0.10588184744119644
0.10556912422180176
0.10510390251874924
0.10420061647891998
0.10498440265655518
0.10457712411880493
0.10450147837400436
0.10490994900465012
0.10482672601938248
0.1042875126004219
0.10399246960878372
0.10404425114393234
0.10322651267051697
0.10331957787275314
0.1035204827785492
0.10339006781578064
0.10298603028059006
0.10292642563581467
0.10198789089918137
0.1020565927028656
0.10248908400535583
0.10176306217908859
0.10140394419431686
0.10160836577415466
0.10177844762802124
0.10155889391899109
0.10129068791866302
0.10030178725719452
0.10041441768407822
0.1005420908331871
0.09990467876195908
0.10005756467580795
0.10035980492830276
0.09995734691619873
0.09946808218955994
0.0991550087928772
0.0994102954864502
0.09881294518709183
0.09848374128341675
0.09852254390716553
0.0982024148106575
0.09775075316429138
0.09756186604499817
0.09829876571893692
0.0978056862950325
0.09724221378564835
0.09782052040100098
0.09711666405200958
0.09721886366605759
0.09692545980215073
0.09703505039215088
0.09718220680952072
0.09693802893161774
0.09633129090070724
0.09598736464977264
0.0958385169506073
0.096420057117939
0.09580744802951813
0.09559667110443115
0.0952419564127922
0.09553457796573639
0.09534743428230286
0.09486959129571915
0.09459066390991211
0.09409540146589279
0.09374268352985382
0.09369658678770065
0.09342718869447708
0.09362997114658356
0.09336692094802856
0.09347342699766159
0.09282968193292618
0.09334127604961395
0.09319888800382614
0.09237034618854523
0.09282805025577545
0.09237401187419891
0.09249763190746307
0.09237220883369446
0.09232170879840851
0.09217175841331482
0.09190665185451508
0.0920133963227272
0.09180997312068939
0.0920838788151741
0.09178856015205383
0.09162446856498718
0.09149608016014099
0.09165987372398376
0.09159038960933685
0.09144571423530579
0.09133954346179962
0.09129790216684341
0.09141917526721954
0.09137918800115585
0.0909467563033104
0.09048394858837128
0.08992709219455719
0.08988682925701141
0.08979430794715881
0.08974289894104004
0.0897657498717308
0.08914012461900711
0.08848702907562256
0.08845514059066772
0.0883929431438446
0.08806189894676208
0.08848132938146591
0.08847752213478088
0.0887712687253952
0.08852162957191467
0.0888960212469101
0.08871622383594513
0.08865097165107727
0.08842211961746216
0.0884508341550827
0.08791448920965195
0.08767133206129074
0.08704663813114166
0.08711834251880646
0.08696834743022919
0.0872124582529068
0.08705214411020279
0.08689438551664352
0.08681792765855789
0.08665301650762558
0.08665905147790909
0.08649297058582306
0.08570486307144165
0.0858013853430748
0.08585596829652786
0.08585525304079056
0.08530549705028534
0.08532524108886719
0.08537224680185318
0.08522703498601913
0.08511078357696533
0.08510573953390121
0.08516301214694977
0.08513526618480682
0.08474491536617279
0.0845545157790184
0.08434409648180008
0.08380179107189178
0.0837247222661972
0.08363714069128036
0.08344747871160507
0.08356517553329468
0.08365608751773834
0.08370108902454376
0.0836983174085617
0.08366813510656357
0.08348122984170914
0.083517886698246
0.08382007479667664
0.08346371352672577
0.08329315483570099
0.08320651948451996
0.08280020207166672
0.0829370841383934
0.08235234767198563
0.08233952522277832
0.08242908120155334
0.0824049562215805
0.08209829777479172
0.08187606185674667
0.0819101557135582
0.08175162971019745
0.08172086626291275
0.08152306824922562
0.08142990618944168
0.08174656331539154
0.08224118500947952
0.08205438405275345
0.08196316659450531
0.08158528804779053
0.08169999718666077
0.08182719349861145
0.08194759488105774
0.08167658746242523
0.08137892186641693
0.08154729753732681
0.08133184909820557
0.0814916118979454
0.08152826875448227
0.08118206262588501
0.08150168508291245
0.08128064125776291
0.0813344419002533
0.08135505765676498
0.08130849152803421
0.0810207799077034
0.08094046264886856
0.08085846900939941
0.08072668313980103
0.08030731230974197
0.08003436028957367
0.08046427369117737
0.08041471987962723
0.08051878958940506
0.08037637919187546
0.0803488940000534
0.0802476704120636
0.07989934831857681
0.07963656634092331
0.07939932495355606
0.07932913303375244
0.07894355803728104
0.07926611602306366
0.07929722964763641
0.07925082743167877
0.07925773411989212
0.07948318123817444
0.07920688390731812
0.07945362478494644
0.07936655730009079
0.07944253832101822
0.07940855622291565
0.0795365646481514
0.07950244843959808
0.07927683740854263
0.07927869260311127
0.07935235649347305
0.07921735942363739
0.07931589335203171
0.0789017304778099
0.07882994413375854
0.0787520632147789
0.07877439260482788
0.07880357652902603
0.07890135794878006
0.07890352606773376
0.0787048265337944
0.07887008786201477
0.07903341203927994
0.07895099371671677
0.07868639379739761
0.0788014754652977
0.07905358821153641
0.07877613604068756
0.07850075513124466
0.07843266427516937
0.07840588688850403
0.07833807915449142
0.07843508571386337
0.07850629091262817
0.07862911373376846
0.07833129912614822
0.07881458103656769
0.07839851826429367
0.07837364822626114
0.07814601808786392
0.07847879081964493
0.07858157157897949
0.07847218215465546
0.07839860022068024
0.0788213461637497
0.07895263284444809
0.07869450002908707
0.0784873217344284
0.07859645783901215
0.07853323221206665
0.0786321610212326
0.07873290777206421
0.07861340045928955
0.0786338672041893
0.07847965508699417
0.07868482172489166
0.07868852466344833
0.07893652468919754
0.07883326709270477
0.07868747413158417
0.07858022302389145
0.07852660119533539
0.07866489887237549
0.07884377986192703
0.07885617762804031
0.07874327152967453
0.0786142647266388
0.07845870405435562
0.07842614501714706
0.07867558300495148
0.07850463688373566
0.07845548540353775
0.07874073088169098
0.07884442806243896
0.07900726050138474
0.07877638936042786
0.07853328436613083
0.07887393981218338
0.0789504125714302
0.07890959829092026
0.0789901614189148
0.07906690239906311
0.07899709045886993
0.07885411381721497
0.07870303839445114
0.07835181057453156
0.07872635871171951
0.07876122742891312
0.07921569049358368
0.07924752682447433
0.07969522476196289
0.07960725575685501
0.0797734409570694
0.07986444979906082
0.07988401502370834
0.0798511654138565
0.0797424390912056
0.07967112958431244
0.07953696697950363
0.07979799807071686
0.07970546931028366
0.07964003831148148
0.07988292723894119
0.08016078919172287
0.08012748509645462
0.0798991397023201
0.07981615513563156
0.08002658188343048
0.08013318479061127
0.08030078560113907
0.08013401180505753
0.08008670806884766
0.08023976534605026
0.08014217019081116
0.08012419939041138
0.08043033629655838
0.08064532279968262
0.08070039004087448
0.08069703727960587
0.08110656589269638
0.08117939531803131
0.08135691285133362
0.0814739316701889
0.08139743655920029
0.0807504877448082
0.08096180856227875
0.08100510388612747
0.0809183269739151
0.08114606142044067
0.08133900165557861
0.08143027871847153
0.08173564076423645
0.08183422684669495
0.08214368671178818
0.08220907300710678
0.08231712132692337
0.08225269615650177
0.08219143748283386
0.08215880393981934
0.0822511613368988
0.08264180272817612
0.0823216661810875
0.08266068994998932
0.08280196040868759
0.08283829689025879
0.08297215402126312
0.08291462063789368
0.0833544060587883
0.08361472934484482
0.08342797309160233
0.08329746872186661
0.08324750512838364
0.08310884237289429
0.08368560671806335
0.08357188105583191
0.08406153321266174
0.0841328352689743
0.0843200534582138
0.08478864282369614
0.08501709997653961
0.08522944897413254
0.08511906862258911
0.08519140630960464
0.0850563645362854
0.08559850603342056
0.08587051928043365
0.08615006506443024
0.08628007024526596
0.08618201315402985
0.08586039394140244
0.08596854656934738
0.08601537346839905
0.0862608328461647
0.08631809800863266
0.08646927028894424
0.08697956800460815
0.0865708738565445
0.08701157569885254
0.08732476830482483
0.0873413234949112
0.08793748915195465
0.08829988539218903
0.08941920846700668
0.08929424732923508
0.08895992487668991
0.08920591324567795
0.08879660069942474
0.0889035314321518
0.08934694528579712
0.0896543487906456
0.08977097272872925
0.08979237824678421
0.08952558785676956
0.08992032706737518
0.08978597819805145
0.08953119814395905
0.0898791179060936
0.09012852609157562
0.0904623493552208
0.09105607867240906
0.09109257161617279
0.09110090881586075
0.09129735082387924
0.09212933480739594
0.09204545617103577
0.09267375618219376
0.0921684056520462
0.09241926670074463
0.09227771311998367
0.09254056960344315
0.0933656319975853
0.09408038854598999
0.09409692883491516
0.09441900253295898
0.09419354796409607
0.09454063326120377
0.09441570937633514
0.0944041833281517
0.09409525990486145
0.09433513134717941
0.09433256089687347
0.09495248645544052
0.09520439803600311
0.09569776058197021
0.09577782452106476
0.09535332024097443
0.09576285630464554
0.0952383279800415
0.09503354877233505
0.09546999633312225
0.09603063762187958
0.09702984988689423
0.09712952375411987
0.09722328186035156
0.09775177389383316
0.09789413958787918
0.09804870933294296
0.09847214818000793
0.09846257418394089
0.09853065758943558
0.09857293963432312
0.09882663190364838
0.09870973229408264
0.09874346107244492
0.09904185682535172
0.09937844425439835
0.0993960052728653
0.09940240532159805
0.09967099130153656
0.0998978316783905
0.10005631297826767
0.10042858123779297
0.10049927234649658
0.10044129937887192
0.10053994506597519
0.10078106075525284
0.10068808495998383
0.10045598447322845
0.10054446756839752
0.10071824491024017
0.10133626312017441
0.10228784382343292
0.1017051637172699
0.10169248282909393
0.10263457894325256
0.10312070697546005
0.10317051410675049
0.10297006368637085
0.10334296524524689
0.10346979647874832
0.10402464866638184
0.10479994863271713
0.10502418875694275
0.10500957816839218
0.10500185936689377
0.10481496900320053
0.10550328344106674
0.10557690262794495
0.10574398934841156
0.10521752387285233
0.10585660487413406
0.10499687492847443
0.10559197515249252
0.1063205823302269
0.10637082159519196
0.10720755904912949
0.10700199753046036
0.10698577016592026
0.1069459617137909
0.10710105299949646
0.10747797787189484
0.10767751932144165
0.10791376233100891
0.10818903148174286
0.10873612016439438
0.10868749767541885
0.109449103474617
0.10901530832052231
0.10940338671207428
0.11003609746694565
0.11001778393983841
0.11014898866415024
0.11032705754041672
0.11067960411310196
0.11097890883684158
0.11120858043432236
0.11138775199651718
0.1112949401140213
0.11165405064821243
0.11187250167131424
0.11213590204715729
0.11319632828235626
0.11223455518484116
0.11269260942935944
0.11317124962806702
0.11319833993911743
0.11364413052797318
0.11353138089179993
0.11359712481498718
0.1139509528875351
0.11435960978269577
0.11423271894454956
0.11397729068994522
0.11459045857191086
0.11453713476657867
0.11473804712295532
0.1146707832813263
0.11533906310796738
0.1150720864534378
0.11515854299068451
0.11519822478294373
0.1154528558254242
0.11536570638418198
0.1157083585858345
0.11635590344667435
0.11618395149707794
0.11681104451417923
0.11728769540786743
0.11721336841583252
0.11778382956981659
0.11753485351800919
0.11782720685005188
0.11798476427793503
0.11827006191015244
0.11849129945039749
0.11833897233009338
0.11845475435256958
0.11962588876485825
0.1198350265622139
0.11983615905046463
0.12026522308588028
0.12012767791748047
0.11979055404663086
0.1199699118733406
0.11986023187637329
0.12002450227737427
0.1201469749212265
0.12139999121427536
0.1213800385594368
0.12206196039915085
0.12208545953035355
0.1222272738814354
0.12212774902582169
0.12259004265069962
0.12255038321018219
0.12241138517856598
0.12279830127954483
0.12282320111989975
0.12377699464559555
0.12366264313459396
0.12357714027166367
0.1244620829820633
0.1250959187746048
0.12499690800905228
0.1250544935464859
0.12474174797534943
0.1246485486626625
0.12507228553295135
0.12661337852478027
0.12642472982406616
0.12618166208267212
0.12616288661956787
0.12661674618721008
0.12597887217998505
0.12638941407203674
0.12641094624996185
0.12712480127811432
0.12703466415405273
0.12775163352489471
0.12852419912815094
0.12829996645450592
0.127947136759758
0.1282176971435547
0.12801946699619293
0.12736941874027252
0.12740886211395264
0.12718498706817627
0.12761422991752625
0.12790372967720032
0.12813562154769897
0.12876734137535095
0.12907178699970245
0.12968376278877258
0.129740372300148
0.1292557269334793
0.12919487059116364
0.12924769520759583
0.1293562650680542
0.13059210777282715
0.12993580102920532
0.13031797111034393
0.13116273283958435
0.1311572641134262
0.1320563703775406
0.13259439170360565
0.13245873153209686
0.13165651261806488
0.13177886605262756
0.13240407407283783
0.13242565095424652
0.13291393220424652
0.13289283215999603
0.13325810432434082
0.13343562185764313
0.13343188166618347
0.1333199143409729
0.13332459330558777
0.13442766666412354
0.1347438097000122
0.13393014669418335
0.13443215191364288
0.13393643498420715
0.134760782122612
0.13538847863674164
0.13537025451660156
0.13606882095336914
0.1365472376346588
0.13629412651062012
0.1359550505876541
0.13649854063987732
0.1373899132013321
0.13731028139591217
0.13707007467746735
0.1360538750886917
0.1369630992412567
0.13674388825893402
0.13704541325569153
0.13767610490322113
0.13824407756328583
0.13873684406280518
0.1389467865228653
0.1387290209531784
0.13879628479480743
0.13868139684200287
0.1382923424243927
0.13844451308250427
0.13813035190105438
0.13834542036056519
0.13866084814071655
0.1387186199426651
0.13808761537075043
0.13903726637363434
0.1389114111661911
0.13890071213245392
0.1395142376422882
0.140096977353096
0.13993839919567108
0.14052477478981018
0.14105796813964844
0.14178462326526642
0.1416037231683731
0.14163795113563538
0.14186035096645355
0.14126110076904297
0.1414739340543747
0.14169956743717194
0.14272205531597137
0.1429508626461029
0.14378152787685394
0.1432076245546341
0.14367371797561646
0.14428859949111938
0.14399929344654083
0.144536092877388
0.14526408910751343
0.14529332518577576
0.14520366489887238
0.14465314149856567
0.14486783742904663
0.14542539417743683
0.14583565294742584
0.1458340287208557
0.14509238302707672
0.14622792601585388
0.14607752859592438
0.1467651128768921
0.14672301709651947
0.14654691517353058
0.146585613489151
0.14643904566764832
0.14688913524150848
0.1465766280889511
0.14731928706169128
0.14769305288791656
0.14768145978450775
0.14792905747890472
0.148075670003891
0.1480611115694046
0.14917568862438202
0.1493934541940689
0.149741530418396
0.14973357319831848
0.14943018555641174
0.1492409110069275
0.14856493473052979
0.14925242960453033
0.14994101226329803
0.15030048787593842
0.15084528923034668
0.15090049803256989
0.1509038507938385
0.15086229145526886
0.15032388269901276
0.15059739351272583
0.15145055949687958
0.15146782994270325
0.15248236060142517
0.1526772677898407
0.1540457308292389
0.1540740579366684
0.15450173616409302
0.15434642136096954
0.1544659435749054
0.1542385220527649
0.15501441061496735
0.15506289899349213
0.15426506102085114
0.1542079597711563
0.15432095527648926
0.15424031019210815
0.1547364443540573
0.15505126118659973
0.15528607368469238
0.15479470789432526
0.15536467730998993
0.1556490957736969
0.1555357575416565
0.1556546539068222
0.15497340261936188
0.15522263944149017
0.15464471280574799
0.1560477614402771
0.15540528297424316
0.155264750123024
0.1554686725139618
0.15621165931224823
0.15622316300868988
0.15662893652915955
0.15618889033794403
0.15691189467906952
0.15669628977775574
0.15743359923362732
0.15823325514793396
0.15808117389678955
0.15818965435028076
0.15734633803367615
0.1578352302312851
0.15834465622901917
0.15889208018779755
0.15960811078548431
0.15989626944065094
0.16007937490940094
0.159795880317688
0.16009457409381866
0.15940752625465393
0.1600351780653
0.15964888036251068
0.16011740267276764
0.16126523911952972
0.1617008000612259
0.16256028413772583
0.16299466788768768
0.16308975219726562
0.16300076246261597
0.16261102259159088
0.16264279186725616
0.16275270283222198
0.1630467176437378
0.16266018152236938
0.16287298500537872
0.16241592168807983
0.1626874804496765
0.1630159467458725
0.1627580225467682
0.1630636304616928
0.16339285671710968
0.16313539445400238
0.1637122929096222
0.16502618789672852
0.16446201503276825
0.1641099750995636
0.16401010751724243
0.16410522162914276
0.16440698504447937
0.16513273119926453
0.16561387479305267
0.16669294238090515
0.16704821586608887
0.16636690497398376
0.16620656847953796
0.16594545543193817
0.1658201813697815
0.16658946871757507
0.16621389985084534
0.16649480164051056
0.16655904054641724
0.16729161143302917
0.1678287833929062
0.16804848611354828
0.1685268133878708
0.16866029798984528
0.16885976493358612
0.16893020272254944
0.16949963569641113
0.16998621821403503
0.17064596712589264
0.17084556818008423
0.17033666372299194
0.16895857453346252
0.16926415264606476
0.16903017461299896
0.16816750168800354
0.16906699538230896
0.16949248313903809
0.16986505687236786
0.17040012776851654
0.1710524559020996
0.17082352936267853
0.17125672101974487
0.17072488367557526
0.17173196375370026
0.17153118550777435
0.17177283763885498
0.17229850590229034
0.17185987532138824
0.1720571368932724
0.17233099043369293
0.1720336228609085
0.17173415422439575
0.1718990057706833
0.17127229273319244
0.17176130414009094
0.17211344838142395
0.1724153608083725
0.1733553409576416
0.1733933836221695
0.1735476851463318
0.17312075197696686
0.17357167601585388
0.17331521213054657
0.17371225357055664
0.17309202253818512
0.1730882078409195
0.17283113300800323
0.17337441444396973
0.17299577593803406
0.17277081310749054
0.17372308671474457
0.1742660254240036
0.17515666782855988
0.17398616671562195
0.17375314235687256
0.1738799810409546
0.17377296090126038
0.17434392869472504
0.175550177693367
0.1753658950328827
0.1758842170238495
0.1753331571817398
0.1752244532108307
0.1743713915348053
0.17594978213310242
0.17616383731365204
0.1768566519021988
0.17624621093273163
0.17646676301956177
0.1768513321876526
0.17667093873023987
0.176082044839859
0.17653167247772217
0.17687781155109406
0.17696420848369598
0.17813590168952942
0.17862704396247864
0.17873309552669525
0.17935504019260406
0.1788342148065567
0.17857393622398376
0.17874711751937866
0.17844265699386597
0.17879880964756012
0.17886653542518616
0.17904576659202576
0.17966718971729279
0.18001991510391235
0.1809208244085312
0.1805219203233719
0.18045632541179657
0.17993882298469543
0.1798771768808365
0.18056778609752655
0.1811814159154892
0.1813887059688568
0.18205636739730835
0.18278004229068756
0.1830449253320694
0.18270081281661987
0.1822202503681183
0.18220268189907074
0.18206043541431427
0.1823318600654602
0.18277469277381897
0.18328334391117096
0.1831972450017929
0.18300822377204895
0.18313398957252502
0.18331991136074066
0.1831398904323578
0.18265458941459656
0.1823384314775467
0.18240071833133698
0.18261317908763885
0.18309272825717926
0.18306764960289001
0.18313200771808624
0.18391478061676025
0.18270452320575714
0.1834235042333603
0.18464525043964386
0.18450014293193817
0.18430368602275848
0.18445613980293274
0.18468506634235382
0.18594574928283691
0.18658562004566193
0.1867746114730835
0.18659260869026184
0.18626044690608978
0.18574032187461853
0.18550407886505127
0.1859862357378006
0.18616925179958344
0.1866723597049713
0.1869989037513733
0.18644508719444275
0.1861962229013443
0.18608690798282623
0.18674325942993164
0.186458557844162
0.18715375661849976
0.18744798004627228
0.1872386336326599
0.18804720044136047
0.18745556473731995
0.18775133788585663
0.186918705701828
0.1872548609972
0.18767835199832916
0.18770769238471985
0.18806897103786469
0.18803225457668304
0.18785622715950012
0.18730588257312775
0.18780434131622314
0.18916121125221252
0.1897338628768921
0.189968079328537
0.18979406356811523
0.1907443106174469
0.19052603840827942
0.19015441834926605
0.1897498369216919
0.1895449012517929
0.19009554386138916
0.1902073621749878
0.19035491347312927
0.19075636565685272
0.1911095529794693
0.19052806496620178
0.19105137884616852
0.19115467369556427
0.19182699918746948
0.19297155737876892
0.19312462210655212
0.19327427446842194
0.19351592659950256
0.19355608522891998
0.1934431791305542
0.19310671091079712
0.1934174746274948
0.19346481561660767
0.19372107088565826
0.19371436536312103
0.193263977766037
0.19324009120464325
0.19281671941280365
0.1934804916381836
0.19368493556976318
0.19373899698257446
0.19386635720729828
0.19389614462852478
0.19375906884670258
0.1937018632888794
0.19330261647701263
0.19231601059436798
0.1928822547197342
0.1929512470960617
0.1927255094051361
0.193088561296463
0.19388024508953094
0.19474011659622192
0.19533222913742065
0.1960955709218979
0.1960073709487915
0.19697099924087524
0.1966240108013153
0.19649876654148102
0.19660533964633942
0.19657716155052185
0.1961241215467453
0.19645455479621887
0.1963329017162323
0.1961660087108612
0.19637751579284668
0.19604936242103577
0.19529007375240326
0.1957537829875946
0.19604720175266266
0.1959538608789444
0.19659413397312164
0.19702087342739105
0.1975260227918625
0.1969170868396759
0.19669374823570251
0.19736382365226746
0.19717775285243988
0.1973983496427536
0.1973254233598709
0.19835129380226135
0.1985204517841339
0.19862747192382812
0.1990465521812439
0.19887809455394745
0.19887155294418335
0.1994972676038742
0.19977323710918427
0.19949842989444733
0.19898733496665955
0.1983189433813095
0.19748936593532562
0.19896867871284485
0.19978253543376923
0.19923633337020874
0.198518306016922
0.19857257604599
0.19868700206279755
0.19973382353782654
0.19941119849681854
0.19889242947101593
0.19920797646045685
0.19940201938152313
0.19891320168972015
0.19968213140964508
0.19933998584747314
0.2004796862602234
0.20030348002910614
0.2011614590883255
0.2013326734304428
0.20070146024227142
0.20025905966758728
0.20031893253326416
0.19993500411510468
0.19965006411075592
0.20062509179115295
0.2005348652601242
0.20051850378513336
0.20116674900054932
0.20027832686901093
0.20001515746116638
0.20032215118408203
0.20122037827968597
0.20083113014698029
0.2015657275915146
0.20133085548877716
0.2018033117055893
0.20209240913391113
0.20230716466903687
0.20222146809101105
0.20241117477416992
0.20246544480323792
0.20402848720550537
0.20407025516033173
0.20411387085914612
0.20431643724441528
0.20428158342838287
0.20405049622058868
0.20392195880413055
0.2037668377161026
0.20375460386276245
0.20370027422904968
0.20407167077064514
0.2044329047203064
0.2041991651058197
0.2051391452550888
0.20469534397125244
0.20475992560386658
0.2039804905653
0.2038736194372177
0.20419661700725555
0.204464390873909
0.2046804279088974
0.20555709302425385
0.2059883326292038
0.20599712431430817
0.20628295838832855
0.2060087025165558
0.20631587505340576
0.20705056190490723
0.20692279934883118
0.2061367630958557
0.2065131515264511
0.2073826789855957
0.20749783515930176
0.20773224532604218
0.20721670985221863
0.20674043893814087
0.20616650581359863
0.20569512248039246
0.20641089975833893
0.20653308928012848
0.20687143504619598
0.20779208838939667
0.2082650512456894
0.20866090059280396
0.20766901969909668
0.2074984759092331
0.20766369998455048
0.2067568004131317
0.20643316209316254
0.2063695788383484
0.20735758543014526
0.2077828347682953
0.208131805062294
0.2077999860048294
0.20811930298805237
0.20869892835617065
0.208468496799469
0.20908737182617188
0.2089809626340866
0.20940721035003662
0.20975980162620544
0.20944085717201233
0.20989163219928741
0.210393026471138
0.21019531786441803
0.2097797989845276
0.20984606444835663
0.20952318608760834
0.2100575864315033
0.21053606271743774
0.21022672951221466
0.2101554274559021
0.2098195105791092
0.2097887545824051
0.20983481407165527
0.21024805307388306
0.21082021296024323
0.21181492507457733
0.21183966100215912
0.21212972700595856
0.2127031683921814
0.2118062973022461
0.21185876429080963
0.21104711294174194
0.2106662541627884
0.21156969666481018
0.21159300208091736
0.21170197427272797
0.2119140475988388
0.21210911870002747
0.2118726521730423
0.21217693388462067
0.21185770630836487
0.21154533326625824
0.2116413712501526
0.21174871921539307
0.21281559765338898
0.21259267628192902
0.21259121596813202
0.2127106636762619
0.21302993595600128
0.21401762962341309
0.21349957585334778
0.21405097842216492
0.2144440859556198
0.21456964313983917
0.21480834484100342
0.21470502018928528
0.2147553414106369
0.21525706350803375
0.2152663916349411
0.21503867208957672
0.21521234512329102
0.2149965912103653
0.2153444141149521
0.21539825201034546
0.21617592871189117
0.21680863201618195
0.2164890617132187
0.21591699123382568
0.2153247594833374
0.21640098094940186
0.21656645834445953
0.21510395407676697
0.21539634466171265
0.2151975929737091
0.21440710127353668
0.21477419137954712
0.2150498628616333
0.21537800133228302
0.21588070690631866
0.2160423994064331
0.21650883555412292
0.21689873933792114
0.21680280566215515
0.21654951572418213
0.21607443690299988
0.21500195562839508
0.2157885879278183
0.2152033895254135
0.21580620110034943
0.21585865318775177
0.2168848216533661
0.21641454100608826
0.21600812673568726
0.21677044034004211
0.21702954173088074
0.2167520523071289
0.21759091317653656
0.21702079474925995
0.21745924651622772
0.21788834035396576
0.21795654296875
0.21791712939739227
0.21837218105793
0.2186976969242096
0.21851374208927155
0.2189338505268097
0.21903274953365326
0.2181987762451172
0.21861496567726135
0.21976882219314575
0.22002458572387695
0.22014553844928741
0.21938090026378632
0.21893353760242462
0.21921107172966003
0.2186288684606552
0.21901845932006836
0.21889929473400116
0.21910883486270905
0.2188991904258728
0.2190222442150116
0.2185213267803192
0.2184727042913437
0.2177559733390808
0.2186933159828186
0.219383105635643
0.22000829875469208
0.2193979173898697
0.21979182958602905
0.2200591266155243
0.21978265047073364
0.22028841078281403
0.22009985148906708
0.2198769599199295
0.21978382766246796
0.21994648873806
0.21975889801979065
0.21956156194210052
0.22018113732337952
0.2194192260503769
0.21947796642780304
0.22009162604808807
0.2203352302312851
0.22036227583885193
0.22070828080177307
0.22042861580848694
0.22084496915340424
0.22135113179683685
0.22085721790790558
0.22053124010562897
0.22097334265708923
0.2210143804550171
0.220627099275589
0.21990692615509033
0.22058793902397156
0.2203732430934906
0.22003528475761414
0.22073113918304443
0.22106926143169403
0.22125816345214844
0.2212592363357544
0.2210921198129654
0.2215321660041809
0.22091849148273468
0.22091184556484222
0.2206868976354599
0.22059792280197144
0.2205505222082138
0.220806285738945
0.22044578194618225
0.22072404623031616
0.22153711318969727
0.22288736701011658
0.22278781235218048
0.2226313203573227
0.22292979061603546
0.22311294078826904
0.22324256598949432
0.2229716181755066
0.2231588512659073
0.22372302412986755
0.2229819893836975
0.22226983308792114
0.2225233018398285
0.22278712689876556
0.2228614240884781
0.22309757769107819
0.22329533100128174
0.22291529178619385
0.22334255278110504
0.22322893142700195
0.2239149659872055
0.2236407846212387
0.22360563278198242
0.22369907796382904
0.22435736656188965
0.22351287305355072
0.22356900572776794
0.2239428162574768
0.22390425205230713
0.22420382499694824
0.22479486465454102
0.2254495769739151
0.2253035306930542
0.2238531857728958
0.22438566386699677
0.22459402680397034
0.2249404937028885
0.22466076910495758
0.224424347281456
0.22522111237049103
0.22564348578453064
0.22557176649570465
0.22509276866912842
0.22543089091777802
0.22604182362556458
0.22525683045387268
0.2258865237236023
0.22560733556747437
0.22552581131458282
0.22540713846683502
0.2253885269165039
0.2258170247077942
0.22571784257888794
0.22531121969223022
0.2262508124113083
0.2259657233953476
0.22699804604053497
0.22730568051338196
0.22711147367954254
0.22618301212787628
0.22697612643241882
0.2270067036151886
0.22683526575565338
0.22654546797275543
0.2258996069431305
0.2259177565574646
0.22626818716526031
0.22575631737709045
0.22644586861133575
0.22604414820671082
0.2257194221019745
0.22598238289356232
0.22579534351825714
0.22581401467323303
0.22613167762756348
0.22628410160541534
0.22699430584907532
0.22707802057266235
0.2269148826599121
0.22635449469089508
0.22604815661907196
0.22515133023262024
0.2255653291940689
0.22519032657146454
0.22567075490951538
0.22478222846984863
0.22478918731212616
0.22583024203777313
0.22642555832862854
0.2266545295715332
0.22610953450202942
0.22644378244876862
0.22649770975112915
0.22631679475307465
0.22696217894554138
0.22652332484722137
0.22716714441776276
0.2267722189426422
0.22670912742614746
0.22719253599643707
0.22752787172794342
0.2274995595216751
0.226840540766716
0.22737833857536316
0.22717715799808502
0.22654947638511658
0.22598330676555634
0.22667917609214783
0.2267318218946457
0.2269255369901657
0.22709716856479645
0.22693359851837158
0.22693905234336853
0.2272178679704666
0.22719942033290863
0.22767478227615356
0.227609321475029
0.22743834555149078
0.2273011952638626
0.22718292474746704
0.22731158137321472
0.22702178359031677
0.22599565982818604
0.22608767449855804
0.2265748530626297
0.22645020484924316
0.22645899653434753
0.22622182965278625
0.22692188620567322
0.22711540758609772
0.22789865732192993
0.22783967852592468
0.22740180790424347
0.22753921151161194
0.22726227343082428
0.22728614509105682
0.22743116319179535
0.22709916532039642
0.22761772572994232
0.22796954214572906
0.22719748318195343
0.2274354100227356
0.22714847326278687
0.2272011786699295
0.22840704023838043
0.2286873459815979
0.22898605465888977
0.2292114794254303
0.2290966957807541
0.22899073362350464
0.22953419387340546
0.22962023317813873
0.2294502854347229
0.2296372503042221
0.2298763394355774
0.22995294630527496
0.2300090342760086
0.229909747838974
0.2303057461977005
0.23046313226222992
0.23004594445228577
0.2299426645040512
0.23052582144737244
0.23030558228492737
0.23077329993247986
0.23117776215076447
0.2308826595544815
0.23088307678699493
0.2306852638721466
0.23078632354736328
0.23114679753780365
0.23021353781223297
0.22982381284236908
0.23064027726650238
0.2300259917974472
0.2304665893316269
0.23037932813167572
0.23067988455295563
0.23049518465995789
0.22916768491268158
0.2295922040939331
0.22962045669555664
0.2297791987657547
0.22900763154029846
0.2288135141134262
0.2291260063648224
0.22995273768901825
0.2298118770122528
0.23034338653087616
0.23063986003398895
0.2314196079969406
0.23144695162773132
0.2317342758178711
0.23104478418827057
0.2314106971025467
0.23084089159965515
0.23036815226078033
0.23025062680244446
0.23040062189102173
0.2302943915128708
0.23033827543258667
0.23027347028255463
0.22918348014354706
0.22936448454856873
0.2297121286392212
0.2305217981338501
0.2300301194190979
0.23037242889404297
0.23023276031017303
0.23061679303646088
0.23055066168308258
0.23014944791793823
0.23062941431999207
0.2306138277053833
0.23027312755584717
0.23068615794181824
0.23125919699668884
0.23160555958747864
0.2313774973154068
0.2316788285970688
0.23226919770240784
0.2318841516971588
0.23268024623394012
0.23256580531597137
0.23240667581558228
0.2322758138179779
0.23209041357040405
0.23207098245620728
0.23167358338832855
0.2319178432226181
0.23259155452251434
0.23299577832221985
0.23259273171424866
0.23287108540534973
0.23297734558582306
0.2331898957490921
0.2334030717611313
0.23220421373844147
0.23237036168575287
0.2318466752767563
0.23150642216205597
0.23171380162239075
0.23216556012630463
0.23271311819553375
0.23309148848056793
0.23271498084068298
0.23233872652053833
0.2322884052991867
0.2321963757276535
0.23195497691631317
0.23228074610233307
0.23195943236351013
0.23184405267238617
0.23177361488342285
0.23199258744716644
0.23193837702274323
0.23176126182079315
0.23134876787662506
0.2314424067735672
0.23118044435977936
0.23055560886859894
0.23068468272686005
0.23033419251441956
0.2307283580303192
0.23085296154022217
0.22976826131343842
0.22914476692676544
0.229159414768219
0.23013611137866974
0.23014214634895325
0.2301127165555954
0.23020382225513458
0.23065319657325745
0.23056650161743164
0.231708824634552
0.23212377727031708
0.23219503462314606
0.2323775738477707
0.2318001538515091
0.2320706993341446
0.2323991060256958
0.2323867827653885
0.23153413832187653
0.23186218738555908
0.2320549488067627
0.23232798278331757
0.23155660927295685
0.23126770555973053
0.2312595546245575
0.23084919154644012
0.23089350759983063
0.23198562860488892
0.23161984980106354
0.23082278668880463
0.23146696388721466
0.2313314527273178
0.23114527761936188
0.23048485815525055
0.22994464635849
0.23033109307289124
0.2312900573015213
0.2314213663339615
0.23187190294265747
0.23244743049144745
0.2329435646533966
0.2326429784297943
0.23295530676841736
0.23233464360237122
0.23332642018795013
0.2332899123430252
0.23308762907981873
0.23325113952159882
0.23280006647109985
0.23233473300933838
0.23162321746349335
0.23230516910552979
0.23167060315608978
0.2313440889120102
0.23199065029621124
0.2317570298910141
0.2319926768541336
0.23192912340164185
0.23200204968452454
0.23199059069156647
0.23208652436733246
0.23136816918849945
0.23141874372959137
0.23157450556755066
0.23103146255016327
0.2317248433828354
0.23158054053783417
0.2317255437374115
0.2324211150407791
0.23156355321407318
0.23201707005500793
0.2314745932817459
0.23120781779289246
0.23072318732738495
0.23072300851345062
0.23087066411972046
0.23065678775310516
0.23035196959972382
0.23077212274074554
0.23107090592384338
0.23109544813632965
0.2311433106660843
0.2309013307094574
0.23008835315704346
0.23004914820194244
0.23111870884895325
0.2311023473739624
0.23177766799926758
0.23116755485534668
0.23165681958198547
0.23189610242843628
0.23250706493854523
0.23310326039791107
0.23300932347774506
0.2321353703737259
0.23199208080768585
0.23205240070819855
0.23190362751483917
0.23181776702404022
0.23161442577838898
0.23133616149425507
0.23095060884952545
0.2312331348657608
0.2314625233411789
0.23122601211071014
0.23119059205055237
0.23117892444133759
0.2313215583562851
0.23110470175743103
0.23129725456237793
0.23111963272094727
0.23138858377933502
0.23098067939281464
0.23049664497375488
0.23017705976963043
0.23040342330932617
0.23058390617370605
0.23035259544849396
0.23090127110481262
0.2311243861913681
0.23161035776138306
0.23095561563968658
0.23139941692352295
0.23169539868831635
0.23129433393478394
0.23080642521381378
0.23019227385520935
0.23051241040229797
0.22985316812992096
0.22992278635501862
0.23035000264644623
0.22995050251483917
0.23015113174915314
0.2298731654882431
0.23066101968288422
0.23093263804912567
0.23026743531227112
0.23107309639453888
0.23142345249652863
0.23079654574394226
0.23124155402183533
0.231315016746521
0.23178322613239288
0.23205123841762543
0.2318153977394104
0.23136627674102783
0.23052987456321716
0.23027752339839935
0.23081599175930023
0.23068302869796753
0.22990797460079193
0.22976604104042053
0.2304169088602066
0.23060202598571777
0.23128311336040497
0.23138834536075592
0.23082593083381653
0.230873242020607
0.230895534157753
0.2311897724866867
0.23157180845737457
0.2311505228281021
0.23003312945365906
0.23047660291194916
0.2302093356847763
0.2303522378206253
0.22985826432704926
0.23006190359592438
0.2306075096130371
0.23125335574150085
0.23164373636245728
0.231328547000885
0.23057186603546143
0.23025044798851013
0.23011994361877441
0.23065604269504547
0.2307298481464386
0.23140805959701538
0.23203232884407043
0.23177330195903778
0.23085683584213257
0.23054999113082886
0.23124831914901733
0.2307191789150238
0.23034559190273285
0.23042981326580048
0.23060670495033264
0.23080876469612122
0.23110753297805786
0.2302730679512024
0.22958515584468842
0.23052647709846497
0.23051652312278748
0.23022224009037018
0.23000125586986542
0.23003476858139038
0.2300289124250412
0.2297137975692749
0.22872161865234375
0.22898277640342712
0.2295149266719818
0.22870156168937683
0.22925476729869843
0.22931350767612457
0.22954589128494263
0.23031720519065857
0.23033609986305237
0.23089911043643951
0.23117652535438538
0.23047232627868652
0.23059985041618347
0.23036639392375946
0.22969911992549896
0.22985252737998962
0.23062334954738617
0.23065446317195892
0.2296893149614334
0.2305566966533661
0.2304106503725052
0.23058517277240753
0.23109737038612366
0.23091945052146912
0.2307216078042984
0.23067526519298553
0.23104996979236603
0.23052982985973358
0.22964179515838623
0.22984029352664948
0.23028187453746796
0.2304214984178543
0.22986207902431488
0.23045502603054047
0.23042988777160645
0.23038236796855927
0.2302694022655487
0.2300845831632614
0.22930483520030975
0.22918394207954407
0.22954076528549194
0.22896482050418854
0.22966274619102478
0.23004043102264404
0.22993351519107819
0.2295871376991272
0.2296728491783142
0.2292441576719284
0.23003776371479034
0.2306617945432663
0.23117421567440033
0.23065894842147827
0.23020389676094055
0.23010919988155365
0.23059429228305817
0.2307804822921753
0.23045238852500916
0.23057673871517181
0.23019666969776154
0.23042456805706024
0.23070845007896423
0.23109322786331177
0.2311033010482788
0.23070600628852844
0.23037630319595337
0.23035532236099243
0.2304253876209259
0.2306399792432785
0.23064963519573212
0.2311771661043167
0.23037363588809967
0.23079814016819
0.23069535195827484
0.23085056245326996
0.23048686981201172
0.23059611022472382
0.23070231080055237
0.23063045740127563
0.23115739226341248
0.2309926152229309
0.23099057376384735
0.23148445785045624
0.2313576191663742
0.2311864197254181
0.2314242571592331
0.23104198276996613
0.23095475137233734
0.23127736151218414
0.23055951297283173
0.23054088652133942
0.23076918721199036
0.2304760068655014
0.23027610778808594
0.23034727573394775
0.23013153672218323
0.23082077503204346
0.23024141788482666
0.23024259507656097
0.23009571433067322
0.22977137565612793
0.22948452830314636
0.2292899191379547
0.22897134721279144
0.22921639680862427
0.2293211817741394
0.2302493005990982
0.2310909628868103
0.23047925531864166
0.22937457263469696
0.2294619232416153
0.22994333505630493
0.2298528552055359
0.22969506680965424
0.22985386848449707
0.23087026178836823
0.23028363287448883
0.22991319000720978
0.22991202771663666
0.22940319776535034
0.22970734536647797
0.2298794686794281
0.23007118701934814
0.22990407049655914
0.2301158756017685
0.22951075434684753
0.22944851219654083
0.23005837202072144
0.22918826341629028
0.2296106219291687
0.22945231199264526
0.22973956167697906
0.22990575432777405
0.22981008887290955
0.2291637808084488
0.22940656542778015
0.2289213091135025
0.22911272943019867
0.2297961562871933
0.229714035987854
0.2297084480524063
0.23054128885269165
0.22963474690914154
0.22965627908706665
0.23001228272914886
0.2302730232477188
0.2301790714263916
0.22942006587982178
0.22954189777374268
0.22957980632781982
0.22923672199249268
0.2290673851966858
0.2288670539855957
0.22863256931304932
0.22853796184062958
0.22903628647327423
0.22955328226089478
0.22992180287837982
0.22912773489952087
0.22931136190891266
0.22986406087875366
0.22977977991104126
0.22997815907001495
0.22956526279449463
0.22953574359416962
0.2290201038122177
0.2291046679019928
0.229406476020813
0.22950181365013123
0.22929422557353973
0.22891393303871155
0.22899672389030457
0.22845380008220673
0.2291955053806305
0.22918546199798584
0.22933004796504974
0.2301291525363922
0.23006825149059296
0.22938093543052673
0.2292547971010208
0.23013874888420105
0.22962181270122528
0.2293807864189148
0.22940373420715332
0.23002393543720245
0.22979611158370972
0.22965392470359802
0.2296256124973297
0.22953268885612488
0.22944602370262146
0.22926130890846252
0.2291451096534729
0.22967208921909332
0.23020361363887787
0.22955377399921417
0.22916190326213837
0.22918088734149933
0.22855336964130402
0.2285187989473343
0.22843410074710846
0.22851118445396423
0.22839275002479553
0.22853578627109528
0.22959253191947937
0.22989052534103394
0.2302451729774475
0.22936813533306122
0.2282164990901947
0.22833627462387085
0.228290855884552
0.22838608920574188
0.22876138985157013
0.22810356318950653
0.22908641397953033
0.2296680063009262
0.22947730123996735
0.22923052310943604
0.22989416122436523
0.2305835634469986
0.23049098253250122
0.22959759831428528
0.22984948754310608
0.2303905189037323
0.23115134239196777
0.23126086592674255
0.2315569818019867
0.23176419734954834
0.23124484717845917
0.23134426772594452
0.23008231818675995
0.2297362983226776
0.23006664216518402
0.22960838675498962
0.22958476841449738
0.22966612875461578
0.22911006212234497
0.2288970798254013
0.2288239300251007
0.22925764322280884
0.2294464111328125
0.22864848375320435
0.2291247546672821
0.229203999042511
0.22922438383102417
0.22902382910251617
0.22932960093021393
0.2292795181274414
0.22922906279563904
0.22921571135520935
0.22856174409389496
0.2280874252319336
0.22767971456050873
0.22777408361434937
0.2276909053325653
0.2277406007051468
0.22824721038341522
0.22834472358226776
0.22788968682289124
0.22766231000423431
0.2279774695634842
0.22891639173030853
0.22882306575775146
0.22831277549266815
0.22835861146450043
0.22846274077892303
0.22811050713062286
0.22831840813159943
0.2286248505115509
0.22807593643665314
0.22776877880096436
0.22830212116241455
0.22831794619560242
0.22835448384284973
0.22830000519752502
0.22833622992038727
0.22830840945243835
0.22833694517612457
0.22788016498088837
0.2281104177236557
0.2286791205406189
0.22950701415538788
0.2300165295600891
0.22958961129188538
0.22890028357505798
0.22840248048305511
0.2277996689081192
0.22816213965415955
0.22861529886722565
0.22811271250247955
0.22857369482517242
0.228639155626297
0.22909903526306152
0.22914710640907288
0.228812113404274
0.22869691252708435
0.2288559377193451
0.2283860594034195
0.2288222312927246
0.22964155673980713
0.22923783957958221
0.22910360991954803
0.22907887399196625
0.2293321192264557
0.22970129549503326
0.22941255569458008
0.2291204184293747
0.22921320796012878
0.22958195209503174
0.22934947907924652
0.22873330116271973
0.22846010327339172
0.22858043015003204
0.22808322310447693
0.22817502915859222
0.22781166434288025
0.22711357474327087
0.22765614092350006
0.22786572575569153
0.22748678922653198
0.22784997522830963
0.22783176600933075
0.22837364673614502
0.228196918964386
0.2279605269432068
0.22834983468055725
0.2282864898443222
0.22845731675624847
0.22783027589321136
