0.1470366269350052
0.15099865198135376
0.15236084163188934
0.15347632765769958
0.15367935597896576
0.15418128669261932
0.1545971930027008
0.15498830378055573
0.15505556762218475
0.1556369811296463
0.15603113174438477
0.15624955296516418
0.156550332903862
0.15668316185474396
0.15643563866615295
0.15718914568424225
0.15753689408302307
0.15778350830078125
0.15769028663635254
0.15782411396503448
0.1576380580663681
0.15772219002246857
0.15804660320281982
0.15880438685417175
0.1589139848947525
0.15951226651668549
0.15941832959651947
0.15922173857688904
0.15915493667125702
0.15957856178283691
0.15990474820137024
0.15945251286029816
0.15987052023410797
0.15988382697105408
0.1598149687051773
0.16009187698364258
0.160817489027977
0.16046813130378723
0.1606951504945755
0.16111361980438232
0.16110464930534363
0.16117490828037262
0.16158173978328705
0.16213910281658173
0.16204997897148132
0.16235385835170746
0.1627042442560196
0.1631239652633667
0.1634647250175476
0.16358929872512817
0.16367396712303162
0.16329821944236755
0.1633254885673523
0.16342966258525848
0.16373609006404877
0.16404764354228973
0.16446028649806976
0.1646767258644104
0.1647847592830658
0.16463321447372437
0.16494829952716827
0.1653139740228653
0.16584855318069458
0.16601043939590454
0.16621054708957672
0.1666816622018814
0.16644638776779175
0.1666235476732254
0.16723348200321198
0.1669185906648636
0.166873499751091
0.16688579320907593
0.1673070639371872
0.16717158257961273
0.16715404391288757
0.16792410612106323
0.1685945987701416
0.16860494017601013
0.16930899024009705
0.16945219039916992
0.16916416585445404
0.16974252462387085
0.17000652849674225
0.17002402245998383
0.16987106204032898
0.16956426203250885
0.16954226791858673
0.17033380270004272
0.17020684480667114
0.17085038125514984
0.1709957718849182
0.1713838279247284
0.1719127595424652
0.1722232699394226
0.17202085256576538
0.17147839069366455
0.17179924249649048
0.1722736656665802
0.17208945751190186
0.17238856852054596
0.17325042188167572
0.17341646552085876
0.17292959988117218
0.17311638593673706
0.17355211079120636
0.17309211194515228
0.17348645627498627
0.1735021322965622
0.17336121201515198
0.1737401932477951
0.17401231825351715
0.17485886812210083
0.17495423555374146
0.1752113401889801
0.17550134658813477
0.17563356459140778
0.17576344311237335
0.17578299343585968
0.17532998323440552
0.17581090331077576
0.17634908854961395
0.1769098937511444
0.17736080288887024
0.17742809653282166
0.177504763007164
0.17793965339660645
0.1783503293991089
0.17852531373500824
0.17856919765472412
0.17800529301166534
0.17851956188678741
0.17937636375427246
0.17983287572860718
0.17971068620681763
0.18040579557418823
0.18112388253211975
0.1815943866968155
0.18148469924926758
0.18186908960342407
0.1817297488451004
0.18145549297332764
0.1810777485370636
0.18144620954990387
0.18169037997722626
0.18238210678100586
0.18272477388381958
0.1825132817029953
0.1827443689107895
0.18319042026996613
0.18388789892196655
0.18404921889305115
0.18513120710849762
0.1852453500032425
0.18524202704429626
0.18549612164497375
0.1857115626335144
0.1864064633846283
0.18720318377017975
0.18683895468711853
0.1875009387731552
0.18722720444202423
0.1874828338623047
0.1866297721862793
0.18727563321590424
0.1874493509531021
0.18784599006175995
0.1877269148826599
0.1875116527080536
0.187642902135849
0.18861375749111176
0.18919269740581512
0.18984279036521912
0.19030702114105225
0.1903775930404663
0.19100923836231232
0.19061192870140076
0.19052021205425262
0.19066068530082703
0.19120383262634277
0.1912817507982254
0.19201608002185822
0.19231504201889038
0.19212310016155243
0.19275841116905212
0.1924932450056076
0.19271668791770935
0.19252319633960724
0.192856103181839
0.193123921751976
0.19275976717472076
0.19309991598129272
0.19381281733512878
0.1950710266828537
0.1948845237493515
0.19523878395557404
0.19568903744220734
0.19491958618164062
0.194330096244812
0.19488194584846497
0.19503305852413177
0.19512595236301422
0.19555580615997314
0.1959158033132553
0.1963653266429901
0.19631069898605347
0.19678553938865662
0.19712114334106445
0.19773602485656738
0.19813716411590576
0.19784468412399292
0.19753901660442352
0.19859693944454193
0.19834454357624054
0.19881337881088257
0.19817374646663666
0.19872574508190155
0.1998576521873474
0.20068730413913727
0.20071308314800262
0.20123133063316345
0.20070837438106537
0.20067927241325378
0.20140928030014038
0.20212309062480927
0.20190991461277008
0.20221368968486786
0.20262782275676727
0.2031223177909851
0.2034427970647812
0.2035999894142151
0.20383742451667786
0.20483693480491638
0.2052682340145111
0.2058148831129074
0.20589478313922882
0.20624949038028717
0.20606261491775513
0.20572221279144287
0.20557616651058197
0.20581156015396118
0.205403134226799
0.20582231879234314
0.20590592920780182
0.20650328695774078
0.20737791061401367
0.20742623507976532
0.20744755864143372
0.20744681358337402
0.20796287059783936
0.2079961746931076
0.20850342512130737
0.20856444537639618
0.20918799936771393
0.20964372158050537
0.21024727821350098
0.2100830376148224
0.2108270525932312
0.21100826561450958
0.21140551567077637
0.21076494455337524
0.21147969365119934
0.21197187900543213
0.2118806391954422
0.21205967664718628
0.21294710040092468
0.2136015146970749
0.2137191742658615
0.2139676958322525
0.21379241347312927
0.21367326378822327
0.2146267592906952
0.21534189581871033
0.21509239077568054
0.21471944451332092
0.21547681093215942
0.21536879241466522
0.215650737285614
0.21614386141300201
0.21702179312705994
0.21596597135066986
0.21592479944229126
0.21623891592025757
0.21630237996578217
0.21699488162994385
0.21762000024318695
0.21748968958854675
0.2174757421016693
0.21755357086658478
0.2183121293783188
0.2179974913597107
0.21893377602100372
0.21921531856060028
0.21955259144306183
0.22035008668899536
0.2202928513288498
0.22120444476604462
0.22094064950942993
0.22117961943149567
0.22180010378360748
0.22120258212089539
0.2216988503932953
0.22104603052139282
0.2206140160560608
0.22077694535255432
0.22062824666500092
0.2213447540998459
0.22197102010250092
0.22209285199642181
0.22299626469612122
0.22398339211940765
0.22419148683547974
0.22454892098903656
0.22533193230628967
0.2256309986114502
0.22563660144805908
0.22513392567634583
0.2250223606824875
0.22539620101451874
0.22588947415351868
0.22553572058677673
0.22602218389511108
0.22621162235736847
0.22664779424667358
0.22672490775585175
0.22749526798725128
0.22805505990982056
0.22821122407913208
0.22864477336406708
0.2290012687444687
0.2291686087846756
0.2293357402086258
0.22986344993114471
0.23049451410770416
0.23116108775138855
0.23111067712306976
0.2311885952949524
0.2311280518770218
0.2311326414346695
0.23131367564201355
0.23198431730270386
0.23255042731761932
0.23235134780406952
0.23244628310203552
0.23239538073539734
0.23264187574386597
0.2328517585992813
0.2334698736667633
0.23384997248649597
0.23407740890979767
0.23387351632118225
0.23412567377090454
0.23363202810287476
0.23415854573249817
0.2339647263288498
0.23434050381183624
0.23505143821239471
0.23512551188468933
0.23497259616851807
0.23493623733520508
0.23534737527370453
0.23516680300235748
0.23552431166172028
0.23651142418384552
0.2362968474626541
0.23724877834320068
0.23761944472789764
0.2376842349767685
0.23828235268592834
0.2385178655385971
0.23915444314479828
0.23916324973106384
0.23948979377746582
0.2396138459444046
0.23991744220256805
0.2403838187456131
0.2408207505941391
0.24070966243743896
0.24136371910572052
0.2415761649608612
0.24157261848449707
0.24140781164169312
0.24156644940376282
0.24158357083797455
0.24225766956806183
0.24247609078884125
0.24335141479969025
0.24327202141284943
0.24418367445468903
0.2435234636068344
0.24422532320022583
0.2439902275800705
0.24450720846652985
0.24461141228675842
0.24446555972099304
0.24594829976558685
0.2459762692451477
0.24582169950008392
0.24625618755817413
0.24595993757247925
0.24643966555595398
0.24704159796237946
0.24696393311023712
0.2468341737985611
0.24723784625530243
0.2474263608455658
0.2472558468580246
0.24762995541095734
0.2474566251039505
0.24810577929019928
0.24853746592998505
0.24851059913635254
0.24880081415176392
0.2490522563457489
0.24898575246334076
0.24934320151805878
0.2500301003456116
0.24952489137649536
0.24956683814525604
0.24968217313289642
0.2500624656677246
0.2511424422264099
0.25158655643463135
0.2520889639854431
0.2522374391555786
0.2528560161590576
0.2536510229110718
0.2530798316001892
0.25290432572364807
0.25368258357048035
0.2542840242385864
0.2546035051345825
0.25487151741981506
0.25489693880081177
0.2547653317451477
0.25476986169815063
0.25547242164611816
0.25573959946632385
0.25510653853416443
0.2549896836280823
0.2552054226398468
0.25513705611228943
0.2556402385234833
0.25574880838394165
0.256120502948761
0.25637325644493103
0.2563338279724121
0.2563759982585907
0.25737813115119934
0.25733715295791626
0.2572598457336426
0.2570507824420929
0.25731348991394043
0.25827333331108093
0.2591037154197693
0.258994996547699
0.2584074139595032
0.2590172588825226
0.2590771019458771
0.2592310905456543
0.25962260365486145
0.2598130702972412
0.26049092411994934
0.2601790726184845
0.26011180877685547
0.2606251537799835
0.2614400386810303
0.2607662081718445
0.2615136206150055
0.2618141770362854
0.26171645522117615
0.26125088334083557
0.2617308497428894
0.2622021436691284
0.26184993982315063
0.26238715648651123
0.26190245151519775
0.26131027936935425
0.2613999843597412
0.2619510293006897
0.26226112246513367
0.2631146311759949
0.2631855309009552
0.2631402015686035
0.2634534537792206
0.263892263174057
0.2635784149169922
0.26407453417778015
0.26450949907302856
0.2656630873680115
0.26697853207588196
0.267364501953125
0.2673622965812683
0.2668282389640808
0.26673656702041626
0.2666271924972534
0.2669931650161743
0.2671893835067749
0.26699334383010864
0.26749107241630554
0.2677903175354004
0.26795679330825806
0.26838135719299316
0.2684297561645508
0.2675618529319763
0.26787081360816956
0.2682432532310486
0.26858049631118774
0.2696373462677002
0.2688724100589752
0.26982924342155457
0.27001747488975525
0.27031365036964417
0.2707104980945587
0.2707781493663788
0.27083536982536316
0.2711767852306366
0.2714028060436249
0.27009764313697815
0.2704012393951416
0.2711378037929535
0.2709372043609619
0.2706064283847809
0.270621657371521
0.27045655250549316
0.27136150002479553
0.2709030508995056
0.271278440952301
0.2725543975830078
0.2735169529914856
0.2737526595592499
0.27408567070961
0.27434107661247253
0.275104820728302
0.2757284939289093
0.2753991186618805
0.27561211585998535
0.2752024233341217
0.27584901452064514
0.2763175666332245
0.2763352394104004
0.2764127254486084
0.27719351649284363
0.27673524618148804
0.2769053280353546
0.2776276767253876
0.2778833508491516
0.27798905968666077
0.2781642973423004
0.27837061882019043
0.27709725499153137
0.27888187766075134
0.27889928221702576
0.2788051664829254
0.27927902340888977
0.27903732657432556
0.2786529064178467
0.27897536754608154
0.27918529510498047
0.2791332006454468
0.27950742840766907
0.27892565727233887
0.28023284673690796
0.2800646126270294
0.28041788935661316
0.27984419465065
0.2799922227859497
0.2803906202316284
0.2806185781955719
0.28041765093803406
0.2800842821598053
0.28046131134033203
0.2808053195476532
0.280574768781662
0.2808206379413605
0.28004685044288635
0.2803002893924713
0.2811519503593445
0.28068360686302185
0.28088390827178955
0.2809136211872101
0.28091955184936523
0.2813761234283447
0.2815881073474884
0.28180617094039917
0.281770259141922
0.28220000863075256
0.28190335631370544
0.28212758898735046
0.28234371542930603
0.2813915014266968
0.2819531559944153
0.28243517875671387
0.2829724848270416
0.28336411714553833
0.2841455638408661
0.2841097116470337
0.28432542085647583
0.2842724323272705
0.28431326150894165
0.28417259454727173
0.2848065197467804
0.2842791676521301
0.2846483886241913
0.285249799489975
0.2855209708213806
0.2861851453781128
0.28727594017982483
0.28793853521347046
0.2872470021247864
0.2877039313316345
0.28774991631507874
0.28678449988365173
0.28697675466537476
0.2874220311641693
0.2872021496295929
0.28740641474723816
0.2870329022407532
0.2866913080215454
0.2863439619541168
0.2867126166820526
0.2866261303424835
0.28782951831817627
0.28733184933662415
0.28739988803863525
0.28788065910339355
0.28842276334762573
0.28818851709365845
0.2881494164466858
0.28752371668815613
0.28778335452079773
0.28776073455810547
0.28862667083740234
0.28730401396751404
0.2878463566303253
0.28832578659057617
0.28811749815940857
0.288899689912796
0.28874671459198
0.28977715969085693
0.2899254858493805
0.2896732687950134
0.2908197343349457
0.29130861163139343
0.29153674840927124
0.29145148396492004
0.2916853725910187
0.2915714383125305
0.29102814197540283
0.29063186049461365
0.29023638367652893
0.2910202145576477
0.29091334342956543
0.2910013198852539
0.2916255295276642
0.290829598903656
0.2910388708114624
0.2908342480659485
0.29116109013557434
0.2916373610496521
0.291761189699173
0.29189789295196533
0.2923581600189209
0.2916093170642853
0.2916643023490906
0.2913873791694641
0.29162201285362244
0.2910620868206024
0.29103296995162964
0.29090383648872375
0.29120922088623047
0.29146188497543335
0.29086628556251526
0.29160943627357483
0.2922787070274353
0.2928832769393921
0.29219716787338257
0.29233163595199585
0.29253724217414856
0.29214969277381897
0.2920786142349243
0.2920675575733185
0.29218223690986633
0.2930248975753784
0.29277873039245605
0.2920539677143097
0.2921995222568512
0.29253631830215454
0.2932468056678772
0.2922250032424927
0.2919858694076538
0.2925582826137543
0.29226019978523254
0.2923230528831482
0.2925373613834381
0.2935662567615509
0.2931206226348877
0.2933145761489868
0.29284361004829407
0.2926344573497772
0.29355427622795105
0.29390570521354675
0.29362305998802185
0.29369834065437317
0.29414135217666626
0.2944185733795166
0.2943313717842102
0.29469868540763855
0.29436761140823364
0.2943134307861328
0.2945095896720886
0.29416006803512573
0.2945467531681061
0.29515841603279114
0.29514965415000916
0.294755756855011
0.29491811990737915
0.29466763138771057
0.29397979378700256
0.29430297017097473
0.2940187454223633
0.2932068109512329
0.2933940589427948
0.29387742280960083
0.2937471270561218
0.293731689453125
0.2935671806335449
0.2940671443939209
0.29425886273384094
0.29385247826576233
0.29424184560775757
0.2948515713214874
0.2952004373073578
0.2956887483596802
0.29494911432266235
0.2948853373527527
0.29524198174476624
0.29566624760627747
0.29539352655410767
0.2950267791748047
0.29518797993659973
0.2952103018760681
0.29610806703567505
0.29634955525398254
0.2958492338657379
0.29601362347602844
0.29640263319015503
0.2964586913585663
0.2965187132358551
0.2959887385368347
0.29600968956947327
0.29576653242111206
0.29593703150749207
0.29622888565063477
0.29644203186035156
0.2968561351299286
0.29673072695732117
0.2971380054950714
0.29748567938804626
0.2973659038543701
0.2974018156528473
0.297655314207077
0.29822394251823425
0.2979026734828949
0.2987622916698456
0.29833030700683594
0.29802238941192627
0.29678231477737427
0.2967946529388428
0.29744952917099
0.2973756492137909
0.29750344157218933
0.2980065643787384
0.2978064715862274
0.29808515310287476
0.2981218695640564
0.29713010787963867
0.29694733023643494
0.29770544171333313
0.29854583740234375
0.29919782280921936
0.3000577688217163
0.2995178997516632
0.29944220185279846
0.2982140779495239
0.29790809750556946
0.29722076654434204
0.29694822430610657
0.2970089614391327
0.29699087142944336
0.2965586483478546
0.29664433002471924
0.29702556133270264
0.2968584895133972
0.2969089150428772
0.2966955304145813
0.29716256260871887
0.29718440771102905
0.2975977957248688
0.2976401150226593
0.29762306809425354
0.29767537117004395
0.29791173338890076
0.29802411794662476
0.2972765266895294
0.2970856726169586
0.29671555757522583
0.2959156036376953
0.29656288027763367
0.2972538471221924
0.2978366017341614
0.297384649515152
0.29681918025016785
0.2959281802177429
0.29679083824157715
0.2969364821910858
0.29715508222579956
0.2963518500328064
0.29693955183029175
0.29728832840919495
0.29713931679725647
0.2966478765010834
0.2964034676551819
0.29619714617729187
0.29560497403144836
0.2951849400997162
0.2959338128566742
0.2954230010509491
0.2961958050727844
0.2956578731536865
0.2957063615322113
0.29500964283943176
0.2951832115650177
0.2949516773223877
0.29496341943740845
0.2949078381061554
0.2948358952999115
0.2950678765773773
0.29507890343666077
0.2949172854423523
0.2945522964000702
0.2948096990585327
0.2944766879081726
0.2948557138442993
0.29504913091659546
0.2944594919681549
0.2943800985813141
0.2944962978363037
0.29383423924446106
0.2935466468334198
0.29393303394317627
0.2946326434612274
0.2944638729095459
0.2941136360168457
0.29473876953125
0.2950458526611328
0.2947217524051666
0.2943788170814514
0.2947017252445221
0.29442012310028076
0.29432860016822815
0.2944611608982086
0.29497331380844116
0.295107901096344
0.2951675355434418
0.29513344168663025
0.2942007780075073
0.2939949631690979
0.2938265800476074
0.29430484771728516
0.29437464475631714
0.29474470019340515
0.2948465645313263
0.2944232225418091
0.29369691014289856
0.2937994599342346
0.294271320104599
0.2946426570415497
0.29395461082458496
0.29457733035087585
0.29454752802848816
0.29510393738746643
0.2947025001049042
0.29433318972587585
0.29411575198173523
0.29443857073783875
0.29466724395751953
0.2941781282424927
0.29362931847572327
0.29362133145332336
0.29294925928115845
0.29264092445373535
0.29221364855766296
0.2915530800819397
0.29118049144744873
0.29217925667762756
0.2930131256580353
0.29312071204185486
0.2930675446987152
0.29338783025741577
0.29328587651252747
0.2926230728626251
0.29354777932167053
0.2936127185821533
0.29321518540382385
0.2935679256916046
0.2934730350971222
0.29314276576042175
0.2932494282722473
0.29304665327072144
0.29295089840888977
0.2925320863723755
0.29194700717926025
0.2930126488208771
0.29391220211982727
0.29405680298805237
0.2943026125431061
0.29362842440605164
0.2932423949241638
0.29212677478790283
0.29223257303237915
0.29205551743507385
0.2928304374217987
0.2923048436641693
0.2923316955566406
0.2922307848930359
0.292363703250885
0.29217180609703064
0.29189449548721313
0.2914814054965973
0.29072311520576477
0.29062390327453613
0.29003098607063293
0.28998324275016785
0.2899737060070038
0.290342777967453
0.2900718152523041
0.28953710198402405
0.2887423038482666
0.28921258449554443
0.28983771800994873
0.28859883546829224
0.28827694058418274
0.2886442244052887
0.2884232997894287
0.28864675760269165
0.2887345254421234
0.28877589106559753
0.2890974283218384
0.28851577639579773
0.28955140709877014
0.28962019085884094
0.29001450538635254
0.2903391122817993
0.2899695634841919
0.2893507182598114
0.2888154089450836
0.28850457072257996
0.28826096653938293
0.2878890931606293
0.2881837785243988
0.2881522476673126
0.2876249849796295
0.287515252828598
0.28761985898017883
0.2868785858154297
0.28666767477989197
0.287867933511734
0.2872197926044464
0.28697484731674194
0.2866198718547821
0.28650471568107605
0.2865603566169739
0.2859072983264923
0.28562626242637634
0.28558430075645447
0.28476762771606445
0.2840001881122589
0.28531861305236816
0.28513750433921814
0.2853867709636688
0.28583791851997375
0.28595641255378723
0.2852437496185303
0.2850800156593323
0.2852288782596588
0.28508588671684265
0.28465065360069275
0.2846680283546448
0.2859083414077759
0.28465691208839417
0.2848063111305237
0.28497520089149475
0.28498148918151855
0.28337562084198
0.28407829999923706
0.2837407886981964
0.2838909924030304
0.2837042510509491
0.2831912040710449
0.2835107445716858
0.28338223695755005
0.2834470868110657
0.2835064232349396
0.2832179665565491
0.283301442861557
0.2821425199508667
0.2826646864414215
0.2825314700603485
0.2830040454864502
0.28220775723457336
0.2821364104747772
0.2812950611114502
0.28155219554901123
0.2816775441169739
0.28116533160209656
0.2812793552875519
0.28063327074050903
0.28011584281921387
0.27962154150009155
0.2796834707260132
0.2804236114025116
0.2802667021751404
0.27980250120162964
0.2797740697860718
0.2797105610370636
0.2799980938434601
0.28008800745010376
0.27997568249702454
0.2784903049468994
0.27839210629463196
0.2788556218147278
0.2782552242279053
0.27818453311920166
0.2783881723880768
0.2790377736091614
0.2781375050544739
0.27833619713783264
0.2778155505657196
0.27765771746635437
0.27772948145866394
0.2772846221923828
0.2772236764431
0.2774367034435272
0.277269184589386
0.2763579189777374
0.2760041356086731
0.27601948380470276
0.2767975628376007
0.2769509553909302
0.2769441604614258
0.27595508098602295
0.2757963240146637
0.27622997760772705
0.27604714035987854
0.275905579328537
0.27584701776504517
0.2753777801990509
0.27586233615875244
0.2755872309207916
0.2757806181907654
0.2752489745616913
0.27559831738471985
0.27617964148521423
0.27578186988830566
0.2754891514778137
0.27518585324287415
0.27445459365844727
0.2748216986656189
0.2740998864173889
0.2744053900241852
0.27366209030151367
0.2732313871383667
0.2725420296192169
0.2723134756088257
0.27283284068107605
0.27194058895111084
0.27232351899147034
0.2724461853504181
0.2724812924861908
0.2730866074562073
0.27320778369903564
0.27316558361053467
0.2728635370731354
0.27223023772239685
0.271284818649292
0.27101266384124756
0.270866334438324
0.27160781621932983
0.27170416712760925
0.27229833602905273
0.272011935710907
0.2718190848827362
0.27113017439842224
0.2715393006801605
0.27120283246040344
0.27126818895339966
0.27128493785858154
0.27015963196754456
0.2693268358707428
0.2693656384944916
0.2698464095592499
0.26977068185806274
0.26967430114746094
0.26956358551979065
0.268678218126297
0.2684881389141083
0.2684164345264435
0.2685662508010864
0.26754456758499146
0.266908198595047
0.267579585313797
0.2678152620792389
0.2671336233615875
0.2665199935436249
0.2661851644515991
0.26645195484161377
0.2659544348716736
0.2662416696548462
0.26651135087013245
0.265567809343338
0.2652072012424469
0.2652907073497772
0.2655267119407654
0.2653641104698181
0.2642325460910797
0.2644086480140686
0.2650177776813507
0.26536884903907776
0.26473915576934814
0.2634594738483429
0.26328468322753906
0.26339468359947205
0.26323258876800537
0.26289403438568115
0.2631210386753082
0.26384109258651733
0.26392805576324463
0.26436129212379456
0.2629939317703247
0.26197412610054016
0.2614903151988983
0.2616695463657379
0.2619217038154602
0.2616870701313019
0.26153841614723206
0.26154157519340515
0.2621486485004425
0.2617703378200531
0.2610847055912018
0.2605848014354706
0.2608090341091156
0.260999858379364
0.2616286873817444
0.2611927092075348
0.26045534014701843
0.25928133726119995
0.25887003540992737
0.2588394284248352
0.257729172706604
0.25807759165763855
0.2580152750015259
0.25787854194641113
0.25828102231025696
0.25770822167396545
0.2575557827949524
0.2571534514427185
0.2572457492351532
0.25648927688598633
0.25576549768447876
0.2550429403781891
0.2556965947151184
0.2568497359752655
0.25721755623817444
0.25696149468421936
0.2568582594394684
0.25665220618247986
0.25670620799064636
0.256212055683136
0.25574272871017456
0.2558571398258209
0.25638824701309204
0.2559276819229126
0.2550084888935089
0.25520068407058716
0.2546180188655853
0.2545066177845001
0.2540316879749298
0.2535788118839264
0.25380510091781616
0.2527585029602051
0.2526378929615021
0.2525008022785187
0.2524765729904175
0.2528724670410156
0.2532777786254883
0.2527661919593811
0.25272688269615173
0.2527073621749878
0.25337284803390503
0.25272414088249207
0.2521180808544159
0.2521584928035736
0.25192269682884216
0.251412034034729
0.25160837173461914
0.25085848569869995
0.25150394439697266
0.25091853737831116
0.25020813941955566
0.2497737854719162
0.25020095705986023
0.2502494752407074
0.24986803531646729
0.24948449432849884
0.24927863478660583
0.24979425966739655
0.24960237741470337
0.24896889925003052
0.24856744706630707
0.24808236956596375
0.24751126766204834
0.24720971286296844
0.24753305315971375
0.24639081954956055
0.24615859985351562
0.24642960727214813
0.24665752053260803
0.24670010805130005
0.24612092971801758
0.2465152144432068
0.2462405264377594
0.24583867192268372
0.24541935324668884
0.24544067680835724
0.24497252702713013
0.2450685054063797
0.24467049539089203
0.2436990588903427
0.24322496354579926
0.2436508685350418
0.2433367222547531
0.24221575260162354
0.24224548041820526
0.2421799898147583
0.2418397217988968
0.24135750532150269
0.24144862592220306
0.24200564622879028
0.242390975356102
0.24203677475452423
0.24224384129047394
0.24178481101989746
0.2419264018535614
0.2417677789926529
0.24266819655895233
0.24247100949287415
0.2420930117368698
0.2416863888502121
0.24051395058631897
0.23986296355724335
0.24010299146175385
0.2399497628211975
0.2397414594888687
0.23864653706550598
0.23776572942733765
0.23813745379447937
0.23749686777591705
0.23760034143924713
0.23797611892223358
0.23760893940925598
0.2373904287815094
0.23737917840480804
0.23717935383319855
0.23709240555763245
0.23666909337043762
0.2368406355381012
0.23683203756809235
0.23671162128448486
0.23705925047397614
0.23685234785079956
0.23655223846435547
0.2361328899860382
0.2361517697572708
0.2361726611852646
0.2362174242734909
0.23561054468154907
0.23544785380363464
0.23569422960281372
0.23547522723674774
0.23509958386421204
0.23536209762096405
0.23521143198013306
0.23449291288852692
0.23421649634838104
0.2342769205570221
0.23425531387329102
0.23397375643253326
0.23316767811775208
0.23278844356536865
0.2328290343284607
0.23264162242412567
0.23249872028827667
0.23196035623550415
0.2318747192621231
0.23206813633441925
0.23214365541934967
0.2321738600730896
0.23129820823669434
0.23146963119506836
0.23073935508728027
0.23078157007694244
0.23029173910617828
0.2300134003162384
0.229961097240448
0.2302428036928177
0.2302299439907074
0.23029574751853943
0.22928325831890106
0.2289581000804901
0.22885800898075104
0.2282457798719406
0.22824612259864807
0.22758662700653076
0.22746542096138
0.22722357511520386
0.2273472249507904
0.22735930979251862
0.22693869471549988
0.22692854702472687
0.22583746910095215
0.22551259398460388
0.2256614714860916
0.22533929347991943
0.2252185046672821
0.22488544881343842
0.225114643573761
0.22534523904323578
0.22568553686141968
0.22527873516082764
0.22529783844947815
0.22545990347862244
0.2254859209060669
0.22548645734786987
0.22552141547203064
0.22478504478931427
0.2241675853729248
0.22356893122196198
0.22313441336154938
0.22375176846981049
0.22378727793693542
0.22300611436367035
0.22288165986537933
0.22287677228450775
0.2224130481481552
0.22272172570228577
0.22249765694141388
0.22235342860221863
0.22255022823810577
0.22151042520999908
0.22150826454162598
0.22090116143226624
0.22083476185798645
0.2204025238752365
0.22024977207183838
0.22051848471164703
0.2204117327928543
0.22008442878723145
0.22012433409690857
0.21885649859905243
0.21861165761947632
0.21795545518398285
0.21746425330638885
0.21788600087165833
0.2175060510635376
0.21703490614891052
0.21737070381641388
0.21688607335090637
0.21626967191696167
0.2160448580980301
0.2154904007911682
0.21497945487499237
0.21517665684223175
0.21581706404685974
0.21609264612197876
0.21553216874599457
0.21590591967105865
0.2148507982492447
0.21480850875377655
0.21496069431304932
0.2151334434747696
0.21451206505298615
0.2139662802219391
0.21380841732025146
0.21342620253562927
0.21329447627067566
0.21240991353988647
0.2125224769115448
0.21278515458106995
0.2125619798898697
0.2130402773618698
0.21303890645503998
0.2129218429327011
0.21192196011543274
0.21144379675388336
0.2116086632013321
0.21165288984775543
0.21200524270534515
0.21147587895393372
0.2111283391714096
0.21102799475193024
0.21089373528957367
0.21052904427051544
0.21052248775959015
0.21032419800758362
0.21036545932292938
0.20977014303207397
0.21003346145153046
0.21038475632667542
0.21054287254810333
0.2095688283443451
0.20957234501838684
0.20938539505004883
0.20940686762332916
0.20921528339385986
0.20868857204914093
0.20787674188613892
0.20790208876132965
0.208049938082695
0.20819590985774994
0.2078269124031067
0.20758838951587677
0.20722414553165436
0.20709265768527985
0.20737504959106445
0.20716281235218048
0.20648573338985443
0.20622575283050537
0.20666342973709106
0.2070724368095398
0.2069634646177292
0.20684750378131866
0.20652538537979126
0.20624813437461853
0.2054211050271988
0.20483779907226562
0.2048366814851761
0.2043394297361374
0.2039402425289154
0.20440593361854553
0.20427663624286652
0.20383962988853455
0.2034832239151001
0.20261380076408386
0.2026611715555191
0.20283277332782745
0.20238491892814636
0.20250894129276276
0.20206698775291443
0.2014845609664917
0.20108473300933838
0.20116595923900604
0.20095042884349823
0.20087507367134094
0.20093604922294617
0.2002207189798355
0.20022164285182953
0.2003166824579239
0.20052817463874817
0.20072071254253387
0.200813889503479
0.2004125863313675
0.2001330405473709
0.1997247338294983
0.19878768920898438
0.19847221672534943
0.1986815482378006
0.1985008865594864
0.19864261150360107
0.19854004681110382
0.19891129434108734
0.19882136583328247
0.19871535897254944
0.19821594655513763
0.19746123254299164
0.1970495581626892
0.19730734825134277
0.19708536565303802
0.1970304697751999
0.19655662775039673
0.19585195183753967
0.19630518555641174
0.19583655893802643
0.19534556567668915
0.19519829750061035
0.19512632489204407
0.19499516487121582
0.19466835260391235
0.1948508620262146
0.19439417123794556
0.19413557648658752
0.19398677349090576
0.1940889060497284
0.1937725841999054
0.19354914128780365
0.19338010251522064
0.19306564331054688
0.1926373392343521
0.19276700913906097
0.1927797496318817
0.19300144910812378
0.1935472935438156
0.1929725557565689
0.19300585985183716
0.19281306862831116
0.19262221455574036
0.19258631765842438
0.19229263067245483
0.19176316261291504
0.19108964502811432
0.19134613871574402
0.19129016995429993
0.1912604719400406
0.19069083034992218
0.19057421386241913
0.19042247533798218
0.19073964655399323
0.19081827998161316
0.19000226259231567
0.19005906581878662
0.19006608426570892
0.18979483842849731
0.1898987740278244
0.18986718356609344
0.1888599991798401
0.18857039511203766
0.18812894821166992
0.1878025233745575
0.18759092688560486
0.18789063394069672
0.18776942789554596
0.1876193881034851
0.18735384941101074
0.1875598281621933
0.18736279010772705
0.1875377595424652
0.18767109513282776
0.1870470494031906
0.1869039237499237
0.1869315505027771
0.186995729804039
0.18646597862243652
0.1864549219608307
0.1860787272453308
0.18626530468463898
0.1854931116104126
0.18518657982349396
0.1850159466266632
0.1850869208574295
0.1847912222146988
0.18431556224822998
0.18402782082557678
0.18386901915073395
0.1838620901107788
0.1839292198419571
0.18311025202274323
0.18328489363193512
0.18312375247478485
0.18350447714328766
0.18352551758289337
0.18305453658103943
0.1826968938112259
0.18233364820480347
0.18217134475708008
0.1819925606250763
0.1818697154521942
0.1817196011543274
0.18146534264087677
0.18140755593776703
0.18126653134822845
0.18126320838928223
0.18149055540561676
0.1810295730829239
0.18126937747001648
0.1819796860218048
0.18164557218551636
0.18113677203655243
0.1809627115726471
0.18082086741924286
0.18036721646785736
0.18054181337356567
0.18012747168540955
0.1796606183052063
0.17925791442394257
0.1792166382074356
0.17926190793514252
0.17874760925769806
0.1794181615114212
0.1791808307170868
0.17923611402511597
0.17913249135017395
0.17924074828624725
0.17926782369613647
0.17907850444316864
0.17876680195331573
0.1789616048336029
0.17865194380283356
0.17796580493450165
0.17806759476661682
0.17818625271320343
0.17788515985012054
0.17783565819263458
0.1777946650981903
0.17741577327251434
0.17683188617229462
0.17697320878505707
0.1766819953918457
0.1764538586139679
0.17659206688404083
0.17590947449207306
0.17609569430351257
0.17564627528190613
0.17581263184547424
0.17578570544719696
0.17549769580364227
0.1748524308204651
0.17477259039878845
0.174488827586174
0.1742812991142273
0.17410139739513397
0.1742597222328186
0.17398463189601898
0.17404305934906006
0.17415514588356018
0.17383864521980286
0.17385293543338776
0.17362135648727417
0.1736169308423996
0.1737503707408905
0.17391791939735413
0.17374223470687866
0.17391932010650635
0.17372532188892365
0.17317785322666168
0.1731090098619461
0.17341521382331848
0.17368033528327942
0.1731986552476883
0.1735447347164154
0.17313921451568604
0.17265164852142334
0.17233668267726898
0.17278745770454407
0.1730470508337021
0.17297495901584625
0.17287392914295197
0.1731841117143631
0.17269520461559296
0.17238663136959076
0.1722872257232666
0.17175248265266418
0.17185422778129578
0.17095907032489777
0.1706334501504898
0.17066949605941772
0.17083711922168732
0.17079965770244598
0.17055460810661316
0.17012950778007507
0.17030081152915955
0.1700306087732315
0.17031334340572357
0.1698860228061676
0.16947206854820251
0.1692390888929367
0.1687065064907074
0.16867157816886902
0.16866308450698853
0.16834044456481934
0.16869373619556427
0.1686485856771469
0.16866075992584229
0.1685476005077362
0.1686326265335083
0.16876232624053955
0.16851435601711273
0.168271005153656
0.16776080429553986
0.16752754151821136
0.16739794611930847
0.1668095737695694
0.16690117120742798
0.16701191663742065
0.16664257645606995
0.16673670709133148
0.1668158620595932
0.16681326925754547
0.16664034128189087
0.1669664978981018
0.16691458225250244
0.16673250496387482
0.16726334393024445
0.16698935627937317
0.1667233407497406
0.16680113971233368
0.1663299798965454
0.1664857566356659
0.16605839133262634
0.1657654345035553
0.16561837494373322
0.16561023890972137
0.1653813123703003
0.16527120769023895
0.1656419187784195
0.16547660529613495
0.16557301580905914
0.16525618731975555
0.16516856849193573
0.16506823897361755
0.16484971344470978
0.16487619280815125
0.16443827748298645
0.16464273631572723
0.16465264558792114
0.16427792608737946
0.1642150729894638
0.16427361965179443
0.1637590527534485
0.1636011302471161
0.1636705994606018
0.1638517677783966
0.1637616753578186
0.16388948261737823
0.16393594443798065
0.1643190234899521
0.16379733383655548
0.16426126658916473
0.16368326544761658
0.16339269280433655
0.16296401619911194
0.1630738526582718
0.16300420463085175
0.1628216654062271
0.16280804574489594
0.1630777269601822
0.16306856274604797
0.16277705132961273
0.16251981258392334
0.16248171031475067
0.16200993955135345
0.1618664562702179
0.16181927919387817
0.16177429258823395
0.16168932616710663
0.16198702156543732
0.1617819368839264
0.16176436841487885
0.16190384328365326
0.16176840662956238
0.1618531346321106
0.16219167411327362
0.1620417982339859
0.16128568351268768
0.1613643914461136
0.1611468344926834
0.16081729531288147
0.16098350286483765
0.1610870361328125
0.16076205670833588
0.16086715459823608
0.16046489775180817
0.16037757694721222
0.16025187075138092
0.16038529574871063
0.16029508411884308
0.16007697582244873
0.15993866324424744
0.16044043004512787
0.16044184565544128
0.16074402630329132
0.16037169098854065
0.15990839898586273
0.16004395484924316
0.15975260734558105
0.15980857610702515
0.1599632352590561
0.159945547580719
0.15967002511024475
0.15986691415309906
0.15973806381225586
0.15960420668125153
0.15927036106586456
0.15948070585727692
0.15904271602630615
0.1588604897260666
0.15888050198554993
0.15943746268749237
0.15917281806468964
0.1594838947057724
0.15987133979797363
0.159488707780838
0.15949976444244385
0.1593756228685379
0.15943272411823273
0.1591421216726303
0.15882518887519836
0.15823596715927124
0.15833646059036255
0.15837326645851135
0.15824702382087708
0.1579095870256424
0.1580246537923813
0.158063143491745
0.15805691480636597
0.15783745050430298
0.15819069743156433
0.1583714485168457
0.158111572265625
0.15850341320037842
0.1584196537733078
0.15837113559246063
0.15809117257595062
0.15816670656204224
0.15790127217769623
0.15829715132713318
0.15813909471035004
0.15814697742462158
0.15789157152175903
0.15731114149093628
0.15722882747650146
0.15779782831668854
0.15776987373828888
0.15769433975219727
0.1576111614704132
0.15776844322681427
0.1578589528799057
0.15785646438598633
0.157449409365654
0.15763641893863678
0.15759600698947906
0.15788309276103973
0.15768247842788696
0.1576099842786789
0.15771889686584473
0.15779396891593933
0.15765169262886047
0.15753033757209778
0.15742570161819458
0.15745267271995544
0.1569361835718155
0.15695808827877045
0.15684489905834198
0.1568308174610138
0.1566663682460785
0.15694639086723328
0.1570994257926941
0.15704019367694855
0.15663006901741028
0.15668724477291107
0.15683020651340485
0.15658517181873322
0.15655015408992767
0.15647181868553162
0.15652963519096375
0.15667715668678284
0.15673322975635529
0.15696246922016144
0.15722188353538513
0.15691688656806946
0.1568651795387268
0.15675108134746552
0.1568106710910797
0.15666252374649048
0.15692563354969025
0.15723185241222382
0.15733733773231506
0.15722599625587463
0.15700370073318481
0.15672923624515533
0.15678243339061737
0.15687783062458038
0.15671634674072266
0.15676485002040863
0.15652598440647125
0.15646959841251373
0.15666231513023376
0.15677617490291595
0.15700262784957886
0.15692317485809326
0.1569141447544098
0.15692085027694702
0.15696151554584503
0.15700526535511017
0.15701721608638763
0.15700992941856384
0.15695346891880035
0.15735991299152374
0.1573163866996765
0.15710730850696564
0.1567617505788803
0.15673230588436127
0.1567964404821396
0.15683983266353607
0.15677207708358765
0.1566687524318695
0.1570250689983368
0.15715236961841583
0.15707725286483765
0.1567799597978592
0.1567724049091339
0.1567680537700653
0.1567123383283615
0.15665724873542786
0.15646235644817352
0.15636838972568512
0.15638791024684906
0.15654560923576355
0.15661975741386414
0.15692272782325745
0.1568729430437088
0.1568887084722519
0.15704688429832458
0.15698839724063873
0.15708182752132416
0.1568693220615387
0.1568927764892578
0.15687456727027893
0.15704244375228882
0.1568671017885208
0.1568470448255539
0.15687152743339539
0.15681670606136322
0.15684333443641663
0.15665322542190552
0.1568053513765335
0.15680216252803802
0.15692366659641266
0.15685586631298065
0.15698793530464172
0.1570597141981125
0.1571759581565857
0.15712404251098633
0.15665587782859802
0.156667560338974
0.15684403479099274
0.15675602853298187
0.157009556889534
0.15701058506965637
0.1572241336107254
0.15706388652324677
0.156827911734581
0.15692248940467834
0.15693490207195282
0.15690383315086365
0.15691374242305756
0.15699997544288635
0.15686853229999542
0.15697486698627472
0.15709088742733002
0.15727116167545319
0.15753582119941711
0.15745079517364502
0.15743468701839447
0.1573425978422165
0.1572868824005127
0.15744975209236145
0.1572505682706833
0.15744945406913757
0.1574591100215912
0.15741026401519775
0.15764304995536804
0.15767204761505127
0.1575939953327179
0.15748330950737
0.15767014026641846
0.15774819254875183
0.15770453214645386
0.15777301788330078
0.15779021382331848
0.15768566727638245
0.15793147683143616
0.1580042541027069
0.15779627859592438
0.15785519778728485
0.15800704061985016
0.15807493031024933
0.15806844830513
0.1577768623828888
0.15780051052570343
0.15800033509731293
0.1580260694026947
0.15819035470485687
0.1582879275083542
0.15834088623523712
0.15814751386642456
0.15822410583496094
0.1582784205675125
0.15807421505451202
0.15805527567863464
0.15804484486579895
0.1581207811832428
0.15814122557640076
0.15815773606300354
0.15832380950450897
0.15838569402694702
0.15843214094638824
0.15825693309307098
0.15819792449474335
0.15840062499046326
0.15859682857990265
0.15876002609729767
0.15898503363132477
0.1589379906654358
0.15889297425746918
0.15907597541809082
0.15910115838050842
0.15903620421886444
0.15900593996047974
0.15919409692287445
0.15920321643352509
0.15911144018173218
0.15923810005187988
0.15925228595733643
0.15938259661197662
0.1593402773141861
0.1594306230545044
0.15970566868782043
0.1596234291791916
0.15980462729930878
0.15993136167526245
0.1599303036928177
0.15981309115886688
0.15964074432849884
0.15958498418331146
0.15930558741092682
0.15950122475624084
0.15948604047298431
0.15955998003482819
0.15962782502174377
0.15978893637657166
0.15978775918483734
0.1597065031528473
0.15979889035224915
0.15979398787021637
0.15985260903835297
0.16008423268795013
0.16022388637065887
0.1602349430322647
0.1602632850408554
0.1604253500699997
0.16032807528972626
0.16040831804275513
0.1604158878326416
0.16043764352798462
0.16047334671020508
0.16055803000926971
0.16037683188915253
0.16025780141353607
0.16030253469944
0.1603909432888031
0.1606115698814392
0.1608620136976242
0.160883828997612
0.1605735719203949
0.16070806980133057
0.16099612414836884
0.1608186811208725
0.16096501052379608
0.16087059676647186
0.1607424020767212
0.16085904836654663
0.1608613282442093
0.16133198142051697
0.1613370180130005
0.16125179827213287
0.16135448217391968
0.16137683391571045
0.16120114922523499
0.16122396290302277
0.16124197840690613
0.16136418282985687
0.1613825559616089
0.16146226227283478
0.16161425411701202
0.16172583401203156
0.16170188784599304
0.16148467361927032
0.16178284585475922
0.16152918338775635
0.16158267855644226
0.16178128123283386
0.16192412376403809
0.16203153133392334
0.1621493697166443
0.16245661675930023
0.16226209700107574
0.16235285997390747
0.1624843329191208
0.1627694070339203
0.16267609596252441
0.16275820136070251
0.16260109841823578
0.16272835433483124
0.16269196569919586
0.16269931197166443
0.1629071831703186
0.1629725843667984
0.1628439724445343
0.1628882884979248
0.16321858763694763
0.16316518187522888
0.1633296012878418
0.16348302364349365
0.16389666497707367
0.1636645495891571
0.16369692981243134
0.16374331712722778
0.16371893882751465
0.16367784142494202
0.163906067609787
0.16396553814411163
0.1642957329750061
0.16444826126098633
0.16442517936229706
0.16418743133544922
0.16413910686969757
0.16403165459632874
0.16399064660072327
0.16407088935375214
0.16406264901161194
0.1644851118326187
0.16442321240901947
0.16464665532112122
0.16469566524028778
0.16475628316402435
0.16480477154254913
0.1649290770292282
0.1649704873561859
0.1648949682712555
0.16453155875205994
