0.09914359450340271
0.09803276509046555
0.0973067656159401
0.097335584461689
0.09707009792327881
0.09696990996599197
0.09705271571874619
0.09683272987604141
0.09657451510429382
0.09669749438762665
0.09669775515794754
0.09689834713935852
0.0970253199338913
0.09705585241317749
0.09727662801742554
0.09700027853250504
0.09682624787092209
0.09685490280389786
0.09647603332996368
0.09654559940099716
0.09635568410158157
0.09628820419311523
0.09627042710781097
0.0962822437286377
0.09587252885103226
0.09578073024749756
0.09572911262512207
0.09562668949365616
0.09560509771108627
0.09573229402303696
0.09571470320224762
0.09598253667354584
0.09544065594673157
0.09532639384269714
0.09534301608800888
0.0954078659415245
0.09515102952718735
0.09558573365211487
0.09564173966646194
0.09553541243076324
0.09528815746307373
0.09531134366989136
0.09554082155227661
0.09579245746135712
0.09572634845972061
0.09560584276914597
0.0953812226653099
0.09491602331399918
0.09503290057182312
0.09540748596191406
0.09522747993469238
0.09517060220241547
0.0952959656715393
0.09533385187387466
0.09524619579315186
0.09517982602119446
0.09528622776269913
0.09545158594846725
0.09552132338285446
0.09545634686946869
0.09548676013946533
0.09537601470947266
0.09540281444787979
0.09543594717979431
0.09547080099582672
0.09533188492059708
0.09531010687351227
0.09527651220560074
0.09531625360250473
0.09505952894687653
0.09483933448791504
0.09492364525794983
0.09497250616550446
0.09485093504190445
0.0948159322142601
0.09506598114967346
0.0951274037361145
0.09519166499376297
0.09508339315652847
0.09491300582885742
0.09509213268756866
0.09485018998384476
0.09468179196119308
0.09466635435819626
0.09476164728403091
0.09446757286787033
0.09465071558952332
0.09464995563030243
0.09481238573789597
0.09497532993555069
0.09515278041362762
0.09495189785957336
0.09505647420883179
0.09486272186040878
0.09486138075590134
0.09483768045902252
0.09487558901309967
0.09468668699264526
0.0945708155632019
0.09444765746593475
0.09437213093042374
0.09429948776960373
0.0941983163356781
0.0944160595536232
0.09451261162757874
0.09442553669214249
0.0944482684135437
0.09455803781747818
0.0946163609623909
0.09470989555120468
0.09494081884622574
0.09500566124916077
0.09499415010213852
0.0951877310872078
0.09541232138872147
0.09535827487707138
0.09560564905405045
0.09576104581356049
0.09600851684808731
0.09554290026426315
0.09580963850021362
0.09575297683477402
0.09607832133769989
0.09604155272245407
0.09602304548025131
0.09570565074682236
0.09548092633485794
0.09527046233415604
0.095148466527462
0.09516482055187225
0.09513429552316666
0.09519347548484802
0.09542940557003021
0.09559010714292526
0.09537766873836517
0.09553909301757812
0.09573610126972198
0.0957353264093399
0.09602130949497223
0.09561556577682495
0.0956198200583458
0.09545664489269257
0.09544235467910767
0.09525425732135773
0.09493442624807358
0.09508413821458817
0.095338374376297
0.0953742042183876
0.0956987589597702
0.0956747829914093
0.09551527351140976
0.09572795033454895
0.09554672241210938
0.09571447223424911
0.09566889703273773
0.09527122974395752
0.09538624435663223
0.09543006867170334
0.09552985429763794
0.09550587087869644
0.09559977799654007
0.09557129442691803
0.09586279839277267
0.09571550786495209
0.09589944034814835
0.095619335770607
0.09558584541082382
0.09555728733539581
0.0957520380616188
0.09577108174562454
0.0957474485039711
0.09602483361959457
0.09580755978822708
0.09600117802619934
0.09595304727554321
0.09592112898826599
0.09616817533969879
0.09625470638275146
0.09609261155128479
0.0961693674325943
0.09615962952375412
0.09637266397476196
0.0962541326880455
0.09661254286766052
0.09685291349887848
0.09674641489982605
0.09654735773801804
0.09617543965578079
0.09636729955673218
0.09612130373716354
0.09654314070940018
0.09670618921518326
0.09657030552625656
0.09656146168708801
0.09652501344680786
0.09653651714324951
0.096699059009552
0.09642693400382996
0.09651349484920502
0.09651539474725723
0.09640476852655411
0.09642360359430313
0.09633614867925644
0.09673385322093964
0.09726227074861526
0.09716856479644775
0.09732944518327713
0.09725885838270187
0.09746154397726059
0.09787967056035995
0.09754013270139694
0.09715689718723297
0.09720613807439804
0.09723050892353058
0.0974433645606041
0.09696502238512039
0.0972742885351181
0.0973254144191742
0.0974227711558342
0.09780961275100708
0.09798748791217804
0.09797414392232895
0.0977063849568367
0.09773185104131699
0.09810121357440948
0.09819014370441437
0.09820454567670822
0.09849273413419724
0.09843632578849792
0.09818954020738602
0.09808798879384995
0.09836217761039734
0.09886933863162994
0.09884563088417053
0.09929322451353073
0.09919652342796326
0.09866794943809509
0.09864876419305801
0.09899336844682693
0.09901757538318634
0.09909207373857498
0.09885105490684509
0.09867394715547562
0.09894445538520813
0.09903836995363235
0.09939368814229965
0.09951777756214142
0.09965827316045761
0.09973592311143875
0.09946004301309586
0.09945802390575409
0.09961506724357605
0.09996864199638367
0.09983750432729721
0.09986814111471176
0.10011345148086548
0.10007970780134201
0.10012402385473251
0.09986831247806549
0.10036545991897583
0.10055584460496902
0.1006142646074295
0.10079096257686615
0.10069536417722702
0.10095061361789703
0.10103484243154526
0.10097917169332504
0.10084545612335205
0.10114767402410507
0.10082928091287613
0.10148955136537552
0.10188477486371994
0.10174918919801712
0.10188618302345276
0.10167617350816727
0.10135824233293533
0.10123448073863983
0.10134157538414001
0.10141145437955856
0.10208559781312943
0.10219287872314453
0.10194391012191772
0.10174217075109482
0.10165506601333618
0.10236155241727829
0.10211005806922913
0.10179074853658676
0.10209391266107559
0.10182175040245056
0.10200753808021545
0.10164888203144073
0.10203258693218231
0.1022651419043541
0.1026422306895256
0.10285122692584991
0.10267282277345657
0.10315211862325668
0.10368172079324722
0.10350439697504044
0.10388147085905075
0.10363499075174332
0.1038246750831604
0.10344405472278595
0.1039159893989563
0.1044260635972023
0.10481422394514084
0.10458442568778992
0.10421889275312424
0.10453112423419952
0.10463681071996689
0.10472586750984192
0.10513483732938766
0.10534089803695679
0.10618945211172104
0.10613007098436356
0.10638502240180969
0.10623619705438614
0.10629187524318695
0.10656305402517319
0.10643674433231354
0.10620549321174622
0.1068282350897789
0.10727509111166
0.10722292959690094
0.10664196312427521
0.10654939711093903
0.10686280578374863
0.10731398314237595
0.10761455446481705
0.10749498754739761
0.10734390467405319
0.10754480957984924
0.10737767815589905
0.10723739862442017
0.10678650438785553
0.1069592759013176
0.10751552134752274
0.10777460038661957
0.10793296992778778
0.10797549039125443
0.1080852672457695
0.1080508753657341
0.10886158794164658
0.10847252607345581
0.10816841572523117
0.10866332799196243
0.10893386602401733
0.10886287689208984
0.10934415459632874
0.11053349822759628
0.11098259687423706
0.11081109195947647
0.1107979416847229
0.11075673997402191
0.11114751547574997
0.11172566562891006
0.11172248423099518
0.1115202084183693
0.11176414787769318
0.11222701519727707
0.11187700927257538
0.11186441779136658
0.11221607029438019
0.11233098059892654
0.1119491308927536
0.1123950406908989
0.11300847679376602
0.11360765993595123
0.11447189003229141
0.11382948607206345
0.11375261843204498
0.11377687007188797
0.11454242467880249
0.11451303958892822
0.11468162387609482
0.11472722142934799
0.11438209563493729
0.11382362991571426
0.11377953737974167
0.11315923929214478
0.11416429281234741
0.11422217637300491
0.11416685581207275
0.11398138105869293
0.1145632341504097
0.11451810598373413
0.11481416970491409
0.1159185841679573
0.11578463762998581
0.11647795885801315
0.11659344285726547
0.1169513687491417
0.11741775274276733
0.11725916713476181
0.11740776896476746
0.1170840859413147
0.11746182292699814
0.11824771761894226
0.11794289201498032
0.1184592992067337
0.11834127455949783
0.11897821724414825
0.11840043216943741
0.11885007470846176
0.11925797909498215
0.1195269525051117
0.11974114179611206
0.11990973353385925
0.12050004303455353
0.12058358639478683
0.12026962637901306
0.1204070970416069
0.12092925608158112
0.12105584889650345
0.12113679945468903
0.12084732204675674
0.12094054371118546
0.12073604762554169
0.12168976664543152
0.12251264601945877
0.12225014716386795
0.12233499437570572
0.12191733717918396
0.12317214161157608
0.12348508834838867
0.12380661070346832
0.12362446635961533
0.12316720187664032
0.12357796728610992
0.12370967119932175
0.12476552277803421
0.12464260309934616
0.12534533441066742
0.1253879964351654
0.12546268105506897
0.12492341548204422
0.12433457374572754
0.12553584575653076
0.12549714744091034
0.12593454122543335
0.12620891630649567
0.12629704177379608
0.12668175995349884
0.1271093487739563
0.12753470242023468
0.12801477313041687
0.12791083753108978
0.1281028538942337
0.12852631509304047
0.12919309735298157
0.12865367531776428
0.12883010506629944
0.12902221083641052
0.12878884375095367
0.12893328070640564
0.12840010225772858
0.12859760224819183
0.12897150218486786
0.12917818129062653
0.12939880788326263
0.12926684319972992
0.1300179362297058
0.13023391366004944
0.13027390837669373
0.13034826517105103
0.13158635795116425
0.13162067532539368
0.13244958221912384
0.13315515220165253
0.13349376618862152
0.13405384123325348
0.13400393724441528
0.1343507468700409
0.1338837891817093
0.1336613893508911
0.13403268158435822
0.13361765444278717
0.13405759632587433
0.1334039717912674
0.13341566920280457
0.13375650346279144
0.13374260067939758
0.13465534150600433
0.13583335280418396
0.1361408680677414
0.13630299270153046
0.13637734949588776
0.13717308640480042
0.13772772252559662
0.13739033043384552
0.13734674453735352
0.13756948709487915
0.13757847249507904
0.1373828947544098
0.1374601572751999
0.1372508555650711
0.13752469420433044
0.13800981640815735
0.13819769024848938
0.13807930052280426
0.1386650949716568
0.13948702812194824
0.14019230008125305
0.1402261108160019
0.13984496891498566
0.1400620937347412
0.14095458388328552
0.14103949069976807
0.14147081971168518
0.1413252055644989
0.14207781851291656
0.14258834719657898
0.14303052425384521
0.14271672070026398
0.14270378649234772
0.1423076093196869
0.14274169504642487
0.14342981576919556
0.14420166611671448
0.14436648786067963
0.14445118606090546
0.1451965868473053
0.1448269933462143
0.1451420933008194
0.14530403912067413
0.14550329744815826
0.1459919661283493
0.1456882357597351
0.14647342264652252
0.1466103196144104
0.146369069814682
0.14661414921283722
0.1472722887992859
0.14731287956237793
0.1475345939397812
0.14721861481666565
0.14722055196762085
0.14785389602184296
0.1472661793231964
0.14776203036308289
0.1487763673067093
0.14844095706939697
0.14876560866832733
0.15043407678604126
0.15035206079483032
0.1505710631608963
0.1504354476928711
0.15110737085342407
0.15104173123836517
0.15117859840393066
0.15187083184719086
0.1524488478899002
0.1524682641029358
0.15254348516464233
0.1528530716896057
0.15285269916057587
0.15281669795513153
0.15361012518405914
0.15303076803684235
0.15388189256191254
0.15378765761852264
0.154280886054039
0.15534204244613647
0.1558132916688919
0.15588515996932983
0.1562657505273819
0.15687327086925507
0.15754197537899017
0.15788908302783966
0.1578695923089981
0.15865068137645721
0.15844452381134033
0.15811535716056824
0.15837861597537994
0.15894095599651337
0.15882673859596252
0.15880918502807617
0.15935787558555603
0.15932664275169373
0.15948998928070068
0.15954150259494781
0.16026775538921356
0.16109925508499146
0.16109934449195862
0.16090501844882965
0.16163234412670135
0.16203199326992035
0.16175763309001923
0.1618383675813675
0.16280120611190796
0.16291271150112152
0.16427381336688995
0.16397081315517426
0.16371366381645203
0.16317754983901978
0.1639394611120224
0.16492587327957153
0.1656283289194107
0.16585375368595123
0.16661103069782257
0.16644828021526337
0.16674625873565674
0.16670210659503937
0.16724614799022675
0.16724224388599396
0.16692475974559784
0.16753605008125305
0.16873082518577576
0.16900238394737244
0.16941778361797333
0.16882412135601044
0.16907179355621338
0.16953031718730927
0.17001770436763763
0.16958917677402496
0.17043602466583252
0.17099669575691223
0.17129342257976532
0.17113910615444183
0.1712585836648941
0.1708739995956421
0.17091883718967438
0.17217853665351868
0.17244286835193634
0.17285168170928955
0.1730586737394333
0.17396263778209686
0.1729559600353241
0.1730278730392456
0.17321090400218964
0.17376764118671417
0.1747303307056427
0.1747075617313385
0.17408566176891327
0.17510129511356354
0.17521865665912628
0.17583569884300232
0.17559079825878143
0.1758071780204773
0.17558346688747406
0.17600427567958832
0.17735163867473602
0.17835523188114166
0.17850230634212494
0.1784822940826416
0.1788390725851059
0.17942288517951965
0.18054552376270294
0.18017013370990753
0.18072552978992462
0.1805259734392166
0.18115806579589844
0.1813938170671463
0.181026890873909
0.1816374808549881
0.18119779229164124
0.18206214904785156
0.18273770809173584
0.18257147073745728
0.18193840980529785
0.1823916882276535
0.18301409482955933
0.18415121734142303
0.18452700972557068
0.1846299171447754
0.18518133461475372
0.18524199724197388
0.18562771379947662
0.18553593754768372
0.18610401451587677
0.18663917481899261
0.1879589855670929
0.1878972202539444
0.1880577653646469
0.18828043341636658
0.18873921036720276
0.18976740539073944
0.18941734731197357
0.18970972299575806
0.18986934423446655
0.18903982639312744
0.1888263076543808
0.1891288161277771
0.18933966755867004
0.1890881359577179
0.18955470621585846
0.19052769243717194
0.19138465821743011
0.19127203524112701
0.190531387925148
0.19086094200611115
0.19159898161888123
0.19111324846744537
0.19093506038188934
0.19208934903144836
0.19271250069141388
0.19344328343868256
0.19482211768627167
0.19600550830364227
0.19587838649749756
0.19542904198169708
0.19566549360752106
0.19584254920482635
0.19655847549438477
0.19627270102500916
0.19751174747943878
0.197606161236763
0.1975162923336029
0.19790183007717133
0.19707590341567993
0.19811369478702545
0.1984952688217163
0.19826915860176086
0.19790327548980713
0.19854727387428284
0.1982768028974533
0.19892090559005737
0.19956310093402863
0.20012858510017395
0.2005171775817871
0.2010742723941803
0.2015237808227539
0.2021990269422531
0.20190182328224182
0.20239877700805664
0.2026134878396988
0.20230147242546082
0.20245617628097534
0.20258496701717377
0.20288200676441193
0.20313982665538788
0.2039428949356079
0.20350128412246704
0.20330263674259186
0.20359991490840912
0.20464535057544708
0.20595894753932953
0.2055440992116928
0.20642438530921936
0.20740696787834167
0.2073700726032257
0.20759232342243195
0.20815794169902802
0.20904609560966492
0.20910677313804626
0.20928342640399933
0.2095189243555069
0.20957337319850922
0.20913834869861603
0.20964522659778595
0.21001023054122925
0.21028155088424683
0.21076251566410065
0.210389643907547
0.2098630666732788
0.21060357987880707
0.21113990247249603
0.21153925359249115
0.21238313615322113
0.21244683861732483
0.21213890612125397
0.21226543188095093
0.21233737468719482
0.21300213038921356
0.21272677183151245
0.2131282389163971
0.21451622247695923
0.21522919833660126
0.2162371426820755
0.21626126766204834
0.21610814332962036
0.21669448912143707
0.21607987582683563
0.21633614599704742
0.21652206778526306
0.2171821892261505
0.2179328203201294
0.21879732608795166
0.2180294245481491
0.2184532880783081
0.21910934150218964
0.21904195845127106
0.2199910581111908
0.219667449593544
0.21974217891693115
0.2203371375799179
0.2211647927761078
0.22014127671718597
0.22031420469284058
0.21958859264850616
0.22030983865261078
0.2215164452791214
0.22212930023670197
0.22318001091480255
0.22375696897506714
0.22363866865634918
0.2235897332429886
0.22380267083644867
0.22473649680614471
0.22424425184726715
0.22518496215343475
0.22476503252983093
0.22510018944740295
0.22512872517108917
0.224648579955101
0.22509270906448364
0.22619935870170593
0.22722162306308746
0.22750946879386902
0.22811248898506165
0.22885946929454803
0.2286376804113388
0.2286243438720703
0.22807876765727997
0.22905874252319336
0.22964051365852356
0.22946389019489288
0.22875984013080597
0.22960332036018372
0.229485884308815
0.23036548495292664
0.23082640767097473
0.23179727792739868
0.23188014328479767
0.23193442821502686
0.23281918466091156
0.23259581625461578
0.2328135073184967
0.23213030397891998
0.23215948045253754
0.23293444514274597
0.2329453080892563
0.23368974030017853
0.23389489948749542
0.23443974554538727
0.2342270314693451
0.2351609766483307
0.2351011335849762
0.2364412099123001
0.23740488290786743
0.23828794062137604
0.23833215236663818
0.238096222281456
0.2384990006685257
0.23928585648536682
0.2395772486925125
0.23870709538459778
0.23898552358150482
0.24024151265621185
0.24112637341022491
0.24076642096042633
0.24104461073875427
0.24094273149967194
0.24170778691768646
0.24217472970485687
0.24202068150043488
0.24316371977329254
0.2432597577571869
0.24327580630779266
0.24289841949939728
0.24297736585140228
0.24268929660320282
0.24287986755371094
0.24362385272979736
0.24406257271766663
0.24424298107624054
0.2444351315498352
0.2446313202381134
0.245254248380661
0.2456420212984085
0.24519690871238708
0.24480624496936798
0.24409359693527222
0.2438749521970749
0.24333402514457703
0.2432246059179306
0.2445150911808014
0.24558264017105103
0.2455727756023407
0.2459496557712555
0.24597901105880737
0.24707254767417908
0.24659080803394318
0.2466103881597519
0.24670182168483734
0.2469308078289032
0.24784089624881744
0.24786384403705597
0.24855147302150726
0.249655619263649
0.2505131661891937
0.2501690685749054
0.25011828541755676
0.24994492530822754
0.25066494941711426
0.2503579258918762
0.2506677210330963
0.25118184089660645
0.2506962716579437
0.251757949590683
0.25284796953201294
0.25315335392951965
0.25394564867019653
0.2537716031074524
0.25346657633781433
0.25301849842071533
0.25383561849594116
0.2550836205482483
0.2549401819705963
0.25531354546546936
0.2558274567127228
0.255566269159317
0.2555559575557709
0.25506964325904846
0.25560325384140015
0.255208283662796
0.2560622990131378
0.25550371408462524
0.2561420798301697
0.2562624514102936
0.2565392255783081
0.2580268085002899
0.2577126622200012
0.2584039866924286
0.257627010345459
0.2580818235874176
0.2588861584663391
0.25974559783935547
0.2586110532283783
0.25902822613716125
0.2587474584579468
0.2592020034790039
0.2592991590499878
0.2595125138759613
0.2600618600845337
0.25978124141693115
0.2607620656490326
0.260745108127594
0.26066648960113525
0.261872798204422
0.2624709904193878
0.26260659098625183
0.26248055696487427
0.26277589797973633
0.26395130157470703
0.26460760831832886
0.26430848240852356
0.26536262035369873
0.26515135169029236
0.2655908167362213
0.2650006413459778
0.2652610242366791
0.265744149684906
0.26576805114746094
0.2658180594444275
0.2663039267063141
0.2673538327217102
0.2672561705112457
0.2664526104927063
0.2666304111480713
0.2656666040420532
0.2662454843521118
0.26738259196281433
0.2683766484260559
0.2690075635910034
0.26924848556518555
0.26890110969543457
0.2694159746170044
0.26999881863594055
0.2696412205696106
0.2704133689403534
0.26936036348342896
0.26979485154151917
0.26987117528915405
0.2703116536140442
0.2695907652378082
0.27033525705337524
0.2705322802066803
0.27119308710098267
0.27166011929512024
0.27269652485847473
0.2720654010772705
0.2726326286792755
0.2736183702945709
0.27320894598960876
0.27296724915504456
0.2736206650733948
0.27356860041618347
0.27427828311920166
0.27403709292411804
0.2739565670490265
0.27412497997283936
0.27336281538009644
0.27356046438217163
0.27374380826950073
0.27433347702026367
0.27419522404670715
0.27424028515815735
0.2747214138507843
0.2754063308238983
0.2753574550151825
0.2756297290325165
0.27683624625205994
0.27792131900787354
0.27762311697006226
0.2778123915195465
0.27743157744407654
0.27696600556373596
0.2774326801300049
0.2785071134567261
0.2777867317199707
0.2791294455528259
0.2792477309703827
0.2794196605682373
0.2794412076473236
0.2800695300102234
0.2802562117576599
0.28142696619033813
0.281690776348114
0.2819148600101471
0.28187668323516846
0.2819490134716034
0.2814077138900757
0.2810627520084381
0.2805986702442169
0.28005072474479675
0.2801106572151184
0.2811186611652374
0.28199005126953125
0.28257110714912415
0.28285303711891174
0.2831302583217621
0.2833312749862671
0.28335434198379517
0.2842119336128235
0.2846025824546814
0.28555014729499817
0.28586575388908386
0.28561753034591675
0.2853908836841583
0.28567376732826233
0.28546956181526184
0.28581640124320984
0.2858069837093353
0.28543198108673096
0.28523796796798706
0.2855653762817383
0.28513357043266296
0.28533509373664856
0.2850729823112488
0.2849026322364807
0.2851676046848297
0.28497132658958435
0.28561946749687195
0.2854551672935486
0.286886602640152
0.287482351064682
0.2879795730113983
0.28786179423332214
0.2882276773452759
0.2892487943172455
0.28892219066619873
0.2891833782196045
0.28909817337989807
0.2887744903564453
0.2896648347377777
0.2896044850349426
0.2902434468269348
0.2902287244796753
0.28977811336517334
0.28979459404945374
0.2904154360294342
0.2893119752407074
0.28869473934173584
0.2885727882385254
0.28935906291007996
0.2897728681564331
0.2915486693382263
0.2918068468570709
0.2919607162475586
0.29270946979522705
0.29200655221939087
0.2920396327972412
0.29266661405563354
0.29224032163619995
0.2932993471622467
0.2926710844039917
0.2928316593170166
0.2922416925430298
0.292488694190979
0.2927495539188385
0.2920958399772644
0.2922362983226776
0.2924468219280243
0.2927647531032562
0.29320597648620605
0.2932363450527191
0.29220128059387207
0.2920737862586975
0.2928955852985382
0.29364296793937683
0.29389509558677673
0.2935546934604645
0.2938034236431122
0.29394564032554626
0.2947932779788971
0.2953057587146759
0.2956046760082245
0.29627060890197754
0.2960285544395447
0.2960357367992401
0.29577210545539856
0.2962557375431061
0.29674649238586426
0.29736843705177307
0.298170268535614
0.2984256148338318
0.2984643578529358
0.2986019253730774
0.29806265234947205
0.2990342378616333
0.299671471118927
0.29856836795806885
0.29889607429504395
0.2986162006855011
0.2986021339893341
0.2978786528110504
0.2974589467048645
0.2973250448703766
0.2974313795566559
0.29701054096221924
0.29671043157577515
0.29762378334999084
0.29832369089126587
0.2985607385635376
0.2990169823169708
0.29900628328323364
0.29891493916511536
0.29927685856819153
0.29920148849487305
0.29955828189849854
0.29865095019340515
0.2981109917163849
0.29732418060302734
0.2987414598464966
0.29903051257133484
0.29934197664260864
0.29927921295166016
0.29968273639678955
0.2992808222770691
0.2996813654899597
0.30032846331596375
0.30018696188926697
0.2998087704181671
0.30044233798980713
0.30091625452041626
0.30073773860931396
0.3003261089324951
0.3002571761608124
0.30078256130218506
0.2999662756919861
0.2999178469181061
0.3007720112800598
0.3013129234313965
0.30154791474342346
0.3019087314605713
0.30175966024398804
0.30261388421058655
0.30257314443588257
0.30217036604881287
0.30077847838401794
0.30138999223709106
0.30077117681503296
0.30039840936660767
0.2996290326118469
0.3006833493709564
0.3014240264892578
0.3015800416469574
0.30200016498565674
0.30204343795776367
0.30233484506607056
0.30224698781967163
0.30290690064430237
0.30291077494621277
0.3023693859577179
0.301791787147522
0.3011316657066345
0.30241480469703674
0.3027232885360718
0.30286693572998047
0.30244114995002747
0.3020200729370117
0.30125105381011963
0.3016439974308014
0.3013257682323456
0.30206534266471863
0.30228081345558167
0.30273815989494324
0.30212315917015076
0.3040369749069214
0.30456358194351196
0.3045358955860138
0.30469492077827454
0.3042899966239929
0.3034069836139679
0.3041183352470398
0.30524593591690063
0.3051186800003052
0.30448612570762634
0.30366241931915283
0.30376574397087097
0.303948312997818
0.30460119247436523
0.30473098158836365
0.3042067289352417
0.3040485680103302
0.3045650124549866
0.30357110500335693
0.3033868074417114
0.3032383918762207
0.3034362196922302
0.3033946454524994
0.3036649227142334
0.3035714030265808
0.3031306266784668
0.303998202085495
0.30451834201812744
0.3046494722366333
0.30390289425849915
0.30332377552986145
0.30383363366127014
0.30386897921562195
0.30416107177734375
0.3048233687877655
0.3047064244747162
0.30445626378059387
0.3047330975532532
0.3050670921802521
0.3055678606033325
0.305637389421463
0.3063194453716278
0.3051905632019043
0.3058297336101532
0.30467620491981506
0.30468130111694336
0.30373939871788025
0.30407005548477173
0.3045255243778229
0.30422550439834595
0.30457374453544617
0.30487704277038574
0.30506792664527893
0.30566510558128357
0.30620020627975464
0.30597594380378723
0.30588293075561523
0.30590173602104187
0.306029736995697
0.3066549301147461
0.3070307970046997
0.30661094188690186
0.3070252239704132
0.307375431060791
0.3065797686576843
0.3053302466869354
0.30666160583496094
0.3058241605758667
0.30583176016807556
0.306365430355072
0.3063414692878723
0.30587008595466614
0.3049601912498474
0.30485373735427856
0.30550315976142883
0.30604472756385803
0.30612340569496155
0.3060987889766693
0.3061220943927765
0.30568042397499084
0.30544301867485046
0.3050757050514221
0.3054356873035431
0.30588555335998535
0.30521833896636963
0.30464091897010803
0.30442920327186584
0.3044857978820801
0.3054100573062897
0.30568382143974304
0.30564436316490173
0.3050040304660797
0.305955171585083
0.3063557744026184
0.305950790643692
0.30628105998039246
0.30681920051574707
0.3057381808757782
0.3056408166885376
0.305806040763855
0.3049007058143616
0.304612398147583
0.3040870130062103
0.3046085834503174
0.30508092045783997
0.30475491285324097
0.30483660101890564
0.3045695126056671
0.30419018864631653
0.30489662289619446
0.3065703809261322
0.3061685562133789
0.3070814907550812
0.3069484829902649
0.3074344992637634
0.30660516023635864
0.305764764547348
0.3054523766040802
0.30458393692970276
0.3050239086151123
0.3047865629196167
0.30501416325569153
0.30460014939308167
0.3049115240573883
0.3048410415649414
0.3042795658111572
0.3041412830352783
0.30448228120803833
0.30494555830955505
0.3038350045681
0.30422043800354004
0.3038131594657898
0.3037388324737549
0.30409011244773865
0.3039836883544922
0.30362769961357117
0.3032773733139038
0.3032855689525604
0.30302953720092773
0.3028847575187683
0.3034574091434479
0.3040500581264496
0.303352415561676
0.3028293251991272
0.3037375807762146
0.3040403127670288
0.3047081530094147
0.30507615208625793
0.3049022853374481
0.30413752794265747
0.30381515622138977
0.3041574954986572
0.30455368757247925
0.30370259284973145
0.3038259744644165
0.3038089871406555
0.3040652871131897
0.30519282817840576
0.30511632561683655
0.30435070395469666
0.30465570092201233
0.3044659495353699
0.3043961524963379
0.30443841218948364
0.30424219369888306
0.3036927580833435
0.30335959792137146
0.30312690138816833
0.3030889928340912
0.30260995030403137
0.30272722244262695
0.30261197686195374
0.3023937940597534
0.3021601438522339
0.3019798696041107
0.30203139781951904
0.302964448928833
0.302852600812912
0.30210450291633606
0.30219700932502747
0.30232396721839905
0.30186477303504944
0.30149540305137634
0.3018079698085785
0.3018779158592224
0.3021486699581146
0.30255842208862305
0.30181416869163513
0.30184316635131836
0.30126380920410156
0.30086183547973633
0.30024254322052
0.3009663224220276
0.30024659633636475
0.30050796270370483
0.30088353157043457
0.30027133226394653
0.3001881241798401
0.29996442794799805
0.30068328976631165
0.30101680755615234
0.30026835203170776
0.300962895154953
0.30054450035095215
0.29993951320648193
0.30038613080978394
0.300528883934021
0.30127769708633423
0.30090904235839844
0.30002766847610474
0.3002026081085205
0.29970628023147583
0.29961836338043213
0.2992258369922638
0.2995857298374176
0.29912781715393066
0.29903942346572876
0.2994973063468933
0.29919031262397766
0.2996423542499542
0.2995662987232208
0.3003716468811035
0.2997394800186157
0.2995262145996094
0.29900914430618286
0.29977166652679443
0.29919278621673584
0.2992415726184845
0.2997395396232605
0.2997337579727173
0.29918384552001953
0.29816579818725586
0.2982776165008545
0.29791098833084106
0.29771897196769714
0.29729771614074707
0.29761505126953125
0.29745715856552124
0.29821884632110596
0.29834455251693726
0.2981906235218048
0.29752641916275024
0.2968112528324127
0.2970697581768036
0.296983540058136
0.2970464825630188
0.29685038328170776
0.29667964577674866
0.2959466576576233
0.2953936755657196
0.2950134575366974
0.29531794786453247
0.2956573963165283
0.29558685421943665
0.29608821868896484
0.29542276263237
0.2949730455875397
0.2946493327617645
0.294527143239975
0.29477328062057495
0.29438188672065735
0.29534095525741577
0.2950724959373474
0.29514625668525696
0.29452067613601685
0.2942533493041992
0.29427337646484375
0.29453960061073303
0.29404139518737793
0.2934814989566803
0.29323065280914307
0.29373428225517273
0.29478129744529724
0.2954641580581665
0.2940634489059448
0.293528288602829
0.2935448884963989
0.29344552755355835
0.2936672568321228
0.2930036783218384
0.29239240288734436
0.2915732264518738
0.29140469431877136
0.2922629117965698
0.29206281900405884
0.29200640320777893
0.2918440103530884
0.2913658618927002
0.2912328839302063
0.291594535112381
0.2926923334598541
0.29233744740486145
0.2919507920742035
0.29215824604034424
0.29120248556137085
0.29183101654052734
0.2923862636089325
0.2919643223285675
0.29150301218032837
0.2897968888282776
0.29024916887283325
0.2892044186592102
0.28907549381256104
0.288490891456604
0.28872647881507874
0.2883375287055969
0.28809577226638794
0.2890186011791229
0.2887141704559326
0.2878207564353943
0.28691646456718445
0.28656426072120667
0.28740859031677246
0.2873423993587494
0.287629634141922
0.2884024977684021
0.2877720892429352
0.2877475917339325
0.28741908073425293
0.2867419421672821
0.28688639402389526
0.28696489334106445
0.28698623180389404
0.28709131479263306
0.2870044410228729
0.28619083762168884
0.2864595353603363
0.28688138723373413
0.28647249937057495
0.28638482093811035
0.2856411635875702
0.2852519154548645
0.2853981852531433
0.28590983152389526
0.28518280386924744
0.2848726809024811
0.28475311398506165
0.2837536633014679
0.2847191095352173
0.28483375906944275
0.28467556834220886
0.2840330898761749
0.2836465835571289
0.2837909758090973
0.2847326099872589
0.2839328646659851
0.2840823829174042
0.28410208225250244
0.2832554876804352
0.2828209102153778
0.28325799107551575
0.28317663073539734
0.28290292620658875
0.2823464870452881
0.28272584080696106
0.283352255821228
0.28357845544815063
0.2831234037876129
0.2824103534221649
0.282600998878479
0.2820562422275543
0.28169888257980347
0.2820151746273041
0.2819003164768219
0.2817785143852234
0.2823235094547272
0.281749963760376
0.2819584608078003
0.28188419342041016
0.28188782930374146
0.28213372826576233
0.282262921333313
0.28242164850234985
0.2818232476711273
0.2813244163990021
0.2809704542160034
0.2802425026893616
0.28056812286376953
0.2796689569950104
0.27867287397384644
0.278594046831131
0.279359370470047
0.2790609896183014
0.2788621783256531
0.27925583720207214
0.27961719036102295
0.27881383895874023
0.2782555818557739
0.27806419134140015
0.2778633236885071
0.2776699364185333
0.27763527631759644
0.2776406705379486
0.27713125944137573
0.2772446274757385
0.27708518505096436
0.27610185742378235
0.27622246742248535
0.2765611708164215
0.2764398157596588
0.2764294445514679
0.27595460414886475
0.2759407162666321
0.2758941948413849
0.2757217288017273
0.27524998784065247
0.2752877473831177
0.27432674169540405
0.2745366096496582
0.27543213963508606
0.2753424346446991
0.2747582197189331
0.27400723099708557
0.27454373240470886
0.27433276176452637
0.273276686668396
0.2737550437450409
0.2733961343765259
0.27344441413879395
0.2731391489505768
0.27276864647865295
0.27247634530067444
0.2717895805835724
0.27234330773353577
0.27183663845062256
0.27205029129981995
0.2720371186733246
0.2726577818393707
0.2727377116680145
0.2725427448749542
0.2721725404262543
0.2718491554260254
0.27161166071891785
0.2706337869167328
0.2697930634021759
0.27010202407836914
0.2690538465976715
0.26891589164733887
0.269864559173584
0.26985251903533936
0.26907217502593994
0.26852181553840637
0.26802247762680054
0.26801589131355286
0.26738783717155457
0.2677837610244751
0.2677551209926605
0.26825180649757385
0.2679044306278229
0.26724353432655334
0.2670213580131531
0.26749247312545776
0.26731744408607483
0.26661914587020874
0.26629433035850525
0.2651526927947998
0.26438677310943604
0.2654774785041809
0.2662614583969116
0.2663409113883972
0.2654552757740021
0.2647821009159088
0.2650989294052124
0.2651371359825134
0.2657204568386078
0.2653454840183258
0.26503559947013855
0.26511555910110474
0.26435327529907227
0.26473671197891235
0.26403293013572693
0.2636813819408417
0.2636871933937073
0.2637418806552887
0.2636219561100006
0.26367104053497314
0.26349425315856934
0.26289239525794983
0.2624746859073639
0.26257380843162537
0.26180794835090637
0.2622181177139282
0.26270055770874023
0.26252368092536926
0.26126497983932495
0.26064613461494446
0.26088255643844604
0.2605416476726532
0.26136407256126404
0.2605964243412018
0.260415256023407
0.2601718008518219
0.2606535851955414
0.2604215741157532
0.2599446475505829
0.25945794582366943
0.25922632217407227
0.25897663831710815
0.25851234793663025
0.2590623199939728
0.25922414660453796
0.2588833272457123
0.25787419080734253
0.2578583061695099
0.257982462644577
0.2580503821372986
0.2576582431793213
0.2573072016239166
0.25669172406196594
0.2561732530593872
0.25701773166656494
0.2571987807750702
0.2569081485271454
0.256216436624527
0.25593113899230957
0.2556101679801941
0.2546030580997467
0.2549125552177429
0.25451964139938354
0.25527244806289673
0.25424304604530334
0.2553776800632477
0.25491857528686523
0.2548503279685974
0.2547612190246582
0.2543124258518219
0.2545624077320099
0.25441327691078186
0.2540363073348999
0.25377514958381653
0.25336024165153503
0.25286152958869934
0.25239408016204834
0.2525104880332947
0.25232699513435364
0.25209468603134155
0.2505185306072235
0.24941608309745789
0.24953897297382355
0.24957707524299622
0.2490403652191162
0.2490830421447754
0.24884921312332153
0.24894647300243378
0.24948932230472565
0.24815765023231506
0.24834564328193665
0.2487531304359436
0.24901272356510162
0.2484300583600998
0.2487514615058899
0.24818873405456543
0.24764619767665863
0.2460130751132965
0.2462369054555893
0.24639679491519928
0.24589043855667114
0.24712134897708893
0.24588565528392792
0.2463432252407074
0.24603556096553802
0.24614952504634857
0.246819406747818
0.24694663286209106
0.24673335254192352
0.24657490849494934
0.24555225670337677
0.24430277943611145
0.24514490365982056
0.24446581304073334
0.2444288432598114
0.24410313367843628
0.24354487657546997
0.24362504482269287
0.24328488111495972
0.24382387101650238
0.24307167530059814
0.24291105568408966
0.2422245889902115
0.2418764978647232
0.24070999026298523
0.2399653047323227
0.24000367522239685
0.24011465907096863
0.23978444933891296
0.24042430520057678
0.24002793431282043
0.23987986147403717
0.23974227905273438
0.23944105207920074
0.24009154736995697
0.24030889570713043
0.24074579775333405
0.24095791578292847
0.2406642884016037
0.2392275035381317
0.23860947787761688
0.23784080147743225
0.23729166388511658
0.2372536063194275
0.23732833564281464
0.23674164712429047
0.23730263113975525
0.2368134707212448
0.23627954721450806
0.23601388931274414
0.23525287210941315
0.2354113757610321
0.234768807888031
0.23469050228595734
0.23530203104019165
0.23546329140663147
0.23502320051193237
0.23586323857307434
0.23609109222888947
0.23557905852794647
0.23544485867023468
0.2352374792098999
0.2352961152791977
0.2345484495162964
0.23475338518619537
0.2341126650571823
0.23372378945350647
0.23291127383708954
0.23179011046886444
0.23265358805656433
0.23210351169109344
0.23203715682029724
0.2316165268421173
0.23108352720737457
0.23127754032611847
0.23173071444034576
0.23132747411727905
0.2317562997341156
0.23114849627017975
0.23092223703861237
0.2311607003211975
0.22988376021385193
0.23039168119430542
0.22977499663829803
0.22963735461235046
0.22935931384563446
0.2281070351600647
0.22735464572906494
0.22822454571723938
0.22774413228034973
0.2285374402999878
0.2284737378358841
0.2284208983182907
0.22825470566749573
0.22761020064353943
0.2267247885465622
0.22623096406459808
0.22539642453193665
0.22572223842144012
0.2255772352218628
0.2253146767616272
0.22538703680038452
0.22447369992733002
0.22421936690807343
0.22461625933647156
0.22462275624275208
0.22431987524032593
0.22402243316173553
0.22348728775978088
0.22289015352725983
0.22316594421863556
0.22405581176280975
0.22366052865982056
0.22292031347751617
0.22372838854789734
0.22336992621421814
0.2232186496257782
0.22314736247062683
0.222121924161911
0.22192151844501495
0.2221204936504364
0.22150929272174835
0.22031621634960175
0.22037643194198608
0.22008591890335083
0.22055980563163757
0.22003422677516937
0.21990180015563965
0.220239520072937
0.219979926943779
0.2195889800786972
0.21958419680595398
0.21934367716312408
0.21986991167068481
0.2184617817401886
0.21734699606895447
0.21698476374149323
0.2174844741821289
0.21797995269298553
0.21852843463420868
0.2187976837158203
0.21798023581504822
0.21792900562286377
0.21773141622543335
0.21718232333660126
0.21721047163009644
0.21730461716651917
0.21657733619213104
0.21528656780719757
0.21447992324829102
0.21392634510993958
0.21392233669757843
0.21349814534187317
0.2132999449968338
0.21312040090560913
0.2129855453968048
0.2124960869550705
0.21157407760620117
0.21103708446025848
0.21158000826835632
0.21136446297168732
0.21109400689601898
0.2107413411140442
0.21161900460720062
0.212006077170372
0.21223223209381104
0.21099424362182617
0.21058990061283112
0.2108893096446991
0.2104138433933258
0.20999057590961456
0.21031081676483154
0.2100655734539032
0.20966210961341858
0.209029421210289
0.20872272551059723
0.20830398797988892
0.2086043804883957
0.20882368087768555
0.20824356377124786
0.20854051411151886
0.208712637424469
0.20859163999557495
0.20906226336956024
0.20896950364112854
0.20868554711341858
0.2087784707546234
0.2083216905593872
0.20786955952644348
0.2080472856760025
0.20743118226528168
0.20736341178417206
0.2071962207555771
0.20681923627853394
0.20602384209632874
0.20647627115249634
0.20585232973098755
0.2053591012954712
0.20458191633224487
0.20434895157814026
0.20342504978179932
0.20341132581233978
0.20352216064929962
0.20307305455207825
0.20295855402946472
0.2032361924648285
0.20323601365089417
0.20339925587177277
0.20379824936389923
0.2035660594701767
0.20338673889636993
0.20273347198963165
0.20254991948604584
0.20180274546146393
0.2015669345855713
0.20131844282150269
0.2014504373073578
0.20099766552448273
0.2001962661743164
0.19946855306625366
0.19969451427459717
0.1995503306388855
0.1993882805109024
0.19943179190158844
0.1998218148946762
0.1996956169605255
0.19966928660869598
0.19982603192329407
0.2002418041229248
0.20046813786029816
0.19972258806228638
0.1993270069360733
0.19853337109088898
0.1979692280292511
0.19765490293502808
0.1971462070941925
0.19706562161445618
0.19699455797672272
0.19606485962867737
0.19581001996994019
0.19565460085868835
0.1951654702425003
0.19518834352493286
0.19537261128425598
0.19590093195438385
0.19497321546077728
0.19532813131809235
0.19424334168434143
0.19413615763187408
0.1934662163257599
0.19411714375019073
0.19402632117271423
0.19388796389102936
0.19343693554401398
0.1926533430814743
0.19221314787864685
0.19250400364398956
0.19236426055431366
0.19207359850406647
0.1917617917060852
0.19159112870693207
0.1910533457994461
0.1906677782535553
0.1907014548778534
0.19024884700775146
0.19077052175998688
0.19055071473121643
0.19043909013271332
0.1895657479763031
0.18959687650203705
0.18932543694972992
0.18853171169757843
0.18862710893154144
0.1881769448518753
0.18804097175598145
0.18734359741210938
0.18728883564472198
0.18754948675632477
0.18712735176086426
0.18768903613090515
0.18744976818561554
0.18761074542999268
0.18741701543331146
0.1874246746301651
0.18758898973464966
0.187544047832489
0.1874283403158188
0.18697263300418854
0.1873755306005478
0.18761833012104034
0.18728502094745636
0.18631471693515778
0.18569301068782806
0.18544241786003113
0.1857256144285202
0.18499870598316193
0.18439283967018127
0.18372581899166107
0.18370772898197174
0.18272042274475098
0.18297028541564941
0.1829918771982193
0.1826641708612442
0.18238471448421478
0.18188583850860596
0.18138964474201202
0.18122738599777222
0.1813228577375412
0.1809900552034378
0.18123777210712433
0.18186503648757935
0.182370126247406
0.18192631006240845
0.18116924166679382
0.18048971891403198
0.18028807640075684
0.18055467307567596
0.18058733642101288
0.180044025182724
0.1794363558292389
0.180007204413414
0.1793069690465927
0.17864087224006653
0.17893104255199432
0.1795778125524521
0.17964713275432587
0.17903472483158112
0.1778837889432907
0.1778666079044342
0.17718365788459778
0.17695923149585724
0.17599889636039734
0.17621846497058868
0.1761007010936737
0.1754608303308487
0.1748662292957306
0.17419616878032684
0.17462797462940216
0.1749015599489212
0.17464183270931244
0.17450600862503052
0.17475157976150513
0.17432855069637299
0.17451024055480957
0.17413903772830963
0.1749989241361618
0.17387808859348297
0.17358559370040894
0.17336441576480865
0.17279116809368134
0.17265291512012482
0.1730494499206543
0.17263473570346832
0.17270523309707642
0.17277123034000397
0.17251957952976227
0.17287424206733704
0.17249815165996552
0.17202383279800415
0.17144867777824402
0.1709378957748413
0.17008012533187866
0.1696624904870987
0.16997754573822021
0.17018896341323853
0.17027229070663452
0.17019611597061157
0.17010176181793213
0.16954858601093292
0.17028269171714783
0.16933676600456238
0.16938692331314087
0.16854016482830048
0.16871516406536102
0.1681918203830719
0.1686447709798813
0.16851677000522614
0.168857142329216
0.16878017783164978
0.16888225078582764
0.16828830540180206
0.16817259788513184
0.16757483780384064
0.16762328147888184
0.16751591861248016
0.16745096445083618
0.16653241217136383
0.16586370766162872
0.1651517152786255
0.16550616919994354
0.1655856817960739
0.16562478244304657
0.16550175845623016
0.16530141234397888
0.1646236777305603
0.16434620320796967
0.16366221010684967
0.16285811364650726
0.16256119310855865
0.16268549859523773
0.16307473182678223
0.16285847127437592
0.1626068651676178
0.1625223606824875
0.1626683920621872
0.1626836210489273
0.1629401445388794
0.16266308724880219
0.1623266637325287
0.16186991333961487
0.16250699758529663
0.16253189742565155
0.16207252442836761
0.16157276928424835
0.1615608185529709
0.16084600985050201
0.16124266386032104
0.1613108366727829
0.16112634539604187
0.16053175926208496
0.16033869981765747
0.16000311076641083
0.15966343879699707
0.15993468463420868
0.16020166873931885
0.15969516336917877
0.16015774011611938
0.15933085978031158
0.1588740348815918
0.15847435593605042
0.1579463928937912
0.15762245655059814
0.15760672092437744
0.15722917020320892
0.15713125467300415
0.1565214842557907
0.15628603100776672
0.15698708593845367
0.15713699162006378
0.15730877220630646
0.1574345827102661
0.15707358717918396
0.15653133392333984
0.1566087007522583
0.15625329315662384
0.15590889751911163
0.15613462030887604
0.15556010603904724
0.15573114156723022
0.15567153692245483
0.15504664182662964
0.154525488615036
0.1543400138616562
0.15404891967773438
0.15394869446754456
0.15385252237319946
0.15321360528469086
0.15329612791538239
0.1528194397687912
0.15237881243228912
0.1525830626487732
0.15224233269691467
0.1522931456565857
0.1525067687034607
0.15237894654273987
0.15235738456249237
0.15251775085926056
0.15198920667171478
0.15141215920448303
0.15079839527606964
0.15040355920791626
0.15030936896800995
0.1502067744731903
0.14997150003910065
0.14940787851810455
0.14940352737903595
0.1499016135931015
0.15015889704227448
0.14994388818740845
0.14962603151798248
0.14960479736328125
0.14954601228237152
0.15027184784412384
0.1497787982225418
0.1494179517030716
0.14917047321796417
0.1490117758512497
0.1484086811542511
0.1481471061706543
0.14767372608184814
0.1475868821144104
0.14813782274723053
0.14838092029094696
0.14851129055023193
0.1478704959154129
0.1474117636680603
0.1474752128124237
0.14718583226203918
0.1470264494419098
0.14619460701942444
0.14616623520851135
0.14576879143714905
0.14629881083965302
0.14611731469631195
0.14602605998516083
0.1453024297952652
0.14493638277053833
0.1443663090467453
0.1442275494337082
0.14442555606365204
0.14437606930732727
