0.5453655123710632
0.5374376177787781
0.5343587398529053
0.5346300005912781
0.5359373688697815
0.5368232727050781
0.5372207164764404
0.5371765494346619
0.5365433692932129
0.5369082093238831
0.536833643913269
0.5368527770042419
0.5374920964241028
0.5366206765174866
0.5366501808166504
0.5366472005844116
0.5359256863594055
0.5354700684547424
0.5348638892173767
0.5343888401985168
0.5348348617553711
0.5339637994766235
0.5327338576316833
0.5332779884338379
0.5329800248146057
0.5326299667358398
0.5323276519775391
0.5312539935112
0.530958354473114
0.5299043655395508
0.5304747819900513
0.5308746099472046
0.5311344265937805
0.5307981371879578
0.5308602452278137
0.5306075811386108
0.5305691361427307
0.5301184058189392
0.529526948928833
0.5297523140907288
0.5292726159095764
0.5285497903823853
0.5280574560165405
0.5277171730995178
0.5277491211891174
0.5267317891120911
0.5262187719345093
0.5257595181465149
0.5258042812347412
0.5263177156448364
0.5250321626663208
0.5245078206062317
0.523954451084137
0.5234695672988892
0.5236846804618835
0.5234391093254089
0.5223997831344604
0.5222870111465454
0.522031843662262
0.5220041275024414
0.5227659940719604
0.5221469402313232
0.5218896865844727
0.521736204624176
0.5209009647369385
0.51992267370224
0.5194233655929565
0.5193070769309998
0.5186752080917358
0.5188468098640442
0.5186195373535156
0.518025279045105
0.517305314540863
0.5173202157020569
0.5164580345153809
0.5155748724937439
0.5137810111045837
0.5143074989318848
0.5141163468360901
0.5128288269042969
0.5135079026222229
0.5130516886711121
0.5123856663703918
0.512253999710083
0.5123525857925415
0.5112053751945496
0.5104842782020569
0.5107531547546387
0.5110288262367249
0.5109930634498596
0.5106720924377441
0.5100076794624329
0.5102324485778809
0.5096490979194641
0.509802520275116
0.5084552764892578
0.5081174373626709
0.5090224742889404
0.5083369612693787
0.5084266662597656
0.5092220306396484
0.5081520080566406
0.50700443983078
0.5058095455169678
0.5053204894065857
0.5066565871238708
0.5059587955474854
0.5058503746986389
0.5053847432136536
0.5050910711288452
0.503899097442627
0.5027302503585815
0.5023154020309448
0.5019732713699341
0.5023496150970459
0.502017617225647
0.5015608072280884
0.5001955628395081
0.5002654194831848
0.4991112947463989
0.49950918555259705
0.4991336464881897
0.49854692816734314
0.4973506033420563
0.49666446447372437
0.49536561965942383
0.4950111508369446
0.49392446875572205
0.4944748282432556
0.4939544200897217
0.4938099682331085
0.49353837966918945
0.4932393431663513
0.4937324821949005
0.49417200684547424
0.4939282238483429
0.4938437342643738
0.49312397837638855
0.49273180961608887
0.49246490001678467
0.4917358458042145
0.4921224117279053
0.49197447299957275
0.4909909665584564
0.49089357256889343
0.48988503217697144
0.4892490804195404
0.4897112250328064
0.4892232418060303
0.48909249901771545
0.48854270577430725
0.4884883463382721
0.48807087540626526
0.48734256625175476
0.48690176010131836
0.485789954662323
0.485016405582428
0.4849378764629364
0.4843808710575104
0.4850810468196869
0.4854509234428406
0.48500195145606995
0.48480886220932007
0.4850040078163147
0.48377275466918945
0.48427069187164307
0.4833409786224365
0.4818073809146881
0.48252072930336
0.48211145401000977
0.48126688599586487
0.47959813475608826
0.47886937856674194
0.47954681515693665
0.4799630045890808
0.47989872097969055
0.4783078730106354
0.4778740108013153
0.47729915380477905
0.47655248641967773
0.47648775577545166
0.47691893577575684
0.47660183906555176
0.47594884037971497
0.4756009876728058
0.47548940777778625
0.47441715002059937
0.47257670760154724
0.47296586632728577
0.4718519449234009
0.4716876745223999
0.4708447754383087
0.4716136157512665
0.4717298746109009
0.4707701802253723
0.4703478515148163
0.47034725546836853
0.46906352043151855
0.4695497155189514
0.469561368227005
0.4696504473686218
0.4686366021633148
0.4683282673358917
0.4686757028102875
0.46884554624557495
0.4694567918777466
0.4689067006111145
0.46773236989974976
0.46699589490890503
0.46705037355422974
0.466495156288147
0.4663591980934143
0.46613267064094543
0.46537479758262634
0.46481403708457947
0.46481654047966003
0.46504107117652893
0.46459272503852844
0.46370476484298706
0.4627062976360321
0.46210551261901855
0.462893009185791
0.46244868636131287
0.4628622531890869
0.4628446400165558
0.4618086516857147
0.4609902799129486
0.46065759658813477
0.459812730550766
0.45874062180519104
0.4582352936267853
0.45897921919822693
0.45861393213272095
0.45885416865348816
0.4584842026233673
0.45750629901885986
0.4575890302658081
0.4575205445289612
0.45691800117492676
0.45615652203559875
0.4558546245098114
0.4553427994251251
0.4544079303741455
0.4544132947921753
0.4541361629962921
0.4534415304660797
0.4532405138015747
0.45223546028137207
0.45204225182533264
0.45221176743507385
0.4517997205257416
0.4515540897846222
0.4501565992832184
0.44902899861335754
0.448997437953949
0.4479062557220459
0.44758307933807373
0.44766154885292053
0.44728296995162964
0.44849929213523865
0.4468361437320709
0.44693702459335327
0.44651535153388977
0.44702011346817017
0.44663238525390625
0.4456486105918884
0.4450567364692688
0.4450817108154297
0.44558510184288025
0.4446363151073456
0.4433552622795105
0.4431285262107849
0.4436734616756439
0.44324153661727905
0.44219961762428284
0.440763920545578
0.4405956268310547
0.4409477114677429
0.43988412618637085
0.44045954942703247
0.44118532538414
0.4412543475627899
0.44026461243629456
0.43956226110458374
0.43961700797080994
0.43913811445236206
0.4391920268535614
0.4383484125137329
0.4375706911087036
0.43762198090553284
0.43769997358322144
0.43786922097206116
0.43703606724739075
0.4373008608818054
0.4368921220302582
0.4357253611087799
0.4357292056083679
0.43512624502182007
0.4344601333141327
0.4342772960662842
0.4336221516132355
0.43316665291786194
0.4326784014701843
0.4326215088367462
0.43196263909339905
0.4316321611404419
0.4312857389450073
0.4308861792087555
0.42956846952438354
0.42741215229034424
0.42721933126449585
0.42750826478004456
0.4273028075695038
0.4269852340221405
0.42669782042503357
0.42566734552383423
0.425433874130249
0.4256744980812073
0.42433443665504456
0.424287348985672
0.4239930808544159
0.4230882525444031
0.42439746856689453
0.42399898171424866
0.424049973487854
0.42404863238334656
0.42432987689971924
0.4237983226776123
0.4227910041809082
0.42260482907295227
0.4219096004962921
0.420910507440567
0.4200275242328644
0.4202996790409088
0.42054226994514465
0.4204271733760834
0.4198036789894104
0.4198209047317505
0.41962146759033203
0.4190234839916229
0.418388307094574
0.4177868664264679
0.4174750745296478
0.4172133803367615
0.4168258309364319
0.41566577553749084
0.4152422547340393
0.4145180583000183
0.4143514037132263
0.41342875361442566
0.41217440366744995
0.41146206855773926
0.41192004084587097
0.41204342246055603
0.41196659207344055
0.41224542260169983
0.41229110956192017
0.4116252064704895
0.41041818261146545
0.41007429361343384
0.4092957675457001
0.40908491611480713
0.4088115692138672
0.40810877084732056
0.40674060583114624
0.4066595435142517
0.4066290557384491
0.4075162410736084
0.40683814883232117
0.4065985679626465
0.4064072370529175
0.40597254037857056
0.405235230922699
0.4046630859375
0.4042064845561981
0.4039980471134186
0.40293341875076294
0.4029313325881958
0.4021029472351074
0.4017758369445801
0.4015476405620575
0.40170642733573914
0.40170490741729736
0.4012174904346466
0.40013396739959717
0.3999260365962982
0.3982783854007721
0.39759889245033264
0.39766180515289307
0.3977654278278351
0.39764586091041565
0.39786577224731445
0.3965161144733429
0.3962949216365814
0.3958006799221039
0.39497292041778564
0.39441201090812683
0.3933972418308258
0.39301732182502747
0.3933156430721283
0.3937203884124756
0.39316537976264954
0.3932894170284271
0.3923841714859009
0.39148420095443726
0.3898698389530182
0.38984015583992004
0.38991934061050415
0.38946089148521423
0.3889329135417938
0.3885821998119354
0.3885000944137573
0.38799065351486206
0.38751766085624695
0.38653743267059326
0.38582468032836914
0.3858427107334137
0.3857888877391815
0.3852412700653076
0.3853438198566437
0.3857046663761139
0.38545724749565125
0.3850763738155365
0.38498932123184204
0.3836020827293396
0.3829438388347626
0.3810710608959198
0.3811706006526947
0.38142430782318115
0.3808573782444
0.380357950925827
0.3790540397167206
0.37912657856941223
0.37848660349845886
0.3782850503921509
0.37763291597366333
0.37746483087539673
0.37795203924179077
0.377816379070282
0.376956582069397
0.37705305218696594
0.3770023286342621
0.3762565851211548
0.3762451410293579
0.3747889995574951
0.37407854199409485
0.373741090297699
0.37418362498283386
0.37395718693733215
0.37393662333488464
0.3729808032512665
0.37258294224739075
0.3720633387565613
0.37153393030166626
0.37127962708473206
0.37005436420440674
0.3701581656932831
0.36932244896888733
0.36851316690444946
0.3683539927005768
0.3686237037181854
0.3672834038734436
0.3671814501285553
0.3671901822090149
0.36582738161087036
0.3656805157661438
0.3651197552680969
0.3648291230201721
0.36479172110557556
0.36368033289909363
0.3631286323070526
0.3623920679092407
0.36167269945144653
0.36111998558044434
0.3606050908565521
0.3596579432487488
0.359401136636734
0.3597269058227539
0.3591162860393524
0.35949379205703735
0.35854077339172363
0.3578060269355774
0.35826575756073
0.35881632566452026
0.35780951380729675
0.3575592041015625
0.3572923541069031
0.35623326897621155
0.3560190498828888
0.35517221689224243
0.354566365480423
0.3548954427242279
0.35487908124923706
0.35466131567955017
0.3553943634033203
0.355683833360672
0.3548737168312073
0.3541891574859619
0.3525186777114868
0.35144349932670593
0.3514336347579956
0.35149192810058594
0.3516199588775635
0.3498423397541046
0.3492291271686554
0.34799566864967346
0.3466528058052063
0.3462214171886444
0.34638410806655884
0.3459473252296448
0.3451426327228546
0.34477826952934265
0.3444478213787079
0.34563881158828735
0.34489038586616516
0.3439624607563019
0.34349411725997925
0.3425402343273163
0.3418785035610199
0.3414927124977112
0.3414691388607025
0.34174594283103943
0.3415201008319855
0.34074902534484863
0.3402896225452423
0.33996790647506714
0.33949312567710876
0.3395928144454956
0.33840546011924744
0.3376961946487427
0.3379216492176056
0.3378961980342865
0.3387702405452728
0.3377678096294403
0.3380596935749054
0.33779817819595337
0.3377740681171417
0.3369010090827942
0.33596768975257874
0.3351563513278961
0.3345642685890198
0.3338579535484314
0.33288973569869995
0.33297500014305115
0.33292579650878906
0.3322764039039612
0.3315664231777191
0.3300990164279938
0.33050498366355896
0.32999515533447266
0.32839730381965637
0.32834869623184204
0.32730743288993835
0.3265398144721985
0.3258683383464813
0.326115220785141
0.3260950744152069
0.3249208927154541
0.32474660873413086
0.3240512013435364
0.32351821660995483
0.3239469528198242
0.3231907784938812
0.322992205619812
0.32240596413612366
0.3221225440502167
0.32089534401893616
0.32047808170318604
0.3201655447483063
0.3195434808731079
0.31890255212783813
0.31904125213623047
0.31837958097457886
0.3179549276828766
0.3184420168399811
0.31751567125320435
0.31733831763267517
0.31721022725105286
0.3167535364627838
0.31539666652679443
0.3158332407474518
0.31545671820640564
0.31467556953430176
0.3145526647567749
0.3148716688156128
0.314463347196579
0.3135940432548523
0.31329384446144104
0.31261757016181946
0.31276360154151917
0.3125084936618805
0.3128364384174347
0.3121252655982971
0.3111612796783447
0.31155768036842346
0.311287522315979
0.3115476965904236
0.31065234541893005
0.30896130204200745
0.30841633677482605
0.3080676794052124
0.3063853979110718
0.3062458634376526
0.3067474365234375
0.3057331442832947
0.3052123188972473
0.3044603765010834
0.30387282371520996
0.3036239445209503
0.30316659808158875
0.30230963230133057
0.30335021018981934
0.3015986979007721
0.30129122734069824
0.30052512884140015
0.300434947013855
0.3000635504722595
0.29898563027381897
0.29737669229507446
0.2975235879421234
0.2977959215641022
0.297717809677124
0.2974064350128174
0.2968965172767639
0.29715314507484436
0.2963368892669678
0.2968378961086273
0.2958984673023224
0.2945376932621002
0.2945176064968109
0.29410499334335327
0.29386886954307556
0.2949010133743286
0.2936331331729889
0.29391586780548096
0.2928782105445862
0.29269951581954956
0.29334336519241333
0.2926369607448578
0.290848970413208
0.29057687520980835
0.29069456458091736
0.2895483374595642
0.28981733322143555
0.2898332476615906
0.2891636788845062
0.28975093364715576
0.28913798928260803
0.28879573941230774
0.28898629546165466
0.2875766158103943
0.28658413887023926
0.28645116090774536
0.28505969047546387
0.2844490706920624
0.284065306186676
0.28410351276397705
0.2844008803367615
0.2829754948616028
0.2820132374763489
0.2813827395439148
0.281228631734848
0.2821155786514282
0.2806989252567291
0.28051406145095825
0.2802466154098511
0.2795755863189697
0.2796297073364258
0.2793607711791992
0.2779182493686676
0.27722859382629395
0.2767409682273865
0.277013897895813
0.2756465971469879
0.2766828238964081
0.2759765684604645
0.275429904460907
0.27597296237945557
0.27558058500289917
0.27485284209251404
0.27464762330055237
0.27504774928092957
0.27382567524909973
0.2736518681049347
0.27356746792793274
0.2731945514678955
0.2723237872123718
0.272003173828125
0.2718869745731354
0.27121078968048096
0.27080777287483215
0.27004945278167725
0.26939353346824646
0.26964861154556274
0.2690845727920532
0.2690008282661438
0.269315630197525
0.2676346004009247
0.26688265800476074
0.2664215564727783
0.2661576271057129
0.26504644751548767
0.26477161049842834
0.265887051820755
0.2648467719554901
0.2641475200653076
0.2641483247280121
0.2638199031352997
0.2643257975578308
0.26500314474105835
0.2637568712234497
0.263477623462677
0.2634361684322357
0.26252487301826477
0.2629353106021881
0.263578861951828
0.2630099058151245
0.2618788480758667
0.2601834833621979
0.2582656741142273
0.25749608874320984
0.2565642297267914
0.2568895220756531
0.2570984959602356
0.2565978169441223
0.2566201090812683
0.2564910054206848
0.25551584362983704
0.25569140911102295
0.25598829984664917
0.2557922303676605
0.2556571066379547
0.2552303373813629
0.2548673450946808
0.2551139295101166
0.2538539171218872
0.25328516960144043
0.2522929310798645
0.25173962116241455
0.2506265640258789
0.2506883144378662
0.24962873756885529
0.24921956658363342
0.24876254796981812
0.24825766682624817
0.24778591096401215
0.24728065729141235
0.24738147854804993
0.2477392852306366
0.24722295999526978
0.24746648967266083
0.2467731088399887
0.24718067049980164
0.2464478611946106
0.2458781898021698
0.24660521745681763
0.24653801321983337
0.24643097817897797
0.24596989154815674
0.24533860385417938
0.24444499611854553
0.24418379366397858
0.2432759553194046
0.2430865317583084
0.24267596006393433
0.24225372076034546
0.24225465953350067
0.24166041612625122
0.24103671312332153
0.24129049479961395
0.2404811680316925
0.2397092878818512
0.2390504777431488
0.23835116624832153
0.23811133205890656
0.23748192191123962
0.2387564331293106
0.23728318512439728
0.23707297444343567
0.23763065040111542
0.23770491778850555
0.23725786805152893
0.23710530996322632
0.2367827147245407
0.23630280792713165
0.23625929653644562
0.2354806363582611
0.23381787538528442
0.233448788523674
0.23286527395248413
0.233538419008255
0.23283584415912628
0.2328868806362152
0.232851043343544
0.23264287412166595
0.23219910264015198
0.2319972962141037
0.23096539080142975
0.23031125962734222
0.23036526143550873
0.2302241176366806
0.22958409786224365
0.22873646020889282
0.22759369015693665
0.22768792510032654
0.22755290567874908
0.22717756032943726
0.22718213498592377
0.22666431963443756
0.22739915549755096
0.22731594741344452
0.22621481120586395
0.2263835072517395
0.22586612403392792
0.22496797144412994
0.22446666657924652
0.22512170672416687
0.22382083535194397
0.22350133955478668
0.2230515480041504
0.22246363759040833
0.22242732346057892
0.22193031013011932
0.22167876362800598
0.22170627117156982
0.22111716866493225
0.2210848182439804
0.22108696401119232
0.22078271210193634
0.220673069357872
0.2206246256828308
0.22030706703662872
0.21986135840415955
0.2196950763463974
0.21867059171199799
0.21838459372520447
0.21885989606380463
0.21865931153297424
0.21883773803710938
0.21822205185890198
0.21797260642051697
0.2169197052717209
0.21654874086380005
0.21602371335029602
0.21573993563652039
0.21565520763397217
0.21571950614452362
0.21523648500442505
0.21560373902320862
0.2146993726491928
0.2145014852285385
0.21433386206626892
0.21324968338012695
0.212432861328125
0.21188126504421234
0.2117847204208374
0.2118023931980133
0.21081361174583435
0.21027225255966187
0.21035505831241608
0.20955806970596313
0.2097141146659851
0.2093399465084076
0.20912007987499237
0.20906244218349457
0.2084231823682785
0.20802117884159088
0.2078487128019333
0.20708024501800537
0.20614072680473328
0.20574340224266052
0.20525972545146942
0.2045118510723114
0.20383493602275848
0.20379693806171417
0.20306465029716492
0.2033635675907135
0.20363660156726837
0.20257800817489624
0.20272603631019592
0.20130445063114166
0.20071527361869812
0.20047211647033691
0.20072618126869202
0.20087647438049316
0.20022036135196686
0.20060396194458008
0.2005540132522583
0.2004612684249878
0.19973307847976685
0.1996409147977829
0.1995130181312561
0.1990824043750763
0.1986139714717865
0.19821053743362427
0.19767215847969055
0.1973610371351242
0.19732406735420227
0.1967863142490387
0.19661377370357513
0.19628040492534637
0.19567766785621643
0.1953299641609192
0.19490793347358704
0.19575679302215576
0.19576779007911682
0.19530391693115234
0.19494421780109406
0.19511912763118744
0.19442661106586456
0.19316743314266205
0.1927189826965332
0.1930164247751236
0.19135966897010803
0.19165784120559692
0.19099988043308258
0.19074024260044098
0.19065284729003906
0.1889578253030777
0.18832050263881683
0.18794414401054382
0.1873994767665863
0.18670594692230225
0.18659920990467072
0.18732258677482605
0.1868317723274231
0.1868245154619217
0.18643465638160706
0.18606768548488617
0.18630895018577576
0.18581651151180267
0.18501119315624237
0.18471992015838623
0.18512670695781708
0.18531255424022675
0.1850425750017166
0.18547362089157104
0.18434666097164154
0.18313667178153992
0.18408499658107758
0.18360507488250732
0.18345953524112701
0.18326139450073242
0.18263930082321167
0.18217910826206207
0.18224754929542542
0.18166227638721466
0.18158650398254395
0.1807864010334015
0.18016546964645386
0.17990794777870178
0.17969435453414917
0.17976118624210358
0.17963041365146637
0.17948442697525024
0.17888565361499786
0.17856605350971222
0.17903080582618713
0.17884473502635956
0.17826460301876068
0.17799153923988342
0.17744863033294678
0.17739731073379517
0.17649778723716736
0.17662067711353302
0.1763036996126175
0.17625299096107483
0.17631413042545319
0.1762840747833252
0.17622844874858856
0.17646056413650513
0.17603906989097595
0.17511379718780518
0.17485128343105316
0.17515935003757477
0.1743442714214325
0.1739770472049713
0.17345546185970306
0.17411237955093384
0.17328636348247528
0.17230992019176483
0.17163823544979095
0.17128266394138336
0.1703975349664688
0.1696683019399643
0.1691177487373352
0.16924722492694855
0.16887404024600983
0.1693054586648941
0.16973620653152466
0.1696903556585312
0.17027978599071503
0.1697292923927307
0.16864484548568726
0.16795456409454346
0.16817277669906616
0.1684730499982834
0.16732041537761688
0.16693523526191711
0.1658065915107727
0.16537809371948242
0.16461209952831268
0.16550125181674957
0.16581112146377563
0.16505223512649536
0.164456307888031
0.16454513370990753
0.16406282782554626
0.16443687677383423
0.16367726027965546
0.16347035765647888
0.16384389996528625
0.16301944851875305
0.16245897114276886
0.16298019886016846
0.16165754199028015
0.16187544167041779
0.16166318953037262
0.1614314764738083
0.16093900799751282
0.16140900552272797
0.16098999977111816
0.16086626052856445
0.1606806516647339
0.16069400310516357
0.15999835729599
0.1594729870557785
0.15890081226825714
0.15853790938854218
0.15825900435447693
0.15790563821792603
0.15793180465698242
0.15719331800937653
0.15797585248947144
0.15798617899417877
0.1572132110595703
0.15745247900485992
0.15640510618686676
0.1556195169687271
0.15580612421035767
0.15558455884456635
0.1553150713443756
0.15521717071533203
0.15517131984233856
0.15505336225032806
0.15510714054107666
0.15355950593948364
0.15275798738002777
0.1534714698791504
0.15338446199893951
0.1523311883211136
0.1517467349767685
0.15255247056484222
0.15210948884487152
0.1515827178955078
0.15152178704738617
0.15108485519886017
0.15108972787857056
0.15152032673358917
0.15099529922008514
0.15078990161418915
0.1502256840467453
0.1505873203277588
0.14968706667423248
0.14864054322242737
0.14964111149311066
0.1492660790681839
0.14849257469177246
0.1484895795583725
0.14784106612205505
0.14787741005420685
0.14691096544265747
0.14732927083969116
0.14727850258350372
0.14667028188705444
0.14620459079742432
0.1465679258108139
0.14668218791484833
0.14606806635856628
0.14611999690532684
0.1466785967350006
0.14576853811740875
0.14581993222236633
0.14595632255077362
0.1452314406633377
0.14497730135917664
0.14509928226470947
0.1446874886751175
0.1445804238319397
0.14416570961475372
0.14365798234939575
0.14387455582618713
0.143000528216362
0.1426139622926712
0.14256930351257324
0.14162631332874298
0.14079926908016205
0.1410667598247528
0.1407206654548645
0.1404864639043808
0.1402759850025177
0.14003223180770874
0.14013530313968658
0.14103448390960693
0.14075341820716858
0.14051422476768494
0.14001932740211487
0.13980691134929657
0.13859333097934723
0.1380094289779663
0.1371278464794159
0.13637766242027283
0.1372644007205963
0.13684475421905518
0.1372431367635727
0.13661573827266693
0.13717398047447205
0.13698427379131317
0.1365569829940796
0.1357359141111374
0.1360246241092682
0.1355137676000595
0.13610589504241943
0.1353365182876587
0.13557299971580505
0.13513295352458954
0.13480231165885925
0.13425861299037933
0.13424484431743622
0.13361182808876038
0.13307920098304749
0.13252514600753784
0.1323637068271637
0.1322992593050003
0.13210655748844147
0.13154001533985138
0.13192543387413025
0.131016343832016
0.13117147982120514
0.13089017570018768
0.13136319816112518
0.13151048123836517
0.13199208676815033
0.1320214420557022
0.13055533170700073
0.1308102309703827
0.1311291605234146
0.13080361485481262
0.13035228848457336
0.1301884800195694
0.1297345608472824
0.1299666464328766
0.1295080929994583
0.129427969455719
0.12861841917037964
0.12867797911167145
0.12843990325927734
0.12877234816551208
0.1285565346479416
0.12799113988876343
0.12738443911075592
0.12762844562530518
0.1272314190864563
0.12707631289958954
0.12662656605243683
0.12660974264144897
0.12647347152233124
0.12496595829725266
0.12620286643505096
0.12609636783599854
0.12502214312553406
0.12561331689357758
0.1260337382555008
0.12599241733551025
0.12548500299453735
0.1247250959277153
0.12478949874639511
0.12340202182531357
0.1229112446308136
0.12323716282844543
0.12302713096141815
0.12340295314788818
0.1232137382030487
0.12331607192754745
0.12250439077615738
0.12309350818395615
0.12267385423183441
0.12247871607542038
0.12223265320062637
0.12248602509498596
0.12275876849889755
0.12185743451118469
0.12201503664255142
0.12168633937835693
0.12036924064159393
0.12036273628473282
0.12043813616037369
0.12101577967405319
0.12066858261823654
0.12008129805326462
0.11912398040294647
0.11941922456026077
0.11940855532884598
0.11920095980167389
0.12015844881534576
0.12102449685335159
0.12038280069828033
0.12049470841884613
0.12072263658046722
0.1201561987400055
0.11916037648916245
0.11932425945997238
0.11962997913360596
0.11905433982610703
0.1191883534193039
0.11847270280122757
0.11796829849481583
0.11732111871242523
0.1172424778342247
0.11665687710046768
0.11600030213594437
0.11650427430868149
0.11589239537715912
0.11629075556993484
0.11640887707471848
0.11627878993749619
0.11621706932783127
0.11661706119775772
0.11656296253204346
0.11620988696813583
0.11600387096405029
0.11556395143270493
0.1149648055434227
0.11498419940471649
0.1144358441233635
0.11443524807691574
0.11366046220064163
0.1135111004114151
0.11371359974145889
0.11420284956693649
0.11373589187860489
0.11362544447183609
0.11360849440097809
0.1128140315413475
0.11307990550994873
0.11291598528623581
0.1133633553981781
0.11262572556734085
0.1126590147614479
0.11196059733629227
0.11153090000152588
0.11130207777023315
0.11084868758916855
0.1104111522436142
0.11067479848861694
0.11048377305269241
0.11011028289794922
0.11056751012802124
0.11090871691703796
0.11093296110630035
0.11063870787620544
0.11072500050067902
0.11108241975307465
0.11046621203422546
0.11063540726900101
0.11117137968540192
0.11044962704181671
0.10997670888900757
0.10921552032232285
0.10943268239498138
0.109898641705513
0.11058418452739716
0.11030711233615875
0.10984239727258682
0.1094367504119873
0.10905396193265915
0.10862181335687637
0.10798041522502899
0.10766205191612244
0.10636994987726212
0.10697688162326813
0.10710219293832779
0.10709752887487411
0.10707534104585648
0.10757625848054886
0.1077466756105423
0.10720846056938171
0.1067013368010521
0.10591564327478409
0.10579986870288849
0.10575499385595322
0.1055898517370224
0.10553805530071259
0.10591143369674683
0.10676510632038116
0.10685508698225021
0.10606514662504196
0.10556312650442123
0.10571656376123428
0.10546983778476715
0.1053755059838295
0.10524618625640869
0.10541589558124542
0.10526499897241592
0.10515499860048294
0.10542032122612
0.1048126295208931
0.10467855632305145
0.10430549085140228
0.1040533185005188
0.10398785769939423
0.10462257266044617
0.10381064563989639
0.10314691066741943
0.10286813974380493
0.10272090137004852
0.10264327377080917
0.10244894027709961
0.10280770063400269
0.10273009538650513
0.10251564532518387
0.10205349326133728
0.10193981975317001
0.10121095180511475
0.10109205543994904
0.1014978215098381
0.10112860053777695
0.10153927654027939
0.10068625211715698
0.10068245232105255
0.10101767629384995
0.10033202171325684
0.100046306848526
0.1002553328871727
0.0997997298836708
0.10033126920461655
0.10097841173410416
0.10064829885959625
0.0998426154255867
0.09925632923841476
0.09883791208267212
0.09895454347133636
0.09873195737600327
0.09827493876218796
0.09752907603979111
0.09752630442380905
0.09683523327112198
0.09758690744638443
0.09825817495584488
0.0988975465297699
0.09878180176019669
0.09802056103944778
0.09783109277486801
0.09780273586511612
0.09663257002830505
0.09675087034702301
0.0970962792634964
0.09682271629571915
0.0969415083527565
0.09698178619146347
0.09683320671319962
0.09671548753976822
0.09648481011390686
0.09638015180826187
0.09646915644407272
0.09671018272638321
0.09583448618650436
0.09501487016677856
0.0956757441163063
0.09557764232158661
0.09543275833129883
0.09615906327962875
0.09566038846969604
0.09662644565105438
0.0959603413939476
0.09614469110965729
0.09563188254833221
0.09580378979444504
0.09548325091600418
0.09528988599777222
0.09507129341363907
0.09499505162239075
0.0946190357208252
0.0943860113620758
0.09389178454875946
0.09369189292192459
0.09365855157375336
0.0936078354716301
0.09326694160699844
0.09298781305551529
0.09310925006866455
0.09289757162332535
0.09333862364292145
0.09298443049192429
0.09288646280765533
0.09278160333633423
0.0927070677280426
0.09330655634403229
0.0936989039182663
0.09360165894031525
0.09323685616254807
0.09347204864025116
0.09296402335166931
0.09301314502954483
0.09323429316282272
0.09300728142261505
0.09325051307678223
0.09323091059923172
0.09257770329713821
0.09175638109445572
0.09176111966371536
0.09254667162895203
0.09206885099411011
0.0917070135474205
0.0923566222190857
0.09170836955308914
0.09161905199289322
0.0910031646490097
0.09118769317865372
0.09069568663835526
0.09063273668289185
0.09061917662620544
0.09085818380117416
0.09074589610099792
0.09007079899311066
0.09048401564359665
0.09031400084495544
0.09038110077381134
0.09063343703746796
0.09009569138288498
0.08999890834093094
0.09003602713346481
0.09023008495569229
0.0900808721780777
0.09021137654781342
0.08953224122524261
0.08930259197950363
0.08893060684204102
0.08868774026632309
0.0885503813624382
0.08853443711996078
0.08818293362855911
0.08903275430202484
0.0891558900475502
0.08929917216300964
0.08987347781658173
0.09011165797710419
0.09011620283126831
0.08974664658308029
0.08914686739444733
0.08976087719202042
0.08920929580926895
0.08906951546669006
0.0895959734916687
0.08900240063667297
0.08913496136665344
0.08906092494726181
0.0879938080906868
0.08728764951229095
0.08740672469139099
0.08749022334814072
0.08765317499637604
0.08781886100769043
0.08753015100955963
0.08755439519882202
0.08687883615493774
0.08713043481111526
0.08693135529756546
0.08689907938241959
0.08752582222223282
0.0868842825293541
0.08660066872835159
0.08692960441112518
0.08672907948493958
0.08681237697601318
0.0872577577829361
0.0871526449918747
0.08600792288780212
0.0858919620513916
0.0864935889840126
0.08648538589477539
0.0863543152809143
0.08623483031988144
0.08590077608823776
0.08541975170373917
0.08568532764911652
0.08565059304237366
0.08476555347442627
0.08528592437505722
0.08485152572393417
0.08496496826410294
0.0851403996348381
0.0849289521574974
0.08462487161159515
0.08522631227970123
0.08543021976947784
0.0855109840631485
0.08578338474035263
0.08559399098157883
0.08500714600086212
0.0851074680685997
0.08567101508378983
0.08519827574491501
0.08479554951190948
0.08513126522302628
0.08489219099283218
0.08519140630960464
0.08504851162433624
0.08459236472845078
0.08492029458284378
0.08457032591104507
0.08413810282945633
0.0847582295536995
0.08465642482042313
0.08450044691562653
0.08436797559261322
0.08460379391908646
0.08412077277898788
0.0846470445394516
0.08449984341859818
0.08352325856685638
0.08341268450021744
0.08364409953355789
0.0833268091082573
0.08331964164972305
0.08331695199012756
0.08339743316173553
0.08346988260746002
0.08282081037759781
0.08270236849784851
0.08271585404872894
0.08241307735443115
0.08248651027679443
0.08231380581855774
0.08264248818159103
0.0826149433851242
0.08240768313407898
0.0824434757232666
0.08217887580394745
0.08241965621709824
0.08253242075443268
0.08170630782842636
0.0817251205444336
0.08221899718046188
0.08217702805995941
0.08208654820919037
0.08194069564342499
0.0820392295718193
0.08182008564472198
0.08165479451417923
0.08121717721223831
0.08147372305393219
0.08159108459949493
0.08106067031621933
0.08150957524776459
0.08165336400270462
0.08186889439821243
0.08126042783260345
0.08133918792009354
0.08132775872945786
0.08168990910053253
0.08174203336238861
0.08182667195796967
0.08153551071882248
0.08175961673259735
0.08157720416784286
0.08149724453687668
0.08123493194580078
0.08160877227783203
0.08174484968185425
0.08162925392389297
0.08148041367530823
0.08160553127527237
0.08075887709856033
0.0810166746377945
0.08122935891151428
0.08144701272249222
0.0814201831817627
0.0812058299779892
0.0805174708366394
0.08030970394611359
0.08050991594791412
0.0803382620215416
0.08085744827985764
0.08046162128448486
0.08022754639387131
0.08038455247879028
0.08061560988426208
0.08090583980083466
0.08070629835128784
0.08079890161752701
0.080159492790699
0.07975664734840393
0.07951895892620087
0.07931199669837952
0.0794324055314064
0.07985096424818039
0.0799737274646759
0.0795363262295723
0.07964568585157394
0.07969637215137482
0.07957769185304642
0.07945501059293747
0.08000203222036362
0.07930471003055573
0.07925570011138916
0.07905963063240051
0.07871709764003754
0.07877393811941147
0.07897602021694183
0.07922182977199554
0.07904698699712753
0.0788579136133194
0.07855524122714996
0.0785495862364769
0.0785389244556427
0.0787874087691307
0.0785270631313324
0.07854588329792023
0.07954081892967224
0.0795741155743599
0.07956425100564957
0.0798683688044548
0.07980277389287949
0.0794796273112297
0.07945661246776581
0.07954469323158264
0.07902657985687256
0.07889316231012344
0.07880309224128723
0.07860556989908218
0.07927051931619644
0.07897477596998215
0.07925841212272644
0.07942457497119904
0.07914011925458908
0.07901167869567871
0.07875871658325195
0.0788339376449585
0.07899588346481323
0.07905067503452301
0.0789562463760376
0.07873639464378357
0.07903788983821869
0.0789995938539505
0.07847616076469421
0.07807725667953491
0.0781947523355484
0.07834745198488235
0.07782553881406784
0.07785964757204056
0.07750383764505386
0.0774291530251503
0.07703211158514023
0.07741758972406387
0.07750197499990463
0.07754352688789368
0.07711087912321091
0.07741810381412506
0.07711799442768097
0.07757597416639328
0.07737395912408829
0.0776849016547203
0.0781048908829689
0.07778686285018921
0.07777925580739975
0.07796226441860199
0.07776491343975067
0.07785255461931229
0.07791706174612045
0.07742956280708313
0.07707066833972931
0.077202208340168
0.07793194055557251
0.07799689471721649
0.07801403850317001
0.07789784669876099
0.07781683653593063
0.07711464911699295
0.07755531370639801
0.07810451090335846
0.07728192955255508
0.07714712619781494
0.07691612839698792
0.07646956294775009
0.07738452404737473
0.07710487395524979
0.07721246033906937
0.07736226171255112
0.07751285284757614
0.07738219946622849
0.07767704129219055
0.07762470841407776
0.07734408229589462
0.07723885774612427
0.07743684202432632
0.07759511470794678
0.07727430015802383
0.07722984999418259
0.07757247239351273
0.07768914103507996
0.07753933221101761
0.07726165652275085
0.07775833457708359
0.07778295874595642
0.07774518430233002
0.0777869001030922
0.07724469900131226
0.07681043446063995
0.07670381665229797
0.07691331952810287
0.07705500721931458
0.07747921347618103
0.07697580009698868
0.0771876871585846
0.07668409496545792
0.07715992629528046
0.07768063992261887
0.07771056145429611
0.07752328366041183
0.07809820771217346
0.07813585549592972
0.07822190225124359
0.07791539281606674
0.07762858271598816
0.07802025973796844
0.07794111967086792
0.07767167687416077
0.0780426487326622
0.07830802351236343
0.0782516747713089
0.07814854383468628
0.07800222188234329
0.07769974321126938
0.07786773890256882
0.07764232903718948
0.07773430645465851
0.07765652984380722
0.07741641253232956
0.07802529633045197
0.07739896327257156
0.07788203656673431
0.07772846519947052
0.07724039256572723
0.0769912526011467
0.07757645100355148
0.07748130708932877
0.07773495465517044
0.07777203619480133
0.07757210731506348
0.07723888009786606
0.07766778767108917
0.07753279060125351
0.07758629322052002
0.07761402428150177
0.07670649141073227
0.07705343514680862
0.07712728530168533
0.07718755304813385
0.07736412435770035
0.07711317390203476
0.0768737941980362
0.07709982991218567
0.07680357992649078
0.07670744508504868
0.07690690457820892
0.07709328085184097
0.07687951624393463
0.07688108086585999
0.07694758474826813
0.07656262814998627
0.07658791542053223
0.07631096988916397
0.07598915696144104
0.07585305720567703
0.07603185623884201
0.07574199885129929
0.07584627717733383
0.07571826875209808
0.07595605403184891
0.07658849656581879
0.07636652141809464
0.07624803483486176
0.0765606090426445
0.07648685574531555
0.07584823668003082
0.07625363022089005
0.07661118358373642
0.07683541625738144
0.07724490761756897
0.07735077291727066
0.07752887904644012
0.07726936787366867
0.07727828621864319
0.07739204168319702
0.07718406617641449
0.07674454152584076
0.07654687762260437
0.07622982561588287
0.07638472318649292
0.07657667249441147
0.0768168717622757
0.0769578069448471
0.07653003931045532
0.07671650499105453
0.07684909552335739
0.07694289833307266
0.07697644829750061
0.07678387314081192
0.07688537240028381
0.07714389264583588
0.07684092223644257
0.07717595994472504
0.07719636708498001
0.07717032730579376
0.07714139670133591
0.07701569050550461
0.07679612934589386
0.07686671614646912
0.07687234878540039
0.07703923434019089
0.07694219052791595
0.07672815024852753
0.07733677327632904
0.07724521309137344
0.07710257917642593
0.07726885378360748
0.07720990478992462
0.076717309653759
0.07659496366977692
0.076675646007061
0.0763372853398323
0.07621577382087708
0.07631704956293106
0.07635580748319626
0.07678461819887161
0.07666697353124619
0.07648710161447525
0.07633695751428604
0.07623334974050522
0.0763905867934227
0.07615726441144943
0.07658745348453522
0.0764756128191948
0.07644013315439224
0.07648512721061707
0.07641948759555817
0.07719575613737106
0.07747966051101685
0.07757800817489624
0.07726947218179703
0.07729002088308334
0.07754134386777878
0.07734332978725433
0.07728660106658936
0.07739650458097458
0.07744549959897995
0.07722724974155426
0.07672666013240814
0.07664037495851517
0.0765003189444542
0.07722368091344833
0.07710269093513489
0.07717162370681763
0.07655801624059677
0.07665412873029709
0.07650036364793777
0.07671231031417847
0.07648664712905884
0.07618550211191177
0.07640943676233292
0.0764155238866806
0.07631086558103561
0.07604631036520004
0.07642987370491028
0.07644470036029816
0.07618477195501328
0.07627100497484207
0.07681233435869217
0.07663734257221222
0.07702457159757614
0.07712339609861374
0.07731760293245316
0.0771426260471344
0.07751227170228958
0.07719743996858597
0.07686251401901245
0.07692757248878479
0.07692468911409378
0.07672780007123947
0.07692831754684448
0.07777465879917145
0.0782596692442894
0.07771778106689453
0.07723438739776611
0.07720639556646347
0.07747124135494232
0.07775288075208664
0.07756277173757553
0.0776764303445816
0.07732114940881729
0.07721341401338577
0.0773206427693367
0.07762964814901352
0.07752488553524017
0.07732414454221725
0.07711819559335709
0.07697203755378723
0.07704275101423264
0.07716172933578491
0.07757405191659927
0.07780769467353821
0.07807257026433945
0.07800701260566711
0.07815860956907272
0.07782918214797974
0.0781894400715828
0.07780709862709045
0.07782173156738281
0.07786808907985687
0.07781699299812317
0.0776752308011055
0.07785075902938843
0.0779447928071022
0.07787715643644333
0.07734813541173935
0.07744934409856796
0.07747752219438553
0.0773790180683136
0.07755366712808609
0.0772036761045456
0.07731744647026062
0.07712891697883606
0.077350914478302
0.07717122882604599
0.07781049609184265
0.07810940593481064
0.07825584709644318
0.07849189639091492
0.0783524438738823
0.0786612406373024
0.07862232625484467
0.07850559055805206
0.0784463956952095
0.07874184101819992
0.07841401547193527
0.07879888266324997
0.07852638512849808
0.07829319685697556
0.07802104204893112
0.07799813896417618
0.07818253338336945
0.07858258485794067
0.07916127145290375
0.07930684834718704
0.0796046033501625
0.0795724093914032
0.0793834924697876
0.07917977124452591
0.07928872108459473
0.07963405549526215
0.07957407832145691
0.07918081432580948
0.07962943613529205
0.07970090210437775
0.07935451716184616
0.07901822775602341
0.07959441095590591
0.07979433983564377
0.07979460805654526
0.07990933209657669
0.07974886894226074
0.07993318885564804
0.07998631149530411
0.0803523138165474
0.08052786439657211
0.08038466423749924
0.08033877611160278
0.080112986266613
0.08013051003217697
0.07986133545637131
0.08016350865364075
0.08009707927703857
0.08061286807060242
0.08021435886621475
0.08022180199623108
0.08075252920389175
0.08068937808275223
0.0804508775472641
0.08046440780162811
0.08079448342323303
0.08051466196775436
0.08035096526145935
0.0806824117898941
0.08080554753541946
0.08120886981487274
0.08097890764474869
0.08086531609296799
0.08091256767511368
0.08044307678937912
0.08062319457530975
0.08029461652040482
0.08030311018228531
0.08072090893983841
0.08052141219377518
0.08046133816242218
0.08120250701904297
0.0807032510638237
0.08047276735305786
0.08058188110589981
0.0804058238863945
0.08074028044939041
0.08067603409290314
0.08117308467626572
0.08118105679750443
0.08182503283023834
0.08154825866222382
0.08165061473846436
0.0820181742310524
0.08189001679420471
0.08175448328256607
0.08180949091911316
0.08160223066806793
0.08159886300563812
0.08214938640594482
0.08224093914031982
0.08230164647102356
0.08264832943677902
0.08299493789672852
0.08297327905893326
0.08298474550247192
0.08346422761678696
0.08301148563623428
0.0829985961318016
0.08324437588453293
0.08308099955320358
0.08288534730672836
0.08246992528438568
0.08281870931386948
0.08259212225675583
0.08273821324110031
0.08286335319280624
0.0829382836818695
0.08304297178983688
0.08309855312108994
0.08326397836208344
0.08312182128429413
0.08284793794155121
0.08253175020217896
0.08256036788225174
0.08276432752609253
0.08253815025091171
0.08274942636489868
0.08272886276245117
0.08288697153329849
0.08283964544534683
0.0829588770866394
0.08309649676084518
0.0834769457578659
0.08301849663257599
0.08334886282682419
0.08353155851364136
0.08341693133115768
0.08288032561540604
0.08305695652961731
0.08315271884202957
0.08358321338891983
0.08440151810646057
0.0846075564622879
0.08480904996395111
0.08477847278118134
0.08460505306720734
0.08470133692026138
0.08467373996973038
0.0843200758099556
0.08470653742551804
0.08439599722623825
0.084317147731781
0.08480439335107803
0.08528076112270355
0.08517814427614212
0.08527079969644547
0.08488649129867554
0.08533310145139694
0.08516090363264084
0.08526109904050827
0.08504343032836914
0.08484330028295517
0.08507481962442398
0.08520825952291489
0.08460357040166855
0.08445625007152557
0.08533404767513275
0.08526016771793365
0.08586764335632324
0.08582498878240585
0.0858875960111618
0.08498863130807877
0.08508230000734329
0.08547542989253998
0.08554583787918091
0.08565444499254227
0.08524647355079651
0.08498387038707733
0.08523451536893845
0.08590299636125565
0.0866856649518013
0.08643210679292679
0.0863836333155632
0.08689380437135696
0.08763077855110168
0.08699306100606918
0.08749036490917206
0.08702734857797623
0.08682819455862045
0.08700498193502426
0.08720332384109497
0.08707672357559204
0.08748655766248703
0.08747676759958267
0.0877395048737526
0.08814993500709534
0.08864942938089371
0.08891793340444565
0.08914647251367569
0.08951308578252792
0.08942589908838272
0.09040370583534241
0.09015249460935593
0.09034381061792374
0.09005776792764664
0.09020785987377167
0.08981199562549591
0.08973979949951172
0.0901976227760315
0.08986780047416687
0.08977983891963959
0.09032302349805832
0.09054317325353622
0.09109992533922195
0.09065977483987808
0.09084516763687134
0.09081599116325378
0.09087668359279633
0.09121888130903244
0.0916675254702568
0.09137869626283646
0.09204183518886566
0.09148924052715302
0.09212430566549301
0.09190722554922104
0.09158769994974136
0.09154670685529709
0.09143108129501343
0.09178248792886734
0.09203462302684784
0.09178660064935684
0.09190674126148224
0.09134527295827866
0.0914115160703659
0.09183819591999054
0.09153331071138382
0.09160121530294418
0.09221869707107544
0.09212367236614227
0.09262444078922272
0.09207139164209366
0.0924108698964119
0.09202591329813004
0.0929739847779274
0.09305551648139954
0.09325133264064789
0.09372846782207489
0.09342989325523376
0.09379119426012039
0.0938275009393692
0.09398994594812393
0.0942574143409729
0.09381040185689926
0.09459894895553589
0.09494490921497345
0.09450383484363556
0.0937943384051323
0.09410601854324341
0.09427772462368011
0.09501821547746658
0.09563970565795898
0.0965396910905838
0.09580552577972412
0.09545806050300598
0.09498699009418488
0.09561540931463242
0.09584086388349533
0.0958823412656784
0.09525227546691895
0.09538601338863373
0.09548136591911316
0.0955856591463089
0.09594376385211945
0.09646087884902954
0.0971512719988823
0.09766072779893875
0.0975179672241211
0.0976681113243103
0.09789809584617615
0.09855500608682632
0.09876181930303574
0.09957429021596909
0.0999409481883049
0.10010376572608948
0.1003120020031929
0.09990445524454117
0.09957122802734375
0.10002540051937103
0.09954719990491867
0.09925602376461029
0.09945356845855713
0.09962212294340134
0.09994969516992569
0.09987752884626389
0.09963864088058472
0.10033367574214935
0.10059300065040588
0.10110718756914139
0.10188023000955582
0.10228096693754196
0.10325910151004791
0.10321888327598572
0.10348152369260788
0.10372817516326904
0.1027967557311058
0.10276199877262115
0.10265319049358368
0.1027367115020752
0.10289902985095978
0.1031411662697792
0.10254095494747162
0.10285085439682007
0.10323210060596466
0.10338462144136429
0.1034855842590332
0.10355966538190842
0.10379287600517273
0.10360217839479446
0.10406100004911423
0.10416457056999207
0.10438457131385803
0.10483447462320328
0.10548041760921478
0.10514777153730392
0.1050211563706398
0.10537375509738922
0.10552569478750229
0.10545133054256439
0.10515275597572327
0.10585799068212509
0.10625587403774261
0.10680032521486282
0.1077684685587883
0.10765550285577774
0.10718879848718643
0.10727792978286743
0.10761881619691849
0.10841479897499084
0.10887105017900467
0.10848496109247208
0.10798665136098862
0.10765335708856583
0.10779398679733276
0.10743401199579239
0.10785294324159622
0.1082838773727417
0.10859251022338867
0.10871121287345886
0.10892516374588013
0.10881108790636063
0.10958293825387955
0.10953014343976974
0.11004091054201126
0.10983293503522873
0.1101761981844902
0.11126375943422318
0.11112562566995621
0.11061883717775345
0.11101123690605164
0.11117522418498993
0.11157230287790298
0.11209401488304138
0.11288371682167053
0.11296631395816803
0.11287611722946167
0.11306220293045044
0.11308010667562485
0.11341741681098938
0.11413580179214478
0.11559657007455826
0.11583865433931351
0.11619707196950912
0.11571082472801208
0.11605317890644073
0.1163446307182312
0.11648831516504288
0.11575257033109665
0.11574506014585495
0.11649690568447113
0.11614925414323807
0.1162569522857666
0.11590205132961273
0.11612093448638916
0.11686963587999344
0.11738193035125732
0.11804181337356567
0.1188092827796936
0.11923497915267944
0.11925692856311798
0.11868327111005783
0.11843225359916687
0.11827994138002396
0.11887075752019882
0.11899326741695404
0.11985427141189575
0.12019369006156921
0.12088461220264435
0.12036649882793427
0.12029556930065155
0.12064027786254883
0.12094394117593765
0.12130532413721085
0.12141634523868561
0.12056521326303482
0.12140752375125885
0.12187328189611435
0.12207268923521042
0.12283457815647125
0.12222769111394882
0.12236741930246353
0.12305725365877151
0.12293186038732529
0.12275785207748413
0.12262792885303497
0.12301650643348694
0.12279310822486877
0.12254024296998978
0.12237542867660522
0.12259840965270996
0.12374875694513321
0.12394920736551285
0.12434086203575134
0.1246737390756607
0.12573279440402985
0.12596867978572845
0.12559816241264343
0.12578067183494568
0.1264425367116928
0.1263236403465271
0.1261453479528427
0.12582284212112427
0.12542758882045746
0.12643855810165405
0.1269759088754654
0.1274672895669937
0.12738002836704254
0.1279296725988388
0.1280192881822586
0.1284855157136917
0.12984997034072876
0.12933547794818878
0.12957285344600677
0.12945909798145294
0.13041198253631592
0.13055729866027832
0.1303871124982834
0.13144832849502563
0.13130438327789307
0.13153685629367828
0.13144606351852417
0.13248056173324585
0.13271546363830566
0.1336405873298645
0.13401396572589874
0.1332990825176239
0.1336372196674347
0.13331642746925354
0.1333526223897934
0.13342709839344025
0.1335008144378662
0.13397184014320374
0.1337364763021469
0.1332230120897293
0.13388210535049438
0.13379733264446259
0.1336892694234848
0.134818896651268
0.1347954273223877
0.134548157453537
0.13434186577796936
0.1351686269044876
0.13620638847351074
0.13654109835624695
0.13642743229866028
0.13600723445415497
0.13664697110652924
0.13683384656906128
0.13655109703540802
0.13730286061763763
0.1385243684053421
0.137798473238945
0.1379278004169464
0.1382281631231308
0.13844729959964752
0.139580637216568
0.1403353214263916
0.13967911899089813
0.1394723355770111
0.13939125835895538
0.13982905447483063
0.14050835371017456
0.1398661881685257
0.14080755412578583
0.1412789672613144
0.14167074859142303
0.14284446835517883
0.14321157336235046
0.14390279352664948
0.14452213048934937
0.143660306930542
0.14403900504112244
0.1447281837463379
0.1453644335269928
0.14491009712219238
0.14522840082645416
0.1458629071712494
0.1461557149887085
0.1456787884235382
0.14587165415287018
0.14602796733379364
0.14667049050331116
0.14698396623134613
0.14563106000423431
0.14591890573501587
0.14588463306427002
0.14609482884407043
0.14659027755260468
0.1464490443468094
0.14690908789634705
0.14728207886219025
0.14738628268241882
0.14786650240421295
0.14900727570056915
0.1496197134256363
0.1505667269229889
0.15095621347427368
0.15127991139888763
0.15126538276672363
0.1515023410320282
0.15136851370334625
0.15183228254318237
0.15211202204227448
0.1526114046573639
0.15178421139717102
0.1522218883037567
0.15237125754356384
0.15248283743858337
0.15255053341388702
0.15345022082328796
0.15391111373901367
0.15397028625011444
0.1543184220790863
0.1546257734298706
0.15446539223194122
0.15497812628746033
0.1559385359287262
0.1559762954711914
0.1557338386774063
0.15626798570156097
0.15589024126529694
0.15641488134860992
0.15722621977329254
0.156715527176857
0.15775670111179352
0.15726543962955475
0.15825903415679932
0.1584618091583252
0.15870408713817596
0.15885667502880096
0.15879490971565247
0.1598096489906311
0.16095252335071564
0.16041934490203857
0.15971896052360535
0.15925343334674835
0.15949124097824097
0.1602330058813095
0.16059881448745728
0.16082710027694702
0.161148801445961
0.16142013669013977
0.1611814796924591
0.16160009801387787
0.16184963285923004
0.16239266097545624
0.16307879984378815
0.1641198694705963
0.16495287418365479
0.16514891386032104
0.16525530815124512
0.16577257215976715
0.16518007218837738
0.1656506508588791
0.16646124422550201
0.16666902601718903
0.1664322167634964
0.1662924736738205
0.16663023829460144
0.16727781295776367
0.16765165328979492
0.16749215126037598
0.16924305260181427
0.17018243670463562
0.1697918325662613
0.16965289413928986
0.16992487013339996
0.16956043243408203
0.17070253193378448
0.1707938313484192
0.1708887368440628
0.170750230550766
0.17006807029247284
0.17008458077907562
0.17153939604759216
0.1708153784275055
0.17129839956760406
0.17066870629787445
0.1711694747209549
0.17178934812545776
0.1735687255859375
0.1737905591726303
0.17432351410388947
0.17490661144256592
0.17454132437705994
0.17417410016059875
0.17529380321502686
0.17540192604064941
0.1764795482158661
0.17593322694301605
0.1768047958612442
0.17700278759002686
0.17798306047916412
0.17886348068714142
0.17870691418647766
0.1785823404788971
0.1782686710357666
0.1782144010066986
0.1780044138431549
0.17849770188331604
0.17791590094566345
0.17850206792354584
0.17971014976501465
0.1795053482055664
0.1798766553401947
0.18013551831245422
0.18100276589393616
0.1814395934343338
0.18114697933197021
0.18080264329910278
0.1815294623374939
0.18174391984939575
0.18209314346313477
0.18265871703624725
0.18304385244846344
0.18318767845630646
0.18385347723960876
0.18417321145534515
0.18491551280021667
0.18388427793979645
0.18456098437309265
0.18453821539878845
0.1852707415819168
0.18584959208965302
0.1865340918302536
0.18603558838367462
0.18677257001399994
0.18709315359592438
0.18757151067256927
0.1882050484418869
0.18732157349586487
0.18673944473266602
0.18715906143188477
0.18736442923545837
0.18711835145950317
0.187307670712471
0.18767738342285156
0.18843974173069
0.18789641559123993
0.1880362629890442
0.18891136348247528
0.18832895159721375
0.1898655742406845
0.1900392323732376
0.1908034086227417
0.19236762821674347
0.19288861751556396
0.193266823887825
0.19311188161373138
0.1931723654270172
0.1924748569726944
0.19210714101791382
0.19209636747837067
0.19202478229999542
0.19211453199386597
0.19255580008029938
0.19309550523757935
0.1930091679096222
0.19345876574516296
0.1937304139137268
0.19360941648483276
0.19439999759197235
0.19495199620723724
0.19456951320171356
0.19558890163898468
0.1960470974445343
0.1964680552482605
0.19590283930301666
0.19648633897304535
0.19664406776428223
0.19629636406898499
0.1965702772140503
0.1965274065732956
0.19698001444339752
0.19754932820796967
0.1988774538040161
0.19991430640220642
0.199989914894104
0.20031702518463135
0.19980838894844055
0.20000149309635162
0.19985738396644592
0.20134702324867249
0.20252010226249695
0.2024080455303192
0.20231375098228455
0.20269446074962616
0.20318132638931274
0.203648179769516
0.2036844789981842
0.20441372692584991
0.2047232687473297
0.2054882049560547
0.20519934594631195
0.20636524260044098
0.20744584500789642
0.2074245661497116
0.20761510729789734
0.20722325146198273
0.20782437920570374
0.20836995542049408
0.20825734734535217
0.2086290866136551
0.20867550373077393
0.20928992331027985
0.20957118272781372
0.20996370911598206
0.21045218408107758
0.2111322432756424
0.21165724098682404
0.21098323166370392
0.2110663652420044
0.21149635314941406
0.2114076018333435
0.21117831766605377
0.21107082068920135
0.21174122393131256
0.21184328198432922
0.21209512650966644
0.21253721415996552
0.2127084732055664
0.21396397054195404
0.2147546261548996
0.21341758966445923
0.21301162242889404
0.2131098508834839
0.21328912675380707
0.21403832733631134
0.2142893522977829
0.21519869565963745
0.21528086066246033
0.2160089612007141
0.216122567653656
0.21678845584392548
0.21789874136447906
0.21791259944438934
0.21745498478412628
0.21658731997013092
0.21731305122375488
0.21829001605510712
0.21811099350452423
0.218508780002594
0.21965835988521576
0.22023996710777283
0.22040671110153198
0.22033226490020752
0.2210858017206192
0.22140944004058838
0.2215362787246704
0.2213800549507141
0.2210204154253006
0.2212606519460678
0.22195054590702057
0.2216426134109497
0.2223246842622757
0.22170257568359375
0.22262410819530487
0.2227584272623062
0.22338512539863586
0.22409862279891968
0.22423948347568512
0.22494234144687653
0.22607173025608063
0.22619394958019257
0.22646385431289673
0.2276066392660141
0.22773243486881256
0.22741936147212982
0.2276967465877533
0.22788764536380768
0.22830544412136078
0.22844451665878296
0.2299772948026657
0.23047423362731934
0.23087440431118011
0.23101700842380524
0.23040364682674408
0.23054338991641998
0.23070569336414337
0.2311108261346817
0.23099039494991302
0.23072321712970734
0.23059889674186707
0.23047316074371338
0.23141390085220337
0.23137842118740082
0.2312021702528
0.2316988706588745
0.2313985824584961
0.23155681788921356
0.2324572652578354
0.23285776376724243
0.23315410315990448
0.23315784335136414
0.23300792276859283
0.23285813629627228
0.23337140679359436
0.23350584506988525
0.23335514962673187
0.23448403179645538
0.2356945276260376
0.23718003928661346
0.2373090535402298
0.23837493360042572
0.23910410702228546
0.23929286003112793
0.24017250537872314
0.24000906944274902
0.24050939083099365
0.2406981885433197
0.2416313737630844
0.24152186512947083
0.24171659350395203
0.2409912645816803
0.2400015890598297
0.2391841858625412
0.23934142291545868
0.2398512214422226
0.24086728692054749
0.2410089373588562
0.24177099764347076
0.2416180819272995
0.24259376525878906
0.24314194917678833
0.24334783852100372
0.2438674122095108
0.24420864880084991
0.24429142475128174
0.2447417974472046
0.24523736536502838
0.24538156390190125
0.24469499289989471
0.2443852573633194
0.2446383684873581
0.24500998854637146
0.24620689451694489
0.24627548456192017
0.24704718589782715
0.24792972207069397
0.24869073927402496
0.24803921580314636
0.24861696362495422
0.24918349087238312
0.2483033388853073
0.24856095016002655
0.24827207624912262
0.24773932993412018
0.24827980995178223
0.24981246888637543
0.24959808588027954
0.25058990716934204
0.2502664625644684
0.2518254518508911
0.2521452009677887
0.25224196910858154
0.2521817684173584
0.2527278661727905
0.25316092371940613
0.25243079662323
0.2533932626247406
0.25326627492904663
0.25334733724594116
0.25318312644958496
0.25238117575645447
0.25173506140708923
0.2517516314983368
0.2527347207069397
0.253162682056427
0.2538907825946808
0.25477248430252075
0.2549850046634674
0.25525712966918945
0.2555842399597168
0.255814790725708
0.2562250792980194
0.25612905621528625
0.2561025321483612
0.25622105598449707
0.2563169002532959
0.25735044479370117
0.25704896450042725
0.25752297043800354
0.2574138939380646
0.2573562264442444
0.25877460837364197
0.2586227059364319
0.25812360644340515
0.25933772325515747
0.25984781980514526
0.25937315821647644
0.2602868676185608
0.26004451513290405
0.2596159279346466
0.2605343461036682
0.26076164841651917
0.261421799659729
0.26244208216667175
0.2629682123661041
0.26254990696907043
0.2627406120300293
0.2631300985813141
0.26307985186576843
0.262920081615448
0.2627713978290558
0.2626236081123352
0.262471079826355
0.26305699348449707
0.26351648569107056
0.26403874158859253
0.2640729546546936
0.26532140374183655
0.2655686140060425
0.26625335216522217
0.26662880182266235
0.2667619585990906
0.26723405718803406
0.2665477693080902
0.2670114040374756
0.26742836833000183
0.26786985993385315
0.26819759607315063
0.2692340612411499
0.26832863688468933
0.2684716284275055
0.26765018701553345
0.26796191930770874
0.2676372230052948
0.26755449175834656
0.2687769830226898
0.268128901720047
0.2686147689819336
0.2683885991573334
0.2683032155036926
0.26857635378837585
0.26901185512542725
0.2694699168205261
0.2703348994255066
0.2702820301055908
0.27022549510002136
0.27039819955825806
0.2700602114200592
0.27028951048851013
0.2706064283847809
0.2707004249095917
0.2712835371494293
0.27221062779426575
0.2726515531539917
0.2726355195045471
0.27445119619369507
0.27414044737815857
0.2745789587497711
0.2743843197822571
0.2755107581615448
0.2761029899120331
0.2761499881744385
0.2753170430660248
0.2751235365867615
0.2750474810600281
0.2752893567085266
0.27584344148635864
0.27610164880752563
0.27656805515289307
0.2775649130344391
0.2777295708656311
0.2776467204093933
0.2785090208053589
0.277814656496048
0.277981162071228
0.27763116359710693
0.2782815992832184
0.2789933681488037
0.2791358232498169
0.2799849510192871
0.2794283628463745
0.27983763813972473
0.28083986043930054
0.2802542448043823
0.28119757771492004
0.2810293734073639
0.28040143847465515
0.28029677271842957
0.2809467017650604
0.28134554624557495
0.2815925180912018
0.2820676267147064
0.28224486112594604
0.2816522717475891
0.28171268105506897
0.2826769948005676
0.2824140787124634
0.2829841673374176
0.283677339553833
0.2845427691936493
0.28448188304901123
0.2848002314567566
0.28372782468795776
0.28460395336151123
0.2851177453994751
0.28512299060821533
0.28440600633621216
0.2850789427757263
0.28447845578193665
0.28434497117996216
0.2845357358455658
0.2850794494152069
0.28590771555900574
0.28618124127388
0.28707629442214966
0.28658849000930786
0.2866191565990448
0.28754305839538574
0.2887466549873352
0.2887440025806427
0.2885299324989319
0.28921452164649963
0.28894779086112976
0.2886802554130554
0.2887175977230072
0.28799256682395935
0.28833916783332825
0.2887347340583801
0.28871235251426697
0.2878992557525635
0.28842630982398987
0.2894609570503235
0.2904788851737976
0.29034489393234253
0.29049113392829895
0.2903958559036255
0.2910364270210266
0.29098764061927795
0.29092031717300415
0.29126977920532227
0.29126349091529846
0.2913624346256256
0.2911268472671509
0.29167234897613525
0.2917225956916809
0.29133331775665283
0.29144465923309326
0.291427880525589
0.2924237549304962
0.292822927236557
0.29329636693000793
0.29379451274871826
0.2943683862686157
0.2945587635040283
0.29396066069602966
0.2934030592441559
0.29308056831359863
0.292751669883728
0.29248008131980896
0.29356497526168823
0.2938452959060669
0.29431673884391785
0.2950906455516815
0.29475197196006775
0.29580795764923096
0.2953607439994812
0.2951345443725586
0.2953800559043884
0.295772910118103
0.29554957151412964
0.2959534823894501
0.2959637939929962
0.2965630888938904
0.29704931378364563
0.29746028780937195
0.2971128821372986
0.29677677154541016
0.296246200799942
0.2963768243789673
0.29712867736816406
0.2969995439052582
0.29763293266296387
0.2982012629508972
0.29881709814071655
0.2987416684627533
0.29948174953460693
0.29972290992736816
0.2992229759693146
0.2989400029182434
0.29859668016433716
0.2995133697986603
0.2999343276023865
0.30006110668182373
0.3001617193222046
0.30007773637771606
0.3005887269973755
0.3008337914943695
0.30037176609039307
0.30117127299308777
0.300693154335022
0.30116164684295654
0.3014243245124817
0.301929771900177
0.3018619418144226
0.30206865072250366
0.30234295129776
0.3024836480617523
0.30311691761016846
0.30291780829429626
0.3021690249443054
0.3017396330833435
0.30257734656333923
0.3034171462059021
0.30321529507637024
0.3034963011741638
0.30308014154434204
0.3041708469390869
0.3034597635269165
0.3024013340473175
0.3025776743888855
0.30192095041275024
0.3017217218875885
0.30163121223449707
0.30210360884666443
0.30166885256767273
0.3023640215396881
0.30181974172592163
0.30294719338417053
0.3035193979740143
0.30302906036376953
0.3031429052352905
0.3037118911743164
0.3038512170314789
0.3043960928916931
0.3044394850730896
0.3035617172718048
0.3035193383693695
0.3036882281303406
0.30355843901634216
0.3033578097820282
0.3027823567390442
0.30389806628227234
0.3044538199901581
0.3040692210197449
0.30430319905281067
0.3046053349971771
0.3048485815525055
0.3051958382129669
0.3052629232406616
0.30631041526794434
0.3060910701751709
0.30552083253860474
0.30509325861930847
0.30589354038238525
0.3065643012523651
0.3062777817249298
0.30642446875572205
0.3069690465927124
0.30676838755607605
0.3068508505821228
0.3063827157020569
0.30687832832336426
0.30620303750038147
0.30622145533561707
0.3063100278377533
0.30682316422462463
0.3071292042732239
0.30720335245132446
0.3074108362197876
0.30695581436157227
0.30843061208724976
0.3085310161113739
0.3080916702747345
0.30791348218917847
0.3080310821533203
0.3079051077365875
0.30702146887779236
0.3079390525817871
0.30874788761138916
0.3082718253135681
0.3081437051296234
0.30786240100860596
0.3074208199977875
0.3085581362247467
0.30889496207237244
0.30892693996429443
0.3095382750034332
0.30885085463523865
0.3090342879295349
0.30921244621276855
0.3090696632862091
0.30782049894332886
0.30783286690711975
0.30831241607666016
0.308940589427948
0.3087553083896637
0.3090401887893677
0.3093949258327484
0.30978354811668396
0.3091719150543213
0.3087625503540039
0.30897167325019836
0.30935603380203247
0.3096066415309906
0.30923551321029663
0.30909448862075806
0.3097712993621826
0.3083905875682831
0.30964529514312744
0.3098593056201935
0.30987465381622314
0.3103908896446228
0.30995336174964905
0.31069278717041016
0.3103623390197754
0.3103095591068268
0.31044402718544006
0.30953148007392883
0.3100759983062744
0.3105854094028473
0.31094473600387573
0.30969545245170593
0.3102855086326599
0.31054291129112244
0.31132638454437256
0.3111504316329956
0.3108060657978058
0.3106301724910736
0.31085893511772156
0.3108258545398712
0.3101416826248169
0.3103155791759491
0.3091483414173126
0.30972227454185486
0.309797465801239
0.3096216320991516
0.3105616271495819
0.31045594811439514
0.31075045466423035
0.3110775947570801
0.31099116802215576
0.31018415093421936
0.3103967308998108
0.3109351396560669
0.31204721331596375
0.3123950958251953
0.31276142597198486
0.31297942996025085
0.31349506974220276
0.3127050995826721
0.3121645748615265
0.3115077614784241
0.3118525445461273
0.3107297718524933
0.3110612630844116
0.3105444312095642
0.3103381395339966
0.30948713421821594
0.30926278233528137
0.31017637252807617
0.31113263964653015
0.3108125329017639
0.31128230690956116
0.3115571141242981
0.31204062700271606
0.311698853969574
0.3115895092487335
0.3109253942966461
0.31148141622543335
0.3112914562225342
0.31237906217575073
0.31180262565612793
0.31248676776885986
0.31135261058807373
0.3108917772769928
0.3114474415779114
0.31135672330856323
0.31041190028190613
0.31081604957580566
0.3115522861480713
0.31130433082580566
0.3113246262073517
0.3106237053871155
0.3107983469963074
0.3106651306152344
0.311501145362854
0.3112473487854004
0.31142112612724304
0.3113822638988495
0.31219232082366943
0.3119608163833618
0.3117545545101166
0.3128012418746948
0.3126193583011627
0.3132209777832031
0.3129405975341797
0.3116590678691864
0.31164124608039856
0.31145811080932617
0.31114068627357483
0.31102845072746277
0.3113650977611542
0.311145156621933
0.3111777603626251
0.3112058937549591
0.31189587712287903
0.31251898407936096
0.31156495213508606
0.3112967312335968
0.31162911653518677
0.31149983406066895
0.31249701976776123
0.3129417300224304
0.31342411041259766
0.31358325481414795
0.31371280550956726
0.3132815361022949
0.313018798828125
0.3116679787635803
0.3112736940383911
0.3116205930709839
0.3115798532962799
0.31224775314331055
0.31308668851852417
0.3127005398273468
0.3129974603652954
0.31428295373916626
0.31435394287109375
0.3145598769187927
0.31500890851020813
0.3146805167198181
0.3150154650211334
0.3144911229610443
0.3140479624271393
0.31389403343200684
0.3138951063156128
0.31347882747650146
0.31215766072273254
0.3123965561389923
0.311862587928772
0.3130602240562439
0.31302598118782043
0.31428322196006775
0.31185784935951233
0.3114152252674103
0.31108585000038147
0.3102450668811798
0.3098624050617218
0.3102766275405884
0.31070366501808167
0.31025710701942444
0.31043827533721924
0.3095366358757019
0.31075939536094666
0.3114812672138214
0.31094086170196533
0.3120734691619873
0.3115972876548767
0.3111512064933777
0.3110106885433197
0.31091004610061646
0.31135544180870056
0.31011998653411865
0.30976083874702454
0.3100230395793915
0.3103385865688324
0.3104161322116852
0.30944445729255676
0.3101835250854492
0.31079840660095215
0.31114205718040466
0.31039077043533325
0.3107447326183319
0.31039097905158997
0.31068962812423706
0.30958884954452515
0.30924156308174133
0.30893760919570923
0.30989477038383484
0.3085687756538391
0.30840474367141724
0.308305025100708
0.3091232180595398
0.3082538843154907
0.3089706301689148
0.30863842368125916
0.30918705463409424
0.30979618430137634
0.30977359414100647
0.31069299578666687
0.3105165958404541
0.3108690083026886
0.31049293279647827
0.30982473492622375
0.31020206212997437
0.30982252955436707
0.3084484934806824
0.3082836866378784
0.30825042724609375
0.3078654110431671
0.30805033445358276
0.3076728880405426
0.3079630434513092
0.3089061379432678
0.30932095646858215
0.30985286831855774
0.30978506803512573
0.3101254105567932
0.3106110095977783
0.3107680380344391
0.30938318371772766
0.309404581785202
0.30940908193588257
0.3088226914405823
0.3087356686592102
0.308694064617157
0.3077293038368225
0.3071025013923645
0.3067721426486969
0.30697494745254517
0.30724388360977173
0.30809450149536133
0.307717889547348
0.3074553906917572
0.3077065646648407
0.3084896206855774
0.3082693815231323
0.3083636462688446
0.30802467465400696
0.3083236813545227
0.30851829051971436
0.3087441325187683
0.3088153600692749
0.30764511227607727
0.30726736783981323
0.3078397512435913
0.3080696165561676
0.3075956404209137
0.30666184425354004
0.30734333395957947
0.3065398037433624
0.3063962161540985
0.3061847388744354
0.3055063486099243
0.3061041235923767
0.3059927225112915
0.3063681125640869
0.30608686804771423
0.3065391182899475
0.3059127926826477
0.3059527575969696
0.3062518239021301
0.3056164085865021
0.3057718276977539
0.3066413700580597
0.3075413703918457
0.30772095918655396
0.3069765269756317
0.3067922592163086
0.30598169565200806
0.3061724603176117
0.3048463761806488
0.30504855513572693
0.3053842782974243
0.3051450848579407
0.30472368001937866
0.3054085373878479
0.3035327196121216
0.3033381998538971
0.303398996591568
0.30344003438949585
0.30327022075653076
0.30272021889686584
0.30217328667640686
0.3019472360610962
0.30159738659858704
0.3022916615009308
0.3021466135978699
0.30188292264938354
0.301231324672699
0.301278680562973
0.30082419514656067
0.3004668056964874
0.3009738624095917
0.3011291027069092
0.3011326789855957
0.3013470768928528
0.30056533217430115
0.30071473121643066
0.3015685975551605
0.30105409026145935
0.30203089118003845
0.3019159138202667
0.3014547526836395
0.3014783263206482
0.30158179998397827
0.3020772635936737
0.3017417788505554
0.3003632724285126
0.30092692375183105
0.3003734350204468
0.30050230026245117
0.30117863416671753
0.30077850818634033
0.30118563771247864
0.3007424473762512
0.30102458596229553
0.3000606894493103
0.29990869760513306
0.2997245192527771
0.2996142506599426
0.2984277606010437
0.2985081076622009
0.2986190915107727
0.2976996600627899
0.29811081290245056
0.2997973561286926
0.3006255030632019
0.29980671405792236
0.299407035112381
0.2985902726650238
0.2977597117424011
0.2977498471736908
0.29820379614830017
0.29761576652526855
0.29752129316329956
0.29634442925453186
0.29731816053390503
0.29732948541641235
0.2968265116214752
0.29706090688705444
0.2961865961551666
0.29568397998809814
0.2962086796760559
0.2960810661315918
0.29635003209114075
0.29663166403770447
0.2960401773452759
0.29591381549835205
0.2963191866874695
0.2953468859195709
0.2957746088504791
0.296660453081131
0.2963275909423828
0.2959077060222626
0.29622575640678406
0.2957376539707184
0.2950938642024994
0.29421648383140564
0.29452675580978394
0.29345810413360596
0.29411789774894714
0.29357782006263733
0.29332613945007324
0.2934732735157013
0.29387417435646057
0.2940366268157959
0.2943151295185089
0.29321855306625366
0.29334643483161926
0.29335644841194153
0.29280975461006165
0.29301247000694275
0.2928480803966522
0.2933468222618103
0.2929886281490326
0.2924468517303467
0.29235929250717163
0.2912217080593109
0.29146260023117065
0.29176682233810425
0.2923473119735718
0.29175516963005066
0.29078295826911926
0.2907086908817291
0.2901407778263092
0.29182153940200806
0.29100024700164795
0.29156550765037537
0.2915342152118683
0.2921525537967682
0.29137563705444336
0.2909761667251587
0.29110220074653625
0.29058051109313965
0.29012155532836914
0.2904265820980072
0.28940799832344055
0.28987786173820496
0.28856417536735535
0.2881782650947571
0.28753846883773804
0.28722673654556274
0.2876695692539215
0.2871796190738678
0.28656554222106934
0.287106454372406
0.28644293546676636
0.2868582606315613
0.28603506088256836
0.28640300035476685
0.286338210105896
0.2866514027118683
0.2872340977191925
0.28681889176368713
0.286374568939209
0.2860598862171173
0.2859472930431366
0.2853478193283081
0.2846483886241913
0.2837114930152893
0.2847852408885956
0.28385695815086365
0.2846309542655945
0.28449365496635437
0.28497055172920227
0.2848741412162781
0.28538671135902405
0.28518545627593994
0.2853718400001526
0.28490787744522095
0.28517937660217285
0.28418105840682983
0.28394660353660583
0.28367629647254944
0.28310632705688477
0.2830536365509033
0.283036470413208
0.2829245328903198
0.28285109996795654
0.2826065719127655
0.28309905529022217
0.2824762165546417
0.2815247178077698
0.28147611021995544
0.28040921688079834
0.2805079519748688
0.27939948439598083
0.2789129614830017
0.2785036563873291
0.27825817465782166
0.27801793813705444
0.2787154018878937
0.27898281812667847
0.27929791808128357
0.27957025170326233
0.2787333130836487
0.2794411778450012
0.27914783358573914
0.27801060676574707
0.27762797474861145
0.2775968611240387
0.27823880314826965
0.27873897552490234
0.27744659781455994
0.2762635350227356
0.2757020890712738
0.2761930227279663
0.276160329580307
0.2767823040485382
0.27656376361846924
0.2769836485385895
0.27552148699760437
0.2760586142539978
0.27753737568855286
0.27745750546455383
0.2771582007408142
0.27649813890457153
0.2760348320007324
0.2767016589641571
0.2773961126804352
0.27697914838790894
0.27595752477645874
0.27507105469703674
0.27457132935523987
0.2753024101257324
0.27466049790382385
0.27404120564460754
0.27487704157829285
0.2744743824005127
0.2742944657802582
0.2738454043865204
0.27434584498405457
0.2741762399673462
0.27449721097946167
0.27356263995170593
0.2738510072231293
0.27295801043510437
0.27315136790275574
0.27227261662483215
0.2728201448917389
0.272763729095459
0.2725166380405426
0.27257513999938965
0.27201080322265625
0.27178093791007996
0.2720664143562317
0.27165210247039795
0.27071741223335266
0.2710316479206085
0.2704841196537018
0.27034804224967957
0.27000483870506287
0.2707652747631073
0.27036166191101074
0.2696033716201782
0.2681569457054138
0.2678966522216797
0.26921403408050537
0.26954519748687744
0.2689821124076843
0.2688349485397339
0.26782557368278503
0.26761844754219055
0.26748746633529663
0.26673048734664917
0.26659101247787476
0.2673582136631012
0.2677045166492462
0.2668006420135498
0.26645493507385254
0.2665693759918213
0.26530134677886963
0.2652752697467804
0.2650490999221802
0.2643572986125946
0.2649845778942108
0.2645851969718933
0.2638990879058838
0.26401251554489136
0.26415449380874634
0.2640073895454407
0.2639589011669159
0.2642894685268402
0.2631508708000183
0.26301470398902893
0.26298248767852783
0.2623598575592041
0.26225656270980835
0.2615639269351959
0.2622729539871216
0.26248598098754883
0.26165837049484253
0.26224157214164734
0.26165521144866943
0.2608945667743683
0.2610355317592621
0.26104840636253357
0.261059045791626
0.2611147165298462
0.26046326756477356
0.2602018713951111
0.2600158751010895
0.2601224482059479
0.25874611735343933
0.2589588165283203
0.2586401402950287
0.25843244791030884
0.25893884897232056
0.25904807448387146
0.25932472944259644
0.258932501077652
0.25879478454589844
0.2580370008945465
0.2577607035636902
0.2576057016849518
0.2577379643917084
0.25661569833755493
0.2572437524795532
0.2570073902606964
0.25681138038635254
0.25597208738327026
0.2563217580318451
0.2559623718261719
0.2545927166938782
0.25513431429862976
0.2547057867050171
0.254494845867157
0.2551175355911255
0.25533339381217957
0.25529739260673523
0.2551001012325287
0.2550128996372223
0.25529181957244873
0.25481271743774414
0.2537437677383423
0.2539631724357605
0.253258615732193
0.2538888156414032
0.2533825933933258
0.2535143196582794
0.2540973424911499
0.2524416744709015
0.2518817186355591
0.2518080174922943
0.2516905665397644
0.25108692049980164
0.2508174479007721
0.25104108452796936
0.251364141702652
0.25197139382362366
0.2508428692817688
0.25000810623168945
0.2507319450378418
0.2506495714187622
0.24931330978870392
0.2495381236076355
0.2491026222705841
0.24891424179077148
0.24967114627361298
0.24849310517311096
0.2491375207901001
0.24903623759746552
0.24766387045383453
0.24674084782600403
0.2459646463394165
0.24691236019134521
0.24713066220283508
0.246857687830925
0.2474353015422821
0.247889444231987
0.24734355509281158
0.2463916838169098
0.24673239886760712
0.24688327312469482
0.24651113152503967
0.2462722361087799
0.24557673931121826
0.24585141241550446
0.24595870077610016
0.2460336685180664
0.2451450377702713
0.24526213109493256
0.24508489668369293
0.2450004518032074
0.24457122385501862
0.2441607117652893
0.24376563727855682
0.244012251496315
0.2434469759464264
0.24323707818984985
0.24284571409225464
0.24202127754688263
0.24295733869075775
0.24333617091178894
0.2428668886423111
0.24203714728355408
0.24193164706230164
0.24218393862247467
0.242147296667099
0.24138347804546356
0.2398817092180252
0.24072596430778503
0.24115560948848724
0.24061556160449982
0.24041646718978882
0.23943032324314117
0.2382596880197525
0.23935838043689728
0.23872911930084229
0.23933912813663483
0.23915457725524902
0.23907238245010376
0.23772120475769043
0.2378910779953003
0.23699766397476196
0.23762166500091553
0.23806506395339966
0.23823218047618866
0.2380295842885971
0.23797184228897095
0.23719395697116852
0.23662009835243225
0.23729167878627777
0.23710036277770996
0.23651930689811707
0.235726460814476
0.23580047488212585
0.23583129048347473
0.23513254523277283
0.23495043814182281
0.23430903255939484
0.23333251476287842
0.23333773016929626
0.23286223411560059
0.23188550770282745
0.23209531605243683
0.23209726810455322
0.23151752352714539
0.2315189391374588
0.23239406943321228
0.23176856338977814
0.23080170154571533
0.23039501905441284
0.23030665516853333
0.22994692623615265
0.22999118268489838
0.23009951412677765
0.2301170825958252
0.2299843281507492
0.2291690707206726
0.2293892353773117
0.22892725467681885
0.22793985903263092
0.22751347720623016
0.22789599001407623
0.22696538269519806
0.2276204526424408
0.22775813937187195
0.22752892971038818
0.2268296629190445
0.22665002942085266
0.22711995244026184
0.2264121174812317
0.2247985154390335
0.2256404012441635
0.2249150574207306
0.22462031245231628
0.22447186708450317
0.2249697744846344
0.22394779324531555
0.22367313504219055
0.2241634875535965
0.22435271739959717
0.22438190877437592
0.22353556752204895
0.22269801795482635
0.22330854833126068
0.22333817183971405
0.22271393239498138
0.22206677496433258
0.22230735421180725
0.221597820520401
0.22263461351394653
0.22142380475997925
0.22047507762908936
0.22062291204929352
0.22155015170574188
0.22052119672298431
0.22135373950004578
0.22136428952217102
0.2205849289894104
0.2200120985507965
0.21934229135513306
0.21957653760910034
0.21944068372249603
0.2175174206495285
0.21824389696121216
0.2184237390756607
0.21751224994659424
0.21731799840927124
0.21685631573200226
0.21723292768001556
0.21658389270305634
0.2164062112569809
0.2164665013551712
0.21567665040493011
0.2166861742734909
0.21649214625358582
0.21536928415298462
0.21623297035694122
0.21634818613529205
0.21638357639312744
0.2160388082265854
0.21555092930793762
0.21519163250923157
0.21447314321994781
0.2141140103340149
0.21477261185646057
0.2141934037208557
0.2142554670572281
0.2137543261051178
0.21383605897426605
0.21367166936397552
0.21350713074207306
0.2133534550666809
0.21265937387943268
0.21223321557044983
0.21126031875610352
0.2119201272726059
0.2119484394788742
0.21189862489700317
0.21097025275230408
0.21050198376178741
0.20908503234386444
0.20881035923957825
0.20886556804180145
0.20974156260490417
0.21010291576385498
0.21022425591945648
0.2102935016155243
0.21067087352275848
0.20969952642917633
0.20866791903972626
0.20755170285701752
0.20743323862552643
0.20695427060127258
0.20594020187854767
0.206094428896904
0.20550571382045746
0.20560868084430695
0.20613126456737518
0.20572200417518616
0.20524543523788452
0.2056584507226944
0.20598243176937103
0.20515868067741394
0.20431752502918243
0.20470938086509705
0.20494605600833893
0.2051485925912857
0.2044045776128769
0.20448346436023712
0.20408281683921814
0.20399753749370575
0.20378708839416504
0.2035863697528839
0.2032604217529297
0.2034054398536682
0.20285749435424805
0.20311982929706573
0.20247873663902283
0.20220647752285004
0.20177382230758667
0.202091246843338
0.20161929726600647
0.20047740638256073
0.20090575516223907
0.20045550167560577
0.20061559975147247
0.20050746202468872
0.20025569200515747
0.2001209408044815
0.20052358508110046
0.1998162418603897
0.19898837804794312
0.19763506948947906
0.19773711264133453
0.19678747653961182
0.19720400869846344
0.1969165802001953
0.1958429366350174
0.19575606286525726
0.19557394087314606
0.1954163908958435
0.19537381827831268
0.19591964781284332
0.19589951634407043
0.19554221630096436
0.19463728368282318
0.19446688890457153
0.19413216412067413
0.19385261833667755
0.19364112615585327
0.19470293819904327
0.1945749670267105
0.19462735950946808
0.194679394364357
0.1936747133731842
0.19369487464427948
0.19266989827156067
0.1929713636636734
0.19251467287540436
0.19266241788864136
0.19333337247371674
0.19348867237567902
0.19379374384880066
0.19319482147693634
0.19214259088039398
0.19243654608726501
0.19201676547527313
0.1922266036272049
0.19245943427085876
0.19164980947971344
0.19109943509101868
0.19087402522563934
0.1905127614736557
0.18977226316928864
0.1896701604127884
0.18971532583236694
0.1899999976158142
0.18987762928009033
0.18920736014842987
0.1885870397090912
0.18843193352222443
0.18803274631500244
0.1879292130470276
0.18815182149410248
0.1883871853351593
0.1886902153491974
0.18811531364917755
0.18712493777275085
0.18723613023757935
0.18738725781440735
0.18630921840667725
0.18570652604103088
0.18500740826129913
0.18493537604808807
0.18422308564186096
0.1837623417377472
0.18463823199272156
0.18462608754634857
0.18340836465358734
0.1834493726491928
0.1835852414369583
0.18337373435497284
0.18372009694576263
0.18334485590457916
0.1832028478384018
0.1835751086473465
0.1824973076581955
0.18239067494869232
0.18151894211769104
0.18209534883499146
0.1829308271408081
0.18255916237831116
0.18135659396648407
0.18060767650604248
0.1800370067358017
0.17890605330467224
0.17882667481899261
0.17972397804260254
0.1791619062423706
0.1785597801208496
0.1784059852361679
0.1769268959760666
0.1778886467218399
0.1772589236497879
0.1768271028995514
0.17774981260299683
0.17779089510440826
0.17787344753742218
0.1781330108642578
0.17790628969669342
0.17765472829341888
0.1770797222852707
0.17721618711948395
0.17672815918922424
0.17648254334926605
0.17669682204723358
0.17611801624298096
0.175657719373703
0.17456533014774323
0.17458918690681458
0.17363785207271576
0.1740097850561142
0.1742604821920395
0.17411711812019348
0.1740456223487854
0.17447112500667572
0.17381156980991364
0.1727340966463089
0.17266997694969177
0.17258724570274353
0.1719849854707718
0.17191748321056366
0.17143350839614868
0.17152568697929382
0.17144238948822021
0.17124682664871216
0.1715809553861618
0.17130005359649658
0.17152829468250275
0.1706329584121704
0.17077544331550598
0.17096732556819916
0.1706889271736145
0.16929589211940765
0.16960705816745758
0.16928841173648834
0.16847167909145355
0.16777744889259338
0.16757050156593323
0.1667654663324356
0.16729244589805603
0.16746388375759125
0.16695481538772583
0.1663830578327179
0.16630476713180542
0.1667291820049286
0.1667363941669464
0.16581286489963531
0.16638405621051788
0.16665184497833252
0.16621185839176178
0.16599904000759125
0.16526126861572266
0.16506606340408325
0.16543738543987274
0.164247527718544
0.1641770303249359
0.1640981286764145
0.16403989493846893
0.16397041082382202
0.16397413611412048
0.1640716940164566
0.16400183737277985
0.16310995817184448
0.1629812866449356
0.16366422176361084
0.16335201263427734
0.1627374291419983
0.16207969188690186
0.16238375008106232
0.16232633590698242
0.16175003349781036
0.161800354719162
0.16179461777210236
0.16108781099319458
0.1606217622756958
0.16095437109470367
0.16096727550029755
0.16096346080303192
0.1608518362045288
0.16040781140327454
0.16079819202423096
0.16050128638744354
0.16057446599006653
0.15950976312160492
0.15929585695266724
0.15952172875404358
0.15965411067008972
0.15921059250831604
0.1584949642419815
0.1585906445980072
0.1584341675043106
0.1574714034795761
0.15866750478744507
0.15855051577091217
0.1581314206123352
0.15733030438423157
0.15657472610473633
0.1564050167798996
0.15690509974956512
0.15594692528247833
0.15558603405952454
0.1546219289302826
0.15447960793972015
0.15443703532218933
0.15491105616092682
0.15379011631011963
0.15414252877235413
0.15480409562587738
0.15495288372039795
0.1551649272441864
0.15377408266067505
0.1535693258047104
0.15242214500904083
0.15179522335529327
0.15200254321098328
0.15178707242012024
0.15267279744148254
0.15293796360492706
0.15197435021400452
0.15149812400341034
0.1512802243232727
0.15098287165164948
0.15149083733558655
0.15148742496967316
0.1509130746126175
0.15164093673229218
0.15194040536880493
0.1511377990245819
0.1509382426738739
0.1508191078901291
0.15139394998550415
0.15074604749679565
0.1506708711385727
0.14999504387378693
0.1499592810869217
0.1498907059431076
0.148794487118721
0.1483686864376068
0.14724613726139069
0.14698047935962677
0.1480441838502884
0.1475776731967926
0.1475268453359604
0.14783959090709686
0.14746101200580597
0.14740270376205444
0.14757589995861053
0.1476019024848938
0.147817462682724
0.14740008115768433
0.14630456268787384
0.14644072949886322
0.14640098810195923
0.14600558578968048
0.14657215774059296
0.14642944931983948
0.14637242257595062
0.14619186520576477
0.14638319611549377
0.14620459079742432
0.1464538872241974
0.1468924880027771
0.14576780796051025
0.14553432166576385
0.1451120376586914
0.14433136582374573
0.14349989593029022
0.14412790536880493
0.1435835212469101
0.14307071268558502
0.1428629606962204
0.1431785225868225
0.1426132619380951
0.14196206629276276
0.14258313179016113
0.1416977345943451
0.14127451181411743
0.14104314148426056
0.1402193307876587
0.14030693471431732
0.14012844860553741
0.1401270031929016
0.13958948850631714
0.139291450381279
0.1392710655927658
0.13913801312446594
0.1396280825138092
0.13995155692100525
0.1399400234222412
0.13960307836532593
0.1391112506389618
0.13970036804676056
0.13943088054656982
0.13898707926273346
0.1385834962129593
0.13891862332820892
0.13860192894935608
0.138269305229187
0.13817408680915833
0.13758888840675354
0.13745030760765076
0.13771295547485352
0.13747334480285645
0.13685251772403717
0.13624635338783264
0.13638758659362793
0.1363670974969864
0.1364441215991974
0.135529562830925
0.13499559462070465
0.13426126539707184
0.13396216928958893
0.13373109698295593
0.1339809000492096
0.13369816541671753
0.1343112736940384
0.13432562351226807
0.13400611281394958
0.13386762142181396
0.1334438920021057
0.13337372243404388
0.13361644744873047
0.13366511464118958
0.13304711878299713
0.13259387016296387
0.13321533799171448
0.13339845836162567
0.1334119737148285
0.1334691345691681
0.1327686756849289
0.13208669424057007
0.13167375326156616
0.13112740218639374
0.13113386929035187
0.13051773607730865
0.1309911608695984
0.13093183934688568
0.13033980131149292
0.13015377521514893
0.13022154569625854
0.13009753823280334
0.12951621413230896
0.12952405214309692
0.12983107566833496
0.1296330690383911
0.12990419566631317
0.12997397780418396
0.12889814376831055
0.12845437228679657
0.12825140357017517
0.12825597822666168
0.12908844649791718
0.12941938638687134
0.128773033618927
0.12878043949604034
0.12799346446990967
0.1273219734430313
0.1268206238746643
0.12654970586299896
0.1268649399280548
0.12711486220359802
0.12703797221183777
0.12696503102779388
0.12646853923797607
0.12611721456050873
0.1265881210565567
0.12641878426074982
0.12550917267799377
0.1250249594449997
0.1253024786710739
0.12490006536245346
0.1250918060541153
0.12482733279466629
0.12476091831922531
0.1247137114405632
0.12426556646823883
0.12489763647317886
0.12457723170518875
0.12464380264282227
0.1241261288523674
0.12394944578409195
0.12308211624622345
0.12277957797050476
0.12269670516252518
0.12197345495223999
0.12273083627223969
0.12298715114593506
0.1229005753993988
0.12232490628957748
0.12304046005010605
0.12202941626310349
0.1224660649895668
0.122484490275383
0.12210649251937866
0.1216864362359047
0.12181536853313446
0.12164110690355301
0.12200312316417694
0.12183427065610886
0.12190774083137512
0.12079526484012604
0.12019846588373184
0.12057805061340332
0.12050062417984009
0.12061679363250732
0.12005262076854706
0.11994493007659912
0.11981521546840668
0.1196717619895935
0.11997666209936142
0.11972559243440628
0.11999990046024323
0.11974413692951202
0.11905567348003387
0.11933998018503189
0.11924760788679123
0.11910182237625122
0.11924531310796738
0.11913271248340607
0.11952891945838928
0.11915935575962067
0.11841841042041779
0.1183401346206665
0.11794142425060272
0.11862558871507645
0.1181587427854538
0.11834501475095749
0.11795958131551743
0.11866263300180435
0.11843077838420868
0.11763227730989456
0.11774617433547974
0.11806762218475342
0.11715671420097351
0.11701849848031998
0.11629465967416763
0.1162276640534401
0.11726196110248566
0.11748047918081284
0.1174272894859314
0.11769051104784012
0.11714863032102585
0.1170254498720169
0.11743860691785812
0.11730287969112396
0.11691539734601974
0.1171187162399292
0.11670316755771637
0.11682267487049103
0.11630482971668243
0.11551035195589066
0.11492067575454712
0.11435665935277939
0.11393260955810547
0.11446871608495712
0.1141633689403534
0.11388417333364487
0.11418067663908005
0.11399856209754944
0.11409172415733337
0.11359819769859314
0.11352639645338058
0.11361513286828995
0.11365452408790588
0.113450787961483
0.11356212943792343
0.11341778188943863
0.11292199045419693
0.11291317641735077
0.11206074804067612
0.11207306385040283
0.1122700572013855
0.11241818964481354
0.11265478283166885
0.1122996062040329
0.11228479444980621
0.11190638691186905
0.11196678876876831
0.1118803545832634
0.11205455660820007
0.11208437383174896
0.11187338829040527
0.11120050400495529
0.11163799464702606
0.11191766709089279
0.11167436093091965
0.11191853135824203
0.11185131222009659
0.11180249601602554
0.11178012937307358
0.11130230128765106
0.1110600158572197
0.11107691377401352
0.11086450517177582
0.11067934334278107
0.11024748533964157
0.11028378456830978
0.11023759096860886
0.11005670577287674
0.10989032685756683
0.10961227864027023
0.10949822515249252
0.10933130979537964
0.10883717983961105
0.10872507840394974
0.10873817652463913
0.1086728498339653
0.10841318219900131
0.10891540348529816
0.10878831893205643
