0.13023175299167633
0.14098817110061646
0.14215828478336334
0.14224819839000702
0.14232474565505981
0.14233160018920898
0.14204704761505127
0.14184318482875824
0.14148394763469696
0.1411154717206955
0.1410050094127655
0.14094138145446777
0.14070376753807068
0.14076603949069977
0.14052808284759521
0.13996195793151855
0.13970372080802917
0.13913899660110474
0.1389017105102539
0.13854575157165527
0.13824103772640228
0.13801103830337524
0.13760636746883392
0.13729141652584076
0.13691605627536774
0.1363234519958496
0.13602551817893982
0.13562889397144318
0.1352948099374771
0.13472673296928406
0.13443544507026672
0.1339295655488968
0.1331634223461151
0.13238291442394257
0.13193105161190033
0.1316206008195877
0.13147234916687012
0.13096663355827332
0.13065718114376068
0.1301969587802887
0.12966948747634888
0.1290701925754547
0.1286533623933792
0.1283690184354782
0.1275971382856369
0.12729209661483765
0.1265638768672943
0.12609291076660156
0.1253712922334671
0.12509052455425262
0.12478915601968765
0.12431575357913971
0.12354576587677002
0.12302475422620773
0.12201336026191711
0.12150800228118896
0.12083150446414948
0.12047527730464935
0.11965444684028625
0.11898976564407349
0.11830165982246399
0.11784598976373672
0.11767604202032089
0.11706720292568207
0.11615874618291855
0.1157124787569046
0.1151372492313385
0.11450071632862091
0.11410000920295715
0.11347901076078415
0.1130295842885971
0.11241614818572998
0.11170400679111481
0.11142390221357346
0.11104268580675125
0.11030694842338562
0.10959929972887039
0.10886494070291519
0.10812195390462875
0.10710258036851883
0.1063879132270813
0.10547226667404175
0.10481294244527817
0.10405417531728745
0.1033252626657486
0.10287229716777802
0.1022316962480545
0.10176795721054077
0.10118082910776138
0.10064394026994705
0.10002295672893524
0.09958294034004211
0.09906475245952606
0.09844275563955307
0.09781083464622498
0.09698808193206787
0.09651824086904526
0.09570521861314774
0.09490598738193512
0.09444542974233627
0.09406369924545288
0.09319981187582016
0.09266012161970139
0.0922103226184845
0.09147055447101593
0.0906510129570961
0.08995527029037476
0.0894792303442955
0.089180126786232
0.08840122818946838
0.08784184604883194
0.08733519166707993
0.08686498552560806
0.0862898901104927
0.08566004037857056
0.08523175865411758
0.0846034586429596
0.08386591821908951
0.08340112119913101
0.08324673026800156
0.08257200568914413
0.08213622868061066
0.08157654106616974
0.08102601021528244
0.08068503439426422
0.0803084746003151
0.07988961786031723
0.07960305362939835
0.07922646403312683
0.07867395132780075
0.07846087217330933
0.0783015564084053
0.07806403189897537
0.07789742201566696
0.07786939293146133
0.0777687132358551
0.07747825980186462
0.07744438946247101
0.0774664580821991
0.07728228718042374
0.07732678949832916
0.0776127427816391
0.07763295620679855
0.07770075649023056
0.0781187191605568
0.07857491075992584
0.07877624779939651
0.07911752909421921
0.07946963608264923
0.07957572489976883
0.0798754021525383
0.08033717423677444
0.08046277612447739
0.08112939447164536
0.08131877332925797
0.08169365674257278
0.08269347250461578
0.08321862667798996
0.08421728014945984
0.08503790199756622
0.08521038293838501
0.0858844742178917
0.08638687431812286
0.0869465246796608
0.08801427483558655
0.0889180600643158
0.08965804427862167
0.08980905264616013
0.09045758098363876
0.0912911668419838
0.09213931858539581
0.09250593185424805
0.09309551864862442
0.09374795109033585
0.09411139786243439
0.09493948519229889
0.09527954459190369
0.09581340104341507
0.09678418189287186
0.09746915102005005
0.09780877828598022
0.09846668690443039
0.09893792867660522
0.09929908812046051
0.10014627873897552
0.10076390951871872
0.1016620621085167
0.10207051783800125
0.10242137312889099
0.10285895317792892
0.10349418967962265
0.10428449511528015
0.10466916114091873
0.10504511743783951
0.1054590567946434
0.10584763437509537
0.10610228031873703
0.10677135735750198
0.10725262761116028
0.10804124921560287
0.1084635779261589
0.10932064801454544
0.10948874801397324
0.11003648489713669
0.11048606038093567
0.111261747777462
0.11162742227315903
0.1120707169175148
0.11220140010118484
0.11263195425271988
0.11312033981084824
0.11364540457725525
0.11420448124408722
0.1145598366856575
0.11508625745773315
0.11577951163053513
0.11603961884975433
0.11619433760643005
0.11645342409610748
0.11663682013750076
0.11679109185934067
0.1167699471116066
0.11724287271499634
0.11701875180006027
0.11729153245687485
0.11746691912412643
0.11788131296634674
0.11801706254482269
0.11769217997789383
0.11769936233758926
0.11766223609447479
0.1178872361779213
0.11780781298875809
0.11800409108400345
0.11811479181051254
0.11844756454229355
0.11847005039453506
0.11834798008203506
0.11836514621973038
0.11851955205202103
0.11823946237564087
0.11842084676027298
0.11880482733249664
0.1190156415104866
0.11884750425815582
0.11903779208660126
0.11903872340917587
0.11905273795127869
0.11919458955526352
0.1185915619134903
0.11867964267730713
0.11857433617115021
0.11849215626716614
0.11849068105220795
0.11884177476167679
0.11890707165002823
0.11896957457065582
0.11888018250465393
0.11858122050762177
0.11872268468141556
0.11891807615756989
0.11912960559129715
0.11918727308511734
0.11913380771875381
0.11916739493608475
0.1192660704255104
0.11909333616495132
0.1192786693572998
0.11918163299560547
0.11898128688335419
0.1191883459687233
0.11901704221963882
0.118976891040802
0.11906673014163971
0.11917495727539062
0.11913495510816574
0.11918497830629349
0.11914806813001633
0.1189277246594429
0.11897274851799011
0.1190163642168045
0.11864607781171799
0.11871199309825897
0.11893442273139954
0.11908522993326187
0.11902844160795212
0.11921487748622894
0.11929255723953247
0.11914066225290298
0.1194785013794899
0.11935723572969437
0.11961539089679718
0.11937004327774048
0.11940516531467438
0.11933612078428268
0.1191227063536644
0.11873000860214233
0.11832113564014435
0.11859846860170364
0.11807924509048462
0.11812272667884827
0.11803282052278519
0.1178976446390152
0.11771322041749954
0.11735301464796066
0.11719267815351486
0.11703044921159744
0.11728807538747787
0.117085762321949
0.11675930768251419
0.11693131923675537
0.11682100594043732
0.11698432266712189
0.11693450063467026
0.11660464107990265
0.1162799745798111
0.11584677547216415
0.1157473549246788
0.11565370857715607
0.11523663252592087
0.11478140205144882
0.11466473340988159
0.11477195471525192
0.114547498524189
0.11468038707971573
0.1141505241394043
0.1142197847366333
0.11418154835700989
0.1141987144947052
0.11402503401041031
0.11413601785898209
0.11414815485477448
0.11404366046190262
0.11374207586050034
0.11403530836105347
0.11400353908538818
0.11390543729066849
0.11383520811796188
0.11418760567903519
0.11401477456092834
0.11411584913730621
0.11394291371107101
0.1140933632850647
0.114118292927742
0.11443086713552475
0.11430099606513977
0.11450816690921783
0.11450482159852982
0.11434902995824814
0.11432267725467682
0.1145373210310936
0.11472948640584946
0.11489242315292358
0.11468854546546936
0.11485995352268219
0.11465872824192047
0.11449350416660309
0.11434304714202881
0.1145714670419693
0.11447543650865555
0.1142844557762146
0.11473587900400162
0.11473880708217621
0.11507457494735718
0.11472180485725403
0.1145777478814125
0.11484484374523163
0.11484525352716446
0.11485864222049713
0.11463376879692078
0.11466753482818604
0.11485369503498077
0.11514029651880264
0.11493732780218124
0.11488848179578781
0.11469156295061111
0.11458870768547058
0.11473233252763748
0.11459583044052124
0.11494932323694229
0.11508969962596893
0.11537037044763565
0.11524192988872528
0.11515799164772034
0.11524993926286697
0.11512637883424759
0.11524100601673126
0.11529259383678436
0.11493198573589325
0.11474655568599701
0.11490151286125183
0.11456132680177689
0.11498608440160751
0.11498870700597763
0.11483215540647507
0.11476420611143112
0.11506850272417068
0.11528413742780685
0.11549306660890579
0.11556291580200195
0.11563926935195923
0.11560633033514023
0.11553449928760529
0.11554833501577377
0.11589192599058151
0.11553891003131866
0.11540672928094864
0.11556456983089447
0.11571095138788223
0.11568181216716766
0.11558418720960617
0.1158050149679184
0.11598163843154907
0.11580298840999603
0.11609991639852524
0.11598226428031921
0.11602121591567993
0.11599744111299515
0.11594323813915253
0.11549335718154907
0.11550029367208481
0.11543024331331253
0.11531289666891098
0.11578957736492157
0.11595195531845093
0.115733802318573
0.1157938614487648
0.11561544984579086
0.11599402874708176
0.11595633625984192
0.11600010842084885
0.11601897329092026
0.11611007899045944
0.11582698673009872
0.11591962724924088
0.11607306450605392
0.11589553952217102
0.1162332072854042
0.1161477267742157
0.11624860763549805
0.11608465760946274
0.11605041474103928
0.11601080745458603
0.11567599326372147
0.11587920784950256
0.11609727144241333
0.11602240800857544
0.11611924320459366
0.11617118865251541
0.11645634472370148
0.11655306816101074
0.11678603291511536
0.1168760433793068
0.11704211682081223
0.11657466739416122
0.11700304597616196
0.11694255471229553
0.11681351810693741
0.11644001305103302
0.11687833815813065
0.11683324724435806
0.11691738665103912
0.1171087920665741
0.1171281635761261
0.11737263947725296
0.11736103892326355
0.11757271736860275
0.11754634976387024
0.11751743406057358
0.11763738840818405
0.11775921285152435
0.11735295504331589
0.11717095971107483
0.11707911640405655
0.11717928200960159
0.11716068536043167
0.11738359183073044
0.1174444779753685
0.11772951483726501
0.11776793003082275
0.1175026148557663
0.11721884459257126
0.11738765239715576
0.11726672202348709
0.11739737540483475
0.1172926053404808
0.11736184358596802
0.11746571213006973
0.11706408113241196
0.11727119982242584
0.11705820262432098
0.11725686490535736
0.1169571578502655
0.11708001792430878
0.11722338944673538
0.11748988926410675
0.11752943694591522
0.11748632043600082
0.11739542335271835
0.1177482083439827
0.11772685497999191
0.11774300038814545
0.11775173991918564
0.1175193190574646
0.11745283007621765
0.11752995103597641
0.11738143116235733
0.11720394343137741
0.11735218018293381
0.1169513538479805
0.11720320582389832
0.11713705956935883
0.11750517040491104
0.11736363917589188
0.11737828701734543
0.11750257760286331
0.11751769483089447
0.11764492839574814
0.11785900592803955
0.11805737018585205
0.11778538674116135
0.11814773082733154
0.1182444840669632
0.11785577982664108
0.11790458858013153
0.11798274517059326
0.11792729049921036
0.11788714677095413
0.11808481067419052
0.11788346618413925
0.11773484945297241
0.11783909052610397
0.11802539229393005
0.1179303303360939
0.11824605613946915
0.11800630390644073
0.11786272376775742
0.11768060177564621
0.11779908835887909
0.11783477663993835
0.11793527007102966
0.11799821257591248
0.11819025129079819
0.11840023100376129
0.1186537966132164
0.11900890618562698
0.11871439218521118
0.118793785572052
0.11863847821950912
0.1190190315246582
0.11928629130125046
0.11977433413267136
0.11990262567996979
0.11976458132266998
0.11926352977752686
0.11896490305662155
0.11908738315105438
0.11918793618679047
0.11905989795923233
0.11920514702796936
0.11941508948802948
0.11937494575977325
0.11953814327716827
0.11954611539840698
0.11979809403419495
0.11983650922775269
0.11953411996364594
0.11919507384300232
0.11896535754203796
0.11898136883974075
0.11875199526548386
0.1185397133231163
0.1181284561753273
0.1183578372001648
0.11818276345729828
0.11817659437656403
0.11862486600875854
0.11873142421245575
0.11918482184410095
0.11879922449588776
0.11934380233287811
0.11956679075956345
0.11961853504180908
0.11937599629163742
0.11916711926460266
0.11945174634456635
0.11943991482257843
0.11960908025503159
0.11952772736549377
0.11946667730808258
0.1193896010518074
0.11935807764530182
0.119633249938488
0.11964143812656403
0.11965983361005783
0.11963309347629547
0.11954421550035477
0.11989780515432358
0.1199692040681839
0.1196514368057251
0.11980623006820679
0.11999127268791199
0.11986523866653442
0.12016431987285614
0.12007974088191986
0.12037894874811172
0.11997231096029282
0.12017851322889328
0.12037236243486404
0.12023109197616577
0.1204572543501854
0.12022267282009125
0.12017765641212463
0.12057764083147049
0.12020143121480942
0.12039466947317123
0.12049403786659241
0.12051309645175934
0.12046614289283752
0.1208105981349945
0.1210705116391182
0.12098156660795212
0.1208999902009964
0.12099356204271317
0.1209946870803833
0.12138146162033081
0.1210893988609314
0.12140680849552155
0.1216333657503128
0.12148251384496689
0.12165546417236328
0.12166032940149307
0.12135578691959381
0.12148822844028473
0.1213969960808754
0.12161835283041
0.1216542199254036
0.12192588299512863
0.12140423059463501
0.12153656780719757
0.12127450108528137
0.12129233777523041
0.12115040421485901
0.12122815102338791
0.12120936065912247
0.12136296182870865
0.12153886258602142
0.12163282185792923
0.12150808423757553
0.12108546495437622
0.12127302587032318
0.12141024321317673
0.12133901566267014
0.12107411026954651
0.1212150976061821
0.12133479118347168
0.1213349774479866
0.12139749526977539
0.12119400501251221
0.12147008627653122
0.1213541328907013
0.12152113020420074
0.1214202418923378
0.1215420812368393
0.12175046652555466
0.12191254645586014
0.12181063741445541
0.12195280194282532
0.1221645176410675
0.1221376284956932
0.1222623884677887
0.12244244664907455
0.12236854434013367
0.1224977970123291
0.12213204801082611
0.12254998832941055
0.12240646034479141
0.12213346362113953
0.12173186242580414
0.12192035466432571
0.12195571511983871
0.12173537909984589
0.1219891682267189
0.1221926137804985
0.12225893884897232
0.12239011377096176
0.12282374501228333
0.1228606328368187
0.12278549373149872
0.12288400530815125
0.12298101931810379
0.12313435226678848
0.12316525727510452
0.12285569310188293
0.12299703806638718
0.1232120469212532
0.12306633591651917
0.12282200157642365
0.12315759807825089
0.12318830192089081
0.12337479740381241
0.12344983220100403
0.12361820042133331
0.12332688271999359
0.12344742566347122
0.12362337857484818
0.12337339669466019
0.12333939969539642
0.12362302839756012
0.12342950701713562
0.1233517974615097
0.12318728864192963
0.12321370840072632
0.1232512891292572
0.1235448569059372
0.1233387440443039
0.12351443618535995
0.12365438044071198
0.12344840168952942
0.12372123450040817
0.12358557432889938
0.12391413003206253
0.12413537502288818
0.12438603490591049
0.12459167838096619
0.12448137998580933
0.12435826659202576
0.12429816275835037
0.12406422942876816
0.12405874580144882
0.1239284873008728
0.1241830438375473
0.12386277318000793
0.12421179562807083
0.12407500296831131
0.12424831092357635
0.12460947036743164
0.12463323771953583
0.12442462146282196
0.12441564351320267
0.12435977160930634
0.12446800619363785
0.12456706166267395
0.12454279512166977
0.12433041632175446
0.1247190460562706
0.12469762563705444
0.12472657859325409
0.12461183220148087
0.1247488409280777
0.12514159083366394
0.1250668615102768
0.12484325468540192
0.12494155764579773
0.12488182634115219
0.1246502697467804
0.12495610117912292
0.12537595629692078
0.12519024312496185
0.12533585727214813
0.125015988945961
0.125149205327034
0.12479031831026077
0.12474571168422699
0.12461408972740173
0.12489813566207886
0.1250937432050705
0.12548020482063293
0.12549901008605957
0.12564027309417725
0.12578728795051575
0.12569411098957062
0.12575526535511017
0.12595073878765106
0.1257420778274536
0.12588195502758026
0.1259343922138214
0.1262650191783905
0.12649662792682648
0.12648680806159973
0.12646940350532532
0.12659719586372375
0.12685099244117737
0.12656943500041962
0.1264808624982834
0.1264578253030777
0.12640000879764557
0.12632517516613007
0.12631653249263763
0.12653757631778717
0.12681779265403748
0.1268349587917328
0.12677645683288574
0.12680980563163757
0.1268497109413147
0.1267932653427124
0.1267835795879364
0.1266946643590927
0.12672118842601776
0.12672869861125946
0.12681971490383148
0.12684518098831177
0.12729738652706146
0.12738478183746338
0.12732945382595062
0.12735886871814728
0.12747788429260254
0.12707963585853577
0.1266501247882843
0.12670379877090454
0.12703222036361694
0.12748554348945618
0.12765555083751678
0.12721966207027435
0.12712228298187256
0.12735822796821594
0.12733370065689087
0.1278557926416397
0.12753111124038696
0.1277112066745758
0.1275477111339569
0.12783171236515045
0.12767530977725983
0.1278686821460724
0.12805941700935364
0.128264918923378
0.12793347239494324
0.1278519183397293
0.1279512345790863
0.12795190513134003
0.12795034050941467
0.12808647751808167
0.1281888335943222
0.12852610647678375
0.12874794006347656
0.12891118228435516
0.12912514805793762
0.12873701751232147
0.12893280386924744
0.12873467803001404
0.1291482299566269
0.1293768584728241
0.12924706935882568
0.1288279891014099
0.12878860533237457
0.12878985702991486
0.12875941395759583
0.12875698506832123
0.1288868486881256
0.12886403501033783
0.12911877036094666
0.1294705867767334
0.12915238738059998
0.1289215385913849
0.1290043443441391
0.12902452051639557
0.12862113118171692
0.12844397127628326
0.12863637506961823
0.12881070375442505
0.1288161277770996
0.12892025709152222
0.12892238795757294
0.12911947071552277
0.12942340970039368
0.12961088120937347
0.1297961324453354
0.129792258143425
0.12966017425060272
0.12951935827732086
0.1295240968465805
0.1297273188829422
0.1298665702342987
0.12957201898097992
0.12943071126937866
0.12926314771175385
0.12943686544895172
0.1291571408510208
0.12951382994651794
0.13007722795009613
0.1301541030406952
0.13031305372714996
0.13062414526939392
0.13068364560604095
0.13038571178913116
0.1307135671377182
0.13078781962394714
0.13054685294628143
0.13062156736850739
0.13050559163093567
0.13058128952980042
0.13051247596740723
0.13076816499233246
0.1308116912841797
0.13078202307224274
0.13094277679920197
0.13117706775665283
0.13112768530845642
0.13101543486118317
0.1310497373342514
0.13088256120681763
0.13091842830181122
0.13090437650680542
0.131048321723938
0.13065870106220245
0.1307469755411148
0.13044078648090363
0.13063308596611023
0.1306222379207611
0.13063634932041168
0.1306152045726776
0.13113561272621155
0.13084650039672852
0.13120287656784058
0.13136045634746552
0.13164891302585602
0.13146963715553284
0.1316327601671219
0.13175684213638306
0.13194850087165833
0.13165001571178436
0.13180390000343323
0.13183893263339996
0.13187947869300842
0.13195501267910004
0.13237617909908295
0.13244019448757172
0.13255026936531067
0.13232800364494324
0.13221488893032074
0.13242948055267334
0.13243243098258972
0.1323397010564804
0.13208886981010437
0.1319606751203537
0.1319710910320282
0.13175001740455627
0.13210120797157288
0.1318918764591217
0.13229095935821533
0.13249075412750244
0.13217586278915405
0.13217248022556305
0.13242098689079285
0.13213102519512177
0.13201600313186646
0.1319090574979782
0.13201995193958282
0.13203392922878265
0.13219082355499268
0.13231225311756134
0.1322707235813141
0.13231925666332245
0.13229770958423615
0.13223327696323395
0.13233192265033722
0.1324077695608139
0.132602259516716
0.13281899690628052
0.13273052871227264
0.13292358815670013
0.1329594850540161
0.1327487677335739
0.13306468725204468
0.13340070843696594
0.1330929845571518
0.13295012712478638
0.13335463404655457
0.13335223495960236
0.13348734378814697
0.13366295397281647
0.13380560278892517
0.133711576461792
0.13393978774547577
0.13409510254859924
0.1339467465877533
0.13412383198738098
0.1342869997024536
0.13415127992630005
0.1340833306312561
0.1341067999601364
0.13404542207717896
0.1336139738559723
0.13367949426174164
0.13400188088417053
0.1341596394777298
0.13423745334148407
0.13415130972862244
0.13444913923740387
0.13464412093162537
0.13428056240081787
0.13433782756328583
0.13431017100811005
0.13432538509368896
0.13460111618041992
0.13443130254745483
0.13433942198753357
0.13459917902946472
0.13429364562034607
0.13408337533473969
0.134352907538414
0.13469818234443665
0.13490262627601624
0.13486766815185547
0.13501283526420593
0.13536947965621948
0.13578495383262634
0.13609130680561066
0.13576890528202057
0.13580060005187988
0.1358553022146225
0.13555364310741425
0.1357193887233734
0.1358058750629425
0.1360132247209549
0.13580144941806793
0.1355598270893097
0.13532093167304993
0.1354186236858368
0.13577736914157867
0.13555076718330383
0.13567882776260376
0.13581308722496033
0.13579508662223816
0.13581712543964386
0.13584351539611816
0.13615594804286957
0.13616718351840973
0.13606247305870056
0.13634957373142242
0.136399045586586
0.1363477110862732
0.13630162179470062
0.13592314720153809
0.13568344712257385
0.13543389737606049
0.135453999042511
0.13555088639259338
0.13607263565063477
0.13637061417102814
0.13646581768989563
0.1365077942609787
0.13674117624759674
0.13681472837924957
0.1364123374223709
0.13647165894508362
0.13636691868305206
0.13651710748672485
0.13643357157707214
0.13629589974880219
0.1366245299577713
0.1367502212524414
0.13701499998569489
0.13708186149597168
0.1373358964920044
0.13733522593975067
0.137160062789917
0.13686665892601013
0.13682568073272705
0.13668031990528107
0.1366020292043686
0.13731041550636292
0.13716253638267517
0.13726617395877838
0.13699482381343842
0.1373172551393509
0.1372353732585907
0.1372060626745224
0.13745169341564178
0.13758158683776855
0.13748526573181152
0.13739195466041565
0.13706575334072113
0.13720567524433136
0.13734303414821625
0.13750679790973663
0.13748255372047424
0.1374269723892212
0.13770724833011627
0.13780240714550018
0.1379062384366989
0.1376243382692337
0.1378594934940338
0.13803806900978088
0.13790877163410187
0.13804873824119568
0.13749846816062927
0.1374669075012207
0.13740842044353485
0.13736283779144287
0.13721735775470734
0.13741226494312286
0.13753777742385864
0.13793864846229553
0.13795159757137299
0.13774165511131287
0.1379791498184204
0.1379176527261734
0.13797563314437866
0.13805338740348816
0.13798703253269196
0.13848495483398438
0.1382366418838501
0.13848894834518433
0.13833673298358917
0.13838018476963043
0.1385234147310257
0.13846391439437866
0.13875854015350342
0.13898737728595734
0.13892944157123566
0.1392647624015808
0.13894274830818176
0.13918878138065338
0.1388641595840454
0.13871966302394867
0.1385790854692459
0.13868586719036102
0.13851389288902283
0.13873377442359924
0.13880625367164612
0.13860179483890533
0.1387636363506317
0.1386961042881012
0.1385522484779358
0.1386842429637909
0.13892553746700287
0.1389925181865692
0.13892240822315216
0.1396094113588333
0.13965773582458496
0.14012634754180908
0.14030136168003082
0.1400764286518097
0.13999737799167633
0.13969577848911285
0.13967272639274597
0.13967178761959076
0.1398465782403946
0.1396101862192154
0.13945378363132477
0.13964614272117615
0.13966421782970428
0.1399407833814621
0.14000177383422852
0.14011196792125702
0.1400502324104309
0.14012587070465088
0.14005421102046967
0.14047196507453918
0.14054657518863678
0.14061535894870758
0.14089751243591309
0.14118260145187378
0.14115236699581146
0.14120520651340485
0.14104975759983063
0.1410430520772934
0.14115966856479645
0.1411019265651703
0.14097431302070618
0.1411513388156891
0.14122751355171204
0.1410035789012909
0.14106762409210205
0.1411294788122177
0.1415044218301773
0.14171260595321655
0.14153669774532318
0.14118854701519012
0.14051192998886108
0.1407403200864792
0.1404680758714676
0.1406208872795105
0.1406221091747284
0.14065127074718475
0.14064309000968933
0.1406501680612564
0.14097286760807037
0.14103850722312927
0.1408991664648056
0.14121460914611816
0.14125078916549683
0.1412869691848755
0.14153939485549927
0.14122910797595978
0.14144982397556305
0.1412271410226822
0.14129960536956787
0.1414012312889099
0.1415082812309265
0.14181357622146606
0.14200490713119507
0.14185631275177002
0.14192043244838715
0.14146411418914795
0.14141535758972168
0.14096413552761078
0.14120535552501678
0.14144442975521088
0.14145898818969727
0.1413649022579193
0.1412135809659958
0.14129960536956787
0.141233429312706
0.14148974418640137
0.14191032946109772
0.14191992580890656
0.1417723149061203
0.14196917414665222
0.1421404480934143
0.14162468910217285
0.14174935221672058
0.14174558222293854
0.14162828028202057
0.14177225530147552
0.14189045131206512
0.1417749524116516
0.14152836799621582
0.14146065711975098
0.14162710309028625
0.14145763218402863
0.14129307866096497
0.14166997373104095
0.14212548732757568
0.14228194952011108
0.14253796637058258
0.14258092641830444
0.14265874028205872
0.14274092018604279
0.14277732372283936
0.1429232805967331
0.14321403205394745
0.14330725371837616
0.142714262008667
0.14248724281787872
0.14247573912143707
0.14300446212291718
0.1431058645248413
0.14345742762088776
0.14362752437591553
0.14369627833366394
0.14358378946781158
0.14380265772342682
0.14395764470100403
0.1436556726694107
0.14377570152282715
0.1436309665441513
0.14378872513771057
0.14381609857082367
0.14367572963237762
0.14331601560115814
0.1434899866580963
0.14317061007022858
0.14352747797966003
0.1434827297925949
0.14340315759181976
0.14342398941516876
0.1434895098209381
0.1438046097755432
0.1436428725719452
0.14378415048122406
0.14366337656974792
0.14340423047542572
0.14331068098545074
0.14340060949325562
0.14319486916065216
0.14329132437705994
0.14344246685504913
0.143392875790596
0.14338749647140503
0.14307107031345367
0.14330194890499115
0.14328482747077942
0.14320331811904907
0.1429360955953598
0.14290493726730347
0.14319512248039246
0.1434229612350464
0.14307600259780884
0.1428777277469635
0.14295725524425507
0.1433819681406021
0.14358699321746826
0.14372900128364563
0.1439860612154007
0.14415113627910614
0.14426617324352264
0.14398284256458282
0.1437423974275589
0.14391236007213593
0.1437242329120636
0.14367729425430298
0.14373141527175903
0.14397332072257996
0.1444844752550125
0.1444520801305771
0.144342839717865
0.14438316226005554
0.14408478140830994
0.1442544013261795
0.14439360797405243
0.1444518268108368
0.14439184963703156
0.14495804905891418
0.1448281705379486
0.14496777951717377
0.14508743584156036
0.14512161910533905
0.1448224037885666
0.14450521767139435
0.14454318583011627
0.14435364305973053
0.1440177857875824
0.14408567547798157
0.14442598819732666
0.14434723556041718
0.1445176899433136
0.1442343294620514
0.14398907124996185
0.14430150389671326
0.14440187811851501
0.14446547627449036
0.14461492002010345
0.14422494173049927
0.14437831938266754
0.14454476535320282
0.14473532140254974
0.14451377093791962
0.14435414969921112
0.14419426023960114
0.14412063360214233
0.14439448714256287
0.1446864902973175
0.14493808150291443
0.14515751600265503
0.14527730643749237
0.14540909230709076
0.14557099342346191
0.1452728658914566
0.1453849822282791
0.14541175961494446
0.14540599286556244
0.14516876637935638
0.14529626071453094
0.14512576162815094
0.14533482491970062
0.14514921605587006
0.14526405930519104
0.1450396627187729
0.1446676403284073
0.14494608342647552
0.14488612115383148
0.1449894905090332
0.14511005580425262
0.14522331953048706
0.1452350616455078
0.14545194804668427
0.1454930454492569
0.1454715132713318
0.14538262784481049
0.14541129767894745
0.14539335668087006
0.14510978758335114
0.14511004090309143
0.14488258957862854
0.1450350135564804
0.14515697956085205
0.14512352645397186
0.1451815366744995
0.14549683034420013
0.14514103531837463
0.14523430168628693
0.145363911986351
0.1453334540128708
0.14537158608436584
0.14532461762428284
0.1451411098241806
0.14519663155078888
0.14555633068084717
0.14579397439956665
0.14603982865810394
0.1457430124282837
0.14555111527442932
0.14583566784858704
0.14638178050518036
0.14621859788894653
0.1465742588043213
0.14660802483558655
0.14684070646762848
0.14724701642990112
0.14684800803661346
0.1468212604522705
0.14660336077213287
0.14656297862529755
0.1466127187013626
0.14665569365024567
0.14655663073062897
0.1459922045469284
0.14586547017097473
0.14604780077934265
0.14624249935150146
0.1461498737335205
0.14630500972270966
0.14668476581573486
0.14673800766468048
0.14658726751804352
0.14650599658489227
0.14660261571407318
0.14666704833507538
0.1464591920375824
0.14664342999458313
0.14682111144065857
0.14697934687137604
0.1470101922750473
0.14688441157341003
0.1470857411623001
0.14671467244625092
0.1467124968767166
0.1467593014240265
0.14666417241096497
0.14680306613445282
0.14698150753974915
0.14703430235385895
0.14693500101566315
0.1469116508960724
0.14673198759555817
0.146559938788414
0.14637291431427002
0.14637534320354462
0.14676368236541748
0.14688363671302795
0.1470176875591278
0.1469482183456421
0.1470770537853241
0.1473989337682724
0.14724263548851013
0.14711305499076843
0.14728713035583496
0.14723432064056396
0.14680595695972443
0.14709354937076569
0.14685015380382538
0.14700628817081451
0.14709711074829102
0.14730703830718994
0.1471545696258545
0.14707092940807343
0.14711003005504608
0.14703066647052765
0.14710161089897156
0.1467023342847824
0.14688727259635925
0.14702528715133667
0.14696593582630157
0.14690104126930237
0.14703139662742615
0.147098109126091
0.14695999026298523
0.14704297482967377
0.1471649408340454
0.14712849259376526
0.14749139547348022
0.14730291068553925
0.14740468561649323
0.14783714711666107
0.14799416065216064
0.14776304364204407
0.1472589373588562
0.14724481105804443
0.1474374383687973
0.1474923938512802
0.14764273166656494
0.14783602952957153
0.14775876700878143
0.14760078489780426
0.14768095314502716
0.14783070981502533
0.14782707393169403
0.14779187738895416
0.14788134396076202
0.1479720175266266
0.14816835522651672
0.14802855253219604
0.14794354140758514
0.1477573812007904
0.14757876098155975
0.14758574962615967
0.14763814210891724
0.14770717918872833
0.14785374701023102
0.14787642657756805
0.14779269695281982
0.14780159294605255
0.14792685210704803
0.14770691096782684
0.14761802554130554
0.1476515531539917
0.14747533202171326
0.14738069474697113
0.14742960035800934
0.1476631462574005
0.14797472953796387
0.1481064409017563
0.14803524315357208
0.14801792800426483
0.14801660180091858
0.14808860421180725
0.14774347841739655
0.1474793702363968
0.14731091260910034
0.14720028638839722
0.14762550592422485
0.14751587808132172
0.14774839580059052
0.14824345707893372
0.14829792082309723
0.14848731458187103
0.14869093894958496
0.14841030538082123
0.1483965963125229
0.14810241758823395
0.14839774370193481
0.14836837351322174
0.14836187660694122
0.14853842556476593
0.14840167760849
0.1485462784767151
0.14861857891082764
0.14875587821006775
0.14878857135772705
0.14903169870376587
0.14908479154109955
0.1487198770046234
0.14851564168930054
0.14812439680099487
0.14829452335834503
0.14841347932815552
0.1481911540031433
0.1483302265405655
0.14859604835510254
0.14856471121311188
0.14888688921928406
0.14857521653175354
0.1485833078622818
0.14845746755599976
0.14863990247249603
0.14859917759895325
0.14827026426792145
0.14853182435035706
0.14874091744422913
0.1484902799129486
0.1481102705001831
0.14825300872325897
0.14856885373592377
0.14864541590213776
0.14851386845111847
0.14872011542320251
0.14876948297023773
0.1488916128873825
0.1489364057779312
0.14899128675460815
0.14914274215698242
0.14922939240932465
0.14914578199386597
0.1489703506231308
0.14871828258037567
0.14848119020462036
0.14846499264240265
0.1482701301574707
0.14813831448554993
0.14818517863750458
0.14845623075962067
0.14843448996543884
0.14859376847743988
0.14847685396671295
0.14867952466011047
0.1486651599407196
0.1490105837583542
0.14903078973293304
0.14911776781082153
0.14925925433635712
0.14888037741184235
0.14909528195858002
0.14914469420909882
0.14923110604286194
0.14900082349777222
0.14945605397224426
0.14958304166793823
0.14976844191551208
0.14957134425640106
0.14940358698368073
0.14929214119911194
0.1495121270418167
0.14977198839187622
0.14973308145999908
0.14954641461372375
0.14948627352714539
0.14936736226081848
0.1493663787841797
0.14971865713596344
0.14977887272834778
0.1497858315706253
0.15015648305416107
0.15000911056995392
0.14980222284793854
0.14939522743225098
0.149399071931839
0.14971210062503815
0.14981628954410553
0.14961348474025726
0.14977417886257172
0.14957721531391144
0.1496618241071701
0.14951260387897491
0.14970391988754272
0.14942018687725067
0.14932997524738312
0.14963115751743317
0.14969173073768616
0.1496470719575882
0.14990724623203278
0.14973421394824982
0.14952027797698975
0.14965412020683289
0.14996719360351562
0.15003548562526703
0.15017059445381165
0.15016582608222961
0.1500549614429474
0.1501569002866745
0.15019701421260834
0.15072403848171234
0.15045107901096344
0.15033355355262756
0.15009908378124237
0.15009281039237976
0.15037038922309875
0.15044479072093964
0.15037795901298523
0.1501130610704422
0.1500878632068634
0.14999520778656006
0.15023335814476013
0.1501990556716919
0.15029500424861908
0.15046173334121704
0.15076367557048798
0.15050208568572998
0.14989647269248962
0.15036112070083618
0.15058955550193787
0.15049947798252106
0.1502717137336731
0.15018627047538757
0.1501057744026184
0.1501258760690689
0.1499815732240677
0.15026335418224335
0.15060938894748688
0.1503634750843048
0.1498294323682785
0.1500580608844757
0.14990770816802979
0.14956222474575043
0.1494406759738922
0.14930224418640137
0.1494879275560379
0.1495000720024109
0.14980217814445496
0.14966487884521484
0.15005208551883698
0.1502864807844162
0.15008960664272308
0.1503361612558365
0.15043401718139648
0.1506214588880539
0.15048882365226746
0.1500880867242813
0.15010477602481842
0.15008576214313507
0.1499474048614502
0.15045131742954254
0.15038655698299408
0.15015044808387756
0.15031425654888153
0.15038836002349854
0.15033560991287231
0.15064209699630737
0.1503906399011612
0.15015490353107452
0.15028448402881622
0.15039783716201782
0.15047042071819305
0.150518000125885
0.1503967046737671
0.15035271644592285
0.15036144852638245
0.15027843415737152
0.15003474056720734
0.14990359544754028
0.15002553164958954
0.15009649097919464
0.15022480487823486
0.1500241458415985
0.14978809654712677
0.14992281794548035
0.15000799298286438
0.14985111355781555
0.1501220315694809
0.15017759799957275
0.1501571089029312
0.15035036206245422
0.15014611184597015
0.15017160773277283
0.15015360713005066
0.15008807182312012
0.1501704752445221
0.15024805068969727
0.15034276247024536
0.15032745897769928
0.15005461871623993
0.15018309652805328
0.15001608431339264
0.150004580616951
0.15030354261398315
0.15039290487766266
0.15042969584465027
0.1506531983613968
0.1508561372756958
0.15069597959518433
0.15077264606952667
0.1507507860660553
0.15070684254169464
0.15065617859363556
0.15030956268310547
0.15019865334033966
0.15009701251983643
0.1497366726398468
0.1498381495475769
0.15013772249221802
0.15012486279010773
0.14998988807201385
0.1498553603887558
0.15005524456501007
0.15007854998111725
0.14990665018558502
0.14969763159751892
0.14975287020206451
0.14999055862426758
0.15003128349781036
0.15007257461547852
0.15027296543121338
0.15034455060958862
0.1502094268798828
0.1502789556980133
0.15051321685314178
0.1504845917224884
0.15052072703838348
0.15095123648643494
0.15099863708019257
0.15105848014354706
0.15110178291797638
0.15140032768249512
0.150831937789917
0.15061619877815247
0.1508551687002182
0.1507798582315445
0.15062683820724487
0.15053240954875946
0.15072683990001678
0.15090668201446533
0.15100184082984924
0.15107323229312897
0.1509866863489151
0.15082889795303345
0.15107087790966034
0.15087009966373444
0.1511509120464325
0.15109041333198547
0.15093374252319336
0.15076938271522522
0.1507551521062851
0.15071842074394226
0.15106037259101868
0.15085311233997345
0.1509164273738861
0.15079139173030853
0.15098033845424652
0.15101438760757446
0.15068909525871277
0.15058866143226624
0.1505514234304428
0.15043529868125916
0.15039631724357605
0.1504519283771515
0.15086981654167175
0.15071049332618713
0.15089650452136993
0.15101128816604614
0.15096917748451233
0.15066733956336975
0.1504570096731186
0.15070079267024994
0.1506965607404709
0.15082314610481262
0.15069173276424408
0.15092532336711884
0.15086618065834045
0.15108470618724823
0.1510123908519745
0.15103314816951752
0.15100130438804626
0.15116529166698456
0.15122036635875702
0.15138137340545654
0.15098458528518677
0.15095552802085876
0.1508455127477646
0.1506848782300949
0.1505156010389328
0.15046891570091248
0.1504691243171692
0.1507081836462021
0.15070511400699615
0.15105849504470825
0.15101006627082825
0.15080846846103668
0.1511414796113968
0.15145792067050934
0.15090176463127136
0.15086093544960022
0.15078067779541016
0.15075187385082245
0.15107475221157074
0.15090322494506836
0.15088562667369843
0.15075872838497162
0.1509467512369156
0.15121674537658691
0.1510726362466812
0.15133073925971985
0.15137656033039093
0.15122851729393005
0.15095603466033936
0.1509987711906433
0.15125508606433868
0.15154245495796204
0.15164844691753387
0.15155984461307526
0.15128721296787262
0.15120305120944977
0.1516331434249878
0.1516464203596115
0.1513015180826187
0.1512676626443863
0.15125080943107605
0.15137292444705963
0.1511789858341217
0.1509186178445816
0.1508629024028778
0.15105995535850525
0.1509564369916916
0.15157392621040344
0.1508658528327942
0.1508006602525711
0.1507081240415573
0.15085406601428986
0.15081864595413208
0.15089263021945953
0.15063908696174622
0.15067818760871887
0.1505603939294815
0.1504751294851303
0.1502963900566101
0.15055924654006958
0.15055729448795319
0.15043559670448303
0.15051761269569397
0.15043455362319946
0.15092262625694275
0.1510912925004959
0.1510576605796814
0.15121635794639587
0.1508961021900177
0.15113277733325958
0.15082170069217682
0.15078943967819214
0.15093131363391876
0.1507415622472763
0.15105748176574707
0.15114593505859375
0.15087981522083282
0.15064124763011932
0.15075932443141937
0.15100343525409698
0.15116053819656372
0.1510200798511505
0.15087218582630157
0.15082235634326935
0.15074984729290009
0.15066619217395782
0.15091736614704132
0.150766521692276
0.15083567798137665
0.15072083473205566
0.15072372555732727
0.1507280319929123
0.150626540184021
0.1506180763244629
0.15060630440711975
0.1506262570619583
0.15077731013298035
0.15074926614761353
0.15049399435520172
0.15068258345127106
0.1507561057806015
0.15106184780597687
0.15132874250411987
0.15124009549617767
0.15116949379444122
0.1510794311761856
0.1512020379304886
0.15163981914520264
0.15161989629268646
0.1514359563589096
0.1510147899389267
0.15129442512989044
0.1510091871023178
0.1509377360343933
0.1507008671760559
0.15069688856601715
0.15084460377693176
0.1505984365940094
0.1507490873336792
0.15086962282657623
0.15075689554214478
0.15086756646633148
0.1510377675294876
0.15098300576210022
0.15102924406528473
0.15083223581314087
0.15094803273677826
0.1513662040233612
0.15118981897830963
0.1514803171157837
0.15145258605480194
0.15130925178527832
0.15119971334934235
0.15129080414772034
0.15141479671001434
0.15161214768886566
0.15119905769824982
0.15091031789779663
0.15094536542892456
0.1512620747089386
0.15126430988311768
0.15125218033790588
0.15116721391677856
0.15114296972751617
0.15131747722625732
0.15136969089508057
0.1511862725019455
0.15096913278102875
0.15099479258060455
0.15076875686645508
0.15067751705646515
0.15096239745616913
0.150851309299469
0.15068362653255463
0.15067188441753387
0.1505492776632309
0.15044143795967102
0.15065458416938782
0.1510036736726761
0.15124119818210602
0.1514214724302292
0.15100610256195068
0.15088294446468353
0.15104185044765472
0.15122376382350922
0.15129491686820984
0.1512436419725418
0.15135079622268677
0.1512136608362198
0.15105947852134705
0.15113778412342072
0.15075638890266418
0.1508205384016037
0.15052266418933868
0.150836780667305
0.15094996988773346
0.15100505948066711
0.15097865462303162
0.15112833678722382
0.15093569457530975
0.15060077607631683
0.1506546586751938
0.15061289072036743
0.15067124366760254
0.15085305273532867
0.15085263550281525
0.15105648338794708
0.15089373290538788
0.15100644528865814
0.15095889568328857
0.15098166465759277
0.15117818117141724
0.1512073278427124
0.1512061059474945
0.15129320323467255
0.15099292993545532
0.15111249685287476
0.15099956095218658
0.15114453434944153
0.15097729861736298
0.15068084001541138
0.15070438385009766
0.1505700796842575
0.1507774293422699
0.1511005312204361
0.15079781413078308
0.15096311271190643
0.15080995857715607
0.1510256677865982
0.15090411901474
0.15066593885421753
0.15028667449951172
0.15046818554401398
0.1503053605556488
0.15041400492191315
0.1503055989742279
0.1502196192741394
0.15006011724472046
0.15042023360729218
0.1504398137331009
0.14998425543308258
0.14972585439682007
0.15002624690532684
0.14975789189338684
0.14993636310100555
0.15008006989955902
0.15033526718616486
0.1508309543132782
0.1507357656955719
0.15107382833957672
0.1509476900100708
0.1509130895137787
0.15091875195503235
0.15058819949626923
0.15055768191814423
0.150802344083786
0.15043310821056366
0.15026865899562836
0.15017828345298767
0.15042956173419952
0.15049493312835693
0.15058153867721558
0.150324285030365
0.1504926234483719
0.1502314656972885
0.15051688253879547
0.15046003460884094
0.1503976434469223
0.150525763630867
0.15038920938968658
0.15049922466278076
0.15040378272533417
0.1504942625761032
0.15016739070415497
0.1502498835325241
0.14998382329940796
0.14982160925865173
0.14941050112247467
0.14988180994987488
0.14978687465190887
0.14980380237102509
0.14995698630809784
0.14993926882743835
0.14972104132175446
0.14984235167503357
0.14994874596595764
0.14999519288539886
0.14989757537841797
0.1498071700334549
0.14992459118366241
0.1498567909002304
0.1501757651567459
0.15018782019615173
0.15010060369968414
0.1501123458147049
0.14984558522701263
0.150105819106102
0.14993423223495483
0.15021800994873047
0.15055598318576813
0.15041597187519073
0.15061645209789276
0.15064610540866852
0.15033414959907532
0.1505776345729828
0.15078696608543396
0.15060338377952576
0.15048933029174805
0.15045413374900818
0.15037865936756134
0.1505199819803238
0.1505141407251358
0.15070299804210663
0.15086007118225098
0.15075592696666718
0.15031392872333527
0.15059636533260345
0.15047788619995117
0.15020182728767395
0.14996975660324097
0.1502172201871872
0.15043450891971588
0.15014077723026276
0.1503797024488449
0.1503002941608429
0.15011267364025116
0.15000401437282562
0.14985327422618866
0.14973260462284088
0.14987875521183014
0.149614155292511
0.1497327834367752
0.14979678392410278
0.14980731904506683
0.1500854343175888
0.14984968304634094
0.14971624314785004
0.1494518220424652
0.1496768444776535
0.14961110055446625
0.1499037742614746
0.14983677864074707
0.1497228592634201
0.1497279703617096
0.14970310032367706
0.14951123297214508
0.14938928186893463
0.14936070144176483
0.14923807978630066
0.14928340911865234
0.149411141872406
0.14948490262031555
0.1496436595916748
0.14960409700870514
0.14977866411209106
0.14969736337661743
0.14928682148456573
0.14946933090686798
0.14915229380130768
0.1494240164756775
0.149624302983284
0.14988981187343597
0.14987315237522125
0.14988970756530762
0.14988663792610168
0.14968940615653992
0.1496434062719345
0.14964012801647186
0.14936727285385132
0.14951050281524658
0.14941304922103882
0.1493448168039322
0.14933443069458008
0.14937660098075867
0.1493673324584961
0.1492331326007843
0.149538055062294
0.1492382287979126
0.1495480239391327
0.14964251220226288
0.14947013556957245
0.1493387073278427
0.14911772310733795
0.1491926610469818
0.14908580482006073
0.14903467893600464
0.14877314865589142
0.1486513316631317
0.1487223207950592
0.14878301322460175
0.14902420341968536
0.1491132527589798
0.14922688901424408
0.14939530193805695
0.1491815447807312
0.14938031136989594
0.14941807091236115
0.14933601021766663
0.14914603531360626
0.14914247393608093
0.14962437748908997
0.14964056015014648
0.14913813769817352
0.1487482190132141
0.1486053615808487
0.14864134788513184
0.14873339235782623
0.14876697957515717
0.14840033650398254
0.14855079352855682
0.14850464463233948
0.14858193695545197
0.14853689074516296
0.14839808642864227
0.14851567149162292
0.14876464009284973
0.14867794513702393
0.14871682226657867
0.1489957571029663
0.14920148253440857
0.14892493188381195
0.14872267842292786
0.14886991679668427
0.14864060282707214
0.14841845631599426
0.14833304286003113
0.14839468896389008
0.148304283618927
0.14837926626205444
0.1485084742307663
0.14827179908752441
0.14853769540786743
0.1487378627061844
0.1487424224615097
0.14834551513195038
0.14824439585208893
0.1482752412557602
0.14812475442886353
0.1484166830778122
0.14866206049919128
0.14874911308288574
0.14854131639003754
0.14875075221061707
0.14901036024093628
0.14861097931861877
0.14858917891979218
0.1485546976327896
0.14860805869102478
0.14892472326755524
0.14865745604038239
0.14831742644309998
0.14832130074501038
0.14811038970947266
0.14804594218730927
0.1481439173221588
0.14828979969024658
0.14845679700374603
0.14851441979408264
0.1486254781484604
0.14848896861076355
0.14851291477680206
0.1483437418937683
0.14804798364639282
0.1479666531085968
0.14806917309761047
0.14799965918064117
0.14813777804374695
0.14816434681415558
0.14809007942676544
0.14819802343845367
0.1482311636209488
0.1481388360261917
0.1480455994606018
0.14807924628257751
0.14816980063915253
0.14795932173728943
0.14816531538963318
0.1480071246623993
0.14799167215824127
0.14769752323627472
0.14789021015167236
0.14755792915821075
0.14728279411792755
0.14760379493236542
0.14746080338954926
0.14757773280143738
0.14775677025318146
0.1479312628507614
0.1480356752872467
0.14795009791851044
0.14778387546539307
0.1475897878408432
0.14747652411460876
0.14739990234375
0.14751580357551575
0.14753349125385284
0.14785847067832947
0.14727935194969177
0.14729267358779907
0.1472712606191635
0.14704462885856628
0.1471402943134308
0.14764119684696198
0.14750713109970093
0.14751991629600525
0.1475929319858551
0.14772790670394897
0.147812619805336
0.14780974388122559
0.14772576093673706
0.14753419160842896
0.14753778278827667
0.1475861519575119
0.14755024015903473
0.14741654694080353
0.14760296046733856
0.1473488062620163
0.14758267998695374
0.14752507209777832
0.14790302515029907
0.14786562323570251
0.14782945811748505
0.14763960242271423
0.1474309265613556
0.14726735651493073
0.14727172255516052
0.1473219096660614
0.14704680442810059
0.147451713681221
0.14748486876487732
0.14713603258132935
0.14756597578525543
0.14729978144168854
0.14689068496227264
0.14704474806785583
0.14715136587619781
0.14686867594718933
0.14677715301513672
0.14649388194084167
0.14671987295150757
0.14720071852207184
0.14713869988918304
0.1471376270055771
0.1471535563468933
0.14715765416622162
0.14708666503429413
0.14710138738155365
0.14669130742549896
0.14698120951652527
0.146951824426651
0.1469498574733734
0.14696522057056427
0.14708180725574493
0.14724083244800568
0.14720845222473145
0.14719294011592865
0.14709241688251495
0.14687633514404297
0.14720670878887177
0.14701049029827118
0.14684675633907318
0.1467207670211792
0.14639528095722198
0.14663000404834747
0.14674505591392517
0.146835595369339
0.14668616652488708
0.1464984118938446
0.1463693380355835
0.14629843831062317
0.14625856280326843
0.14607954025268555
0.14610475301742554
0.14623858034610748
0.145938441157341
0.14590904116630554
0.14577823877334595
0.14582988619804382
0.14602625370025635
0.14628948271274567
0.1459725797176361
0.146097332239151
0.14570559561252594
0.14560943841934204
0.14536581933498383
0.1454371213912964
0.1457277089357376
0.1459091156721115
0.14579111337661743
0.14598579704761505
0.146284282207489
0.14645928144454956
0.14666426181793213
0.14639075100421906
0.14654618501663208
0.14646866917610168
0.14674563705921173
0.1466885358095169
0.14650145173072815
0.14626944065093994
0.14624130725860596
0.14608874917030334
0.14573638141155243
0.14561262726783752
0.14537768065929413
0.14538250863552094
0.14519421756267548
0.14492090046405792
0.1451571136713028
0.14517992734909058
0.14484089612960815
0.1446337252855301
0.1446388065814972
0.14451168477535248
0.1446162462234497
0.14427705109119415
0.14440420269966125
0.1446244716644287
0.14501821994781494
0.14540523290634155
0.14526353776454926
0.1451224535703659
0.14561639726161957
0.14541180431842804
0.14503172039985657
0.1448555439710617
0.1447995901107788
0.14475302398204803
0.14514859020709991
0.14519429206848145
0.14499060809612274
0.14484423398971558
0.144810289144516
0.14491258561611176
0.1449977606534958
0.1450515240430832
0.14486722648143768
0.1451478749513626
0.14512965083122253
0.1451495885848999
0.14508867263793945
0.14511294662952423
0.1451360434293747
0.14553438127040863
0.14568181335926056
0.14525091648101807
0.14542897045612335
0.14526094496250153
0.14516766369342804
0.14526762068271637
0.14537370204925537
0.1452314406633377
0.14524191617965698
0.14510388672351837
0.14523690938949585
0.14521732926368713
0.1450679749250412
0.14481036365032196
0.1445591151714325
0.14466950297355652
0.14446988701820374
0.14427576959133148
0.14425607025623322
0.14458967745304108
0.14471755921840668
0.1444934904575348
0.14412273466587067
0.14428533613681793
0.1446741819381714
0.1449151486158371
0.14497803151607513
0.14500199258327484
0.14468316733837128
0.14448882639408112
0.14449352025985718
0.1442655324935913
0.14395083487033844
0.14396017789840698
0.14384765923023224
0.14413480460643768
0.1440492421388626
0.1440999060869217
0.14394524693489075
0.14466527104377747
0.14463500678539276
0.14458100497722626
0.14427529275417328
0.14390473067760468
0.1441737562417984
0.1442282348871231
0.14388732612133026
0.14398181438446045
0.14385509490966797
0.1440151184797287
0.14379286766052246
0.14347347617149353
0.14392158389091492
0.14366133511066437
0.14359287917613983
0.14387564361095428
0.1438719779253006
0.14386878907680511
0.14366011321544647
0.14369255304336548
0.1434396356344223
0.1433594971895218
0.1430830955505371
0.14322298765182495
0.14329171180725098
0.14335320889949799
0.14356787502765656
0.14367420971393585
0.1437695473432541
0.14378255605697632
0.1437593400478363
0.14383235573768616
0.14365515112876892
0.1433577537536621
0.14329072833061218
0.14329591393470764
0.14314167201519012
0.1433355212211609
0.14346429705619812
0.1439007669687271
0.14409153163433075
0.14362969994544983
0.143574520945549
0.14351719617843628
0.14334051311016083
0.1434137225151062
0.14346981048583984
0.14320923388004303
0.14341844618320465
0.14361503720283508
0.1439109593629837
0.14371776580810547
0.143461674451828
0.1430487483739853
0.14319159090518951
0.143132746219635
0.14329729974269867
0.14301075041294098
0.14292974770069122
0.14269429445266724
0.14292789995670319
0.1432018131017685
0.14339737594127655
0.14331236481666565
0.14330802857875824
0.14305433630943298
0.14317750930786133
0.14335691928863525
0.14352761209011078
0.14339885115623474
0.1430782675743103
0.1428154706954956
0.1427619904279709
0.1428443044424057
0.14323334395885468
0.14303408563137054
0.14316795766353607
0.1428305059671402
0.14291414618492126
0.14254726469516754
0.14233183860778809
0.14253294467926025
0.14257439970970154
0.14264021813869476
0.14231280982494354
0.1416877657175064
0.14157848060131073
0.1416170448064804
0.14147670567035675
0.14179126918315887
0.14155477285385132
0.14169210195541382
0.1416037380695343
0.14119918644428253
0.14102210104465485
0.14104369282722473
0.14114055037498474
0.14101439714431763
0.1412661224603653
0.14172135293483734
0.14159560203552246
0.1414804458618164
0.14148534834384918
0.141804039478302
0.14195828139781952
0.14192478358745575
0.1419745683670044
0.14231827855110168
0.14220105111598969
0.14167359471321106
0.14183060824871063
0.14198265969753265
0.14154677093029022
0.14183863997459412
0.14182396233081818
0.14173917472362518
0.1413952261209488
0.1417100727558136
0.14173664152622223
0.14191453158855438
0.1420254111289978
0.14190644025802612
0.1419220119714737
0.14231257140636444
0.1423366218805313
0.14212368428707123
0.14211198687553406
0.14209654927253723
0.141608327627182
0.1419147551059723
0.14181633293628693
0.1415185034275055
0.14154186844825745
0.14140814542770386
0.14137834310531616
0.14130067825317383
0.1415315568447113
0.141567662358284
0.14150527119636536
0.1413584202528
0.1414046436548233
0.14125598967075348
0.14123167097568512
0.14149153232574463
0.1412048488855362
0.14138032495975494
0.1416364461183548
0.1416611671447754
0.1413707137107849
0.14143337309360504
0.14127524197101593
0.14153225719928741
0.141338512301445
0.1411159485578537
0.14102141559123993
0.14105094969272614
0.14089445769786835
0.14063416421413422
0.1402531862258911
0.1403239667415619
0.14038050174713135
0.1406668871641159
0.14040929079055786
0.14013558626174927
0.14011971652507782
0.14049148559570312
0.14053870737552643
0.14045076072216034
0.1404084414243698
0.14042754471302032
0.14051537215709686
0.1406271904706955
0.14064593613147736
0.1405440717935562
0.14033158123493195
0.14041726291179657
0.14010435342788696
0.14003963768482208
0.14005863666534424
0.13984526693820953
0.14006754755973816
0.13975249230861664
0.1396099179983139
0.1396741420030594
0.13986441493034363
0.13994550704956055
0.13959994912147522
0.13977065682411194
0.13967390358448029
0.13999441266059875
0.13992692530155182
0.13952074944972992
0.13972941040992737
0.14013820886611938
0.13998796045780182
0.13988259434700012
0.14021418988704681
0.14035458862781525
0.14021258056163788
0.14060483872890472
0.14069871604442596
0.1408989578485489
0.1405661404132843
0.14059996604919434
0.13996979594230652
0.14018303155899048
0.14012902975082397
0.14018124341964722
0.14000079035758972
0.1403501331806183
0.14005695283412933
0.13986246287822723
0.13984881341457367
0.1401463896036148
0.13982783257961273
0.13980373740196228
0.13951808214187622
0.13949048519134521
0.1396709531545639
0.1400219202041626
0.13983003795146942
0.1397816240787506
0.1394854336977005
0.1396266222000122
0.1396891176700592
0.13979212939739227
0.13982154428958893
0.1402771919965744
0.1403520554304123
0.1402178853750229
0.14009709656238556
0.14016792178153992
0.13992859423160553
0.13983094692230225
0.1398324817419052
0.13965629041194916
0.1397491842508316
0.1397690623998642
0.14007055759429932
0.13971315324306488
0.13967739045619965
0.13986743986606598
0.13969232141971588
0.13960003852844238
0.13934867084026337
0.1393776684999466
0.13886503875255585
0.13897117972373962
0.13895460963249207
0.13924939930438995
0.1394052654504776
0.1392035037279129
0.13909462094306946
0.13951827585697174
0.1391472965478897
0.13921700417995453
0.13937899470329285
0.1396174132823944
0.13922780752182007
0.13876695930957794
0.138824000954628
0.13858458399772644
0.13876888155937195
0.13873925805091858
0.1388406753540039
0.13884049654006958
0.1386341005563736
0.13872814178466797
0.1387060135602951
0.13844414055347443
0.13846758008003235
0.13837958872318268
0.13811570405960083
0.1381428986787796
0.13826993107795715
0.13803410530090332
0.1379537582397461
0.13768954575061798
0.13776499032974243
0.13804876804351807
0.13826848566532135
0.13806438446044922
0.13777956366539001
0.1379776895046234
0.1380334198474884
0.13817720115184784
0.13861511647701263
0.13887663185596466
0.1384865641593933
0.13863812386989594
0.1386645883321762
0.13870055973529816
0.13855642080307007
0.13864725828170776
0.13818982243537903
0.1378796100616455
0.13796168565750122
0.1379963457584381
0.13783447444438934
0.13790258765220642
0.13822685182094574
0.13820350170135498
0.13824090361595154
0.13824616372585297
0.13806848227977753
0.13841512799263
0.13825346529483795
0.1383632868528366
0.1383928805589676
0.13828963041305542
0.13830256462097168
0.13814899325370789
0.13818660378456116
0.1379324197769165
0.13774298131465912
0.13773192465305328
0.13782262802124023
0.1379239559173584
0.13785216212272644
0.13787759840488434
0.13823829591274261
0.13781292736530304
0.1376156359910965
0.13757023215293884
0.1375139355659485
0.13769355416297913
0.13741609454154968
0.1374007910490036
0.1373933106660843
0.1372111439704895
0.1368342936038971
0.1372569501399994
0.1373785138130188
0.13715344667434692
0.13710211217403412
0.13723081350326538
0.13708384335041046
0.13682903349399567
0.13645192980766296
0.13645076751708984
0.1365809291601181
0.13683843612670898
0.13681863248348236
0.1366989016532898
0.13718940317630768
0.1373319774866104
0.13718858361244202
0.13742075860500336
0.13726992905139923
0.1372540146112442
0.13712811470031738
0.1373894065618515
0.13732892274856567
0.137430340051651
0.13749198615550995
0.13750842213630676
0.13702906668186188
0.1371876299381256
0.13736850023269653
0.1371966153383255
0.13719666004180908
0.13691288232803345
0.13660696148872375
0.1368214637041092
0.13667403161525726
0.13652387261390686
0.1364760845899582
0.1368664652109146
0.1366172879934311
0.1364092230796814
0.1364271640777588
0.13679362833499908
0.13678506016731262
0.1365378499031067
0.13645771145820618
0.136610209941864
0.1366560161113739
0.13692791759967804
0.1365416795015335
0.136789932847023
0.1370285302400589
0.1372450739145279
0.13677296042442322
0.13654743134975433
0.13658998906612396
0.1364777386188507
0.13664111495018005
0.1365937739610672
0.1367701143026352
0.13679634034633636
0.13674603402614594
0.1369476020336151
0.13640880584716797
0.13679945468902588
0.1365828663110733
0.13626904785633087
0.13605108857154846
0.13602198660373688
0.13610713183879852
0.13621515035629272
0.13623161613941193
0.13609734177589417
0.13640417158603668
0.13609816133975983
0.1361718326807022
0.13629747927188873
0.13619475066661835
0.13615532219409943
0.13652093708515167
0.13648256659507751
0.13638801872730255
0.13631238043308258
0.13682743906974792
0.13650862872600555
0.13660721480846405
0.1367187201976776
0.1367141157388687
0.136332169175148
0.1365315020084381
0.13648176193237305
0.13660825788974762
0.13656800985336304
0.13663651049137115
0.13659034669399261
0.136220782995224
0.13624438643455505
0.13585934042930603
0.13561493158340454
0.1356944441795349
0.13571058213710785
0.13581019639968872
0.13600599765777588
0.13616971671581268
0.13592451810836792
0.13617637753486633
0.13607817888259888
0.1358300894498825
0.13567925989627838
0.13590794801712036
0.1361168920993805
0.13591910898685455
0.13595668971538544
0.13575436174869537
0.135897696018219
0.13594168424606323
0.13591156899929047
0.13632579147815704
0.13621199131011963
0.13631638884544373
0.13616450130939484
0.13641077280044556
0.13623805344104767
0.13648346066474915
0.13647966086864471
0.13656188547611237
0.13654246926307678
0.13639383018016815
0.1363207846879959
0.13612176477909088
0.13633832335472107
0.13609297573566437
0.13592614233493805
0.13582833111286163
0.13587988913059235
0.13561280071735382
0.13566431403160095
0.1354730725288391
0.13546724617481232
0.13554105162620544
0.13529597222805023
0.13521261513233185
0.1350492388010025
0.1351882517337799
0.13547125458717346
0.13569720089435577
0.1355118602514267
0.1354016363620758
0.13556736707687378
0.13532434403896332
0.13521596789360046
0.1353798806667328
0.1359364539384842
0.1362256109714508
0.13571204245090485
0.13583706319332123
0.13584916293621063
0.13579432666301727
0.13562847673892975
0.13593406975269318
0.13556355237960815
0.135793074965477
0.1358586698770523
0.13607801496982574
0.1360948532819748
0.13611578941345215
0.13583721220493317
0.1358846127986908
0.13566140830516815
0.1355939358472824
0.1354961097240448
0.13555355370044708
0.13559238612651825
0.1351766735315323
0.13509421050548553
0.1349906325340271
0.13505223393440247
0.1349930465221405
0.13514693081378937
0.13507145643234253
0.1346321851015091
0.134487122297287
0.13450740277767181
0.13431276381015778
0.13447117805480957
0.13474306464195251
0.13463348150253296
0.13499000668525696
0.13536229729652405
0.13529199361801147
0.13501553237438202
0.13491040468215942
0.1348562389612198
0.13458652794361115
0.13469268381595612
0.1347973644733429
0.1346813589334488
0.13484135270118713
0.13468529284000397
0.13486240804195404
0.1351369172334671
0.13511385023593903
0.1352415680885315
0.13523493707180023
0.13498930633068085
0.13515393435955048
0.13506415486335754
0.1353696882724762
0.13500647246837616
0.1347922831773758
0.13485443592071533
0.1350962072610855
0.13496874272823334
0.1345950812101364
0.13500013947486877
0.13485737144947052
0.1349601447582245
0.13530917465686798
0.13541463017463684
0.13517434895038605
0.1350618600845337
0.13507816195487976
0.13491246104240417
0.13495685160160065
0.13507500290870667
0.13507910072803497
0.13526734709739685
0.13498806953430176
0.13476639986038208
0.1345093548297882
0.13418349623680115
0.13443252444267273
0.1341434121131897
0.13389676809310913
0.13396024703979492
0.13400857150554657
0.13450396060943604
0.13472780585289001
0.13458873331546783
0.1346176415681839
0.13415351510047913
0.13393810391426086
0.13437378406524658
0.1340305358171463
0.13413438200950623
0.13380151987075806
0.1339057981967926
0.1340848058462143
0.13401831686496735
0.13379065692424774
0.1335776299238205
0.13383224606513977
0.13386976718902588
0.13407355546951294
0.1338132917881012
0.13405317068099976
0.13385827839374542
0.13364262878894806
0.1338498890399933
0.1339101642370224
0.13357986509799957
0.13370944559574127
0.13392198085784912
0.1342032253742218
0.1345745325088501
0.1346064954996109
0.13459141552448273
0.13448704779148102
0.13421890139579773
0.1339595466852188
0.13379350304603577
0.1334611028432846
0.13334010541439056
0.13306845724582672
0.1331855207681656
0.13355790078639984
0.13362279534339905
0.13382093608379364
0.13378873467445374
0.13358385860919952
0.1336124688386917
0.13360458612442017
0.13369835913181305
0.13370861113071442
0.1334250122308731
0.133323535323143
0.13368621468544006
0.13376803696155548
0.13387040793895721
0.13382378220558167
0.13384294509887695
0.13399763405323029
0.13388031721115112
0.13365969061851501
0.13380829989910126
0.13396567106246948
0.13370996713638306
0.13358117640018463
0.13364604115486145
0.1335967779159546
0.13343845307826996
0.13357104361057281
0.13362738490104675
0.13376349210739136
0.13344359397888184
0.13350136578083038
0.13332124054431915
0.13296563923358917
0.1329084187746048
0.1329217255115509
0.13326936960220337
0.13330933451652527
0.13327664136886597
0.1331852674484253
0.13334324955940247
0.133315309882164
0.13319870829582214
0.13303709030151367
0.1336142122745514
0.1335337609052658
0.13328364491462708
0.13331441581249237
0.13322359323501587
0.1330438107252121
0.13318029046058655
0.1330375224351883
0.1333722323179245
0.13355301320552826
0.133663609623909
0.13349130749702454
0.13331963121891022
0.13335084915161133
0.13349509239196777
0.13375790417194366
0.13367626070976257
0.13355562090873718
0.13346372544765472
0.13346147537231445
0.13358628749847412
0.1332075148820877
0.13320456445217133
0.13334834575653076
0.13364087045192719
0.13357236981391907
0.13341346383094788
0.13329605758190155
0.13360342383384705
0.13366355001926422
0.13413064181804657
0.1341640055179596
0.13420145213603973
0.13439665734767914
0.1341356337070465
0.13380436599254608
0.13376900553703308
0.13370053470134735
0.13356627523899078
0.1333983987569809
0.13311494886875153
0.13334402441978455
0.13315479457378387
0.13344639539718628
0.1335175484418869
0.13331098854541779
0.133237823843956
0.13300353288650513
0.1332244873046875
0.13315781950950623
0.13316765427589417
0.13326339423656464
0.13339202105998993
0.13319498300552368
0.1331842541694641
0.13335293531417847
0.13334842026233673
0.13369986414909363
0.13367025554180145
0.1337624341249466
0.1335601955652237
0.13321484625339508
0.13329142332077026
0.13331252336502075
0.13348382711410522
0.13309703767299652
0.13292638957500458
0.13293205201625824
0.13301251828670502
0.13330386579036713
0.1330910176038742
0.13339126110076904
0.13333263993263245
0.1336643397808075
0.1333293318748474
0.1333630234003067
0.13329891860485077
0.13319352269172668
0.13313336670398712
0.13304972648620605
0.13289985060691833
0.13268278539180756
0.13271135091781616
0.13251549005508423
0.1323639452457428
0.13254068791866302
0.13253891468048096
0.13274319469928741
0.13258691132068634
0.13270822167396545
0.1324939876794815
0.13292090594768524
0.1330689936876297
0.13288933038711548
0.13250410556793213
0.13260573148727417
0.1325375735759735
0.13281168043613434
0.13297390937805176
0.13290727138519287
0.13310764729976654
0.13304127752780914
0.13272182643413544
0.13256125152111053
0.1327008605003357
0.1328209787607193
0.13284941017627716
0.13304638862609863
0.13320930302143097
0.1333673745393753
0.13323327898979187
0.1333884298801422
0.13329443335533142
0.1332567036151886
0.13326288759708405
0.13297902047634125
0.1327250897884369
0.13287131488323212
0.13276426494121552
0.13302217423915863
0.13321039080619812
0.13326042890548706
0.1332090198993683
0.13337239623069763
0.13347987830638885
0.13304883241653442
0.13296760618686676
0.13309328258037567
0.13311222195625305
0.13268767297267914
0.13313424587249756
0.13292786478996277
0.13313181698322296
0.132958322763443
0.13286836445331573
0.13298577070236206
0.13290360569953918
0.13278305530548096
0.1328180432319641
0.13280200958251953
0.1329624056816101
0.13268761336803436
0.1328706294298172
0.13279220461845398
0.13272637128829956
0.13269340991973877
0.132527694106102
0.13265392184257507
0.13258135318756104
0.13256587088108063
0.13275161385536194
0.1327637881040573
0.13289469480514526
0.13273590803146362
0.13246726989746094
0.13254578411579132
0.13251946866512299
0.1325385868549347
0.13285790383815765
0.13238441944122314
0.1321176290512085
0.1321203112602234
0.13172325491905212
0.13154207170009613
0.13200055062770844
0.13198310136795044
0.1321256309747696
0.13239246606826782
0.13268834352493286
0.13295727968215942
0.1329999417066574
0.13284434378147125
0.1328258365392685
0.13279497623443604
0.13280551135540009
0.1327272206544876
0.1326276957988739
0.13242566585540771
0.13233961164951324
0.1321057826280594
0.13272999227046967
0.1322864592075348
0.1323689967393875
0.1323762685060501
0.13262861967086792
0.1326514631509781
0.132572740316391
0.13296520709991455
0.1326751559972763
0.13246197998523712
0.13244056701660156
0.132500559091568
0.13245819509029388
0.13279008865356445
0.1325378715991974
0.1324034035205841
0.13233451545238495
0.13281893730163574
0.13286718726158142
0.1328016072511673
0.1329161375761032
0.1329677402973175
0.13292419910430908
0.1328178495168686
0.1325906217098236
0.13257768750190735
0.13270975649356842
0.1326664537191391
0.13242898881435394
0.13239572942256927
0.13251259922981262
0.13236385583877563
0.13213860988616943
0.13180141150951385
0.13212290406227112
0.13248029351234436
0.13243916630744934
0.1325957030057907
0.132443368434906
0.13234858214855194
0.13216418027877808
0.131966233253479
0.1321944147348404
0.1321612447500229
0.13225559890270233
0.13216152787208557
0.1320943683385849
0.13193029165267944
0.13191290199756622
0.13214561343193054
0.13238513469696045
0.13232937455177307
0.13213635981082916
0.13217227160930634
0.132025346159935
0.1320990025997162
0.13204126060009003
0.13217008113861084
0.1317135989665985
0.13205385208129883
0.13219492137432098
0.13237768411636353
0.13255766034126282
0.13237541913986206
0.13215017318725586
0.13239295780658722
0.1325686126947403
0.13226142525672913
0.13209296762943268
0.13221970200538635
0.13237479329109192
0.1324896365404129
0.13277371227741241
0.1323559582233429
0.13237619400024414
0.13232246041297913
0.13248556852340698
0.1324266493320465
0.13237281143665314
0.13234026730060577
0.1321815848350525
0.1323237121105194
0.1322287768125534
0.13232184946537018
0.1324678510427475
0.13233616948127747
0.1325470358133316
0.1327289640903473
0.13222597539424896
0.1326078474521637
0.13251560926437378
0.13265641033649445
0.13259345293045044
0.13240115344524384
0.13224226236343384
0.13223323225975037
0.1324295848608017
0.13264012336730957
0.13272632658481598
0.13277199864387512
0.1326887011528015
0.1328410506248474
0.132976233959198
0.13258446753025055
0.13220493495464325
0.13242632150650024
0.1324455887079239
0.13247336447238922
0.13226942718029022
0.13203595578670502
0.13206802308559418
0.13204962015151978
0.13215169310569763
0.13217514753341675
0.13245555758476257
0.13252519071102142
0.13260385394096375
0.13256868720054626
0.1325240582227707
0.13239453732967377
0.13241128623485565
0.1320348083972931
0.13237264752388
0.13250552117824554
0.1325429379940033
0.1322004795074463
0.13265912234783173
0.13244616985321045
0.1324470341205597
0.13235819339752197
0.13211341202259064
0.13224948942661285
0.13210377097129822
0.13221605122089386
0.1318330019712448
0.13194668292999268
0.13159434497356415
0.1318807750940323
0.13186022639274597
0.13158904016017914
0.13171757757663727
0.13187959790229797
0.13179151713848114
0.13201265037059784
0.13208231329917908
0.13174493610858917
0.1321590691804886
0.13223804533481598
0.13231012225151062
0.13235068321228027
0.13255415856838226
0.13207924365997314
0.1324160397052765
0.13223402202129364
0.13212411105632782
0.13237014412879944
0.1322535276412964
0.13203328847885132
0.13223335146903992
0.13212034106254578
0.13228058815002441
0.13220442831516266
0.13252386450767517
0.13216222822666168
0.13170666992664337
0.13180921971797943
0.13218457996845245
0.13190893828868866
0.1321796476840973
0.13211895525455475
0.1322685033082962
0.13261409103870392
0.13253827393054962
0.13236664235591888
0.13265268504619598
0.13247327506542206
0.132878839969635
0.13275696337223053
0.13264964520931244
0.1326841413974762
0.13266071677207947
0.13244563341140747
0.13252539932727814
0.13221213221549988
0.13239766657352448
0.13257110118865967
0.13264678418636322
0.13243094086647034
0.1324421465396881
0.13239426910877228
0.1325780302286148
0.13262738287448883
0.13260380923748016
0.13238385319709778
0.1324661672115326
0.13244931399822235
0.13265584409236908
0.13272814452648163
0.13266588747501373
0.13242748379707336
0.132669135928154
0.1322530210018158
0.13231046497821808
0.1326916664838791
0.13223664462566376
0.13222678005695343
0.13225768506526947
0.1323307454586029
0.1320538967847824
0.13227234780788422
0.13244149088859558
0.13248367607593536
0.1322503536939621
0.13194452226161957
0.13189376890659332
0.1314956247806549
0.1317206174135208
0.13167813420295715
0.13188110291957855
0.13211071491241455
0.13209708034992218
0.13194827735424042
0.13164882361888885
0.13167822360992432
0.13181442022323608
0.13178174197673798
0.13196727633476257
0.13182680308818817
0.13189420104026794
0.1318705528974533
0.1321127861738205
0.13231420516967773
0.1323866844177246
0.13210874795913696
0.13182277977466583
0.1320677101612091
0.132167786359787
0.13224902749061584
0.13244077563285828
0.1324530988931656
0.13253751397132874
0.1323714405298233
0.13204646110534668
0.13169623911380768
0.1315910369157791
0.13212114572525024
0.13213829696178436
0.1321505606174469
0.1323959082365036
0.13240869343280792
0.13218730688095093
0.13215728104114532
0.13222412765026093
0.13244251906871796
0.13250236213207245
0.13221286237239838
0.13197201490402222
0.13173311948776245
0.1314815878868103
0.13151638209819794
0.13155722618103027
0.1316317766904831
0.13170590996742249
0.13214395940303802
0.13195239007472992
0.1317508965730667
0.1317545771598816
0.13177010416984558
0.1321178674697876
0.13180749118328094
0.13189370930194855
0.13191209733486176
0.13213996589183807
0.13196465373039246
0.13222630321979523
0.13228820264339447
0.1319293975830078
0.13184256851673126
0.13211748003959656
0.1321023553609848
0.13244731724262238
0.132512167096138
0.13263705372810364
0.1324467957019806
0.1325269639492035
0.13249471783638
0.13228195905685425
0.13227713108062744
0.1320379674434662
0.1324368566274643
0.13249510526657104
0.13265639543533325
0.13257823884487152
0.13249649107456207
0.1325620859861374
0.13255268335342407
0.13252390921115875
0.13263016939163208
0.13272900879383087
0.13264921307563782
0.13270197808742523
0.13262416422367096
0.13216257095336914
0.13227759301662445
0.1325412541627884
0.1324366182088852
0.13279834389686584
0.13249383866786957
0.1325913816690445
0.13247908651828766
0.1322426050901413
0.1321287304162979
0.13229447603225708
0.13223227858543396
0.1318584680557251
0.13194319605827332
0.13171936571598053
0.13196779787540436
0.13171537220478058
0.13157440721988678
0.13169220089912415
0.13186442852020264
0.13228927552700043
0.13261419534683228
0.13229559361934662
0.13246650993824005
0.13220368325710297
0.13249728083610535
0.13233311474323273
0.1324748545885086
0.1325395405292511
0.13253231346607208
0.13246364891529083
0.13245880603790283
0.13232159614562988
0.1324990689754486
0.13205808401107788
0.13222984969615936
0.13213975727558136
0.13222168385982513
0.1324174851179123
0.13242602348327637
0.13263654708862305
0.13258908689022064
0.1328389197587967
0.1327013224363327
0.13286460936069489
0.13250021636486053
0.1324930042028427
0.13243970274925232
0.13206711411476135
0.1318422108888626
0.13190647959709167
0.1322062462568283
0.1323019564151764
0.13253627717494965
0.13244867324829102
0.13239622116088867
0.1324440985918045
0.13242554664611816
0.13242004811763763
0.13215987384319305
0.13235419988632202
0.13243673741817474
0.13240841031074524
0.13241088390350342
0.13216684758663177
0.1322634518146515
0.13220953941345215
0.13203059136867523
0.1320389062166214
0.13194897770881653
0.13213224709033966
0.13190151751041412
0.13235822319984436
0.13270433247089386
0.13254058361053467
0.1324848085641861
0.1320929080247879
0.1319337785243988
0.13194361329078674
0.13218793272972107
0.13207659125328064
0.1320485770702362
0.13200213015079498
0.132281094789505
0.13215801119804382
0.1322796791791916
0.13245488703250885
0.13270938396453857
0.1323985904455185
0.13255107402801514
0.13267947733402252
0.13273008167743683
0.13248249888420105
0.13309866189956665
0.13286063075065613
0.13245171308517456
0.13264213502407074
0.1322815865278244
0.13243825733661652
0.13233961164951324
0.13252800703048706
0.13273867964744568
0.13278870284557343
0.13273119926452637
0.132889986038208
0.1329907923936844
0.13308681547641754
0.13320861756801605
0.13315638899803162
0.13310383260250092
0.1331952065229416
0.1336633861064911
0.13391007483005524
0.13358661532402039
0.13341030478477478
0.13350297510623932
0.13346193730831146
0.13344545662403107
0.1330491453409195
0.13300806283950806
0.13281433284282684
0.13259373605251312
0.1326020210981369
0.13279591500759125
0.13301603496074677
0.1328669935464859
0.13321654498577118
0.13307921588420868
0.13319826126098633
0.13334564864635468
0.13297782838344574
0.13269095122814178
0.13257694244384766
0.13282708823680878
0.1326693445444107
0.13293039798736572
0.13281726837158203
0.1326056569814682
0.13285787403583527
0.13273881375789642
0.13245297968387604
0.13259513676166534
0.1326216757297516
0.13246764242649078
0.13258659839630127
0.13268417119979858
0.13263621926307678
0.13278469443321228
0.13265961408615112
0.1327265501022339
0.13283880054950714
0.13311171531677246
0.13304509222507477
0.13315781950950623
0.1333494335412979
0.1334226131439209
0.13341893255710602
0.1335781216621399
0.1334182471036911
0.13319317996501923
0.13324278593063354
0.13341568410396576
0.13323867321014404
0.13324913382530212
0.13316930830478668
0.13282528519630432
0.1324777901172638
0.13232681155204773
0.1324242353439331
0.13212484121322632
0.13208900392055511
0.13212448358535767
0.13210557401180267
0.13251657783985138
0.13256779313087463
0.13242609798908234
0.13276365399360657
0.13242068886756897
0.13249246776103973
0.1328924298286438
0.1332133263349533
0.13322490453720093
0.13325251638889313
0.13314379751682281
0.13343730568885803
0.1334967017173767
0.1330946534872055
0.13298985362052917
0.1329108327627182
0.1328674703836441
0.13311031460762024
0.13293758034706116
0.13292640447616577
0.1328267902135849
0.13274234533309937
0.1327483355998993
0.13254588842391968
0.13261272013187408
0.13235843181610107
0.13282835483551025
0.1327238529920578
0.13278350234031677
0.1325494647026062
0.13239334523677826
0.13253027200698853
0.1323532611131668
0.13220256567001343
0.132240891456604
0.1322939693927765
0.13280782103538513
0.1329813301563263
0.13295696675777435
0.13303130865097046
0.13291387259960175
0.13303589820861816
0.13313761353492737
0.13293412327766418
0.13301663100719452
0.13312986493110657
0.13273470103740692
0.13286738097667694
0.13325069844722748
0.13323435187339783
0.13355404138565063
0.13343660533428192
0.13364532589912415
0.133671373128891
0.13345204293727875
0.13330714404582977
0.13322588801383972
0.13350501656532288
0.13332688808441162
0.13314104080200195
0.13310714066028595
0.1328948587179184
0.13260196149349213
0.13250581920146942
0.13299351930618286
0.13320554792881012
0.132898211479187
0.13331304490566254
0.1331794559955597
0.13308896124362946
0.13304461538791656
0.13310696184635162
0.13327988982200623
0.13353613018989563
0.13313500583171844
0.13314875960350037
0.1328132301568985
0.13287419080734253
0.13336502015590668
0.13319501280784607
0.13338083028793335
0.1334027498960495
0.13323360681533813
0.13309720158576965
0.13299259543418884
0.13288429379463196
0.1329255998134613
0.1329677551984787
0.1333003044128418
0.13319925963878632
0.1331212818622589
0.13307903707027435
0.1333303302526474
0.1334468573331833
0.13340643048286438
0.13325563073158264
0.13345566391944885
0.1336345672607422
0.13336142897605896
0.1335858404636383
0.13353513181209564
0.13363736867904663
0.13358794152736664
0.13393037021160126
0.13364706933498383
0.13360977172851562
0.13376043736934662
0.1336582750082016
0.13343176245689392
0.13380521535873413
0.13368871808052063
0.1335415542125702
0.1331891119480133
0.1334468573331833
0.13295599818229675
0.1330862194299698
0.13300594687461853
0.13336682319641113
0.1335841864347458
0.13342280685901642
0.1339263916015625
0.13385328650474548
0.13391533493995667
0.13374923169612885
0.13329873979091644
0.133225217461586
0.1333446502685547
0.1333322525024414
0.133217915892601
0.13347895443439484
0.13363324105739594
0.13345970213413239
0.1333170086145401
0.13334666192531586
0.13354240357875824
0.133236363530159
0.13349735736846924
0.13341733813285828
0.13365060091018677
0.1335705667734146
0.13371989130973816
0.1339239478111267
0.13366320729255676
0.13355877995491028
0.13371436297893524
0.13375863432884216
0.13383671641349792
0.13383959233760834
0.13357169926166534
0.13398291170597076
0.13364507257938385
0.1335851103067398
0.1333390176296234
0.13358159363269806
0.13347874581813812
0.13357973098754883
0.133744478225708
0.13378745317459106
0.1339530348777771
0.1339045912027359
0.1337512731552124
0.13365304470062256
0.13350282609462738
0.13336917757987976
0.13337600231170654
0.13336443901062012
0.13351118564605713
0.1335294544696808
0.133305162191391
0.13345986604690552
0.13358165323734283
0.13351163268089294
0.13347214460372925
0.13391898572444916
0.13418644666671753
0.13421495258808136
0.13426856696605682
0.13417473435401917
0.13389375805854797
0.13395148515701294
0.13427338004112244
0.13402965664863586
0.13413210213184357
0.1336345672607422
0.13362960517406464
0.1334724873304367
0.13364577293395996
0.13362063467502594
0.13404910266399384
0.13394926488399506
0.1339697390794754
0.13402016460895538
0.13405393064022064
0.13407444953918457
0.1339658945798874
0.13388215005397797
0.13417227566242218
0.1342722326517105
0.13391689956188202
0.13388118147850037
0.13365499675273895
0.1336485594511032
0.13395729660987854
0.13397331535816193
0.13394880294799805
0.1337456852197647
0.13348175585269928
0.13383592665195465
0.1340588927268982
0.13389046490192413
0.1339920610189438
0.1338203251361847
0.13346871733665466
0.13383269309997559
0.13427241146564484
0.13394370675086975
0.13398441672325134
0.13381163775920868
0.13380195200443268
0.1337050497531891
0.13384442031383514
0.13391347229480743
0.13386568427085876
0.1337951123714447
0.13418397307395935
0.13402535021305084
0.13428093492984772
0.1341405063867569
0.1342514008283615
0.1343872994184494
0.1340775489807129
0.13436460494995117
0.13438206911087036
0.1343315988779068
0.1343245953321457
0.13445869088172913
0.13434293866157532
0.1341364085674286
0.13405537605285645
0.13410119712352753
0.1343386024236679
0.13455356657505035
0.1344352811574936
0.1342325210571289
0.13370808959007263
0.1340339034795761
0.13427038490772247
0.13412311673164368
0.13395622372627258
0.13455474376678467
0.134207621216774
0.13426989316940308
0.13425764441490173
0.13408897817134857
0.1342427134513855
0.13424637913703918
0.13412348926067352
0.13409435749053955
0.13430814445018768
0.13412845134735107
0.13401548564434052
0.1341802328824997
0.1343199610710144
0.1346297711133957
0.13486672937870026
0.1345929652452469
0.1348382830619812
0.13465110957622528
0.13423538208007812
0.13449335098266602
0.134268119931221
0.1345885992050171
0.13465407490730286
0.1346825361251831
0.1347564160823822
0.1348475217819214
0.1348811686038971
0.1347419172525406
0.13470090925693512
0.13456577062606812
0.13452523946762085
0.1347801238298416
0.13492362201213837
0.1351325660943985
0.1351626217365265
0.13477252423763275
0.13499152660369873
0.13517527282238007
0.13532494008541107
0.135172501206398
0.13522319495677948
0.13522182404994965
0.13546736538410187
0.13553118705749512
0.1354786902666092
0.13527829945087433
0.1350645124912262
0.1348177194595337
0.13475657999515533
0.1347893476486206
0.1347050815820694
0.13497690856456757
0.13496460020542145
0.13514210283756256
0.1351344734430313
0.13535569608211517
0.13539370894432068
0.13549841940402985
0.1353626549243927
0.1357382833957672
0.13571177423000336
0.13534404337406158
0.13529148697853088
0.1354742795228958
0.13546250760555267
0.13536337018013
0.13541805744171143
0.135233536362648
0.1351804882287979
0.1351877599954605
0.13534289598464966
0.1351022571325302
0.1354028582572937
0.1349640190601349
0.13469944894313812
0.13458487391471863
0.13466309010982513
0.13474136590957642
0.13468579947948456
0.134789377450943
0.13509613275527954
0.13492844998836517
0.1349916011095047
0.13491512835025787
0.13506312668323517
0.13514897227287292
0.13530059158802032
0.13520000874996185
0.13518723845481873
0.13484421372413635
0.13491208851337433
0.1348820924758911
0.1347297728061676
0.13503015041351318
0.13517047464847565
0.13564595580101013
0.13534162938594818
0.13552673161029816
0.13542120158672333
0.1353617012500763
0.13502050936222076
0.13470104336738586
0.13471423089504242
0.13472133874893188
0.13488325476646423
0.13553504645824432
0.13566499948501587
0.13531222939491272
0.13559868931770325
0.1356467306613922
0.13591203093528748
0.13583488762378693
0.13558310270309448
0.13575877249240875
0.1356935203075409
0.1355678141117096
0.13548479974269867
0.1354237049818039
0.13541239500045776
0.1358119696378708
0.13558921217918396
0.13557784259319305
0.13552522659301758
0.1357894241809845
0.13536907732486725
0.13529743254184723
0.13532887399196625
0.13533613085746765
0.13525138795375824
0.1356705278158188
0.13535775244235992
0.13551180064678192
0.1353588104248047
0.13504667580127716
0.1353006511926651
0.13507719337940216
0.13527366518974304
0.13546118140220642
0.1355794221162796
0.13562315702438354
0.13567908108234406
0.13575783371925354
0.13575772941112518
0.13567472994327545
0.1358296126127243
0.13563430309295654
0.13553185760974884
0.13537728786468506
0.13544180989265442
0.135738804936409
0.13567785918712616
0.1358637511730194
0.13577458262443542
0.13564330339431763
0.13571526110172272
0.1356535404920578
0.13559402525424957
0.13585063815116882
0.13601967692375183
0.1363813877105713
0.13617883622646332
0.1361980438232422
0.13614626228809357
0.1361575424671173
0.13613131642341614
0.13598930835723877
0.13587428629398346
0.1360703706741333
0.13635258376598358
0.13653436303138733
0.13631820678710938
0.1362455040216446
0.13616152107715607
0.13609090447425842
0.13615436851978302
0.1362835317850113
0.136177659034729
0.1364331841468811
0.13631880283355713
0.1362082064151764
0.13630348443984985
0.13623511791229248
0.1363895982503891
0.13635240495204926
0.1364038735628128
0.13630039989948273
0.13672757148742676
0.1367383450269699
0.13683055341243744
0.1366509348154068
0.13697385787963867
0.1370006501674652
0.13677532970905304
0.1367633193731308
0.13644762337207794
0.13663533329963684
0.1367759108543396
0.1370145082473755
0.13722743093967438
0.13725972175598145
0.13734100759029388
0.13702741265296936
0.13691085577011108
0.13687390089035034
0.1366920918226242
0.13644370436668396
0.13635842502117157
0.1362874060869217
0.1366363763809204
0.1365281194448471
0.136643186211586
0.1367155760526657
0.1365567296743393
0.1366581916809082
0.13659994304180145
0.13650056719779968
0.1365508735179901
0.13706523180007935
0.1369449943304062
0.13695578277111053
0.13723720610141754
0.13714471459388733
0.13735471665859222
0.13729439675807953
0.13730542361736298
0.1373124122619629
0.13751113414764404
0.13741283118724823
0.13773886859416962
0.13746969401836395
0.13730068504810333
0.1370425522327423
0.13685278594493866
0.13677455484867096
0.13727973401546478
0.13739101588726044
0.13708613812923431
0.13734960556030273
0.13740114867687225
0.13712918758392334
0.1367766112089157
0.13689608871936798
0.13688963651657104
0.1366281658411026
0.13678453862667084
0.13678264617919922
0.13654133677482605
0.1364803910255432
0.13662828505039215
0.13652567565441132
0.13644251227378845
0.13682666420936584
0.13650597631931305
0.13634566962718964
0.136444091796875
0.1365073025226593
0.13682392239570618
0.13681751489639282
0.13701732456684113
0.13686645030975342
0.13681477308273315
0.13716791570186615
0.13684874773025513
0.13705120980739594
0.1371116191148758
0.1374596506357193
0.13737669587135315
0.1373979151248932
0.13759222626686096
0.13735495507717133
0.13720963895320892
0.13722872734069824
0.13733355700969696
0.137244313955307
0.13755622506141663
0.13768547773361206
0.13779407739639282
0.13809606432914734
0.1382375955581665
0.1382369101047516
0.13825879991054535
0.13809379935264587
0.1381961554288864
0.1383076161146164
0.138066366314888
0.13776735961437225
0.13763761520385742
0.13787302374839783
0.1379568874835968
0.1385195404291153
0.13838255405426025
0.13869495689868927
0.13882528245449066
0.1388297975063324
0.1385243535041809
0.13840103149414062
0.13848993182182312
0.13850772380828857
0.13860410451889038
0.13884592056274414
0.1382484883069992
0.13822463154792786
0.1381828486919403
0.13803736865520477
0.13798274099826813
0.13782399892807007
0.13772563636302948
0.13789266347885132
0.13799098134040833
0.13784436881542206
0.13779088854789734
0.1377110630273819
0.13765543699264526
0.13761471211910248
0.13751059770584106
0.13741034269332886
0.13766582310199738
0.13751281797885895
0.13744571805000305
0.13740277290344238
0.13749341666698456
0.13793706893920898
0.13799160718917847
0.13791826367378235
0.13810183107852936
0.13850155472755432
0.13852757215499878
0.1385008543729782
0.13874641060829163
0.13878579437732697
0.1384340524673462
0.13874541223049164
0.13844989240169525
0.13846510648727417
0.13827425241470337
0.13805893063545227
0.13835552334785461
0.13824236392974854
0.13797426223754883
0.13799460232257843
0.13787627220153809
0.13779771327972412
0.1375761777162552
0.1373547464609146
0.1374150961637497
0.1374923437833786
0.13776350021362305
0.1378285139799118
0.13798663020133972
0.13772708177566528
0.13828915357589722
0.13859041035175323
0.13863824307918549
0.13855652511119843
0.13874392211437225
0.1385394036769867
0.138661190867424
0.13889314234256744
0.13881878554821014
0.13879293203353882
0.13861669600009918
0.13858544826507568
0.13872914016246796
0.13864046335220337
0.13832688331604004
0.1383395493030548
0.13844482600688934
0.13861270248889923
0.1387011855840683
0.13849788904190063
0.13856709003448486
0.138778954744339
0.13905751705169678
0.1389947235584259
0.13889716565608978
0.13844022154808044
0.1386771947145462
0.13894341886043549
0.13909898698329926
0.13905087113380432
0.13875626027584076
0.13884790241718292
0.13867197930812836
0.13873305916786194
0.13842177391052246
0.13852502405643463
0.13852304220199585
0.13847723603248596
0.13842858374118805
0.13870824873447418
0.13862809538841248
0.1390690803527832
0.13936570286750793
0.1391727179288864
0.13943830132484436
0.13931971788406372
0.1392345130443573
0.13901129364967346
0.13867880403995514
0.13896222412586212
0.13889308273792267
0.13923723995685577
0.13899892568588257
0.1391715556383133
0.1391093134880066
0.1390955001115799
0.1391068696975708
0.1392304003238678
0.13939982652664185
0.13896501064300537
0.1392088383436203
0.13942860066890717
0.1392703801393509
0.1391836553812027
0.13903850317001343
0.13915614783763885
0.13903796672821045
0.13938693702220917
0.13941136002540588
0.13945923745632172
0.13932380080223083
0.1393759846687317
0.13950097560882568
0.13948798179626465
0.1396394968032837
0.13969051837921143
0.13992664217948914
0.13991838693618774
0.14000308513641357
0.1398927867412567
0.14008843898773193
0.14013387262821198
0.1397629678249359
0.13971811532974243
0.13960205018520355
0.13963456451892853
0.13937456905841827
0.13915246725082397
0.13924646377563477
0.13891154527664185
0.13883711397647858
0.1388946920633316
0.1388823539018631
0.13902387022972107
0.13889192044734955
0.13895833492279053
0.13916122913360596
0.13914474844932556
0.1391022652387619
0.1389997899532318
0.13925713300704956
0.13944730162620544
0.13936439156532288
0.1392897218465805
0.1391489952802658
0.13925893604755402
0.13915061950683594
0.13886897265911102
0.13893571496009827
0.1389545500278473
0.13957825303077698
0.13946594297885895
0.139995738863945
0.1403879076242447
0.14042222499847412
0.14027076959609985
0.1402127742767334
0.13983765244483948
0.13983282446861267
0.13992461562156677
0.14013196527957916
0.14023441076278687
0.14024533331394196
0.140162855386734
0.14010491967201233
0.13995744287967682
0.13992410898208618
0.13949808478355408
0.1395789533853531
0.13964961469173431
0.1393120437860489
0.13931916654109955
0.13946671783924103
0.13942162692546844
0.13961492478847504
0.13965611159801483
0.13995809853076935
0.1402229368686676
0.13995268940925598
0.14012444019317627
0.14010313153266907
0.13989008963108063
0.13980638980865479
0.13984809815883636
0.1403404027223587
0.14028766751289368
0.14027386903762817
0.14005228877067566
0.14021995663642883
0.14009755849838257
0.1400488018989563
0.14005140960216522
0.13998012244701385
0.14019747078418732
0.14032238721847534
0.140153169631958
0.14009326696395874
0.1400137096643448
0.14006339013576508
0.14006194472312927
0.14029119908809662
0.14039798080921173
0.1406065821647644
0.14068946242332458
0.14066387712955475
0.14060881733894348
0.14014467597007751
0.1402287483215332
0.1402515172958374
0.14024372398853302
0.13983461260795593
0.14001822471618652
0.13990753889083862
0.14032801985740662
0.1401766687631607
0.14033007621765137
0.1402920037508011
0.14058227837085724
0.1405378133058548
0.14054326713085175
0.14043569564819336
0.14055992662906647
0.1404428333044052
0.1402333378791809
0.14048314094543457
0.1404830366373062
0.14050087332725525
0.14059659838676453
0.14063580334186554
0.14094573259353638
0.14078547060489655
0.14049936830997467
0.1407185047864914
0.14037233591079712
0.14030693471431732
0.1402682065963745
0.14031212031841278
0.14085908234119415
0.14049312472343445
0.14074452221393585
0.140809565782547
0.1407136470079422
